# Objective: 47
# Time: 0.398392
# Feasible: 1
# Solution:
Bin 0: 75 67 205 129 83 244 157 38 
Bin 1: 79 89 209 59 29 
Bin 2: 173 191 19 97 31 160 
Bin 3: 145 116 90 245 98 106 221 
Bin 4: 150 23 8 87 27 137 123 192 
Bin 5: 134 39 125 172 63 162 177 46 
Bin 6: 103 233 200 132 183 248 61 119 
Bin 7: 55 80 95 107 128 166 53 234 115 
Bin 8: 91 92 161 184 37 240 
Bin 9: 223 52 81 176 144 
Bin 10: 190 213 147 175 111 112 
Bin 11: 178 99 49 202 25 113 35 
Bin 12: 140 41 151 28 118 
Bin 13: 169 110 243 153 7 96 138 
Bin 14: 159 109 78 33 58 69 
Bin 15: 65 154 100 186 85 9 
Bin 16: 193 84 222 232 93 225 74 238 229 
Bin 17: 180 239 220 104 12 214 156 101 
Bin 18: 86 231 236 20 82 56 
Bin 19: 208 48 206 227 181 47 
Bin 20: 68 182 0 219 14 146 
Bin 21: 230 226 54 34 32 2 122 
Bin 22: 126 70 108 17 165 212 21 
Bin 23: 198 30 246 203 136 43 
Bin 24: 130 210 201 88 120 141 
Bin 25: 188 60 158 185 71 215 
Bin 26: 218 207 241 77 22 10 143 
Bin 27: 196 15 57 170 
Bin 28: 40 50 131 197 94 
Bin 29: 73 76 42 18 102 
Bin 30: 121 62 167 148 174 1 
Bin 31: 249 11 16 13 
Bin 32: 163 3 4 
Bin 33: 187 199 211 237 72 114 
Bin 34: 5 105 242 155 124 36 179 117 
Bin 35: 44 
Bin 36: 168 139 247 235 194 
Bin 37: 228 152 45 
Bin 38: 133 6 189 
Bin 39: 216 171 
Bin 40: 224 
Bin 41: 217 164 51 
Bin 42: 142 
Bin 43: 64 66 24 195 
Bin 44: 127 204 135 
Bin 45: 26 
Bin 46: 149 
