# Objective: 74
# Time: 17.0196
# Feasible: 1
# Solution:
Bin 0: 126 356 482 79 346 451 
Bin 1: 74 24 467 1 156 498 437 114 
Bin 2: 82 287 372 253 111 118 
Bin 3: 252 52 188 131 468 12 
Bin 4: 295 159 214 325 309 53 
Bin 5: 240 62 193 319 224 324 69 
Bin 6: 350 163 423 466 257 369 236 448 418 
Bin 7: 370 416 164 379 204 141 54 271 
Bin 8: 15 48 153 119 242 44 
Bin 9: 70 395 293 455 362 100 494 195 
Bin 10: 409 432 487 234 60 343 
Bin 11: 5 374 388 342 186 279 278 162 
Bin 12: 92 368 166 335 373 291 6 
Bin 13: 499 233 411 99 172 180 301 
Bin 14: 353 34 337 371 471 196 
Bin 15: 140 397 23 440 88 281 
Bin 16: 479 260 298 42 221 107 417 
Bin 17: 329 77 93 421 179 
Bin 18: 220 412 250 312 7 
Bin 19: 424 454 112 177 357 474 232 
Bin 20: 449 316 490 283 65 363 
Bin 21: 443 435 137 212 152 161 
Bin 22: 230 361 460 428 41 9 
Bin 23: 31 315 401 331 282 345 338 
Bin 24: 217 0 433 326 206 429 116 415 275 306 
Bin 25: 187 245 168 102 456 
Bin 26: 50 97 130 56 302 80 
Bin 27: 404 431 59 256 347 297 
Bin 28: 359 469 274 358 135 
Bin 29: 235 4 239 453 147 384 430 
Bin 30: 420 231 35 269 86 442 123 262 
Bin 31: 402 197 63 90 248 120 249 483 
Bin 32: 11 304 364 477 354 
Bin 33: 247 410 81 387 377 378 136 
Bin 34: 94 497 32 127 264 
Bin 35: 413 385 104 351 481 414 75 365 
Bin 36: 300 46 154 272 68 21 439 
Bin 37: 476 383 496 67 108 285 216 208 
Bin 38: 349 17 296 238 328 222 403 223 
Bin 39: 139 457 447 165 258 40 110 
Bin 40: 84 227 265 380 405 484 25 333 
Bin 41: 408 18 184 117 399 199 51 
Bin 42: 201 155 299 10 339 310 
Bin 43: 463 72 462 268 344 488 205 
Bin 44: 308 105 211 355 58 
Bin 45: 294 367 218 288 175 37 89 277 
Bin 46: 142 390 461 392 210 458 
Bin 47: 189 182 125 341 129 29 470 393 185 
Bin 48: 407 113 174 491 280 47 311 
Bin 49: 78 171 128 425 267 226 83 
Bin 50: 336 332 321 480 148 38 305 121 
Bin 51: 445 95 76 3 170 33 30 386 
Bin 52: 441 183 61 134 27 157 
Bin 53: 261 158 444 122 109 194 190 
Bin 54: 246 115 459 181 202 360 327 
Bin 55: 478 270 485 375 57 286 
Bin 56: 213 101 103 225 492 
Bin 57: 263 229 169 244 427 317 446 
Bin 58: 200 98 64 348 150 173 436 85 
Bin 59: 438 160 330 73 400 322 124 22 
Bin 60: 167 255 314 434 495 45 191 
Bin 61: 389 391 146 13 334 313 450 
Bin 62: 207 20 273 396 489 422 284 
Bin 63: 49 198 307 143 219 303 
Bin 64: 16 464 209 91 473 376 398 475 
Bin 65: 259 133 215 465 394 96 203 
Bin 66: 2 292 8 340 176 243 
Bin 67: 318 138 289 192 493 87 
Bin 68: 144 145 151 352 26 251 39 
Bin 69: 276 43 71 472 178 19 266 132 
Bin 70: 28 426 366 149 419 
Bin 71: 228 320 406 36 486 241 
Bin 72: 323 55 66 14 237 106 
Bin 73: 452 254 382 290 381 
