# Objective: 17
# Time: 0.41042
# Feasible: 1
# Solution:
Bin 0: 112 51 26 3 68 105 91 
Bin 1: 119 37 45 80 12 107 79 62 
Bin 2: 2 6 97 118 101 7 100 94 
Bin 3: 99 8 111 71 34 17 
Bin 4: 49 73 5 1 52 56 28 
Bin 5: 88 114 63 61 74 98 77 
Bin 6: 48 104 84 29 50 75 19 110 
Bin 7: 55 108 82 72 60 106 
Bin 8: 57 22 109 102 113 11 13 
Bin 9: 44 76 41 16 36 66 53 
Bin 10: 38 69 90 40 67 
Bin 11: 18 27 117 93 83 85 116 54 96 10 23 
Bin 12: 42 46 24 115 39 9 30 15 
Bin 13: 64 32 0 43 31 25 58 35 89 
Bin 14: 70 20 47 4 86 
Bin 15: 87 81 14 103 92 
Bin 16: 78 59 21 65 33 95 
