# Objective: 22
# Time: 0.182437
# Feasible: 1
# Solution:
Bin 0: 35 83 2 84 14 7 101 24 95 
Bin 1: 55 103 8 62 30 98 117 
Bin 2: 25 53 15 113 12 64 13 105 
Bin 3: 26 59 78 37 76 32 
Bin 4: 21 33 104 49 99 
Bin 5: 65 17 79 9 85 
Bin 6: 38 75 108 80 82 56 
Bin 7: 40 77 100 81 18 111 90 116 
Bin 8: 70 72 96 50 57 89 
Bin 9: 0 22 67 71 42 28 
Bin 10: 86 107 97 92 27 43 
Bin 11: 11 20 5 23 51 94 
Bin 12: 19 93 36 102 110 
Bin 13: 58 3 69 119 112 91 
Bin 14: 118 74 52 45 
Bin 15: 87 109 41 115 63 
Bin 16: 31 61 44 73 46 
Bin 17: 66 6 39 34 
Bin 18: 68 88 1 
Bin 19: 60 4 48 106 10 16 
Bin 20: 47 29 
Bin 21: 114 54 
