# Objective: 39
# Time: 2.13964
# Feasible: 1
# Solution:
Bin 0: 125 113 115 247 219 175 205 44 139 
Bin 1: 218 231 109 230 236 147 75 12 
Bin 2: 174 208 111 226 3 145 
Bin 3: 149 170 45 27 158 65 213 
Bin 4: 20 196 52 228 55 127 
Bin 5: 242 144 9 42 102 78 74 
Bin 6: 176 7 99 60 66 16 
Bin 7: 97 249 2 209 178 84 198 
Bin 8: 1 53 112 41 26 200 142 11 
Bin 9: 30 104 195 89 140 
Bin 10: 199 68 100 206 94 23 50 227 
Bin 11: 110 116 87 148 163 179 
Bin 12: 190 61 91 83 186 162 
Bin 13: 114 239 4 118 25 157 146 
Bin 14: 155 138 17 203 85 202 119 245 
Bin 15: 95 156 34 98 248 246 143 
Bin 16: 101 240 204 215 6 141 
Bin 17: 71 29 32 166 192 106 225 92 122 
Bin 18: 211 54 5 10 160 14 108 
Bin 19: 244 168 18 69 57 173 
Bin 20: 8 171 107 217 243 152 
Bin 21: 130 120 13 181 153 169 
Bin 22: 182 93 31 184 134 40 136 
Bin 23: 188 73 151 49 172 
Bin 24: 82 128 161 214 38 59 35 
Bin 25: 48 193 241 76 154 24 131 
Bin 26: 137 207 70 21 210 135 
Bin 27: 124 238 36 72 129 
Bin 28: 63 194 229 237 185 235 22 
Bin 29: 150 86 123 159 62 
Bin 30: 88 233 15 180 224 
Bin 31: 58 132 197 164 46 56 
Bin 32: 51 39 187 37 212 
Bin 33: 191 177 96 79 117 133 
Bin 34: 47 126 105 90 234 
Bin 35: 80 189 0 165 232 221 
Bin 36: 220 77 28 121 81 183 
Bin 37: 64 103 67 216 223 
Bin 38: 19 43 201 222 33 167 
