# Objective: 18
# Time: 0.273124
# Feasible: 1
# Solution:
Bin 0: 67 19 14 9 44 41 101 28 35 
Bin 1: 43 92 78 83 118 62 55 
Bin 2: 96 56 4 21 45 22 79 
Bin 3: 42 5 36 81 25 16 
Bin 4: 73 2 85 27 116 
Bin 5: 66 65 60 94 26 115 57 
Bin 6: 58 82 98 6 99 74 
Bin 7: 52 100 49 47 17 63 75 80 104 
Bin 8: 48 34 37 109 70 77 23 
Bin 9: 61 20 15 32 105 97 88 
Bin 10: 86 24 69 107 110 11 
Bin 11: 103 102 40 119 91 7 117 
Bin 12: 50 114 30 33 90 38 71 
Bin 13: 93 72 59 12 106 87 
Bin 14: 29 1 54 8 10 89 
Bin 15: 3 53 111 39 46 76 84 
Bin 16: 112 0 51 31 113 13 
Bin 17: 18 68 108 64 95 
