# Objective: 203
# Time: 18.8138
# Feasible: 1
# Solution:
Bin 0: 274 335 194 481 996 947 310 675 439 
Bin 1: 718 836 980 568 507 124 575 
Bin 2: 732 656 291 69 527 767 790 690 
Bin 3: 723 244 95 263 555 302 939 
Bin 4: 978 736 331 17 229 771 788 
Bin 5: 652 404 812 44 98 794 902 
Bin 6: 185 792 191 285 748 231 
Bin 7: 793 683 58 160 45 237 625 
Bin 8: 755 918 126 525 323 594 
Bin 9: 371 64 650 28 248 618 
Bin 10: 699 227 246 314 789 573 166 539 
Bin 11: 346 40 182 616 397 
Bin 12: 582 215 465 784 293 493 
Bin 13: 427 348 983 973 181 951 
Bin 14: 689 923 300 577 255 523 
Bin 15: 906 392 982 220 305 39 
Bin 16: 965 588 720 295 21 102 
Bin 17: 8 617 543 867 462 164 50 
Bin 18: 873 479 247 743 660 19 739 
Bin 19: 57 364 192 518 629 150 
Bin 20: 704 870 959 304 981 945 329 
Bin 21: 626 742 957 380 269 146 362 
Bin 22: 463 645 566 201 599 343 
Bin 23: 345 538 183 117 883 340 260 502 
Bin 24: 252 673 113 142 60 13 100 97 
Bin 25: 501 379 797 838 442 729 878 685 
Bin 26: 198 988 670 10 56 862 
Bin 27: 93 433 850 389 986 344 
Bin 28: 754 359 734 79 71 446 
Bin 29: 361 541 165 283 138 451 461 846 
Bin 30: 288 503 565 184 85 750 156 
Bin 31: 37 216 239 553 78 431 
Bin 32: 497 721 688 765 178 22 
Bin 33: 659 833 913 849 483 687 987 697 955 
Bin 34: 882 927 94 426 905 363 760 
Bin 35: 861 207 369 925 12 
Bin 36: 492 863 976 76 336 174 
Bin 37: 879 341 758 910 803 243 457 
Bin 38: 622 406 785 444 571 468 
Bin 39: 387 989 318 487 641 997 
Bin 40: 816 16 776 510 309 62 929 470 
Bin 41: 591 551 928 651 753 472 303 505 355 719 542 
Bin 42: 623 30 592 187 738 522 
Bin 43: 162 35 778 680 515 658 377 
Bin 44: 144 763 326 840 621 467 
Bin 45: 92 832 413 176 89 
Bin 46: 693 802 163 897 38 434 
Bin 47: 519 931 7 597 549 854 
Bin 48: 376 835 857 948 783 161 899 
Bin 49: 662 328 698 676 843 552 
Bin 50: 998 561 725 815 975 266 130 
Bin 51: 772 606 259 14 129 106 
Bin 52: 292 3 774 47 845 
Bin 53: 775 417 764 535 804 674 253 636 
Bin 54: 195 529 99 667 428 
Bin 55: 722 579 154 869 449 781 
Bin 56: 235 261 474 769 640 752 294 
Bin 57: 43 596 610 423 777 766 512 
Bin 58: 564 848 373 222 270 611 782 
Bin 59: 96 631 800 42 916 232 228 940 
Bin 60: 537 197 937 496 354 432 
Bin 61: 672 903 225 55 587 370 139 
Bin 62: 450 421 992 701 572 938 
Bin 63: 746 600 75 101 700 513 33 206 
Bin 64: 137 280 230 155 236 663 20 
Bin 65: 823 590 159 961 639 
Bin 66: 773 409 296 894 941 595 907 
Bin 67: 358 307 486 499 871 709 943 
Bin 68: 284 933 881 59 190 36 
Bin 69: 638 5 814 473 281 731 
Bin 70: 801 545 646 956 829 375 
Bin 71: 143 942 589 402 88 
Bin 72: 430 749 759 199 84 52 
Bin 73: 104 385 398 87 647 173 
Bin 74: 1 445 135 149 799 83 
Bin 75: 378 202 415 330 151 412 
Bin 76: 372 256 946 105 872 306 
Bin 77: 500 245 930 268 995 644 
Bin 78: 686 495 152 408 327 
Bin 79: 411 563 108 762 
Bin 80: 233 188 349 384 110 886 
Bin 81: 612 211 116 705 
Bin 82: 456 692 627 381 547 466 514 779 
Bin 83: 311 540 132 262 
Bin 84: 145 26 795 876 924 717 
Bin 85: 15 353 91 855 602 
Bin 86: 111 999 601 810 874 279 
Bin 87: 661 841 935 158 217 744 81 557 
Bin 88: 393 167 971 864 403 952 
Bin 89: 628 219 643 780 382 671 
Bin 90: 4 806 218 82 728 
Bin 91: 109 332 136 
Bin 92: 727 301 494 180 322 475 
Bin 93: 710 844 440 31 189 
Bin 94: 388 958 27 338 649 394 694 
Bin 95: 209 0 257 613 240 556 
Bin 96: 824 241 605 608 420 962 337 917 
Bin 97: 703 630 741 974 437 851 273 
Bin 98: 926 665 669 737 977 678 250 
Bin 99: 648 826 9 866 825 
Bin 100: 368 410 32 200 
Bin 101: 583 712 429 893 203 
Bin 102: 530 63 352 707 74 170 
Bin 103: 642 498 455 837 480 521 
Bin 104: 317 90 609 290 708 909 272 
Bin 105: 581 969 
Bin 106: 120 858 603 949 892 
Bin 107: 464 125 520 877 360 115 
Bin 108: 706 168 921 471 511 118 912 
Bin 109: 607 399 205 509 342 
Bin 110: 808 633 963 278 914 131 484 
Bin 111: 122 979 221 624 258 761 
Bin 112: 865 148 657 460 508 891 
Bin 113: 966 679 234 887 6 
Bin 114: 319 443 531 452 54 
Bin 115: 828 127 888 
Bin 116: 807 885 400 34 
Bin 117: 950 
Bin 118: 386 134 422 570 898 
Bin 119: 964 730 299 852 
Bin 120: 560 316 516 224 396 593 822 
Bin 121: 350 791 367 580 831 
Bin 122: 175 107 691 
Bin 123: 438 70 441 
Bin 124: 48 682 968 485 265 476 
Bin 125: 169 654 574 458 653 
Bin 126: 970 121 119 819 448 435 242 
Bin 127: 407 536 313 
Bin 128: 366 383 436 419 
Bin 129: 985 598 73 212 67 453 735 46 
Bin 130: 320 
Bin 131: 740 251 798 114 584 702 
Bin 132: 171 830 684 
Bin 133: 53 213 558 524 
Bin 134: 839 153 
Bin 135: 811 901 868 526 459 
Bin 136: 770 425 333 
Bin 137: 312 
Bin 138: 550 820 796 23 140 655 666 
Bin 139: 695 504 351 677 681 
Bin 140: 635 517 911 287 
Bin 141: 177 821 61 
Bin 142: 787 884 324 488 751 490 
Bin 143: 271 856 
Bin 144: 51 889 214 972 
Bin 145: 41 585 842 
Bin 146: 544 994 395 967 86 
Bin 147: 696 238 391 133 
Bin 148: 477 920 915 875 80 
Bin 149: 11 325 934 424 282 357 390 620 
Bin 150: 308 491 960 482 
Bin 151: 668 204 714 
Bin 152: 77 827 
Bin 153: 157 365 880 
Bin 154: 226 528 276 534 
Bin 155: 756 813 25 984 401 
Bin 156: 254 141 715 532 805 
Bin 157: 66 
Bin 158: 356 632 469 953 277 
Bin 159: 936 
Bin 160: 193 853 186 454 
Bin 161: 818 196 315 
Bin 162: 922 208 
Bin 163: 567 147 954 548 786 
Bin 164: 49 
Bin 165: 900 374 489 991 
Bin 166: 637 578 
Bin 167: 533 
Bin 168: 210 172 586 562 895 904 
Bin 169: 418 615 604 619 249 
Bin 170: 554 993 414 
Bin 171: 179 733 546 860 
Bin 172: 747 847 
Bin 173: 289 123 339 
Bin 174: 757 908 576 
Bin 175: 817 
Bin 176: 664 405 
Bin 177: 24 334 932 
Bin 178: 29 716 68 711 
Bin 179: 267 298 
Bin 180: 944 
Bin 181: 559 634 128 834 
Bin 182: 990 809 
Bin 183: 275 321 919 
Bin 184: 768 
Bin 185: 18 614 
Bin 186: 447 416 
Bin 187: 726 
Bin 188: 65 724 223 
Bin 189: 103 
Bin 190: 506 
Bin 191: 859 2 
Bin 192: 896 
Bin 193: 745 569 
Bin 194: 72 
Bin 195: 286 
Bin 196: 297 
Bin 197: 112 
Bin 198: 264 
Bin 199: 890 
Bin 200: 713 
Bin 201: 478 
Bin 202: 347 
