# Objective: 205
# Time: 23.2588
# Feasible: 1
# Solution:
Bin 0: 916 408 149 351 665 888 885 84 922 
Bin 1: 73 836 181 427 865 936 457 347 
Bin 2: 679 570 225 150 377 33 
Bin 3: 760 901 719 171 66 134 732 
Bin 4: 162 315 580 9 873 272 118 
Bin 5: 950 883 501 975 397 752 633 
Bin 6: 335 796 128 991 708 231 
Bin 7: 359 785 806 949 108 368 
Bin 8: 215 407 428 235 193 110 827 
Bin 9: 675 755 703 616 93 133 
Bin 10: 691 920 814 180 993 626 418 
Bin 11: 24 404 520 780 197 456 113 
Bin 12: 700 914 482 154 1 241 490 
Bin 13: 619 445 292 494 794 395 429 
Bin 14: 375 588 210 741 698 
Bin 15: 624 401 431 803 688 
Bin 16: 874 761 564 663 400 462 94 249 
Bin 17: 614 6 549 182 10 367 565 
Bin 18: 887 324 340 328 899 898 
Bin 19: 278 627 654 782 762 382 
Bin 20: 290 548 269 23 381 
Bin 21: 610 3 214 880 639 652 694 392 786 
Bin 22: 742 540 944 60 535 
Bin 23: 910 129 
Bin 24: 598 978 963 487 288 848 
Bin 25: 176 825 592 941 42 485 178 
Bin 26: 34 240 323 430 635 582 
Bin 27: 900 579 631 308 345 818 519 911 
Bin 28: 929 958 808 88 932 
Bin 29: 765 800 779 28 203 234 36 174 
Bin 30: 843 227 297 101 955 
Bin 31: 657 333 917 248 
Bin 32: 876 212 105 346 
Bin 33: 581 777 745 832 104 481 412 
Bin 34: 384 132 331 369 338 
Bin 35: 69 748 191 740 956 
Bin 36: 403 413 946 244 769 438 321 
Bin 37: 776 954 58 764 586 53 
Bin 38: 702 690 200 337 763 465 953 311 
Bin 39: 179 686 721 18 670 329 735 
Bin 40: 960 353 124 35 853 71 
Bin 41: 618 862 524 295 44 924 330 
Bin 42: 388 831 928 
Bin 43: 325 819 458 989 192 629 689 
Bin 44: 547 475 823 433 291 469 613 303 969 
Bin 45: 187 685 
Bin 46: 795 251 161 915 25 945 736 986 
Bin 47: 156 602 781 495 720 305 
Bin 48: 352 934 724 160 842 451 301 470 597 103 645 
Bin 49: 726 195 644 789 41 622 410 170 
Bin 50: 185 239 341 855 522 387 190 
Bin 51: 894 510 952 
Bin 52: 512 312 336 812 835 974 
Bin 53: 228 378 441 322 135 
Bin 54: 554 151 116 339 638 589 
Bin 55: 198 284 265 437 
Bin 56: 611 443 122 106 
Bin 57: 120 38 374 107 208 348 
Bin 58: 584 459 714 847 860 
Bin 59: 319 709 238 281 366 676 
Bin 60: 5 409 538 189 609 130 867 310 850 
Bin 61: 813 660 266 406 184 423 82 
Bin 62: 744 463 221 890 984 962 
Bin 63: 884 486 861 83 658 590 164 22 994 
Bin 64: 155 419 289 398 912 504 416 137 
Bin 65: 788 988 578 600 
Bin 66: 787 511 247 
Bin 67: 417 206 426 562 422 
Bin 68: 233 607 981 
Bin 69: 309 373 982 608 875 92 313 136 115 
Bin 70: 909 846 919 772 466 896 
Bin 71: 468 514 270 80 
Bin 72: 886 480 783 837 
Bin 73: 528 678 50 219 531 188 
Bin 74: 39 573 196 503 692 282 680 48 
Bin 75: 11 575 205 845 138 142 881 4 
Bin 76: 237 725 738 534 577 283 
Bin 77: 996 854 595 498 747 357 559 
Bin 78: 479 57 576 146 
Bin 79: 737 163 246 52 159 
Bin 80: 207 21 343 89 488 223 
Bin 81: 86 532 109 254 27 
Bin 82: 891 102 829 26 500 940 224 857 
Bin 83: 256 222 851 811 370 833 
Bin 84: 242 361 199 879 793 362 606 710 
Bin 85: 773 268 
Bin 86: 478 544 863 661 943 822 
Bin 87: 641 114 65 722 
Bin 88: 411 734 391 296 372 493 942 
Bin 89: 758 177 583 
Bin 90: 878 250 432 809 54 552 
Bin 91: 821 810 770 704 
Bin 92: 908 563 276 604 166 892 593 
Bin 93: 517 828 601 29 139 209 393 
Bin 94: 334 79 990 705 561 112 460 817 653 
Bin 95: 959 801 255 546 344 201 
Bin 96: 966 46 674 172 877 141 
Bin 97: 16 186 90 471 449 
Bin 98: 464 902 
Bin 99: 985 91 980 59 
Bin 100: 778 
Bin 101: 543 859 972 99 699 696 640 557 363 304 
Bin 102: 759 446 525 271 273 119 820 
Bin 103: 450 921 499 317 630 
Bin 104: 834 684 743 226 569 476 711 907 
Bin 105: 523 316 798 444 767 979 754 
Bin 106: 440 529 977 31 383 642 307 
Bin 107: 489 194 87 232 
Bin 108: 840 147 477 285 507 127 567 
Bin 109: 664 662 555 75 61 
Bin 110: 587 637 715 757 926 
Bin 111: 585 152 750 677 37 145 32 870 938 
Bin 112: 541 442 931 695 300 
Bin 113: 998 157 20 556 483 299 436 749 
Bin 114: 775 257 643 572 513 992 509 
Bin 115: 421 717 718 117 
Bin 116: 713 332 904 687 852 
Bin 117: 175 243 67 903 649 252 650 623 648 
Bin 118: 386 467 537 856 45 973 
Bin 119: 530 213 216 871 935 230 17 551 111 971 
Bin 120: 360 558 893 766 153 815 
Bin 121: 96 967 267 473 43 72 
Bin 122: 646 951 729 380 
Bin 123: 838 447 869 673 
Bin 124: 568 364 923 515 461 
Bin 125: 424 126 506 753 502 550 158 
Bin 126: 655 56 527 816 15 
Bin 127: 144 545 349 701 
Bin 128: 882 293 40 858 47 866 
Bin 129: 933 
Bin 130: 326 484 599 452 508 930 
Bin 131: 774 414 287 280 390 830 491 
Bin 132: 790 261 
Bin 133: 771 596 350 298 983 
Bin 134: 591 68 376 
Bin 135: 536 379 872 802 
Bin 136: 666 371 167 169 
Bin 137: 455 131 14 0 651 218 
Bin 138: 492 454 697 
Bin 139: 143 526 
Bin 140: 707 671 12 389 
Bin 141: 617 628 55 396 
Bin 142: 682 168 844 245 
Bin 143: 889 123 275 521 259 
Bin 144: 358 805 733 
Bin 145: 632 839 253 
Bin 146: 365 
Bin 147: 439 49 
Bin 148: 730 727 318 621 
Bin 149: 756 706 864 274 751 669 768 77 
Bin 150: 625 905 277 612 472 
Bin 151: 693 615 260 
Bin 152: 516 
Bin 153: 681 258 
Bin 154: 927 279 913 148 97 
Bin 155: 826 140 957 841 
Bin 156: 897 173 804 
Bin 157: 78 895 211 566 
Bin 158: 286 667 
Bin 159: 327 603 
Bin 160: 70 792 939 672 739 453 
Bin 161: 799 425 
Bin 162: 355 306 220 937 354 204 
Bin 163: 474 7 
Bin 164: 505 294 13 402 
Bin 165: 746 320 448 533 
Bin 166: 791 356 264 
Bin 167: 594 784 434 
Bin 168: 217 728 125 
Bin 169: 968 824 
Bin 170: 415 64 
Bin 171: 385 496 
Bin 172: 63 62 574 399 647 
Bin 173: 925 723 302 165 668 
Bin 174: 849 683 
Bin 175: 342 868 74 81 716 202 236 560 
Bin 176: 659 262 183 712 518 
Bin 177: 997 539 
Bin 178: 918 263 
Bin 179: 947 
Bin 180: 970 571 656 
Bin 181: 731 2 553 605 
Bin 182: 995 
Bin 183: 51 420 98 
Bin 184: 100 
Bin 185: 976 8 314 
Bin 186: 85 797 961 
Bin 187: 497 
Bin 188: 30 
Bin 189: 634 
Bin 190: 95 
Bin 191: 906 999 964 
Bin 192: 948 
Bin 193: 965 76 
Bin 194: 620 
Bin 195: 405 
Bin 196: 394 
Bin 197: 807 
Bin 198: 987 
Bin 199: 636 
Bin 200: 19 
Bin 201: 435 
Bin 202: 542 
Bin 203: 229 
Bin 204: 121 
