# Objective: 39
# Time: 2.45114
# Feasible: 1
# Solution:
Bin 0: 45 212 67 182 48 225 171 10 
Bin 1: 216 129 187 79 189 186 
Bin 2: 234 91 213 168 38 
Bin 3: 123 141 133 101 162 200 
Bin 4: 190 142 0 237 120 47 155 132 
Bin 5: 7 105 21 13 18 195 99 
Bin 6: 115 196 148 176 43 9 
Bin 7: 178 59 146 143 243 177 158 
Bin 8: 58 97 12 24 220 80 194 
Bin 9: 63 191 56 14 170 181 
Bin 10: 153 124 32 42 245 219 51 75 
Bin 11: 41 8 2 145 107 202 247 
Bin 12: 31 240 144 154 150 
Bin 13: 16 85 98 149 74 236 175 214 87 
Bin 14: 1 184 169 69 125 112 106 
Bin 15: 198 232 17 221 228 70 65 
Bin 16: 83 28 88 160 238 248 151 35 
Bin 17: 157 68 36 40 86 
Bin 18: 174 95 239 166 134 57 103 11 
Bin 19: 33 165 130 137 167 108 
Bin 20: 54 179 5 161 60 62 118 
Bin 21: 127 227 52 111 3 207 
Bin 22: 55 164 246 81 183 
Bin 23: 49 90 15 211 156 
Bin 24: 172 138 121 89 217 218 
Bin 25: 139 135 72 39 29 
Bin 26: 241 113 6 131 94 152 53 231 
Bin 27: 140 109 114 96 163 22 
Bin 28: 77 46 235 230 64 
Bin 29: 233 249 210 192 180 34 122 
Bin 30: 27 78 84 19 197 92 201 203 
Bin 31: 73 128 110 119 76 126 
Bin 32: 206 205 244 215 193 4 222 100 
Bin 33: 136 50 223 37 199 
Bin 34: 185 204 82 93 66 209 
Bin 35: 224 44 23 242 159 173 
Bin 36: 229 147 226 61 25 
Bin 37: 116 102 188 26 20 
Bin 38: 104 30 71 117 208 
