# Objective: 149
# Time: 181.966
# Feasible: 1
# Solution:
Bin 0: 159 462 258 471 585 35 810 63 
Bin 1: 639 924 822 287 62 499 436 
Bin 2: 294 922 330 848 425 329 913 
Bin 3: 82 154 888 188 353 
Bin 4: 582 49 421 571 344 746 940 
Bin 5: 267 179 460 778 123 47 510 181 
Bin 6: 798 312 863 91 243 89 553 950 
Bin 7: 748 522 193 837 762 523 237 517 
Bin 8: 365 699 933 163 338 767 897 15 
Bin 9: 894 339 115 304 470 829 209 963 
Bin 10: 739 969 202 926 108 732 987 
Bin 11: 826 180 945 69 593 886 327 356 
Bin 12: 56 331 464 276 550 231 
Bin 13: 687 415 152 164 489 600 
Bin 14: 249 951 580 968 299 648 194 920 980 
Bin 15: 84 994 530 218 952 
Bin 16: 208 503 488 569 832 867 153 192 
Bin 17: 779 515 186 342 50 223 324 
Bin 18: 714 235 919 514 272 796 359 
Bin 19: 819 195 723 214 709 758 
Bin 20: 878 236 659 667 656 
Bin 21: 465 650 430 131 130 210 866 
Bin 22: 281 246 801 104 584 715 761 
Bin 23: 586 760 477 224 228 741 158 
Bin 24: 54 545 366 335 8 199 322 
Bin 25: 756 361 452 140 206 660 588 
Bin 26: 387 567 900 680 39 284 328 737 9 
Bin 27: 399 906 890 133 19 536 482 544 
Bin 28: 295 917 240 850 493 167 
Bin 29: 291 781 432 466 789 955 683 670 
Bin 30: 48 635 44 426 12 216 749 417 201 
Bin 31: 519 259 910 840 309 403 627 
Bin 32: 827 408 879 742 941 521 
Bin 33: 473 135 230 134 70 583 527 485 
Bin 34: 389 803 771 34 520 420 677 
Bin 35: 634 702 631 738 333 103 999 106 85 
Bin 36: 637 282 647 325 813 984 191 345 
Bin 37: 726 625 907 893 27 109 524 
Bin 38: 561 454 777 326 763 589 724 981 
Bin 39: 935 857 722 786 757 655 
Bin 40: 348 370 934 380 750 692 
Bin 41: 512 226 946 513 265 138 
Bin 42: 347 114 1 560 622 136 458 891 
Bin 43: 290 657 734 271 821 551 576 38 
Bin 44: 824 383 697 640 398 185 
Bin 45: 908 595 245 321 959 288 
Bin 46: 405 443 804 59 642 504 684 817 541 
Bin 47: 721 752 461 459 341 673 450 
Bin 48: 685 831 496 483 157 967 
Bin 49: 215 413 986 306 885 166 838 
Bin 50: 883 394 6 65 678 644 478 
Bin 51: 632 68 745 562 433 149 668 
Bin 52: 611 33 53 989 877 
Bin 53: 90 849 402 501 416 423 
Bin 54: 735 396 704 808 263 638 
Bin 55: 502 613 146 661 266 965 117 
Bin 56: 973 992 592 652 390 841 961 
Bin 57: 753 938 543 262 710 197 
Bin 58: 94 351 385 316 58 597 119 
Bin 59: 144 221 977 590 902 247 
Bin 60: 118 852 242 377 676 26 
Bin 61: 828 100 45 844 925 
Bin 62: 617 307 456 407 125 448 5 
Bin 63: 770 57 700 66 437 52 
Bin 64: 41 690 200 805 315 495 
Bin 65: 643 954 248 256 842 809 352 285 
Bin 66: 354 783 479 911 747 102 
Bin 67: 970 303 839 412 990 518 
Bin 68: 120 88 148 254 943 675 
Bin 69: 469 539 418 233 628 602 818 
Bin 70: 176 440 939 79 497 116 83 
Bin 71: 172 61 274 283 728 386 
Bin 72: 712 434 957 447 122 727 
Bin 73: 340 601 895 998 225 983 
Bin 74: 982 615 364 468 812 985 
Bin 75: 275 278 475 811 492 931 870 
Bin 76: 666 183 4 3 802 428 
Bin 77: 463 751 797 257 619 21 609 
Bin 78: 884 121 268 419 298 55 
Bin 79: 187 302 594 143 96 733 568 
Bin 80: 646 229 350 790 719 190 360 717 
Bin 81: 337 862 86 528 856 535 775 966 
Bin 82: 624 401 391 630 162 
Bin 83: 621 662 388 145 948 861 
Bin 84: 311 205 566 658 253 708 494 
Bin 85: 173 484 858 40 707 
Bin 86: 300 693 557 604 453 623 373 
Bin 87: 161 581 507 414 20 689 99 
Bin 88: 212 694 654 289 2 439 
Bin 89: 431 334 546 806 799 
Bin 90: 688 853 937 323 881 864 
Bin 91: 671 60 11 252 529 269 
Bin 92: 835 113 791 788 587 815 731 
Bin 93: 238 765 196 651 320 481 960 633 150 
Bin 94: 534 234 873 773 132 372 542 
Bin 95: 203 332 511 71 220 336 367 371 363 
Bin 96: 244 754 435 476 679 317 
Bin 97: 764 177 616 314 0 505 
Bin 98: 217 868 442 280 310 
Bin 99: 577 774 318 901 618 46 
Bin 100: 636 898 375 918 169 42 996 
Bin 101: 962 834 932 772 189 
Bin 102: 18 755 669 25 649 297 880 
Bin 103: 491 410 251 498 578 874 
Bin 104: 570 899 603 355 451 696 889 
Bin 105: 151 743 903 916 155 397 
Bin 106: 81 629 160 776 241 406 
Bin 107: 78 22 833 564 978 766 
Bin 108: 395 612 74 219 759 549 
Bin 109: 713 457 845 876 701 574 
Bin 110: 875 260 988 645 681 703 923 909 
Bin 111: 591 843 555 991 487 110 171 979 
Bin 112: 792 292 346 825 664 558 382 
Bin 113: 141 871 270 556 706 993 393 
Bin 114: 953 490 807 736 87 596 769 
Bin 115: 720 836 137 928 882 80 43 
Bin 116: 92 279 73 441 997 255 
Bin 117: 264 404 277 175 93 286 112 129 
Bin 118: 579 823 610 729 971 250 
Bin 119: 97 793 313 976 357 947 379 
Bin 120: 784 198 429 16 914 36 716 
Bin 121: 782 207 800 222 787 
Bin 122: 860 730 573 17 384 509 14 
Bin 123: 936 124 626 105 182 575 30 816 872 
Bin 124: 308 538 537 608 725 540 956 
Bin 125: 531 349 892 411 508 213 
Bin 126: 261 455 663 972 409 24 930 526 
Bin 127: 75 606 165 446 607 211 740 467 
Bin 128: 525 958 232 572 296 51 
Bin 129: 32 422 846 107 378 178 98 
Bin 130: 974 77 949 444 184 293 
Bin 131: 814 374 785 29 376 854 768 
Bin 132: 927 830 554 362 620 921 780 
Bin 133: 686 975 599 126 239 
Bin 134: 400 905 605 705 559 72 438 
Bin 135: 427 929 915 28 855 319 
Bin 136: 859 168 7 474 532 37 
Bin 137: 358 343 445 368 472 381 
Bin 138: 101 174 665 301 552 851 904 718 
Bin 139: 865 682 887 273 95 691 142 695 795 
Bin 140: 533 912 563 711 698 
Bin 141: 516 23 369 942 944 744 
Bin 142: 67 305 995 547 10 674 
Bin 143: 486 204 896 964 156 
Bin 144: 170 128 500 139 13 76 
Bin 145: 480 449 147 392 641 127 506 
Bin 146: 614 869 424 111 548 
Bin 147: 64 227 672 820 653 
Bin 148: 31 847 598 794 565 
