# Objective: 150
# Time: 165.686
# Feasible: 1
# Solution:
Bin 0: 120 472 756 776 113 808 795 99 
Bin 1: 341 810 497 731 470 
Bin 2: 596 176 86 502 995 39 
Bin 3: 632 52 503 461 803 446 
Bin 4: 900 482 657 303 301 962 404 
Bin 5: 716 164 903 359 654 246 442 
Bin 6: 477 517 829 973 991 980 697 
Bin 7: 111 952 501 965 249 640 53 294 
Bin 8: 774 906 196 15 853 289 
Bin 9: 284 346 201 248 620 
Bin 10: 147 257 79 287 680 427 44 
Bin 11: 142 479 701 158 870 902 561 
Bin 12: 895 390 411 193 379 22 42 
Bin 13: 778 377 324 252 520 163 
Bin 14: 819 154 796 34 693 83 
Bin 15: 994 440 297 140 727 572 777 
Bin 16: 344 56 212 515 856 491 988 279 
Bin 17: 489 929 102 149 505 813 832 
Bin 18: 783 629 495 449 938 285 498 
Bin 19: 217 862 587 790 695 627 661 
Bin 20: 384 861 329 644 238 651 940 281 
Bin 21: 591 885 371 667 542 471 945 
Bin 22: 912 109 96 295 901 
Bin 23: 544 983 314 148 210 185 328 935 
Bin 24: 752 61 970 740 950 
Bin 25: 492 306 671 385 253 824 417 854 
Bin 26: 512 625 864 392 202 780 
Bin 27: 647 464 426 480 555 447 910 
Bin 28: 896 873 468 969 62 948 331 526 
Bin 29: 372 985 462 490 135 262 806 694 636 
Bin 30: 190 24 736 648 318 601 170 
Bin 31: 734 754 986 562 310 334 
Bin 32: 145 391 93 518 381 967 366 219 
Bin 33: 408 216 68 376 907 571 316 469 
Bin 34: 802 37 388 330 237 878 812 226 
Bin 35: 531 610 108 905 738 184 407 691 961 
Bin 36: 759 10 413 337 224 162 
Bin 37: 51 343 420 152 242 827 603 
Bin 38: 433 729 658 77 541 322 953 633 
Bin 39: 573 259 604 616 677 305 134 
Bin 40: 946 349 50 682 718 510 31 789 
Bin 41: 355 204 362 816 705 554 535 
Bin 42: 116 424 822 615 788 936 483 435 
Bin 43: 881 835 38 70 537 
Bin 44: 428 762 996 304 315 45 958 272 
Bin 45: 16 987 876 114 215 
Bin 46: 849 745 107 509 504 332 842 
Bin 47: 175 451 78 33 398 232 
Bin 48: 558 807 536 264 960 
Bin 49: 585 358 609 652 432 
Bin 50: 14 696 97 653 338 277 575 12 243 
Bin 51: 422 443 797 666 21 545 722 805 
Bin 52: 565 706 59 89 637 540 296 
Bin 53: 852 981 978 273 923 499 
Bin 54: 507 990 755 918 382 641 208 
Bin 55: 321 750 445 688 922 88 74 200 
Bin 56: 317 556 241 839 19 
Bin 57: 450 655 877 631 282 933 817 
Bin 58: 508 765 798 270 67 126 
Bin 59: 931 311 28 261 325 319 917 
Bin 60: 687 488 129 606 121 533 866 527 191 
Bin 61: 299 401 858 369 73 
Bin 62: 64 539 65 496 403 400 
Bin 63: 141 726 2 130 794 29 397 
Bin 64: 713 476 678 105 728 521 
Bin 65: 416 675 146 138 231 882 
Bin 66: 514 592 494 463 749 720 
Bin 67: 848 125 395 692 137 837 630 698 
Bin 68: 685 103 845 348 244 452 214 
Bin 69: 5 71 25 171 473 119 771 
Bin 70: 626 312 809 595 602 
Bin 71: 493 939 271 378 350 221 
Bin 72: 650 478 266 926 13 360 
Bin 73: 993 618 168 80 944 890 
Bin 74: 711 710 702 955 406 663 11 209 
Bin 75: 128 143 55 538 166 564 984 
Bin 76: 529 240 597 474 915 580 227 48 
Bin 77: 989 269 976 84 58 387 828 
Bin 78: 739 893 732 766 157 460 
Bin 79: 405 925 793 886 690 506 942 
Bin 80: 686 365 375 136 123 194 
Bin 81: 104 1 274 35 161 642 187 
Bin 82: 867 617 153 199 619 773 
Bin 83: 941 222 784 367 959 132 563 307 
Bin 84: 336 444 683 197 841 
Bin 85: 733 673 275 439 448 
Bin 86: 823 233 801 982 709 684 679 
Bin 87: 582 859 971 646 278 218 607 409 
Bin 88: 85 820 484 300 758 
Bin 89: 863 429 611 239 850 339 998 
Bin 90: 628 583 899 47 662 326 
Bin 91: 438 608 389 475 638 669 421 549 
Bin 92: 353 486 676 999 72 911 
Bin 93: 437 770 247 704 340 356 
Bin 94: 267 229 98 298 54 112 
Bin 95: 550 182 363 700 36 932 581 532 
Bin 96: 370 871 165 919 586 897 
Bin 97: 9 594 345 851 649 584 908 
Bin 98: 719 943 43 821 456 354 
Bin 99: 588 7 930 543 122 92 
Bin 100: 904 189 937 964 954 724 17 847 551 
Bin 101: 578 342 772 920 524 454 
Bin 102: 598 40 75 131 351 402 181 
Bin 103: 747 782 552 393 309 
Bin 104: 811 547 225 26 323 951 
Bin 105: 875 670 27 364 178 
Bin 106: 457 100 8 81 320 868 643 
Bin 107: 133 412 525 30 892 914 894 
Bin 108: 674 174 458 769 207 791 579 621 
Bin 109: 327 634 751 60 276 265 665 
Bin 110: 414 872 431 441 785 764 725 106 250 
Bin 111: 763 884 522 115 916 
Bin 112: 394 672 909 831 368 855 
Bin 113: 815 576 76 260 169 
Bin 114: 836 251 972 577 20 659 668 
Bin 115: 741 41 396 792 891 927 
Bin 116: 963 386 465 150 459 548 283 660 
Bin 117: 286 699 799 826 90 599 288 
Bin 118: 635 956 834 156 436 230 192 
Bin 119: 593 172 559 546 786 245 656 
Bin 120: 883 721 167 485 139 879 681 715 
Bin 121: 523 957 889 118 335 151 
Bin 122: 511 423 280 781 206 263 974 500 
Bin 123: 117 761 481 934 425 
Bin 124: 290 292 605 614 234 49 818 
Bin 125: 589 347 453 513 590 730 
Bin 126: 712 624 291 357 968 
Bin 127: 880 186 830 374 888 
Bin 128: 144 553 205 566 975 418 921 
Bin 129: 399 4 213 874 746 352 
Bin 130: 333 519 160 534 183 82 757 63 
Bin 131: 528 380 313 703 235 
Bin 132: 159 767 846 714 689 664 
Bin 133: 898 198 66 293 373 775 430 737 
Bin 134: 302 645 612 949 530 804 
Bin 135: 865 568 268 87 840 467 211 
Bin 136: 308 180 825 707 860 94 32 
Bin 137: 434 723 110 236 57 487 869 800 
Bin 138: 101 887 574 124 947 557 415 
Bin 139: 179 0 979 258 127 
Bin 140: 622 838 255 455 768 
Bin 141: 600 69 361 254 717 569 735 91 
Bin 142: 228 844 992 23 419 
Bin 143: 639 623 173 155 223 95 
Bin 144: 977 857 46 997 760 743 203 570 
Bin 145: 188 913 744 383 613 567 
Bin 146: 742 708 177 779 560 
Bin 147: 814 195 924 466 256 843 
Bin 148: 748 18 928 6 516 3 
Bin 149: 966 787 410 833 220 753 
