# Objective: 18
# Time: 0.277432
# Feasible: 1
# Solution:
Bin 0: 116 112 20 92 9 104 
Bin 1: 114 36 34 69 35 103 115 57 
Bin 2: 72 80 16 84 86 90 2 
Bin 3: 52 83 93 77 107 101 67 73 55 30 
Bin 4: 71 58 5 0 27 66 12 
Bin 5: 17 63 110 50 53 24 89 
Bin 6: 21 18 4 10 33 44 
Bin 7: 19 46 105 62 79 68 48 109 
Bin 8: 7 96 111 22 56 25 40 
Bin 9: 97 61 65 47 108 98 6 
Bin 10: 99 85 74 113 70 
Bin 11: 64 82 8 43 94 
Bin 12: 60 81 32 118 29 51 
Bin 13: 1 13 38 100 95 54 119 
Bin 14: 117 76 28 14 11 75 
Bin 15: 49 23 3 41 26 102 
Bin 16: 87 31 59 15 91 
Bin 17: 88 45 106 42 39 37 78 
