# Objective: 150
# Time: 189.327
# Feasible: 1
# Solution:
Bin 0: 471 193 347 53 284 613 408 391 102 
Bin 1: 766 513 559 867 230 352 195 
Bin 2: 306 395 672 851 765 888 581 
Bin 3: 792 934 192 71 260 
Bin 4: 894 827 440 438 675 50 
Bin 5: 828 914 72 16 743 317 414 
Bin 6: 256 144 667 420 923 527 
Bin 7: 982 848 865 681 258 830 137 
Bin 8: 255 52 953 930 878 854 277 
Bin 9: 628 491 880 64 378 425 227 303 
Bin 10: 413 908 405 117 385 620 299 
Bin 11: 380 572 684 358 266 631 342 752 
Bin 12: 61 983 28 926 21 809 
Bin 13: 474 981 520 899 907 486 635 860 
Bin 14: 793 304 81 560 159 268 393 924 
Bin 15: 801 229 525 76 651 333 59 
Bin 16: 261 952 216 759 453 232 6 
Bin 17: 826 387 2 367 995 622 87 776 
Bin 18: 8 198 540 978 969 217 582 
Bin 19: 668 571 123 489 956 365 812 164 
Bin 20: 96 178 375 65 470 111 41 845 47 
Bin 21: 128 822 460 557 109 451 
Bin 22: 855 782 105 27 435 
Bin 23: 54 129 281 819 224 699 43 643 
Bin 24: 615 142 795 316 636 
Bin 25: 295 417 915 69 241 176 114 710 
Bin 26: 382 99 704 397 939 332 849 
Bin 27: 274 398 133 548 904 444 19 
Bin 28: 263 866 146 388 186 36 
Bin 29: 48 813 522 515 744 247 403 
Bin 30: 399 436 732 275 169 141 75 859 
Bin 31: 804 647 941 678 437 922 762 761 
Bin 32: 638 254 202 606 324 369 
Bin 33: 683 337 626 997 35 348 339 
Bin 34: 294 235 883 228 56 545 
Bin 35: 404 149 576 335 892 552 
Bin 36: 495 564 300 210 810 280 
Bin 37: 422 745 92 430 88 829 712 
Bin 38: 38 661 771 68 23 546 640 980 
Bin 39: 807 629 921 879 659 86 271 
Bin 40: 554 609 856 127 591 
Bin 41: 604 662 400 66 330 872 472 
Bin 42: 120 487 670 857 663 205 165 
Bin 43: 798 151 225 122 526 477 236 33 
Bin 44: 614 773 514 653 194 
Bin 45: 29 998 4 119 5 45 996 
Bin 46: 642 51 46 803 296 345 722 
Bin 47: 118 655 208 302 222 
Bin 48: 383 695 309 423 910 488 484 
Bin 49: 318 841 85 170 108 927 602 
Bin 50: 13 179 130 737 67 322 749 746 
Bin 51: 83 637 834 147 544 905 
Bin 52: 733 558 432 935 839 610 
Bin 53: 182 270 506 698 396 753 251 665 702 
Bin 54: 966 945 457 612 308 709 685 
Bin 55: 929 37 459 902 570 370 
Bin 56: 173 441 155 199 249 913 731 
Bin 57: 736 742 556 943 32 421 498 
Bin 58: 739 706 3 11 871 
Bin 59: 461 431 748 716 297 884 
Bin 60: 167 886 226 588 175 625 93 356 547 
Bin 61: 207 858 794 341 936 289 833 
Bin 62: 480 140 563 965 791 644 
Bin 63: 246 693 39 242 204 874 
Bin 64: 248 686 645 9 257 657 106 529 
Bin 65: 960 499 319 730 301 315 442 
Bin 66: 811 189 979 917 313 671 
Bin 67: 774 595 90 775 652 478 
Bin 68: 320 947 57 789 772 580 
Bin 69: 419 494 70 673 276 916 412 627 
Bin 70: 726 682 869 846 368 542 
Bin 71: 950 968 994 575 990 327 376 338 
Bin 72: 456 363 666 824 756 450 357 
Bin 73: 22 755 415 206 479 125 566 
Bin 74: 870 239 455 107 364 30 942 
Bin 75: 844 832 213 98 326 797 561 
Bin 76: 10 537 350 166 25 881 115 
Bin 77: 234 562 269 891 418 
Bin 78: 446 594 806 381 919 911 
Bin 79: 62 634 485 715 734 
Bin 80: 507 124 116 24 447 233 
Bin 81: 407 490 433 818 245 694 386 703 
Bin 82: 439 187 200 608 784 676 283 
Bin 83: 674 569 621 172 714 912 
Bin 84: 624 876 633 764 751 197 605 535 20 
Bin 85: 630 329 738 238 84 312 
Bin 86: 692 121 777 331 468 497 
Bin 87: 136 543 148 760 496 949 931 
Bin 88: 991 253 219 933 163 60 475 
Bin 89: 528 975 724 741 598 940 201 42 410 
Bin 90: 493 601 80 977 584 177 658 
Bin 91: 586 449 220 314 617 427 
Bin 92: 180 171 132 783 58 94 
Bin 93: 282 212 188 999 34 
Bin 94: 250 778 815 346 976 154 501 292 
Bin 95: 509 574 840 691 1 190 
Bin 96: 311 533 17 656 837 340 531 707 
Bin 97: 800 389 517 972 821 974 
Bin 98: 278 237 15 850 900 925 
Bin 99: 585 835 541 603 550 770 174 
Bin 100: 863 156 126 877 740 
Bin 101: 243 725 476 162 973 112 847 
Bin 102: 139 853 989 754 889 63 262 549 
Bin 103: 287 805 244 503 690 677 679 852 
Bin 104: 718 750 288 639 593 951 
Bin 105: 796 371 79 77 836 458 987 
Bin 106: 817 641 160 728 184 409 946 
Bin 107: 985 293 958 512 366 816 152 897 
Bin 108: 906 669 689 298 700 377 961 587 
Bin 109: 443 448 713 221 267 44 861 
Bin 110: 516 373 401 720 842 12 392 
Bin 111: 534 838 78 825 992 
Bin 112: 14 721 592 788 143 191 
Bin 113: 7 273 583 445 465 646 
Bin 114: 523 209 790 95 882 814 384 823 
Bin 115: 168 89 466 895 73 305 920 286 
Bin 116: 530 161 290 599 708 
Bin 117: 573 344 717 500 426 185 
Bin 118: 103 462 799 538 735 91 568 
Bin 119: 264 135 279 962 723 928 
Bin 120: 434 696 481 134 429 505 
Bin 121: 873 354 463 372 618 898 
Bin 122: 890 55 464 406 307 967 518 
Bin 123: 607 74 203 711 619 589 885 
Bin 124: 259 616 623 285 948 26 411 104 
Bin 125: 424 887 351 597 138 131 862 
Bin 126: 473 944 511 49 454 374 
Bin 127: 932 785 150 781 970 
Bin 128: 971 963 153 218 353 181 984 
Bin 129: 780 416 868 779 101 0 
Bin 130: 864 82 875 394 954 
Bin 131: 590 697 901 660 993 
Bin 132: 767 579 654 831 758 328 
Bin 133: 680 553 909 649 727 
Bin 134: 158 390 240 808 272 252 
Bin 135: 578 611 361 231 145 469 
Bin 136: 957 97 343 687 937 632 
Bin 137: 903 729 323 157 519 360 719 786 
Bin 138: 769 532 428 955 577 705 
Bin 139: 787 964 110 40 510 986 
Bin 140: 802 321 483 664 596 565 536 820 
Bin 141: 988 214 196 504 701 959 896 
Bin 142: 379 325 508 688 265 539 
Bin 143: 747 763 362 757 18 650 
Bin 144: 359 918 600 648 310 
Bin 145: 551 567 291 31 938 893 
Bin 146: 492 482 452 113 555 
Bin 147: 355 183 100 336 334 349 
Bin 148: 402 215 223 521 467 
Bin 149: 211 843 768 502 524 
