# Objective: 18
# Time: 0.27966
# Feasible: 1
# Solution:
Bin 0: 106 75 22 115 80 19 107 104 
Bin 1: 58 28 85 62 64 63 109 
Bin 2: 97 16 26 113 102 74 48 
Bin 3: 60 118 29 105 38 36 
Bin 4: 71 5 78 100 65 89 15 
Bin 5: 114 6 31 84 23 39 103 35 
Bin 6: 17 51 82 119 32 112 59 
Bin 7: 87 92 30 101 4 94 117 98 
Bin 8: 116 77 14 108 9 12 
Bin 9: 49 56 110 10 91 
Bin 10: 21 24 2 13 96 73 
Bin 11: 72 25 11 0 53 42 40 57 
Bin 12: 99 55 52 93 45 54 18 50 67 
Bin 13: 7 41 111 8 20 86 
Bin 14: 88 46 61 70 76 27 
Bin 15: 1 83 47 33 43 
Bin 16: 66 37 34 95 69 3 
Bin 17: 68 44 90 81 79 
