# Objective: 39
# Time: 2.16681
# Feasible: 1
# Solution:
Bin 0: 187 154 67 200 226 76 228 229 63 
Bin 1: 110 60 80 219 10 145 162 
Bin 2: 97 30 223 72 152 197 161 151 178 
Bin 3: 47 54 31 113 208 77 
Bin 4: 192 98 189 99 140 26 34 
Bin 5: 25 41 243 221 235 88 49 32 
Bin 6: 109 100 164 210 107 15 
Bin 7: 173 135 220 43 64 216 
Bin 8: 147 133 48 95 19 218 181 
Bin 9: 247 184 69 94 126 
Bin 10: 11 104 153 82 21 224 
Bin 11: 205 89 136 83 50 66 
Bin 12: 39 131 191 127 8 231 137 7 20 
Bin 13: 237 62 44 90 166 
Bin 14: 207 227 148 120 53 195 73 28 
Bin 15: 45 246 42 168 129 68 
Bin 16: 23 232 163 75 157 244 186 16 
Bin 17: 37 170 106 238 132 233 
Bin 18: 81 201 0 169 225 230 134 
Bin 19: 78 171 112 4 58 2 
Bin 20: 212 93 121 156 40 138 
Bin 21: 105 190 119 22 124 214 33 
Bin 22: 111 128 38 172 92 142 17 
Bin 23: 143 14 46 117 35 65 202 
Bin 24: 213 174 51 103 96 13 
Bin 25: 158 57 239 160 114 159 
Bin 26: 130 71 55 188 118 
Bin 27: 144 150 116 70 199 155 
Bin 28: 182 108 139 24 204 141 
Bin 29: 18 29 193 84 215 
Bin 30: 87 241 146 194 59 217 
Bin 31: 248 180 125 165 242 61 176 
Bin 32: 185 236 245 122 79 209 
Bin 33: 123 196 91 5 12 
Bin 34: 27 52 74 183 179 
Bin 35: 56 1 175 167 3 36 203 
Bin 36: 234 85 240 115 86 211 
Bin 37: 9 198 177 101 249 
Bin 38: 102 206 222 6 149 
