# Objective: 88
# Time: 2.8619
# Feasible: 1
# Solution:
Bin 0: 364 31 306 404 347 399 195 52 
Bin 1: 270 98 409 142 64 
Bin 2: 127 477 330 468 304 
Bin 3: 61 212 408 454 148 294 
Bin 4: 456 271 275 88 69 33 393 77 
Bin 5: 428 8 361 28 337 
Bin 6: 242 32 130 157 152 257 467 
Bin 7: 453 445 352 207 287 
Bin 8: 489 340 235 319 217 387 
Bin 9: 159 496 10 391 382 135 
Bin 10: 443 479 99 419 54 125 
Bin 11: 495 192 392 74 51 414 
Bin 12: 380 317 377 134 370 150 241 
Bin 13: 438 288 261 111 253 
Bin 14: 155 228 376 137 460 329 321 
Bin 15: 332 115 145 211 11 448 67 417 
Bin 16: 320 92 335 284 138 
Bin 17: 144 196 423 463 296 76 
Bin 18: 410 281 268 25 441 175 
Bin 19: 249 372 168 326 313 314 338 
Bin 20: 5 374 452 227 156 250 20 220 
Bin 21: 204 221 435 132 407 
Bin 22: 243 371 397 339 447 96 
Bin 23: 80 21 236 481 203 254 383 
Bin 24: 183 112 244 48 499 237 
Bin 25: 388 344 431 223 325 342 
Bin 26: 58 37 71 358 182 258 206 
Bin 27: 491 17 411 434 312 103 
Bin 28: 266 259 15 485 45 334 341 412 457 
Bin 29: 133 215 309 472 193 415 
Bin 30: 129 110 474 247 105 379 
Bin 31: 310 83 95 41 27 198 436 
Bin 32: 93 323 437 394 292 154 346 
Bin 33: 4 36 12 167 126 
Bin 34: 177 260 285 70 246 400 327 473 
Bin 35: 426 272 44 104 222 
Bin 36: 401 413 224 433 256 390 151 
Bin 37: 239 42 63 369 425 1 141 
Bin 38: 108 269 56 497 427 165 360 
Bin 39: 118 143 440 226 53 353 160 381 
Bin 40: 184 279 47 255 172 
Bin 41: 202 420 131 85 354 291 315 
Bin 42: 389 59 252 429 13 35 
Bin 43: 276 50 263 450 176 
Bin 44: 308 484 18 46 293 197 
Bin 45: 9 140 421 498 238 213 386 62 406 
Bin 46: 486 295 136 231 39 446 286 
Bin 47: 119 289 459 40 173 378 
Bin 48: 188 230 114 91 86 
Bin 49: 302 290 232 343 424 
Bin 50: 465 403 439 234 466 16 117 471 
Bin 51: 336 90 79 422 187 311 185 
Bin 52: 124 113 267 169 60 
Bin 53: 218 210 34 490 22 163 333 
Bin 54: 122 345 351 282 65 470 245 
Bin 55: 57 139 162 164 123 305 55 190 
Bin 56: 278 331 38 349 75 
Bin 57: 348 225 189 147 487 209 
Bin 58: 6 301 418 68 444 
Bin 59: 49 322 26 248 300 24 
Bin 60: 73 30 100 356 251 66 469 
Bin 61: 201 494 402 219 455 375 
Bin 62: 102 233 181 430 171 483 
Bin 63: 280 357 274 191 214 121 82 
Bin 64: 493 461 84 366 365 78 
Bin 65: 128 359 97 81 205 475 109 
Bin 66: 299 385 462 478 316 149 458 373 
Bin 67: 0 179 350 432 
Bin 68: 170 116 120 283 
Bin 69: 262 297 158 216 303 14 
Bin 70: 367 72 87 23 94 229 492 
Bin 71: 43 180 363 101 194 
Bin 72: 161 200 488 482 
Bin 73: 398 395 384 368 3 396 
Bin 74: 449 186 240 107 178 166 
Bin 75: 273 451 89 7 277 324 19 
Bin 76: 476 
Bin 77: 416 264 
Bin 78: 146 
Bin 79: 328 362 29 106 208 
Bin 80: 265 199 
Bin 81: 2 405 480 
Bin 82: 307 355 464 
Bin 83: 174 
Bin 84: 318 
Bin 85: 298 
Bin 86: 153 
Bin 87: 442 
