# Objective: 19
# Time: 0.231107
# Feasible: 1
# Solution:
Bin 0: 15 86 43 41 74 115 5 
Bin 1: 81 91 119 109 62 
Bin 2: 80 63 65 2 50 55 16 
Bin 3: 70 4 36 7 102 37 51 
Bin 4: 104 17 67 38 27 99 
Bin 5: 26 76 18 68 12 
Bin 6: 3 75 60 59 112 
Bin 7: 118 47 107 14 44 57 
Bin 8: 34 93 90 77 32 97 
Bin 9: 110 87 54 13 83 49 
Bin 10: 72 22 71 66 92 100 
Bin 11: 73 79 106 21 111 35 6 
Bin 12: 33 64 8 61 48 
Bin 13: 52 94 89 28 103 69 108 10 
Bin 14: 101 42 45 9 82 117 
Bin 15: 25 30 78 105 31 113 
Bin 16: 39 85 53 46 23 29 
Bin 17: 40 96 58 98 1 114 116 56 
Bin 18: 24 95 19 88 11 0 84 20 
