# Objective: 150
# Time: 174.61
# Feasible: 1
# Solution:
Bin 0: 210 88 402 282 920 377 810 914 
Bin 1: 594 731 627 947 269 422 886 703 
Bin 2: 787 620 75 524 48 609 550 218 
Bin 3: 355 532 860 248 258 531 259 
Bin 4: 292 236 340 223 993 471 
Bin 5: 871 614 601 712 62 759 745 167 217 
Bin 6: 480 612 94 548 146 901 115 817 
Bin 7: 200 494 922 541 238 595 
Bin 8: 381 496 81 170 761 184 803 
Bin 9: 234 552 408 966 610 140 558 
Bin 10: 763 722 725 273 116 391 
Bin 11: 45 232 25 853 31 447 
Bin 12: 928 811 624 985 405 597 634 565 654 723 
Bin 13: 281 59 16 187 676 388 832 743 
Bin 14: 205 644 137 347 396 
Bin 15: 657 623 99 970 253 603 300 858 
Bin 16: 306 185 815 870 478 566 673 
Bin 17: 249 452 109 741 375 740 
Bin 18: 556 849 615 837 555 484 0 
Bin 19: 406 885 67 653 846 
Bin 20: 394 331 35 464 998 515 492 
Bin 21: 656 102 481 307 666 618 4 968 
Bin 22: 813 242 52 287 130 729 814 585 
Bin 23: 293 33 935 330 976 733 648 267 
Bin 24: 932 770 575 840 1 220 888 
Bin 25: 168 649 263 383 359 867 662 149 
Bin 26: 687 913 112 747 684 439 937 
Bin 27: 175 812 795 412 760 605 
Bin 28: 271 825 245 537 70 611 
Bin 29: 246 369 878 418 562 578 78 936 
Bin 30: 906 702 51 98 651 121 683 
Bin 31: 930 278 746 378 514 750 
Bin 32: 543 197 635 84 819 549 
Bin 33: 798 24 351 198 348 162 49 
Bin 34: 912 991 80 89 664 442 639 
Bin 35: 153 633 395 900 875 737 821 681 
Bin 36: 190 847 127 839 68 82 
Bin 37: 370 658 941 365 992 111 965 560 
Bin 38: 104 457 221 128 732 561 843 
Bin 39: 513 291 688 373 553 882 
Bin 40: 793 320 131 883 335 415 
Bin 41: 617 700 663 42 286 539 571 762 
Bin 42: 314 934 551 879 275 911 830 
Bin 43: 971 835 907 229 85 510 
Bin 44: 399 945 34 631 981 161 671 243 
Bin 45: 224 518 894 890 92 592 
Bin 46: 158 352 889 420 786 
Bin 47: 160 781 425 305 525 451 828 
Bin 48: 790 845 55 360 580 433 270 203 
Bin 49: 397 44 239 208 212 87 495 
Bin 50: 103 354 643 97 3 441 753 
Bin 51: 809 192 711 844 337 
Bin 52: 708 171 216 225 302 880 
Bin 53: 789 488 916 125 350 596 265 279 
Bin 54: 693 841 583 502 600 865 
Bin 55: 652 177 474 824 709 862 
Bin 56: 892 392 962 7 231 
Bin 57: 545 458 40 404 628 410 964 
Bin 58: 850 211 983 411 124 476 18 856 
Bin 59: 36 533 917 507 766 
Bin 60: 108 751 621 720 869 972 20 2 
Bin 61: 660 564 100 903 705 647 489 
Bin 62: 207 589 749 202 619 274 
Bin 63: 942 436 385 343 74 255 521 
Bin 64: 699 758 256 925 606 186 132 
Bin 65: 260 349 28 645 118 829 893 987 
Bin 66: 182 317 487 650 29 677 827 
Bin 67: 303 483 988 117 413 738 767 393 
Bin 68: 519 799 193 938 967 918 
Bin 69: 546 952 407 977 779 
Bin 70: 511 338 454 142 206 
Bin 71: 848 421 587 679 691 326 773 
Bin 72: 61 899 530 241 672 
Bin 73: 173 356 554 328 157 191 
Bin 74: 141 826 509 523 508 310 
Bin 75: 250 668 69 904 944 776 704 
Bin 76: 836 958 755 661 105 463 204 
Bin 77: 437 53 622 842 428 364 469 321 
Bin 78: 13 939 563 717 984 201 
Bin 79: 569 582 576 9 948 332 60 
Bin 80: 868 940 915 792 213 503 784 120 
Bin 81: 257 506 327 176 139 
Bin 82: 864 143 989 101 450 877 166 254 692 
Bin 83: 667 598 379 357 434 902 544 735 387 
Bin 84: 83 183 380 608 833 728 342 
Bin 85: 908 859 473 491 823 37 
Bin 86: 674 997 147 726 854 923 637 626 
Bin 87: 345 721 6 522 517 366 
Bin 88: 129 641 980 148 296 
Bin 89: 23 974 516 462 312 557 164 
Bin 90: 262 978 801 924 559 499 432 398 
Bin 91: 802 95 448 701 446 579 
Bin 92: 362 808 283 625 334 181 534 
Bin 93: 230 443 816 467 931 
Bin 94: 874 588 567 329 401 5 719 
Bin 95: 960 855 791 686 896 235 
Bin 96: 32 113 194 895 782 526 909 
Bin 97: 122 475 646 325 695 228 10 
Bin 98: 455 921 417 38 90 504 468 
Bin 99: 19 568 226 123 126 145 419 834 247 
Bin 100: 154 616 423 390 573 710 
Bin 101: 584 547 757 261 754 946 696 
Bin 102: 498 933 636 881 403 929 
Bin 103: 629 694 607 426 188 284 953 
Bin 104: 756 910 11 376 172 367 680 
Bin 105: 477 689 715 955 581 602 774 304 
Bin 106: 445 150 266 156 47 863 77 438 
Bin 107: 353 318 301 675 316 272 
Bin 108: 79 505 470 358 219 151 440 15 
Bin 109: 999 96 604 374 214 800 244 453 
Bin 110: 512 288 951 954 346 540 
Bin 111: 152 196 788 138 240 714 
Bin 112: 818 797 979 764 298 361 
Bin 113: 416 775 39 986 852 414 
Bin 114: 897 926 698 12 66 
Bin 115: 707 295 114 237 963 632 
Bin 116: 215 778 574 209 820 
Bin 117: 796 195 386 969 734 739 
Bin 118: 669 63 135 14 752 189 
Bin 119: 872 429 179 276 46 
Bin 120: 449 961 424 485 133 456 659 
Bin 121: 950 54 322 313 905 58 
Bin 122: 736 144 8 956 685 599 
Bin 123: 30 497 435 866 642 957 
Bin 124: 713 289 233 106 586 76 
Bin 125: 613 389 990 344 838 697 41 
Bin 126: 308 400 765 294 384 898 493 
Bin 127: 742 222 528 427 490 430 
Bin 128: 500 785 831 744 466 472 
Bin 129: 309 572 857 982 268 50 
Bin 130: 772 21 727 251 995 363 730 180 538 134 
Bin 131: 678 943 718 630 155 119 72 
Bin 132: 706 86 542 199 638 
Bin 133: 71 17 949 136 771 535 460 
Bin 134: 43 891 333 780 297 
Bin 135: 591 178 163 315 26 768 431 
Bin 136: 665 169 527 590 777 959 
Bin 137: 323 382 876 459 339 91 
Bin 138: 482 640 65 520 577 807 
Bin 139: 319 280 682 822 110 
Bin 140: 919 336 93 996 285 444 887 
Bin 141: 805 486 884 159 536 290 
Bin 142: 769 973 716 107 227 
Bin 143: 56 748 465 783 461 
Bin 144: 252 806 724 994 277 529 
Bin 145: 670 479 73 299 690 57 324 
Bin 146: 861 851 409 927 804 873 
Bin 147: 975 655 341 372 174 
Bin 148: 501 368 570 22 794 311 
Bin 149: 371 264 27 593 165 64 
