# Objective: 18
# Time: 0.303415
# Feasible: 1
# Solution:
Bin 0: 51 115 83 95 28 36 0 18 117 
Bin 1: 59 21 3 105 57 92 14 
Bin 2: 49 78 110 108 107 73 
Bin 3: 64 29 5 106 9 6 
Bin 4: 19 76 67 91 32 75 40 
Bin 5: 17 90 118 37 102 89 48 
Bin 6: 116 119 46 69 100 63 
Bin 7: 72 81 34 2 31 16 80 
Bin 8: 94 84 98 99 43 79 101 
Bin 9: 114 41 15 45 11 33 
Bin 10: 88 22 77 4 55 23 44 
Bin 11: 87 39 85 93 10 52 86 50 
Bin 12: 7 109 82 20 12 53 111 
Bin 13: 60 104 62 27 103 47 42 26 
Bin 14: 71 65 54 38 74 24 68 
Bin 15: 1 8 70 96 
Bin 16: 97 56 35 112 113 
Bin 17: 30 25 58 61 66 13 
