# Objective: 74
# Time: 19.1926
# Feasible: 1
# Solution:
Bin 0: 219 172 117 8 429 154 431 458 333 
Bin 1: 94 88 175 176 197 11 212 
Bin 2: 273 481 63 384 401 482 
Bin 3: 229 38 394 32 136 182 21 
Bin 4: 14 74 299 345 17 430 237 
Bin 5: 436 422 151 79 367 137 124 
Bin 6: 471 168 193 139 328 1 465 
Bin 7: 211 362 185 100 363 412 75 181 353 
Bin 8: 413 455 28 405 479 306 77 
Bin 9: 57 454 186 180 42 355 
Bin 10: 69 496 488 173 55 359 293 
Bin 11: 417 418 194 128 447 445 477 
Bin 12: 305 9 148 54 284 389 335 67 227 165 209 
Bin 13: 246 140 313 288 442 231 35 242 
Bin 14: 331 402 274 268 192 152 
Bin 15: 127 456 495 120 196 
Bin 16: 283 404 356 230 47 444 391 
Bin 17: 10 408 424 29 199 159 58 
Bin 18: 144 337 101 478 249 125 
Bin 19: 280 248 289 177 449 354 
Bin 20: 428 204 39 350 437 183 
Bin 21: 377 3 244 161 123 485 
Bin 22: 115 217 116 339 466 352 122 145 190 
Bin 23: 426 220 285 44 427 275 224 86 195 
Bin 24: 82 395 460 432 298 376 
Bin 25: 138 233 487 319 292 
Bin 26: 332 26 61 18 171 414 
Bin 27: 473 266 179 214 407 87 
Bin 28: 368 468 411 301 169 464 400 
Bin 29: 390 308 469 184 296 27 
Bin 30: 361 78 2 66 357 348 415 315 
Bin 31: 450 451 364 252 310 
Bin 32: 13 146 286 166 95 239 93 203 
Bin 33: 164 251 439 158 396 373 102 52 110 
Bin 34: 261 191 499 202 317 257 163 322 
Bin 35: 68 369 6 365 23 497 263 4 96 
Bin 36: 480 92 19 15 360 467 486 
Bin 37: 91 358 215 149 56 134 
Bin 38: 392 241 5 406 349 245 351 89 
Bin 39: 423 344 198 330 132 225 99 
Bin 40: 474 387 374 291 37 174 267 
Bin 41: 382 187 342 167 253 189 
Bin 42: 205 321 375 463 416 49 433 
Bin 43: 147 459 255 295 325 
Bin 44: 235 340 178 498 80 270 453 
Bin 45: 327 188 366 85 238 62 206 236 
Bin 46: 130 386 438 16 388 126 483 
Bin 47: 65 461 493 269 494 81 
Bin 48: 441 36 254 491 48 
Bin 49: 160 457 221 218 260 0 
Bin 50: 435 397 228 307 113 343 
Bin 51: 378 106 60 70 326 475 7 
Bin 52: 243 446 112 216 381 
Bin 53: 323 114 59 64 247 12 108 
Bin 54: 223 279 258 297 303 31 277 53 
Bin 55: 153 393 210 372 419 324 338 370 
Bin 56: 259 380 98 170 222 262 208 
Bin 57: 383 25 155 240 232 316 
Bin 58: 118 234 150 51 121 410 
Bin 59: 290 470 20 309 272 341 109 425 
Bin 60: 83 403 379 271 131 30 278 73 
Bin 61: 133 492 448 34 90 201 
Bin 62: 294 421 440 107 226 213 
Bin 63: 443 43 347 281 346 103 264 
Bin 64: 24 141 336 129 143 207 
Bin 65: 371 97 119 398 311 334 
Bin 66: 200 142 420 72 476 489 
Bin 67: 276 287 84 320 484 282 472 
Bin 68: 46 157 399 104 22 41 45 
Bin 69: 318 50 300 462 385 162 
Bin 70: 329 76 256 105 312 
Bin 71: 302 452 409 314 304 
Bin 72: 135 434 490 156 33 
Bin 73: 265 40 71 111 250 
