# Objective: 147
# Time: 150.096
# Feasible: 1
# Solution:
Bin 0: 320 877 407 738 769 672 501 406 
Bin 1: 543 253 793 505 19 937 489 18 363 
Bin 2: 121 792 465 148 882 183 603 531 
Bin 3: 384 710 895 414 519 775 615 177 
Bin 4: 408 119 129 275 30 290 855 909 624 297 
Bin 5: 370 204 610 524 714 838 200 
Bin 6: 479 316 189 223 309 726 990 630 
Bin 7: 556 799 824 821 486 740 
Bin 8: 198 614 365 644 933 968 99 
Bin 9: 988 388 54 167 33 277 
Bin 10: 912 594 133 666 894 215 
Bin 11: 434 58 621 776 522 510 10 
Bin 12: 161 8 850 854 310 670 833 
Bin 13: 901 560 221 948 567 646 643 137 
Bin 14: 678 980 97 849 61 186 969 398 
Bin 15: 667 82 734 145 648 
Bin 16: 795 293 428 891 601 
Bin 17: 718 98 534 281 27 816 272 
Bin 18: 286 305 735 600 143 116 993 515 
Bin 19: 565 963 482 872 628 719 
Bin 20: 967 191 575 662 661 344 458 382 765 
Bin 21: 759 848 266 367 917 57 187 
Bin 22: 239 192 762 410 578 585 552 164 
Bin 23: 172 549 619 930 466 
Bin 24: 485 586 572 323 295 737 
Bin 25: 240 140 856 314 860 507 194 568 
Bin 26: 146 803 14 442 751 819 273 
Bin 27: 916 210 241 512 335 399 
Bin 28: 756 467 276 709 742 50 729 625 319 
Bin 29: 859 579 518 611 209 942 
Bin 30: 123 440 911 101 24 
Bin 31: 170 341 4 351 758 234 236 807 
Bin 32: 79 282 188 533 953 866 418 
Bin 33: 771 338 746 470 37 232 484 665 
Bin 34: 73 506 773 165 258 749 402 111 898 28 
Bin 35: 433 40 39 683 255 206 582 544 852 
Bin 36: 704 256 349 270 220 952 284 
Bin 37: 432 899 171 231 668 421 
Bin 38: 444 393 713 160 114 339 60 
Bin 39: 541 88 249 633 863 491 
Bin 40: 117 981 972 663 687 545 525 
Bin 41: 674 237 939 878 447 93 
Bin 42: 387 557 716 292 809 797 727 
Bin 43: 873 922 913 822 181 626 
Bin 44: 62 288 728 307 904 570 503 457 
Bin 45: 921 76 925 647 212 745 635 971 
Bin 46: 326 199 938 537 874 477 902 77 
Bin 47: 386 71 405 492 730 574 705 
Bin 48: 555 91 782 987 317 190 152 
Bin 49: 13 638 696 914 509 550 731 155 676 
Bin 50: 516 538 327 650 998 741 
Bin 51: 847 176 131 865 100 867 294 
Bin 52: 588 251 333 438 694 83 
Bin 53: 38 562 813 493 380 185 984 
Bin 54: 464 862 798 138 814 
Bin 55: 289 702 321 409 715 350 794 419 
Bin 56: 475 151 858 656 381 
Bin 57: 44 439 259 112 923 808 
Bin 58: 396 80 461 31 126 473 195 999 
Bin 59: 682 424 800 975 924 581 
Bin 60: 832 218 645 513 711 885 
Bin 61: 712 940 118 184 207 158 546 26 
Bin 62: 268 908 342 404 514 677 
Bin 63: 369 654 842 780 254 78 932 
Bin 64: 329 230 0 374 954 571 1 
Bin 65: 870 238 695 296 934 936 720 17 226 
Bin 66: 965 345 178 246 591 617 
Bin 67: 754 448 6 476 598 957 
Bin 68: 660 947 149 257 961 955 202 
Bin 69: 592 523 962 875 651 197 
Bin 70: 620 135 201 22 530 11 
Bin 71: 502 964 889 379 700 599 166 42 834 12 
Bin 72: 992 747 736 113 227 115 520 
Bin 73: 422 401 623 577 691 697 
Bin 74: 278 564 657 602 631 415 373 
Bin 75: 535 299 385 95 498 134 559 361 
Bin 76: 693 761 881 64 817 597 783 450 211 
Bin 77: 879 41 394 247 989 
Bin 78: 811 910 298 558 841 787 248 517 
Bin 79: 896 673 85 271 801 750 
Bin 80: 36 35 561 979 613 429 928 430 67 
Bin 81: 744 360 375 496 89 494 671 330 
Bin 82: 806 504 478 596 483 235 
Bin 83: 125 836 180 378 219 640 
Bin 84: 966 169 703 343 45 717 
Bin 85: 973 228 675 68 553 844 595 
Bin 86: 753 723 986 25 725 547 153 
Bin 87: 109 412 229 655 23 193 
Bin 88: 959 766 804 312 366 900 451 163 
Bin 89: 7 325 174 790 605 684 154 
Bin 90: 416 208 53 810 812 75 480 
Bin 91: 306 242 996 72 63 721 
Bin 92: 500 956 688 949 324 
Bin 93: 770 929 943 389 352 332 
Bin 94: 606 452 820 573 311 
Bin 95: 395 935 244 318 362 622 
Bin 96: 348 403 103 846 173 331 
Bin 97: 445 260 55 120 569 784 919 
Bin 98: 818 413 927 213 755 301 372 175 
Bin 99: 835 950 443 400 764 690 47 
Bin 100: 681 462 274 280 455 566 
Bin 101: 86 616 66 868 664 304 
Bin 102: 774 471 970 563 772 130 262 
Bin 103: 951 918 474 529 931 441 
Bin 104: 840 890 353 124 285 347 425 
Bin 105: 65 250 446 634 340 56 104 777 
Bin 106: 460 892 364 488 46 252 724 632 888 
Bin 107: 5 52 127 915 159 707 
Bin 108: 511 411 536 265 521 639 607 
Bin 109: 897 857 583 743 997 300 
Bin 110: 977 313 893 884 397 
Bin 111: 328 825 653 748 788 880 
Bin 112: 686 136 722 641 453 436 
Bin 113: 831 2 420 876 141 233 
Bin 114: 985 642 760 245 454 708 390 
Bin 115: 853 851 701 815 303 182 
Bin 116: 269 459 554 903 162 
Bin 117: 468 886 376 685 431 767 336 
Bin 118: 827 946 757 618 355 
Bin 119: 32 699 43 830 261 
Bin 120: 669 542 21 157 974 337 
Bin 121: 132 958 823 356 267 587 
Bin 122: 20 497 469 845 887 689 102 
Bin 123: 179 106 322 680 982 
Bin 124: 907 791 16 302 435 608 346 
Bin 125: 593 604 291 629 905 308 354 864 706 
Bin 126: 110 358 371 698 960 463 
Bin 127: 168 334 828 612 156 
Bin 128: 584 144 527 287 51 391 548 
Bin 129: 426 994 779 481 869 222 978 539 417 
Bin 130: 472 357 532 315 368 658 456 383 
Bin 131: 540 449 92 796 528 861 636 490 
Bin 132: 871 96 652 224 108 
Bin 133: 499 732 802 976 843 3 9 
Bin 134: 649 589 205 15 203 105 
Bin 135: 627 789 74 279 983 
Bin 136: 283 217 147 122 995 739 142 679 
Bin 137: 920 94 551 941 692 359 107 90 
Bin 138: 752 139 59 29 196 
Bin 139: 128 150 781 839 69 508 580 
Bin 140: 423 590 991 225 945 
Bin 141: 906 526 659 214 377 264 
Bin 142: 48 427 576 216 768 87 34 
Bin 143: 926 49 826 84 70 487 609 805 
Bin 144: 944 243 263 763 392 786 
Bin 145: 785 837 778 883 637 
Bin 146: 733 829 81 437 495 
