# Objective: 19
# Time: 0.198928
# Feasible: 1
# Solution:
Bin 0: 108 40 47 56 84 49 54 
Bin 1: 29 85 20 57 26 32 
Bin 2: 80 113 92 24 51 59 90 
Bin 3: 109 116 75 16 79 8 101 
Bin 4: 70 11 6 62 69 0 
Bin 5: 14 119 43 67 58 98 
Bin 6: 110 86 95 17 117 97 
Bin 7: 46 77 4 7 42 23 106 36 
Bin 8: 104 64 44 15 18 19 81 
Bin 9: 63 39 100 2 83 45 114 
Bin 10: 50 31 37 78 73 34 115 105 
Bin 11: 13 76 93 21 82 
Bin 12: 71 60 10 22 55 99 
Bin 13: 52 87 112 33 102 9 
Bin 14: 89 72 38 1 118 66 27 
Bin 15: 28 61 48 107 88 91 
Bin 16: 5 65 12 30 53 
Bin 17: 3 96 103 94 35 
Bin 18: 41 25 111 68 74 
