# Objective: 45
# Time: 0.238394
# Feasible: 1
# Solution:
Bin 0: 229 187 238 92 218 67 52 222 
Bin 1: 156 49 207 183 180 247 46 
Bin 2: 178 201 147 26 199 189 232 
Bin 3: 122 132 70 197 234 181 
Bin 4: 72 210 80 38 66 75 134 
Bin 5: 158 227 172 91 145 212 213 
Bin 6: 162 194 190 44 41 86 51 
Bin 7: 165 89 17 137 186 242 69 235 
Bin 8: 5 108 124 241 14 109 143 
Bin 9: 61 119 58 226 50 246 240 
Bin 10: 100 93 141 204 98 
Bin 11: 83 182 53 48 55 149 
Bin 12: 188 107 97 116 54 16 
Bin 13: 133 209 84 150 121 
Bin 14: 57 228 68 225 22 
Bin 15: 216 31 174 221 94 123 142 
Bin 16: 78 118 191 74 59 163 169 
Bin 17: 35 111 12 223 219 103 
Bin 18: 64 153 243 248 77 179 88 
Bin 19: 167 214 138 106 135 65 
Bin 20: 127 230 13 15 39 7 
Bin 21: 233 79 217 102 157 236 
Bin 22: 36 196 19 237 208 
Bin 23: 104 144 125 117 113 29 
Bin 24: 184 40 90 27 176 200 244 
Bin 25: 173 96 129 85 30 
Bin 26: 231 114 171 20 71 9 198 
Bin 27: 205 211 131 128 
Bin 28: 56 62 152 159 82 249 
Bin 29: 45 0 170 25 33 1 
Bin 30: 105 76 146 202 
Bin 31: 43 81 195 34 2 
Bin 32: 220 112 101 87 126 37 24 
Bin 33: 115 60 6 73 215 
Bin 34: 23 110 177 154 8 160 
Bin 35: 239 47 139 10 136 95 203 
Bin 36: 206 192 11 21 168 161 
Bin 37: 18 148 28 
Bin 38: 166 99 3 
Bin 39: 155 42 
Bin 40: 193 164 
Bin 41: 245 120 130 
Bin 42: 151 140 224 
Bin 43: 63 175 4 32 
Bin 44: 185 
