# Objective: 206
# Time: 18.6579
# Feasible: 1
# Solution:
Bin 0: 558 770 246 205 417 487 533 
Bin 1: 756 523 188 641 337 55 815 
Bin 2: 447 418 858 888 532 749 0 899 688 179 
Bin 3: 869 203 609 651 859 489 313 
Bin 4: 903 244 881 989 427 411 261 
Bin 5: 595 623 638 259 789 303 894 621 701 
Bin 6: 811 198 440 121 280 668 961 517 
Bin 7: 720 998 915 254 516 721 168 
Bin 8: 804 590 694 684 926 365 
Bin 9: 233 201 607 923 696 600 
Bin 10: 622 844 739 192 979 66 112 
Bin 11: 211 382 210 906 151 171 646 
Bin 12: 981 281 983 131 520 763 
Bin 13: 333 20 963 982 291 57 
Bin 14: 886 643 872 144 578 98 338 
Bin 15: 422 340 310 730 161 
Bin 16: 87 466 879 298 758 948 97 
Bin 17: 253 444 114 678 330 797 207 
Bin 18: 30 470 986 822 85 140 408 
Bin 19: 358 729 878 448 34 352 976 
Bin 20: 985 467 490 865 592 375 766 
Bin 21: 84 941 597 714 65 58 614 
Bin 22: 72 15 728 149 362 
Bin 23: 952 752 206 772 287 
Bin 24: 551 197 842 995 193 309 
Bin 25: 697 480 664 92 81 189 
Bin 26: 637 928 289 957 232 911 515 
Bin 27: 215 892 269 634 947 76 106 26 
Bin 28: 716 339 478 817 680 
Bin 29: 318 885 718 461 494 861 
Bin 30: 70 896 383 402 420 
Bin 31: 8 654 329 585 290 
Bin 32: 219 847 712 194 525 620 2 
Bin 33: 951 45 64 182 216 
Bin 34: 656 706 803 176 505 769 234 
Bin 35: 924 174 379 28 647 6 424 
Bin 36: 962 481 750 334 455 482 
Bin 37: 166 260 127 378 823 554 
Bin 38: 221 371 103 120 143 681 660 
Bin 39: 307 904 921 856 537 813 748 
Bin 40: 241 993 795 17 648 387 405 
Bin 41: 401 217 776 943 24 
Bin 42: 276 579 326 16 391 875 353 
Bin 43: 649 992 895 44 437 181 
Bin 44: 563 160 753 49 522 833 407 
Bin 45: 43 119 502 465 88 230 195 312 
Bin 46: 787 359 821 562 59 778 499 
Bin 47: 900 108 531 740 164 
Bin 48: 491 848 133 441 862 534 187 913 
Bin 49: 575 295 472 675 153 
Bin 50: 12 779 421 377 117 726 109 
Bin 51: 642 452 816 403 671 
Bin 52: 751 535 319 29 13 412 977 
Bin 53: 849 834 277 854 471 965 
Bin 54: 180 132 33 10 786 
Bin 55: 548 831 305 877 415 
Bin 56: 514 566 91 552 971 929 
Bin 57: 572 506 373 698 557 
Bin 58: 173 771 738 78 71 801 47 
Bin 59: 599 967 398 707 782 223 605 
Bin 60: 214 301 147 997 905 686 
Bin 61: 1 540 724 429 762 996 
Bin 62: 884 956 755 591 236 713 
Bin 63: 639 348 324 624 183 366 
Bin 64: 677 808 271 898 484 806 
Bin 65: 917 937 141 841 479 476 
Bin 66: 873 79 237 101 790 118 933 610 284 
Bin 67: 908 240 760 793 632 213 564 
Bin 68: 542 275 488 35 218 918 788 116 
Bin 69: 435 857 99 630 370 196 
Bin 70: 944 805 94 400 300 938 
Bin 71: 518 75 191 920 177 500 
Bin 72: 485 323 625 672 341 501 
Bin 73: 468 679 757 170 802 973 
Bin 74: 416 745 231 629 864 832 791 
Bin 75: 62 761 777 826 949 
Bin 76: 302 954 50 
Bin 77: 812 734 162 138 347 773 830 
Bin 78: 692 655 670 866 581 
Bin 79: 130 155 955 796 538 19 
Bin 80: 135 580 972 798 810 202 
Bin 81: 723 695 667 588 
Bin 82: 676 317 838 711 930 125 
Bin 83: 867 235 687 792 700 267 
Bin 84: 229 916 67 868 469 731 
Bin 85: 843 785 169 311 364 426 889 
Bin 86: 369 392 238 413 266 224 
Bin 87: 897 134 657 819 
Bin 88: 628 571 22 361 414 
Bin 89: 606 936 510 123 567 262 945 
Bin 90: 853 719 299 459 618 273 
Bin 91: 53 249 942 250 650 586 
Bin 92: 36 336 820 344 683 553 
Bin 93: 242 425 445 48 521 
Bin 94: 800 587 744 709 294 
Bin 95: 54 617 574 633 388 328 
Bin 96: 722 561 372 73 560 799 
Bin 97: 255 891 555 662 794 
Bin 98: 988 204 410 783 919 367 615 
Bin 99: 102 509 809 927 674 396 
Bin 100: 704 699 399 316 263 601 909 
Bin 101: 975 186 86 825 243 
Bin 102: 594 922 335 148 137 331 768 
Bin 103: 483 784 619 764 152 167 449 212 
Bin 104: 432 52 95 5 741 
Bin 105: 742 129 725 850 363 
Bin 106: 68 3 185 222 228 644 
Bin 107: 836 602 274 775 126 543 
Bin 108: 342 314 
Bin 109: 604 150 268 635 142 
Bin 110: 747 100 111 321 759 63 
Bin 111: 69 565 464 39 932 
Bin 112: 457 496 931 507 
Bin 113: 547 293 357 247 511 
Bin 114: 463 315 227 991 717 356 74 
Bin 115: 451 710 178 439 733 
Bin 116: 434 390 89 
Bin 117: 689 732 
Bin 118: 682 446 393 
Bin 119: 935 239 282 549 530 
Bin 120: 845 876 827 
Bin 121: 394 395 409 430 526 661 
Bin 122: 735 296 703 626 288 964 
Bin 123: 200 702 914 146 157 
Bin 124: 320 576 539 156 984 874 
Bin 125: 780 940 279 292 450 
Bin 126: 248 139 901 616 245 
Bin 127: 968 285 105 
Bin 128: 693 37 890 258 
Bin 129: 256 966 453 7 
Bin 130: 332 577 573 380 
Bin 131: 80 38 208 442 559 136 
Bin 132: 406 960 220 835 987 582 
Bin 133: 851 385 
Bin 134: 902 477 705 83 519 887 550 673 
Bin 135: 82 90 27 
Bin 136: 882 814 
Bin 137: 11 474 912 
Bin 138: 107 653 737 953 368 
Bin 139: 278 627 
Bin 140: 190 846 934 
Bin 141: 42 21 110 
Bin 142: 308 306 974 
Bin 143: 343 251 
Bin 144: 397 939 498 
Bin 145: 473 122 
Bin 146: 746 727 433 486 
Bin 147: 104 978 304 631 
Bin 148: 419 584 350 
Bin 149: 460 946 56 893 
Bin 150: 837 839 360 503 994 
Bin 151: 512 351 257 781 556 
Bin 152: 980 462 40 524 
Bin 153: 96 346 354 528 458 
Bin 154: 613 4 438 25 
Bin 155: 603 
Bin 156: 456 225 950 970 
Bin 157: 658 
Bin 158: 51 404 754 870 226 
Bin 159: 958 529 355 
Bin 160: 163 475 286 608 283 883 
Bin 161: 325 77 828 
Bin 162: 154 175 
Bin 163: 327 969 32 
Bin 164: 376 666 568 
Bin 165: 158 495 589 423 443 31 
Bin 166: 959 852 
Bin 167: 685 829 322 172 
Bin 168: 652 598 93 824 541 
Bin 169: 774 665 115 
Bin 170: 297 428 
Bin 171: 690 570 
Bin 172: 384 128 708 14 272 910 
Bin 173: 199 611 454 61 
Bin 174: 990 
Bin 175: 999 497 18 
Bin 176: 265 818 
Bin 177: 691 925 209 270 
Bin 178: 9 593 159 871 113 736 
Bin 179: 431 545 
Bin 180: 880 863 165 513 
Bin 181: 659 
Bin 182: 636 840 349 
Bin 183: 669 807 386 
Bin 184: 527 640 596 46 
Bin 185: 536 
Bin 186: 508 
Bin 187: 145 855 860 
Bin 188: 544 583 569 
Bin 189: 23 436 765 
Bin 190: 264 
Bin 191: 41 
Bin 192: 493 645 
Bin 193: 612 743 
Bin 194: 252 374 345 
Bin 195: 381 124 
Bin 196: 504 
Bin 197: 492 
Bin 198: 389 
Bin 199: 907 
Bin 200: 767 
Bin 201: 715 
Bin 202: 184 
Bin 203: 663 
Bin 204: 546 
Bin 205: 60 
