# Objective: 99
# Time: 2.66978
# Feasible: 1
# Solution:
Bin 0: 185 274 354 454 123 264 
Bin 1: 178 120 74 54 207 270 492 
Bin 2: 377 398 213 148 316 
Bin 3: 488 373 290 395 31 18 293 244 
Bin 4: 251 474 79 19 208 368 
Bin 5: 11 75 177 49 199 181 20 170 
Bin 6: 482 42 295 0 116 
Bin 7: 88 483 307 305 246 252 331 239 356 
Bin 8: 456 291 381 225 496 63 
Bin 9: 254 189 202 297 262 66 281 
Bin 10: 497 16 300 481 383 443 
Bin 11: 221 310 210 245 141 90 250 413 
Bin 12: 28 119 306 337 358 467 434 326 
Bin 13: 136 12 394 278 183 200 330 60 
Bin 14: 414 372 69 41 387 430 76 
Bin 15: 228 26 360 370 121 50 
Bin 16: 194 195 222 197 471 73 48 
Bin 17: 432 424 258 155 470 111 203 
Bin 18: 143 267 150 341 139 
Bin 19: 410 93 265 149 442 455 
Bin 20: 314 70 449 279 261 339 
Bin 21: 64 81 14 253 103 390 113 
Bin 22: 416 118 206 248 422 404 51 
Bin 23: 190 462 167 193 29 309 
Bin 24: 137 160 227 237 444 224 147 
Bin 25: 448 361 3 234 459 1 98 
Bin 26: 271 99 219 315 351 2 
Bin 27: 152 494 38 204 289 59 464 
Bin 28: 438 107 6 308 166 489 286 
Bin 29: 159 288 389 495 132 83 229 
Bin 30: 397 403 187 340 458 156 263 
Bin 31: 485 475 419 125 338 196 168 
Bin 32: 342 426 233 57 287 182 
Bin 33: 283 145 335 433 172 269 
Bin 34: 165 138 312 441 128 
Bin 35: 273 130 126 498 406 257 
Bin 36: 175 23 380 56 232 384 
Bin 37: 36 13 124 117 391 405 
Bin 38: 268 157 285 95 158 427 
Bin 39: 240 15 220 21 400 440 
Bin 40: 453 102 465 367 108 231 
Bin 41: 10 364 418 184 472 487 296 
Bin 42: 409 277 216 241 171 68 491 235 
Bin 43: 348 321 161 112 188 332 408 
Bin 44: 205 399 256 379 317 
Bin 45: 417 215 46 133 34 292 378 
Bin 46: 243 461 249 176 353 62 435 
Bin 47: 327 304 179 223 490 
Bin 48: 58 402 85 180 428 78 
Bin 49: 153 385 52 154 451 134 266 
Bin 50: 82 162 318 105 437 212 499 
Bin 51: 198 163 47 
Bin 52: 476 298 43 463 32 
Bin 53: 396 226 429 61 65 445 
Bin 54: 376 35 192 466 44 
Bin 55: 486 122 89 129 386 
Bin 56: 393 33 80 407 106 450 91 
Bin 57: 344 104 
Bin 58: 30 255 423 362 214 371 
Bin 59: 328 275 343 27 420 302 
Bin 60: 352 87 299 276 211 355 
Bin 61: 39 53 421 260 415 
Bin 62: 333 319 411 479 431 
Bin 63: 284 201 439 67 446 7 
Bin 64: 164 303 401 4 357 
Bin 65: 382 209 101 320 392 366 478 
Bin 66: 280 86 412 55 25 
Bin 67: 350 242 282 
Bin 68: 347 329 
Bin 69: 114 469 365 363 24 238 322 349 
Bin 70: 452 493 94 477 
Bin 71: 72 374 447 480 
Bin 72: 151 174 131 457 
Bin 73: 144 40 311 
Bin 74: 294 468 135 
Bin 75: 484 375 
Bin 76: 325 
Bin 77: 77 96 272 186 37 140 
Bin 78: 17 259 
Bin 79: 217 346 369 
Bin 80: 5 236 388 
Bin 81: 301 146 460 169 218 
Bin 82: 334 359 324 173 
Bin 83: 191 142 
Bin 84: 92 100 425 230 
Bin 85: 115 
Bin 86: 313 22 
Bin 87: 97 
Bin 88: 71 345 
Bin 89: 9 
Bin 90: 8 323 
Bin 91: 109 
Bin 92: 247 
Bin 93: 473 
Bin 94: 127 
Bin 95: 436 110 
Bin 96: 84 
Bin 97: 45 
Bin 98: 336 
