# Objective: 37
# Time: 2.56808
# Feasible: 1
# Solution:
Bin 0: 198 236 47 134 165 237 203 238 
Bin 1: 150 69 185 108 28 155 169 54 
Bin 2: 207 43 208 180 124 167 11 135 60 
Bin 3: 159 177 116 17 78 142 77 105 
Bin 4: 34 222 230 192 85 
Bin 5: 243 14 48 55 244 13 99 20 
Bin 6: 209 58 16 232 162 63 
Bin 7: 61 146 184 36 189 214 152 
Bin 8: 231 158 97 117 220 154 70 
Bin 9: 59 182 140 19 109 212 221 
Bin 10: 175 27 90 235 7 200 2 
Bin 11: 49 137 15 156 115 122 86 
Bin 12: 234 181 216 245 12 93 247 
Bin 13: 148 4 26 139 213 190 
Bin 14: 168 215 193 178 130 
Bin 15: 79 75 22 129 141 62 
Bin 16: 92 239 68 1 41 0 82 
Bin 17: 98 33 96 240 21 242 52 103 194 
Bin 18: 223 71 37 30 249 
Bin 19: 114 73 84 72 226 211 
Bin 20: 186 51 126 136 145 42 112 102 147 
Bin 21: 138 217 81 104 188 29 173 224 8 
Bin 22: 118 24 149 144 166 94 76 
Bin 23: 53 87 225 196 40 164 218 83 
Bin 24: 197 119 65 246 127 91 
Bin 25: 66 111 123 110 205 160 
Bin 26: 31 229 121 248 50 100 133 
Bin 27: 153 176 204 6 101 125 
Bin 28: 201 9 170 39 74 199 5 
Bin 29: 241 151 106 202 171 132 210 
Bin 30: 32 174 35 157 219 143 44 
Bin 31: 131 233 57 183 163 89 
Bin 32: 64 191 88 3 38 107 
Bin 33: 18 23 187 128 161 195 
Bin 34: 206 46 227 45 95 
Bin 35: 67 179 10 113 
Bin 36: 120 56 25 80 172 228 
