# Objective: 75
# Time: 15.9397
# Feasible: 1
# Solution:
Bin 0: 270 390 34 237 368 312 496 18 
Bin 1: 428 145 98 250 406 498 345 
Bin 2: 0 462 192 236 78 
Bin 3: 17 343 200 393 112 275 
Bin 4: 83 72 9 271 181 182 323 320 
Bin 5: 30 24 196 492 366 405 136 350 
Bin 6: 316 315 219 40 278 114 485 
Bin 7: 14 394 245 53 138 67 106 
Bin 8: 243 370 229 1 413 198 258 385 
Bin 9: 411 463 102 26 87 195 69 
Bin 10: 429 396 191 291 311 105 418 44 
Bin 11: 267 285 436 420 45 313 268 
Bin 12: 41 435 383 457 117 
Bin 13: 111 391 358 279 253 367 
Bin 14: 324 4 465 222 233 47 356 123 
Bin 15: 169 407 100 262 273 346 260 
Bin 16: 118 194 11 470 332 110 284 372 
Bin 17: 274 266 211 202 73 286 340 
Bin 18: 141 133 63 154 238 120 
Bin 19: 161 416 75 293 178 255 351 
Bin 20: 220 459 395 414 36 277 223 232 
Bin 21: 341 301 283 280 318 199 
Bin 22: 218 330 326 150 224 221 355 379 
Bin 23: 482 179 214 290 162 158 86 473 
Bin 24: 259 427 216 7 460 475 
Bin 25: 57 331 130 287 122 378 
Bin 26: 204 342 175 28 170 115 325 
Bin 27: 20 8 131 381 43 177 137 322 
Bin 28: 186 37 230 480 483 448 246 70 
Bin 29: 242 261 51 371 212 423 173 
Bin 30: 310 64 74 403 461 89 338 
Bin 31: 376 135 126 497 308 90 
Bin 32: 235 29 80 217 439 203 155 
Bin 33: 213 432 467 442 59 76 129 
Bin 34: 382 441 443 146 159 142 168 314 
Bin 35: 399 425 400 58 417 307 35 
Bin 36: 244 397 493 321 339 
Bin 37: 337 495 281 384 91 373 
Bin 38: 88 101 127 210 333 362 38 
Bin 39: 494 365 410 6 282 116 
Bin 40: 450 156 140 128 348 93 
Bin 41: 147 12 82 209 297 
Bin 42: 205 434 471 292 134 185 469 
Bin 43: 97 77 225 248 328 85 422 
Bin 44: 360 206 426 71 96 27 256 50 
Bin 45: 184 143 208 375 81 474 5 132 
Bin 46: 479 107 453 424 309 121 
Bin 47: 231 197 163 440 387 10 79 353 
Bin 48: 2 32 484 149 3 327 305 
Bin 49: 361 42 49 430 269 359 95 
Bin 50: 239 119 84 452 369 124 
Bin 51: 317 451 363 408 19 377 
Bin 52: 349 449 344 207 247 392 
Bin 53: 187 300 201 388 412 357 171 
Bin 54: 490 276 65 183 294 176 
Bin 55: 458 499 468 13 445 152 164 
Bin 56: 404 415 215 139 66 
Bin 57: 347 157 148 228 251 
Bin 58: 22 60 46 109 335 166 487 
Bin 59: 263 103 466 108 52 33 23 
Bin 60: 401 151 398 193 298 16 125 
Bin 61: 380 288 476 409 299 257 48 
Bin 62: 486 31 252 402 167 
Bin 63: 481 56 488 15 491 94 
Bin 64: 303 254 454 234 92 352 431 
Bin 65: 226 319 329 21 302 
Bin 66: 444 113 374 446 354 296 
Bin 67: 334 54 419 39 62 61 
Bin 68: 240 55 389 190 447 478 165 
Bin 69: 153 180 272 189 241 264 306 
Bin 70: 104 464 386 437 174 336 227 
Bin 71: 456 433 489 172 25 438 
Bin 72: 289 477 421 455 99 295 
Bin 73: 249 68 144 188 304 
Bin 74: 265 472 364 160 
