# Objective: 147
# Time: 129.403
# Feasible: 1
# Solution:
Bin 0: 503 982 103 429 137 997 163 670 
Bin 1: 216 513 468 44 708 259 793 689 
Bin 2: 439 813 533 953 315 155 686 481 398 64 
Bin 3: 981 147 520 977 343 466 
Bin 4: 469 300 335 775 143 872 894 
Bin 5: 753 99 846 723 773 441 887 
Bin 6: 604 585 821 918 961 666 554 730 
Bin 7: 563 408 30 979 199 641 338 820 
Bin 8: 342 737 290 761 184 855 539 658 
Bin 9: 653 134 9 567 519 912 
Bin 10: 665 427 958 120 920 484 
Bin 11: 759 118 246 460 521 112 582 
Bin 12: 278 471 256 89 685 276 818 407 
Bin 13: 324 550 882 202 302 217 320 534 
Bin 14: 482 681 369 378 829 
Bin 15: 831 695 421 213 35 136 435 
Bin 16: 767 288 270 698 719 491 975 
Bin 17: 212 687 368 371 597 247 
Bin 18: 659 19 779 675 962 394 
Bin 19: 152 862 833 705 166 153 
Bin 20: 890 130 483 61 875 746 437 853 
Bin 21: 845 350 257 748 713 399 
Bin 22: 974 95 442 236 978 925 664 53 783 
Bin 23: 444 41 590 355 856 440 
Bin 24: 397 182 318 562 243 158 757 
Bin 25: 146 849 690 74 931 277 762 
Bin 26: 386 671 580 82 633 942 101 
Bin 27: 214 777 523 185 528 553 972 508 
Bin 28: 472 11 392 453 109 
Bin 29: 495 629 67 530 331 248 989 
Bin 30: 655 906 858 26 107 987 
Bin 31: 940 317 579 859 865 
Bin 32: 254 823 461 121 79 116 
Bin 33: 704 211 60 249 24 860 81 
Bin 34: 251 816 316 788 825 911 702 
Bin 35: 649 840 869 352 173 907 
Bin 36: 599 617 880 478 445 283 346 297 700 
Bin 37: 676 71 994 43 411 625 78 715 20 
Bin 38: 69 179 525 264 15 345 409 
Bin 39: 245 946 694 314 984 328 
Bin 40: 93 90 930 494 148 5 
Bin 41: 36 750 799 805 416 744 776 
Bin 42: 110 863 59 548 945 568 
Bin 43: 898 877 603 66 878 16 458 87 
Bin 44: 999 804 504 307 965 473 32 
Bin 45: 784 602 241 221 511 795 470 
Bin 46: 729 632 75 37 963 83 668 372 402 
Bin 47: 923 296 896 176 576 265 679 
Bin 48: 732 857 540 222 800 623 128 710 
Bin 49: 62 204 417 850 230 308 165 
Bin 50: 743 968 538 309 998 806 
Bin 51: 438 56 129 791 451 874 
Bin 52: 154 91 85 227 80 607 
Bin 53: 921 575 709 661 654 966 119 647 310 577 
Bin 54: 502 348 768 677 927 273 726 
Bin 55: 157 364 373 803 197 765 934 
Bin 56: 815 851 46 4 306 422 
Bin 57: 188 194 52 810 465 696 424 
Bin 58: 811 955 703 13 631 956 
Bin 59: 396 950 294 937 177 487 406 745 
Bin 60: 339 333 586 973 218 996 
Bin 61: 389 410 462 828 644 933 72 
Bin 62: 771 12 731 40 189 195 374 123 
Bin 63: 455 140 581 935 634 34 760 
Bin 64: 572 830 252 578 187 836 763 
Bin 65: 412 786 326 206 639 319 305 178 
Bin 66: 926 224 764 150 323 223 522 
Bin 67: 401 263 131 914 684 754 592 
Bin 68: 944 868 125 33 436 
Bin 69: 304 782 826 609 640 741 280 842 
Bin 70: 970 100 606 555 822 55 
Bin 71: 678 104 936 983 463 475 
Bin 72: 949 51 258 706 219 
Bin 73: 233 691 77 837 794 957 928 
Bin 74: 226 866 626 817 558 879 699 
Bin 75: 672 196 54 505 929 456 321 413 
Bin 76: 271 646 145 969 615 25 
Bin 77: 390 780 770 832 65 
Bin 78: 127 967 995 22 63 517 841 490 92 
Bin 79: 237 867 250 464 207 351 
Bin 80: 375 334 57 266 193 556 
Bin 81: 161 253 361 379 991 209 17 
Bin 82: 873 595 183 740 543 885 790 
Bin 83: 360 279 697 269 812 167 
Bin 84: 674 201 58 405 287 106 
Bin 85: 620 105 781 400 198 758 497 
Bin 86: 414 10 86 964 919 897 891 
Bin 87: 261 493 467 990 612 
Bin 88: 692 159 605 900 614 807 28 
Bin 89: 208 448 571 174 728 
Bin 90: 18 151 362 275 168 330 49 111 
Bin 91: 561 651 434 102 611 138 21 
Bin 92: 844 584 363 714 901 229 449 886 
Bin 93: 618 960 96 479 798 
Bin 94: 488 515 181 420 583 
Bin 95: 366 596 357 524 225 492 281 
Bin 96: 707 718 171 735 480 353 327 
Bin 97: 738 809 68 341 536 
Bin 98: 727 701 531 648 881 593 430 
Bin 99: 667 39 395 904 725 778 
Bin 100: 848 210 3 635 560 419 
Bin 101: 739 29 924 234 909 450 135 45 
Bin 102: 272 474 711 370 587 
Bin 103: 663 622 616 993 559 31 
Bin 104: 383 381 303 601 1 489 
Bin 105: 191 588 574 347 262 337 322 
Bin 106: 551 172 637 108 358 428 
Bin 107: 545 8 895 819 838 295 
Bin 108: 156 284 240 883 426 734 
Bin 109: 47 657 433 293 496 332 
Bin 110: 255 876 910 854 796 834 526 992 
Bin 111: 756 507 170 769 220 610 498 144 267 
Bin 112: 717 311 624 382 454 952 457 
Bin 113: 452 115 682 939 630 600 
Bin 114: 643 149 673 549 415 215 
Bin 115: 980 884 477 951 162 
Bin 116: 660 749 971 589 124 340 
Bin 117: 325 827 988 418 871 662 
Bin 118: 774 716 274 190 785 205 892 
Bin 119: 385 446 387 349 527 506 298 
Bin 120: 766 680 244 393 376 
Bin 121: 485 500 688 48 50 232 
Bin 122: 501 789 76 852 23 2 344 
Bin 123: 122 126 976 203 114 712 570 693 
Bin 124: 814 186 510 289 627 
Bin 125: 98 403 432 544 476 
Bin 126: 380 724 423 608 986 142 425 
Bin 127: 902 547 512 359 541 638 169 
Bin 128: 720 94 299 14 564 97 954 808 336 
Bin 129: 752 943 870 947 377 801 755 141 
Bin 130: 238 285 899 239 431 948 619 
Bin 131: 598 365 915 552 792 542 27 514 
Bin 132: 228 268 84 388 529 594 636 
Bin 133: 486 733 861 38 537 242 864 
Bin 134: 591 459 117 628 73 0 
Bin 135: 985 722 613 286 447 797 88 
Bin 136: 231 938 133 329 160 903 932 535 
Bin 137: 132 656 824 292 565 751 532 847 
Bin 138: 6 139 941 301 683 260 164 
Bin 139: 742 650 384 889 787 839 917 905 
Bin 140: 652 573 747 516 180 
Bin 141: 642 499 772 391 888 645 546 736 
Bin 142: 835 509 175 893 312 959 113 
Bin 143: 916 42 721 235 192 802 356 
Bin 144: 518 313 843 404 557 
Bin 145: 669 621 282 70 566 922 200 
Bin 146: 7 569 367 291 913 354 443 908 
