# Objective: 75
# Time: 19.4801
# Feasible: 1
# Solution:
Bin 0: 473 326 171 102 303 487 495 87 330 197 288 
Bin 1: 92 420 237 43 129 204 
Bin 2: 207 342 212 78 223 243 459 
Bin 3: 306 273 369 60 431 465 101 
Bin 4: 246 386 145 163 160 29 
Bin 5: 378 275 192 234 492 80 311 112 
Bin 6: 346 307 395 267 467 37 
Bin 7: 417 21 282 410 73 484 471 
Bin 8: 493 290 96 474 377 110 28 248 
Bin 9: 135 460 118 155 254 76 
Bin 10: 9 44 75 146 421 3 97 
Bin 11: 109 276 287 316 379 148 179 188 130 
Bin 12: 240 235 64 218 341 499 
Bin 13: 95 70 219 345 466 153 228 
Bin 14: 297 159 497 327 5 202 426 
Bin 15: 343 56 79 331 88 208 139 
Bin 16: 143 488 15 261 116 68 
Bin 17: 309 415 468 158 185 83 55 
Bin 18: 0 123 53 115 312 414 
Bin 19: 27 323 49 278 368 352 
Bin 20: 489 209 463 340 231 77 441 
Bin 21: 211 299 333 33 418 462 
Bin 22: 23 66 154 296 229 16 191 
Bin 23: 337 182 319 469 252 
Bin 24: 150 122 361 194 430 396 98 
Bin 25: 241 35 270 124 481 47 117 328 
Bin 26: 244 279 258 42 292 
Bin 27: 375 457 10 438 69 277 371 355 
Bin 28: 470 412 30 165 266 183 
Bin 29: 304 347 121 138 175 
Bin 30: 387 61 14 437 120 376 
Bin 31: 131 314 366 54 167 448 442 451 
Bin 32: 111 472 48 58 93 257 435 
Bin 33: 213 464 25 149 247 389 388 
Bin 34: 206 45 19 455 392 
Bin 35: 205 408 483 50 256 199 198 363 
Bin 36: 405 428 255 164 180 485 46 283 
Bin 37: 399 141 413 84 402 
Bin 38: 174 94 193 407 125 
Bin 39: 494 173 427 439 31 114 105 7 
Bin 40: 260 181 482 1 59 385 
Bin 41: 322 416 397 136 436 251 390 268 
Bin 42: 189 233 119 478 71 263 62 
Bin 43: 177 353 195 203 480 259 221 
Bin 44: 250 498 24 17 401 454 51 
Bin 45: 291 100 300 187 289 227 
Bin 46: 2 422 144 272 36 
Bin 47: 449 104 479 349 365 384 403 
Bin 48: 381 332 113 106 63 433 
Bin 49: 308 12 151 453 372 360 
Bin 50: 126 274 382 127 334 446 74 
Bin 51: 456 103 458 4 354 294 321 302 184 
Bin 52: 32 168 374 373 132 157 362 
Bin 53: 400 411 162 301 170 90 
Bin 54: 329 404 305 358 315 39 
Bin 55: 393 351 72 298 281 409 
Bin 56: 176 91 172 147 196 8 238 
Bin 57: 496 253 232 81 201 215 398 490 239 217 
Bin 58: 320 434 6 317 11 
Bin 59: 348 52 280 440 134 359 356 424 
Bin 60: 200 491 444 391 220 432 
Bin 61: 476 271 22 284 445 152 447 419 
Bin 62: 293 310 265 34 318 65 
Bin 63: 86 230 461 41 357 108 
Bin 64: 178 224 475 13 383 89 339 
Bin 65: 452 423 350 85 20 
Bin 66: 137 133 236 477 190 38 57 264 
Bin 67: 313 161 429 222 262 
Bin 68: 107 394 269 186 225 128 
Bin 69: 210 140 166 336 214 286 
Bin 70: 142 367 67 249 443 285 450 
Bin 71: 156 486 226 425 324 242 
Bin 72: 325 26 406 169 344 295 
Bin 73: 99 380 370 338 216 
Bin 74: 82 18 40 245 335 364 
