# Objective: 96
# Time: 2.70471
# Feasible: 1
# Solution:
Bin 0: 265 177 119 146 59 367 312 15 
Bin 1: 379 130 216 218 436 355 7 
Bin 2: 316 399 169 40 10 168 14 
Bin 3: 443 163 172 50 204 410 361 20 
Bin 4: 434 290 490 313 9 293 134 48 
Bin 5: 214 154 465 111 62 380 
Bin 6: 427 57 331 196 60 326 266 447 
Bin 7: 80 275 257 325 232 108 417 
Bin 8: 244 386 432 30 283 448 358 373 
Bin 9: 128 307 416 85 4 42 272 
Bin 10: 286 470 143 117 295 95 67 
Bin 11: 53 136 306 433 211 323 
Bin 12: 296 197 255 161 298 256 252 456 
Bin 13: 495 230 350 300 389 454 267 411 
Bin 14: 155 497 493 94 270 437 
Bin 15: 205 56 98 346 151 486 
Bin 16: 279 291 8 242 301 81 
Bin 17: 457 66 419 459 215 357 129 
Bin 18: 472 458 409 221 297 213 243 65 
Bin 19: 426 13 227 474 71 254 
Bin 20: 435 156 348 192 304 31 247 188 225 
Bin 21: 72 261 34 479 210 35 
Bin 22: 455 209 262 498 311 187 385 
Bin 23: 64 3 398 25 222 285 
Bin 24: 179 341 388 259 103 220 122 
Bin 25: 39 445 41 124 376 174 166 
Bin 26: 481 494 170 202 288 369 
Bin 27: 144 289 198 375 2 178 336 
Bin 28: 183 100 90 431 147 199 237 69 133 394 
Bin 29: 92 78 269 392 193 403 
Bin 30: 46 63 175 343 82 101 159 
Bin 31: 480 249 466 273 322 181 317 
Bin 32: 68 406 233 318 32 142 
Bin 33: 79 487 97 76 248 
Bin 34: 446 150 152 137 496 441 
Bin 35: 330 263 23 412 139 462 1 
Bin 36: 268 314 377 115 229 428 
Bin 37: 319 194 362 381 444 368 328 258 284 
Bin 38: 51 116 339 422 70 450 
Bin 39: 390 483 321 55 22 463 
Bin 40: 351 260 157 464 332 345 418 
Bin 41: 86 365 320 113 327 382 
Bin 42: 140 106 162 19 423 145 
Bin 43: 236 84 173 180 93 469 393 
Bin 44: 246 280 264 424 132 277 
Bin 45: 121 468 114 73 171 
Bin 46: 223 366 353 370 391 
Bin 47: 212 16 460 378 89 
Bin 48: 461 201 234 400 387 413 253 282 
Bin 49: 203 224 395 476 217 452 
Bin 50: 190 88 105 303 102 429 
Bin 51: 0 138 329 492 135 231 
Bin 52: 245 337 43 75 37 
Bin 53: 107 383 235 276 
Bin 54: 482 442 52 109 397 44 
Bin 55: 96 467 371 408 
Bin 56: 251 104 374 219 359 473 
Bin 57: 315 402 499 91 185 404 
Bin 58: 127 287 342 453 36 
Bin 59: 153 149 110 
Bin 60: 160 488 99 299 471 324 
Bin 61: 302 
Bin 62: 407 207 372 176 
Bin 63: 340 131 477 33 58 478 305 
Bin 64: 21 189 29 
Bin 65: 112 421 425 
Bin 66: 123 61 24 
Bin 67: 310 6 241 125 405 
Bin 68: 491 281 
Bin 69: 352 475 120 
Bin 70: 347 294 186 226 338 27 
Bin 71: 349 420 354 
Bin 72: 238 
Bin 73: 292 12 
Bin 74: 239 250 278 228 126 
Bin 75: 38 17 
Bin 76: 28 191 
Bin 77: 118 415 384 
Bin 78: 356 182 401 11 5 451 
Bin 79: 26 360 
Bin 80: 148 77 
Bin 81: 440 184 
Bin 82: 309 333 45 
Bin 83: 208 74 47 274 83 
Bin 84: 158 414 449 
Bin 85: 344 364 
Bin 86: 167 
Bin 87: 363 240 
Bin 88: 49 200 335 430 334 141 165 484 
Bin 89: 308 
Bin 90: 396 485 489 
Bin 91: 18 164 87 195 54 
Bin 92: 438 
Bin 93: 271 
Bin 94: 206 
Bin 95: 439 
