# Objective: 19
# Time: 0.333257
# Feasible: 1
# Solution:
Bin 0: 110 0 31 111 27 46 22 
Bin 1: 40 21 28 20 3 23 82 
Bin 2: 50 105 69 61 24 32 
Bin 3: 60 79 62 33 47 108 92 
Bin 4: 76 7 77 89 6 88 
Bin 5: 119 95 117 17 13 63 80 30 
Bin 6: 73 84 107 51 66 103 
Bin 7: 101 83 52 54 100 55 49 
Bin 8: 39 56 65 48 67 91 18 
Bin 9: 96 44 70 109 85 98 
Bin 10: 11 4 87 75 42 78 68 15 
Bin 11: 71 16 36 57 94 1 
Bin 12: 10 113 72 58 19 12 
Bin 13: 64 81 9 115 35 114 2 
Bin 14: 112 37 59 5 90 
Bin 15: 25 106 29 34 74 
Bin 16: 97 86 116 45 38 93 
Bin 17: 104 102 26 14 
Bin 18: 99 43 118 8 41 53 
