# Objective: 18
# Time: 0.303521
# Feasible: 1
# Solution:
Bin 0: 20 48 14 28 106 89 53 
Bin 1: 50 49 116 60 34 80 79 
Bin 2: 38 43 42 35 15 7 46 
Bin 3: 16 105 45 91 113 27 
Bin 4: 111 4 77 96 23 85 10 18 
Bin 5: 0 24 73 112 104 97 
Bin 6: 11 44 68 22 3 107 56 
Bin 7: 40 88 32 98 17 93 
Bin 8: 2 12 95 115 110 5 61 
Bin 9: 84 36 65 114 92 109 39 
Bin 10: 57 78 59 70 31 26 103 
Bin 11: 29 64 19 90 51 102 66 
Bin 12: 9 75 13 81 119 
Bin 13: 1 86 87 30 62 37 
Bin 14: 8 117 41 82 74 69 99 52 
Bin 15: 76 25 94 118 100 33 67 
Bin 16: 47 101 71 108 54 83 72 55 
Bin 17: 6 21 58 63 
