# Objective: 19
# Time: 0.293585
# Feasible: 1
# Solution:
Bin 0: 53 116 27 61 64 98 
Bin 1: 25 58 112 70 20 117 
Bin 2: 104 34 4 113 26 87 84 22 
Bin 3: 73 15 90 108 32 
Bin 4: 60 62 119 55 41 78 88 
Bin 5: 105 106 115 91 1 38 6 
Bin 6: 68 79 23 101 54 80 40 
Bin 7: 39 11 57 33 43 
Bin 8: 28 56 94 96 10 
Bin 9: 45 52 50 48 99 95 18 
Bin 10: 100 46 24 5 63 14 
Bin 11: 102 110 12 83 47 
Bin 12: 69 82 86 67 49 93 37 
Bin 13: 89 81 75 109 72 7 74 
Bin 14: 9 2 30 3 66 17 
Bin 15: 76 0 51 16 77 21 97 114 107 
Bin 16: 85 42 35 59 19 13 31 
Bin 17: 36 111 103 29 71 8 
Bin 18: 65 118 44 92 
