# Objective: 17
# Time: 0.407596
# Feasible: 1
# Solution:
Bin 0: 85 35 27 52 42 66 116 55 57 
Bin 1: 46 82 25 20 99 1 62 53 
Bin 2: 61 5 76 9 18 33 77 
Bin 3: 6 28 16 114 100 45 13 60 56 
Bin 4: 23 15 48 36 74 24 79 3 58 
Bin 5: 19 111 39 110 50 10 64 26 
Bin 6: 117 89 80 32 29 96 7 8 105 102 
Bin 7: 113 95 12 4 109 106 43 0 
Bin 8: 2 88 92 54 118 
Bin 9: 107 22 59 40 67 
Bin 10: 73 112 91 75 108 11 
Bin 11: 81 84 31 87 30 101 63 104 83 
Bin 12: 98 21 103 86 115 
Bin 13: 70 69 51 68 47 
Bin 14: 78 38 14 97 90 94 
Bin 15: 49 41 44 65 34 93 
Bin 16: 17 71 37 119 72 
