# Objective: 18
# Time: 0.173908
# Feasible: 1
# Solution:
Bin 0: 72 9 107 32 58 4 65 
Bin 1: 116 68 31 12 80 40 103 
Bin 2: 34 110 8 69 25 
Bin 3: 49 0 33 15 38 119 
Bin 4: 105 64 76 113 39 52 
Bin 5: 7 50 67 89 6 83 90 
Bin 6: 1 78 47 46 98 77 73 
Bin 7: 21 102 84 29 86 2 
Bin 8: 71 16 27 92 82 59 3 51 
Bin 9: 97 5 54 22 55 
Bin 10: 17 109 45 70 104 66 108 41 
Bin 11: 85 23 37 99 79 94 56 
Bin 12: 60 14 57 42 81 63 95 
Bin 13: 19 18 75 93 13 100 26 115 
Bin 14: 117 106 43 24 87 28 53 20 48 
Bin 15: 30 111 91 61 44 11 
Bin 16: 88 101 36 35 10 96 
Bin 17: 114 62 112 118 74 
