# Objective: 18
# Time: 0.244665
# Feasible: 1
# Solution:
Bin 0: 0 81 72 15 46 85 82 
Bin 1: 118 24 80 1 22 98 45 
Bin 2: 96 2 6 86 65 74 7 79 
Bin 3: 42 92 39 69 32 
Bin 4: 12 109 105 64 103 33 13 
Bin 5: 94 107 66 110 57 75 73 
Bin 6: 78 61 68 112 93 
Bin 7: 89 5 44 28 35 99 11 
Bin 8: 56 21 36 71 54 77 16 41 101 
Bin 9: 91 62 18 83 10 38 100 
Bin 10: 67 23 84 60 49 63 106 17 108 
Bin 11: 111 70 53 20 26 52 
Bin 12: 117 47 119 31 51 87 
Bin 13: 34 3 40 55 9 113 58 
Bin 14: 29 8 95 102 97 90 
Bin 15: 43 116 19 48 114 37 14 
Bin 16: 59 76 4 88 115 
Bin 17: 30 25 104 27 50 
