# Objective: 99
# Time: 1.97353
# Feasible: 1
# Solution:
Bin 0: 179 407 328 303 371 43 
Bin 1: 306 367 122 300 488 256 420 
Bin 2: 17 470 57 366 20 205 132 
Bin 3: 313 160 138 343 210 418 
Bin 4: 119 197 317 260 172 113 
Bin 5: 58 121 198 215 269 130 322 28 
Bin 6: 456 6 338 391 491 365 431 
Bin 7: 39 49 89 108 106 36 297 
Bin 8: 497 76 263 199 386 81 
Bin 9: 329 33 146 399 11 374 
Bin 10: 273 476 70 234 174 426 
Bin 11: 336 223 3 42 370 359 
Bin 12: 316 454 279 101 452 219 
Bin 13: 45 168 424 244 468 403 61 
Bin 14: 64 216 4 369 460 22 
Bin 15: 247 429 67 368 180 361 8 26 
Bin 16: 10 281 249 237 433 351 187 330 
Bin 17: 240 458 189 2 173 
Bin 18: 143 53 419 321 257 209 
Bin 19: 159 259 360 63 194 177 
Bin 20: 408 193 261 94 148 390 428 
Bin 21: 334 490 332 301 91 117 222 
Bin 22: 492 305 62 111 372 231 479 270 
Bin 23: 457 274 304 443 445 462 
Bin 24: 9 481 267 280 214 
Bin 25: 314 74 65 105 227 192 435 
Bin 26: 110 213 265 118 377 54 24 
Bin 27: 392 68 178 335 13 239 288 
Bin 28: 271 79 289 100 411 
Bin 29: 405 469 353 394 78 421 90 
Bin 30: 30 56 107 291 315 253 310 
Bin 31: 410 250 423 302 264 346 278 
Bin 32: 144 262 290 307 224 27 413 
Bin 33: 114 34 383 422 287 312 
Bin 34: 136 0 449 348 133 384 
Bin 35: 152 98 400 150 451 349 
Bin 36: 218 139 211 99 158 389 
Bin 37: 128 446 123 379 50 120 236 
Bin 38: 393 388 339 66 206 7 82 156 293 
Bin 39: 161 378 299 375 398 238 
Bin 40: 376 80 21 200 141 147 181 
Bin 41: 37 337 135 382 320 95 495 
Bin 42: 327 475 444 51 412 
Bin 43: 137 125 242 276 176 245 286 
Bin 44: 448 85 191 225 226 
Bin 45: 243 154 69 436 463 140 12 
Bin 46: 345 182 149 171 395 
Bin 47: 142 38 466 55 86 415 
Bin 48: 32 440 208 195 151 
Bin 49: 416 196 318 41 362 
Bin 50: 115 487 131 203 190 
Bin 51: 164 255 212 275 96 
Bin 52: 284 319 93 46 
Bin 53: 438 162 23 472 494 
Bin 54: 414 155 40 71 344 14 437 
Bin 55: 323 258 496 484 252 
Bin 56: 217 482 31 44 493 
Bin 57: 480 202 232 340 277 
Bin 58: 333 292 465 311 167 29 163 
Bin 59: 116 153 356 
Bin 60: 228 124 103 
Bin 61: 266 52 450 489 425 352 
Bin 62: 486 467 401 282 
Bin 63: 354 406 18 455 
Bin 64: 453 204 
Bin 65: 342 474 15 
Bin 66: 485 402 16 248 
Bin 67: 47 184 341 
Bin 68: 477 295 1 441 112 
Bin 69: 175 
Bin 70: 97 347 169 35 483 
Bin 71: 350 285 102 358 
Bin 72: 251 19 241 
Bin 73: 88 48 364 233 478 461 166 
Bin 74: 127 409 381 83 439 186 
Bin 75: 5 72 357 464 60 183 
Bin 76: 235 165 129 220 185 
Bin 77: 221 230 201 427 434 331 
Bin 78: 355 
Bin 79: 473 459 
Bin 80: 25 373 
Bin 81: 499 
Bin 82: 229 77 272 471 
Bin 83: 104 157 59 
Bin 84: 396 298 
Bin 85: 109 
Bin 86: 432 
Bin 87: 170 
Bin 88: 84 188 73 87 126 
Bin 89: 325 
Bin 90: 268 380 296 134 
Bin 91: 397 
Bin 92: 309 
Bin 93: 326 
Bin 94: 387 75 430 145 246 254 442 308 
Bin 95: 92 498 385 207 324 447 363 404 
Bin 96: 283 
Bin 97: 417 
Bin 98: 294 
