# Objective: 76
# Time: 18.5187
# Feasible: 1
# Solution:
Bin 0: 448 79 100 342 350 62 43 
Bin 1: 366 348 81 49 453 432 403 68 476 265 
Bin 2: 289 42 471 292 15 93 460 
Bin 3: 370 436 316 132 204 218 286 330 
Bin 4: 63 109 244 13 308 276 
Bin 5: 153 424 386 216 25 30 
Bin 6: 104 336 463 159 307 493 77 94 329 
Bin 7: 108 7 231 209 101 
Bin 8: 477 76 315 225 53 214 224 243 
Bin 9: 352 457 358 397 295 176 
Bin 10: 193 387 227 492 47 401 433 
Bin 11: 229 499 411 443 197 194 70 
Bin 12: 434 196 57 430 188 203 
Bin 13: 215 331 178 408 183 418 
Bin 14: 31 491 191 136 351 
Bin 15: 294 102 52 60 195 282 429 
Bin 16: 278 105 464 454 297 
Bin 17: 317 148 75 237 242 165 37 
Bin 18: 257 253 341 74 103 444 
Bin 19: 98 288 266 365 475 180 11 396 
Bin 20: 452 270 361 496 248 6 185 208 324 
Bin 21: 189 89 435 384 20 114 221 388 
Bin 22: 129 284 262 375 254 64 163 
Bin 23: 83 12 135 393 8 349 333 
Bin 24: 187 383 21 126 318 2 335 59 150 
Bin 25: 334 271 261 490 437 382 
Bin 26: 409 162 245 137 86 55 
Bin 27: 232 356 141 190 426 272 27 
Bin 28: 211 431 200 304 480 
Bin 29: 337 170 479 326 343 391 
Bin 30: 24 449 474 251 319 306 
Bin 31: 142 381 442 80 310 
Bin 32: 154 22 466 478 182 439 
Bin 33: 97 360 367 210 219 117 164 293 
Bin 34: 205 485 110 273 488 167 
Bin 35: 212 133 380 46 379 404 
Bin 36: 198 414 390 122 438 441 
Bin 37: 455 238 16 412 470 146 115 
Bin 38: 0 124 240 406 489 181 419 87 
Bin 39: 425 275 359 392 4 291 177 
Bin 40: 459 311 233 302 1 151 
Bin 41: 389 179 364 160 138 217 173 267 
Bin 42: 44 34 3 161 484 446 96 201 
Bin 43: 172 285 40 235 84 69 202 
Bin 44: 19 407 140 36 428 145 
Bin 45: 416 468 372 106 90 45 
Bin 46: 116 241 394 38 155 301 469 287 
Bin 47: 158 169 495 467 107 
Bin 48: 88 236 458 410 9 274 481 
Bin 49: 398 39 95 152 299 263 
Bin 50: 112 120 226 321 143 134 303 451 131 
Bin 51: 5 175 72 269 184 423 147 
Bin 52: 35 465 228 207 327 223 
Bin 53: 385 355 255 239 10 
Bin 54: 421 325 32 363 91 461 192 
Bin 55: 127 118 41 405 247 473 472 61 
Bin 56: 123 395 296 156 323 369 
Bin 57: 85 339 264 111 332 99 
Bin 58: 413 314 66 344 50 130 73 
Bin 59: 260 320 234 374 283 357 
Bin 60: 71 290 353 362 220 
Bin 61: 347 482 328 256 48 312 
Bin 62: 346 417 494 78 486 456 
Bin 63: 309 157 18 258 174 378 65 29 
Bin 64: 139 14 277 313 280 28 
Bin 65: 338 199 250 222 67 322 
Bin 66: 376 58 498 279 354 377 17 
Bin 67: 427 281 206 82 54 128 
Bin 68: 415 168 149 373 400 
Bin 69: 268 51 33 399 371 
Bin 70: 462 166 422 450 186 26 230 113 
Bin 71: 259 298 345 447 92 
Bin 72: 171 125 249 402 23 121 
Bin 73: 497 144 487 119 213 300 
Bin 74: 440 483 445 246 305 
Bin 75: 252 56 420 368 340 
