# Objective: 87
# Time: 6.20809
# Feasible: 1
# Solution:
Bin 0: 450 263 6 231 411 135 
Bin 1: 335 311 33 314 190 256 
Bin 2: 140 79 28 386 99 356 
Bin 3: 404 268 306 491 72 30 88 213 326 
Bin 4: 434 14 381 359 360 146 26 
Bin 5: 348 454 250 66 457 337 
Bin 6: 305 95 351 235 195 444 234 122 9 
Bin 7: 400 402 363 310 259 299 240 157 0 
Bin 8: 266 494 3 485 194 227 
Bin 9: 204 199 418 282 21 
Bin 10: 245 147 178 392 120 
Bin 11: 68 97 478 224 228 188 431 333 
Bin 12: 116 216 102 208 16 
Bin 13: 458 365 443 375 149 324 31 203 414 393 22 
Bin 14: 427 215 451 223 429 108 38 479 
Bin 15: 488 395 123 32 344 385 
Bin 16: 104 401 89 248 63 477 40 
Bin 17: 270 380 133 150 291 244 367 
Bin 18: 372 297 160 117 378 283 141 
Bin 19: 410 241 8 19 138 246 
Bin 20: 20 308 222 338 83 323 396 
Bin 21: 233 107 364 476 86 
Bin 22: 189 330 366 319 129 
Bin 23: 230 328 93 29 164 465 
Bin 24: 98 143 398 421 452 384 
Bin 25: 153 154 420 232 50 15 51 84 
Bin 26: 441 300 362 374 349 273 
Bin 27: 127 481 264 329 60 487 
Bin 28: 125 272 131 382 44 112 369 
Bin 29: 278 36 419 134 286 413 316 415 
Bin 30: 118 334 455 437 467 312 417 
Bin 31: 197 34 253 405 430 182 
Bin 32: 480 62 191 212 75 80 
Bin 33: 73 355 205 390 462 82 247 
Bin 34: 442 85 24 207 110 53 
Bin 35: 471 196 474 214 48 424 156 260 158 181 
Bin 36: 163 432 484 345 121 277 
Bin 37: 177 321 186 13 225 5 257 
Bin 38: 493 464 130 70 109 271 463 
Bin 39: 318 239 325 144 220 47 
Bin 40: 262 475 221 11 275 71 280 498 
Bin 41: 49 461 469 170 440 422 
Bin 42: 446 298 261 288 210 52 439 
Bin 43: 94 482 436 77 251 289 
Bin 44: 276 115 145 18 346 284 41 
Bin 45: 327 303 101 495 238 105 322 
Bin 46: 307 236 17 139 473 
Bin 47: 166 376 27 111 470 
Bin 48: 408 90 391 229 274 162 136 
Bin 49: 174 175 165 96 200 383 425 
Bin 50: 292 423 64 309 406 126 294 
Bin 51: 119 57 459 237 409 354 
Bin 52: 320 185 433 209 198 81 295 
Bin 53: 267 1 448 61 69 201 
Bin 54: 243 78 315 137 152 
Bin 55: 2 54 370 35 472 296 
Bin 56: 106 352 45 377 176 
Bin 57: 217 304 74 23 449 
Bin 58: 438 219 59 290 342 
Bin 59: 4 25 435 403 171 
Bin 60: 317 394 179 357 113 114 
Bin 61: 226 373 279 426 456 
Bin 62: 388 168 91 332 7 
Bin 63: 76 453 58 10 
Bin 64: 285 343 281 428 445 
Bin 65: 252 287 193 468 
Bin 66: 249 12 92 206 340 
Bin 67: 161 490 65 492 56 242 460 55 
Bin 68: 486 258 169 103 353 255 
Bin 69: 387 87 399 412 37 173 466 361 
Bin 70: 389 167 
Bin 71: 416 
Bin 72: 172 339 100 341 331 265 
Bin 73: 184 
Bin 74: 202 347 489 142 
Bin 75: 43 
Bin 76: 358 124 192 293 447 187 
Bin 77: 183 313 132 42 
Bin 78: 483 46 397 211 497 254 496 
Bin 79: 302 180 499 
Bin 80: 159 269 151 
Bin 81: 371 407 218 368 148 
Bin 82: 301 39 379 128 
Bin 83: 350 
Bin 84: 155 
Bin 85: 67 
Bin 86: 336 
