# Objective: 19
# Time: 0.351116
# Feasible: 1
# Solution:
Bin 0: 107 1 3 9 92 87 
Bin 1: 91 67 4 83 46 97 111 
Bin 2: 110 20 78 70 7 8 
Bin 3: 71 25 118 96 80 12 
Bin 4: 10 99 93 76 26 
Bin 5: 35 44 34 0 117 37 32 
Bin 6: 113 82 47 18 84 65 
Bin 7: 74 49 116 66 16 24 106 
Bin 8: 29 42 54 101 38 2 69 81 88 72 
Bin 9: 52 61 57 100 23 
Bin 10: 15 31 63 79 86 
Bin 11: 56 60 22 11 62 
Bin 12: 64 27 48 109 55 94 6 
Bin 13: 114 21 104 73 50 59 33 
Bin 14: 89 14 77 115 53 108 105 90 
Bin 15: 5 58 30 112 102 41 19 
Bin 16: 36 13 45 40 68 95 
Bin 17: 119 98 39 43 75 
Bin 18: 17 28 103 85 51 
