# Objective: 147
# Time: 153.078
# Feasible: 1
# Solution:
Bin 0: 913 106 703 970 856 371 
Bin 1: 491 313 674 481 86 860 165 
Bin 2: 311 760 151 213 783 118 
Bin 3: 307 323 190 821 376 209 572 
Bin 4: 62 340 600 454 943 222 55 229 283 
Bin 5: 75 941 71 695 141 729 162 251 
Bin 6: 985 91 76 327 124 65 
Bin 7: 886 529 69 66 577 196 187 937 
Bin 8: 35 496 751 95 826 545 309 28 635 102 
Bin 9: 876 725 621 46 276 877 611 758 370 
Bin 10: 764 10 898 367 660 324 959 
Bin 11: 446 418 724 696 48 339 93 597 
Bin 12: 932 401 765 462 689 963 487 461 
Bin 13: 522 47 316 252 881 584 
Bin 14: 51 360 917 812 111 988 158 
Bin 15: 752 89 356 393 779 575 266 354 
Bin 16: 239 766 728 221 423 680 
Bin 17: 170 469 296 435 136 553 142 12 
Bin 18: 188 721 83 805 550 846 642 736 
Bin 19: 348 772 32 925 867 930 
Bin 20: 891 949 573 61 364 193 352 
Bin 21: 830 440 716 431 544 835 437 205 
Bin 22: 36 308 386 726 935 178 
Bin 23: 388 257 395 850 648 
Bin 24: 762 690 839 833 942 697 389 
Bin 25: 568 184 434 413 756 952 852 566 
Bin 26: 596 787 969 744 207 746 665 
Bin 27: 53 203 652 443 933 629 548 615 
Bin 28: 720 840 786 172 107 447 441 
Bin 29: 499 464 244 679 907 
Bin 30: 818 801 526 607 292 781 19 
Bin 31: 862 407 320 398 485 397 742 
Bin 32: 449 534 195 287 114 483 616 625 
Bin 33: 799 45 77 267 824 947 576 
Bin 34: 456 194 936 489 152 304 40 186 900 
Bin 35: 21 264 713 232 17 643 374 372 853 
Bin 36: 811 896 541 953 556 901 
Bin 37: 707 103 922 405 210 358 890 
Bin 38: 236 915 626 80 537 101 168 
Bin 39: 834 599 299 318 343 182 43 347 519 260 656 633 
Bin 40: 904 419 137 686 958 555 956 
Bin 41: 981 322 92 171 892 849 938 774 
Bin 42: 620 425 497 569 676 667 
Bin 43: 345 608 871 931 97 894 272 634 
Bin 44: 745 685 338 864 873 120 223 842 185 301 
Bin 45: 829 590 663 617 458 614 
Bin 46: 289 279 647 639 536 838 727 
Bin 47: 156 191 281 262 505 330 39 712 
Bin 48: 9 459 888 919 133 651 630 
Bin 49: 67 549 595 465 692 498 90 402 
Bin 50: 831 20 517 803 815 793 638 
Bin 51: 748 135 516 199 325 670 797 
Bin 52: 593 127 602 452 998 655 145 735 
Bin 53: 598 154 27 149 845 451 116 
Bin 54: 837 926 987 59 510 795 
Bin 55: 250 671 580 245 202 57 
Bin 56: 669 820 500 672 847 22 624 
Bin 57: 110 975 802 733 874 
Bin 58: 408 479 259 698 518 
Bin 59: 333 661 585 414 806 457 800 
Bin 60: 605 603 268 218 646 993 511 
Bin 61: 314 996 887 466 72 212 
Bin 62: 986 773 410 108 504 3 579 731 
Bin 63: 455 668 368 691 448 294 654 664 
Bin 64: 468 924 914 722 631 416 234 
Bin 65: 52 392 179 176 438 
Bin 66: 445 870 492 16 204 789 
Bin 67: 571 474 910 100 148 955 513 
Bin 68: 126 400 757 1 44 344 73 
Bin 69: 854 657 355 601 637 
Bin 70: 563 753 682 473 759 528 718 
Bin 71: 539 587 836 430 678 369 817 321 855 
Bin 72: 317 394 303 427 105 
Bin 73: 7 155 467 954 378 540 351 503 
Bin 74: 923 755 512 240 778 201 
Bin 75: 859 484 227 557 357 865 
Bin 76: 373 33 406 37 754 
Bin 77: 879 138 790 290 535 542 701 270 
Bin 78: 328 361 390 334 967 74 804 
Bin 79: 965 508 551 982 84 284 858 
Bin 80: 291 175 480 702 271 841 150 
Bin 81: 422 219 139 763 714 
Bin 82: 866 285 274 238 192 561 412 415 
Bin 83: 242 711 363 586 30 666 
Bin 84: 530 618 31 578 740 436 
Bin 85: 581 659 26 644 747 
Bin 86: 903 564 920 198 683 507 524 331 
Bin 87: 366 971 472 994 256 538 
Bin 88: 225 263 109 798 872 
Bin 89: 163 300 282 940 113 453 
Bin 90: 180 18 211 978 934 177 477 463 
Bin 91: 606 381 807 125 794 609 
Bin 92: 848 123 104 694 379 705 
Bin 93: 384 999 235 973 424 912 
Bin 94: 174 482 295 619 353 
Bin 95: 233 278 784 68 796 882 
Bin 96: 58 628 280 788 409 302 167 863 
Bin 97: 60 261 908 972 966 79 
Bin 98: 777 506 730 450 470 749 132 
Bin 99: 825 362 56 385 814 684 237 
Bin 100: 623 319 140 992 640 582 442 819 
Bin 101: 991 253 946 843 173 741 
Bin 102: 380 404 2 13 85 827 
Bin 103: 622 336 706 15 739 346 
Bin 104: 23 286 546 439 486 868 
Bin 105: 734 94 254 723 809 567 
Bin 106: 554 983 520 241 305 
Bin 107: 81 979 181 869 984 
Bin 108: 433 265 49 216 641 816 375 403 
Bin 109: 878 708 883 591 42 160 197 
Bin 110: 960 329 995 767 475 909 
Bin 111: 488 675 277 490 732 558 
Bin 112: 64 673 560 134 315 570 444 776 
Bin 113: 157 228 335 377 662 681 
Bin 114: 929 810 948 902 161 365 719 417 
Bin 115: 875 119 420 594 525 693 
Bin 116: 471 341 159 310 928 990 808 
Bin 117: 0 128 96 34 29 243 715 574 636 
Bin 118: 146 231 78 709 951 131 
Bin 119: 977 306 950 359 650 717 
Bin 120: 208 968 699 687 476 297 
Bin 121: 143 700 38 6 214 189 543 
Bin 122: 523 332 383 98 494 921 275 
Bin 123: 627 50 964 521 478 906 905 911 
Bin 124: 604 770 130 592 226 426 
Bin 125: 502 115 785 248 552 230 771 
Bin 126: 183 775 501 63 532 54 980 
Bin 127: 792 399 509 5 41 613 
Bin 128: 976 857 531 350 117 224 258 
Bin 129: 583 895 493 337 588 
Bin 130: 247 610 944 312 217 997 421 653 
Bin 131: 899 432 851 884 822 
Bin 132: 293 782 791 215 514 
Bin 133: 246 918 989 82 738 
Bin 134: 823 411 533 288 220 927 559 460 
Bin 135: 780 527 565 813 515 974 428 
Bin 136: 298 249 387 916 844 743 704 
Bin 137: 589 889 273 750 396 939 122 632 
Bin 138: 144 166 112 861 547 147 429 4 
Bin 139: 885 769 961 828 169 200 
Bin 140: 832 87 945 129 70 897 14 
Bin 141: 8 677 99 326 349 88 
Bin 142: 688 164 24 269 880 
Bin 143: 612 710 382 658 768 562 
Bin 144: 649 495 153 957 391 
Bin 145: 737 342 893 962 25 
Bin 146: 121 255 645 206 761 11 
