# Objective: 18
# Time: 0.291942
# Feasible: 1
# Solution:
Bin 0: 113 91 72 22 42 
Bin 1: 0 9 45 85 83 75 104 30 
Bin 2: 60 61 59 80 18 82 20 
Bin 3: 71 74 57 95 102 77 112 24 103 
Bin 4: 88 44 101 84 78 119 65 
Bin 5: 64 96 89 33 66 
Bin 6: 116 26 47 43 14 35 
Bin 7: 19 56 110 15 32 13 108 
Bin 8: 49 50 107 34 115 6 
Bin 9: 7 2 27 58 23 40 39 
Bin 10: 1 37 111 10 11 106 
Bin 11: 97 36 31 90 69 
Bin 12: 99 86 25 76 73 118 
Bin 13: 117 67 38 12 41 98 29 87 
Bin 14: 100 3 46 17 55 109 63 51 
Bin 15: 114 54 70 62 4 93 
Bin 16: 94 21 68 8 48 53 79 
Bin 17: 28 16 81 52 105 5 92 
