# Objective: 18
# Time: 0.290631
# Feasible: 1
# Solution:
Bin 0: 104 115 64 49 118 50 
Bin 1: 114 53 20 48 13 23 2 91 
Bin 2: 6 81 89 63 58 57 80 41 
Bin 3: 73 34 97 119 79 55 
Bin 4: 87 25 46 30 108 86 67 105 
Bin 5: 1 3 101 21 27 18 83 
Bin 6: 16 35 69 85 15 31 94 52 
Bin 7: 111 37 98 24 4 99 
Bin 8: 0 44 14 84 51 103 
Bin 9: 106 60 26 96 17 8 
Bin 10: 61 33 117 56 74 19 72 59 
Bin 11: 112 68 76 66 75 
Bin 12: 22 39 90 92 62 28 65 
Bin 13: 40 70 12 88 107 102 93 
Bin 14: 9 36 116 78 10 45 7 
Bin 15: 11 113 47 38 54 110 42 
Bin 16: 109 95 32 5 100 77 82 
Bin 17: 29 71 43 
