# Objective: 39
# Time: 1.82212
# Feasible: 1
# Solution:
Bin 0: 68 220 2 176 108 23 22 
Bin 1: 71 88 206 241 26 
Bin 2: 172 50 85 191 166 164 101 195 
Bin 3: 194 208 234 69 141 197 
Bin 4: 192 35 183 97 31 27 
Bin 5: 39 237 92 0 201 
Bin 6: 235 189 32 53 248 96 185 
Bin 7: 151 130 240 48 233 33 210 177 
Bin 8: 140 41 74 134 59 213 13 
Bin 9: 72 147 135 175 104 55 
Bin 10: 200 46 199 89 70 171 228 
Bin 11: 131 214 173 178 60 188 113 
Bin 12: 239 167 37 61 122 
Bin 13: 5 38 30 1 209 
Bin 14: 99 158 179 15 86 187 
Bin 15: 10 103 219 28 12 45 
Bin 16: 4 107 193 16 98 3 
Bin 17: 111 146 75 231 226 245 106 120 
Bin 18: 121 77 8 17 169 87 
Bin 19: 29 153 19 102 7 145 
Bin 20: 126 142 125 148 64 156 81 
Bin 21: 94 82 236 44 174 133 36 
Bin 22: 73 224 144 100 40 52 112 
Bin 23: 115 223 138 162 14 160 54 90 
Bin 24: 51 62 63 116 190 25 
Bin 25: 184 217 118 57 155 225 
Bin 26: 132 49 198 181 136 246 119 
Bin 27: 152 110 20 215 76 65 
Bin 28: 244 128 47 159 218 
Bin 29: 168 80 139 127 11 180 
Bin 30: 161 91 238 249 211 207 137 
Bin 31: 18 95 203 105 21 204 
Bin 32: 205 157 34 165 123 93 
Bin 33: 186 182 58 150 66 247 242 
Bin 34: 230 154 222 6 9 79 78 
Bin 35: 196 232 212 129 202 243 149 83 
Bin 36: 56 221 117 67 170 
Bin 37: 227 24 114 43 216 84 
Bin 38: 163 109 229 124 42 143 
