# Objective: 18
# Time: 0.262114
# Feasible: 1
# Solution:
Bin 0: 68 47 106 117 31 8 
Bin 1: 33 83 24 56 29 60 
Bin 2: 50 112 80 66 98 7 58 
Bin 3: 95 37 107 3 12 55 9 
Bin 4: 64 0 54 22 77 2 92 
Bin 5: 35 21 99 65 72 87 11 81 
Bin 6: 10 52 14 94 88 105 
Bin 7: 70 104 76 30 57 100 
Bin 8: 115 34 41 113 51 43 86 67 
Bin 9: 102 118 97 75 26 91 16 
Bin 10: 103 36 71 69 93 114 74 
Bin 11: 61 13 73 110 109 63 108 79 
Bin 12: 32 40 19 28 44 82 89 
Bin 13: 6 5 15 101 1 25 23 
Bin 14: 18 53 38 20 111 45 46 90 
Bin 15: 84 42 62 48 27 
Bin 16: 96 4 119 85 39 17 
Bin 17: 78 116 59 49 
