# Objective: 152
# Time: 156.16
# Feasible: 1
# Solution:
Bin 0: 288 397 506 723 690 648 
Bin 1: 486 290 294 391 727 771 274 260 237 
Bin 2: 778 444 650 370 13 2 679 312 
Bin 3: 134 80 124 557 252 675 443 
Bin 4: 176 946 21 705 117 678 
Bin 5: 663 854 960 977 541 229 612 
Bin 6: 171 138 118 247 881 219 839 
Bin 7: 927 531 392 971 461 868 31 900 496 
Bin 8: 899 582 301 649 427 330 693 
Bin 9: 866 340 848 764 165 915 283 185 
Bin 10: 783 752 450 826 661 29 
Bin 11: 995 292 463 141 254 638 
Bin 12: 520 419 114 63 394 178 
Bin 13: 583 958 365 337 652 605 51 
Bin 14: 377 49 211 597 725 708 877 
Bin 15: 550 563 160 67 108 979 125 
Bin 16: 177 631 968 298 352 572 740 413 
Bin 17: 98 692 700 257 149 
Bin 18: 47 86 186 148 961 
Bin 19: 6 48 920 383 489 
Bin 20: 951 43 481 610 64 
Bin 21: 308 788 59 27 173 224 594 
Bin 22: 305 676 789 947 911 128 999 
Bin 23: 993 564 651 221 265 533 
Bin 24: 990 716 668 514 787 
Bin 25: 279 140 809 493 888 304 603 
Bin 26: 981 99 278 17 870 799 106 537 
Bin 27: 701 861 775 750 763 929 643 
Bin 28: 608 142 454 466 277 607 440 
Bin 29: 155 985 753 184 538 859 
Bin 30: 378 60 210 445 52 490 
Bin 31: 757 356 784 7 143 642 
Bin 32: 942 587 459 320 351 688 
Bin 33: 341 769 180 841 685 924 833 626 158 
Bin 34: 624 613 934 407 132 
Bin 35: 744 601 518 780 975 328 258 327 
Bin 36: 55 66 354 880 773 364 
Bin 37: 580 761 431 623 230 161 191 731 
Bin 38: 465 89 198 637 20 865 388 434 
Bin 39: 733 264 555 633 15 373 921 
Bin 40: 285 774 200 453 834 348 810 857 
Bin 41: 28 93 357 548 781 532 
Bin 42: 590 126 18 482 908 864 893 204 912 
Bin 43: 925 804 432 414 113 
Bin 44: 457 470 468 45 791 259 235 
Bin 45: 345 523 828 620 887 714 
Bin 46: 825 726 846 395 193 
Bin 47: 660 107 116 491 248 
Bin 48: 919 998 473 836 938 710 566 
Bin 49: 315 823 895 906 575 69 174 
Bin 50: 75 213 222 542 505 387 
Bin 51: 941 91 359 194 715 250 166 698 
Bin 52: 111 939 316 875 71 460 287 
Bin 53: 335 289 188 646 58 115 471 615 
Bin 54: 860 355 152 732 720 874 44 
Bin 55: 896 37 420 76 423 81 812 
Bin 56: 767 323 215 855 467 381 838 90 146 
Bin 57: 329 205 932 192 50 811 821 96 
Bin 58: 659 429 817 552 232 412 923 891 
Bin 59: 26 400 266 816 967 842 806 53 88 
Bin 60: 338 536 980 570 286 814 
Bin 61: 768 433 559 862 472 884 
Bin 62: 0 704 797 82 244 913 220 
Bin 63: 644 711 755 991 322 199 567 
Bin 64: 858 882 495 154 835 574 
Bin 65: 863 907 747 396 61 843 
Bin 66: 959 721 511 593 697 616 
Bin 67: 333 604 669 745 525 
Bin 68: 162 869 653 507 546 121 
Bin 69: 931 168 890 586 275 
Bin 70: 664 389 267 225 553 535 602 318 
Bin 71: 483 130 526 928 159 218 
Bin 72: 261 1 452 728 798 73 682 
Bin 73: 695 97 104 558 23 
Bin 74: 418 905 966 734 850 227 
Bin 75: 686 156 656 101 362 422 901 236 133 350 
Bin 76: 793 399 79 956 32 401 994 759 
Bin 77: 689 944 367 10 544 372 
Bin 78: 540 681 909 438 195 954 736 
Bin 79: 72 368 183 852 904 820 571 748 
Bin 80: 517 830 903 986 344 102 
Bin 81: 576 416 214 963 579 549 
Bin 82: 157 339 770 561 639 
Bin 83: 619 303 494 628 794 573 581 760 
Bin 84: 706 630 970 441 253 634 707 
Bin 85: 969 425 822 629 973 766 
Bin 86: 109 40 853 982 94 940 527 
Bin 87: 342 131 314 684 379 
Bin 88: 119 696 683 455 95 667 
Bin 89: 334 996 598 239 749 596 382 
Bin 90: 474 627 922 217 539 
Bin 91: 410 522 976 78 196 856 
Bin 92: 36 776 87 103 293 
Bin 93: 883 24 560 606 785 484 
Bin 94: 621 242 504 916 331 
Bin 95: 234 403 300 898 153 515 772 742 
Bin 96: 281 456 738 442 914 892 439 949 
Bin 97: 666 837 57 430 878 172 187 
Bin 98: 953 813 299 528 680 
Bin 99: 585 719 11 297 139 120 
Bin 100: 937 105 818 636 223 
Bin 101: 832 792 306 565 390 3 
Bin 102: 897 487 127 871 802 
Bin 103: 201 92 655 492 983 34 216 
Bin 104: 435 122 282 962 54 144 703 181 458 713 917 
Bin 105: 398 137 129 336 876 206 446 
Bin 106: 989 673 672 845 657 405 
Bin 107: 488 475 246 251 424 135 
Bin 108: 276 464 68 851 737 589 936 363 
Bin 109: 807 437 243 179 677 478 
Bin 110: 190 829 987 480 647 513 
Bin 111: 910 751 269 694 588 779 
Bin 112: 795 302 35 182 645 343 739 415 
Bin 113: 145 346 844 796 801 658 
Bin 114: 819 30 625 879 209 885 758 385 
Bin 115: 449 872 562 447 741 358 551 
Bin 116: 42 77 62 984 754 386 640 724 
Bin 117: 273 296 376 595 361 
Bin 118: 592 849 8 255 632 309 
Bin 119: 808 353 39 498 665 332 
Bin 120: 918 543 800 477 83 
Bin 121: 978 502 569 226 41 
Bin 122: 777 935 295 867 805 584 421 9 992 
Bin 123: 25 889 485 33 291 326 147 
Bin 124: 578 722 280 393 189 175 
Bin 125: 197 371 662 501 170 974 
Bin 126: 5 233 56 746 964 110 163 
Bin 127: 611 670 476 765 815 790 
Bin 128: 366 38 988 428 123 
Bin 129: 497 136 831 577 256 208 500 
Bin 130: 950 503 534 824 311 756 
Bin 131: 19 508 417 369 609 762 957 
Bin 132: 717 524 85 411 743 
Bin 133: 319 965 317 374 448 349 972 
Bin 134: 12 241 529 16 600 
Bin 135: 238 321 894 635 479 786 404 641 
Bin 136: 617 782 462 509 203 530 409 268 
Bin 137: 554 263 847 402 873 
Bin 138: 426 718 516 313 519 712 
Bin 139: 955 284 380 556 622 699 22 
Bin 140: 262 74 930 654 384 730 
Bin 141: 933 84 803 545 164 943 14 
Bin 142: 709 150 591 945 272 406 
Bin 143: 347 270 151 212 512 
Bin 144: 167 65 169 228 70 325 
Bin 145: 902 568 231 324 207 
Bin 146: 614 100 240 451 310 952 618 
Bin 147: 840 307 926 599 271 
Bin 148: 702 375 46 469 948 547 360 671 
Bin 149: 674 687 521 886 408 735 997 
Bin 150: 4 499 691 202 245 
Bin 151: 249 510 436 827 112 729 
