# Objective: 150
# Time: 179.638
# Feasible: 1
# Solution:
Bin 0: 946 649 951 243 327 653 
Bin 1: 121 244 91 228 224 154 545 436 
Bin 2: 706 382 775 363 208 222 303 
Bin 3: 269 779 682 56 394 148 257 
Bin 4: 138 594 97 963 377 160 
Bin 5: 734 512 592 442 611 81 678 518 
Bin 6: 204 180 89 61 636 544 
Bin 7: 288 902 365 730 652 324 503 86 9 
Bin 8: 451 122 376 434 481 69 
Bin 9: 716 698 883 290 145 347 168 
Bin 10: 485 530 844 818 249 140 
Bin 11: 426 821 774 466 662 279 
Bin 12: 969 187 156 406 835 664 
Bin 13: 385 294 349 221 286 681 870 813 
Bin 14: 606 572 756 692 125 925 945 
Bin 15: 764 940 329 534 227 490 
Bin 16: 848 351 720 400 643 620 
Bin 17: 233 759 580 209 713 635 275 936 12 146 
Bin 18: 164 840 637 84 684 137 476 28 
Bin 19: 939 43 866 909 153 905 797 
Bin 20: 671 573 574 370 889 924 
Bin 21: 456 791 960 959 498 793 
Bin 22: 873 397 610 449 364 702 
Bin 23: 519 448 660 112 908 718 
Bin 24: 710 505 536 834 576 975 416 912 
Bin 25: 787 507 399 177 884 
Bin 26: 900 755 247 832 509 46 
Bin 27: 843 833 66 169 40 
Bin 28: 650 265 322 216 615 694 861 178 
Bin 29: 388 579 300 607 318 
Bin 30: 796 301 856 640 10 753 266 872 564 766 
Bin 31: 709 421 723 219 391 358 815 
Bin 32: 663 230 865 42 149 274 846 
Bin 33: 948 910 893 773 410 341 529 317 
Bin 34: 836 50 492 985 855 
Bin 35: 628 252 54 307 500 701 837 
Bin 36: 299 933 331 629 826 120 
Bin 37: 237 1 803 626 467 903 
Bin 38: 198 453 189 213 48 44 
Bin 39: 748 381 454 937 241 904 427 
Bin 40: 707 369 792 475 345 708 537 316 
Bin 41: 143 746 961 830 477 665 
Bin 42: 205 19 882 532 587 271 605 3 30 
Bin 43: 39 976 795 732 957 562 201 
Bin 44: 64 461 325 941 437 582 383 
Bin 45: 295 954 185 608 805 542 527 
Bin 46: 246 517 90 22 761 771 
Bin 47: 586 644 292 604 55 
Bin 48: 82 898 392 949 207 800 335 
Bin 49: 921 361 170 744 496 543 79 
Bin 50: 630 99 794 522 809 186 276 
Bin 51: 990 450 472 71 952 104 129 
Bin 52: 13 913 907 869 617 817 191 581 236 
Bin 53: 762 282 597 978 422 291 
Bin 54: 447 632 321 232 520 225 373 429 
Bin 55: 273 929 33 460 53 687 968 
Bin 56: 261 150 760 550 880 820 677 
Bin 57: 173 642 235 646 308 854 
Bin 58: 304 280 631 811 943 984 
Bin 59: 296 989 323 313 824 277 195 758 
Bin 60: 569 96 348 493 825 999 152 
Bin 61: 971 18 688 312 712 673 
Bin 62: 74 783 819 499 15 126 657 
Bin 63: 719 931 359 78 106 557 111 
Bin 64: 452 4 332 408 203 489 878 
Bin 65: 838 444 812 38 885 494 305 190 
Bin 66: 270 648 583 29 814 570 439 
Bin 67: 956 510 14 992 470 568 
Bin 68: 578 88 425 995 970 463 
Bin 69: 602 736 238 263 816 700 645 
Bin 70: 627 965 182 262 523 251 360 668 
Bin 71: 65 147 403 234 807 906 980 
Bin 72: 133 136 932 157 77 722 982 
Bin 73: 612 667 21 181 859 459 352 
Bin 74: 58 424 540 172 131 413 
Bin 75: 354 916 850 132 458 272 679 175 
Bin 76: 267 63 6 239 259 828 
Bin 77: 566 293 986 102 2 45 656 
Bin 78: 409 508 533 618 389 26 915 
Bin 79: 118 655 284 57 789 
Bin 80: 59 433 72 380 134 776 87 
Bin 81: 47 85 767 356 417 725 721 
Bin 82: 947 919 161 886 685 964 5 
Bin 83: 638 333 218 258 441 80 
Bin 84: 735 546 731 334 699 95 852 338 
Bin 85: 860 339 899 514 32 
Bin 86: 934 829 680 571 715 497 
Bin 87: 868 585 412 535 823 103 110 
Bin 88: 31 777 511 501 966 923 193 
Bin 89: 210 991 871 36 799 516 
Bin 90: 887 841 749 801 367 879 418 
Bin 91: 248 135 622 525 440 729 857 
Bin 92: 11 445 781 27 141 661 
Bin 93: 967 320 457 917 531 355 
Bin 94: 914 166 935 548 151 387 623 
Bin 95: 223 302 524 555 849 724 
Bin 96: 128 357 117 353 918 619 51 415 
Bin 97: 83 468 559 199 114 972 289 407 
Bin 98: 890 268 599 741 278 770 
Bin 99: 423 920 75 41 911 782 
Bin 100: 515 554 556 192 24 
Bin 101: 804 124 690 981 993 336 35 
Bin 102: 309 786 634 76 666 200 
Bin 103: 23 726 577 100 806 420 
Bin 104: 616 598 822 326 845 256 
Bin 105: 404 977 858 479 591 109 
Bin 106: 371 375 202 747 188 123 
Bin 107: 438 528 676 875 689 802 541 
Bin 108: 435 487 480 253 896 231 
Bin 109: 754 788 691 220 596 159 217 
Bin 110: 495 738 979 567 988 780 765 101 
Bin 111: 717 798 808 647 483 997 695 
Bin 112: 513 455 614 600 340 105 
Bin 113: 68 958 560 179 285 955 60 
Bin 114: 386 226 588 675 319 876 768 402 
Bin 115: 144 462 346 950 593 242 484 
Bin 116: 368 669 894 20 538 366 
Bin 117: 553 229 260 432 790 686 393 
Bin 118: 337 330 552 842 633 310 703 751 
Bin 119: 547 167 297 196 750 704 465 
Bin 120: 254 601 998 264 0 374 
Bin 121: 92 551 162 206 396 670 733 
Bin 122: 739 379 974 639 595 
Bin 123: 526 757 994 184 390 785 70 
Bin 124: 473 93 603 584 378 130 
Bin 125: 863 25 8 250 491 107 
Bin 126: 52 922 930 446 743 306 
Bin 127: 176 342 155 240 565 549 395 888 
Bin 128: 897 108 215 983 778 116 745 
Bin 129: 7 401 742 563 590 
Bin 130: 478 953 127 405 119 73 654 
Bin 131: 877 892 752 784 901 737 
Bin 132: 831 651 62 504 398 973 881 
Bin 133: 864 281 212 740 49 996 
Bin 134: 474 891 862 17 67 714 926 488 
Bin 135: 683 283 350 411 697 115 
Bin 136: 693 728 414 658 827 
Bin 137: 769 287 867 98 705 163 430 
Bin 138: 944 502 174 589 255 113 384 613 
Bin 139: 428 558 142 672 539 711 372 343 
Bin 140: 561 431 362 183 938 344 
Bin 141: 772 927 34 506 641 171 
Bin 142: 942 575 469 471 839 
Bin 143: 674 311 464 847 874 
Bin 144: 443 624 696 419 314 158 
Bin 145: 298 94 659 727 315 482 197 
Bin 146: 214 987 621 962 853 211 
Bin 147: 165 486 328 245 928 810 
Bin 148: 763 895 194 37 625 
Bin 149: 609 139 521 16 851 
