# Objective: 19
# Time: 0.319733
# Feasible: 1
# Solution:
Bin 0: 89 107 13 59 40 56 
Bin 1: 93 83 100 115 34 9 
Bin 2: 49 68 33 18 17 96 97 35 
Bin 3: 91 65 51 103 15 3 
Bin 4: 50 79 98 4 101 29 
Bin 5: 19 64 52 31 41 61 80 46 
Bin 6: 14 76 28 104 43 74 24 
Bin 7: 94 12 55 2 113 48 23 82 
Bin 8: 8 102 117 44 27 5 78 
Bin 9: 109 105 22 25 111 47 
Bin 10: 67 32 116 95 42 21 88 
Bin 11: 45 72 53 75 57 118 
Bin 12: 77 119 73 70 63 36 106 114 
Bin 13: 87 58 10 112 81 6 
Bin 14: 71 62 69 16 110 
Bin 15: 37 84 1 66 7 54 
Bin 16: 99 20 86 11 30 
Bin 17: 90 38 60 39 
Bin 18: 108 0 92 26 85 
