# Objective: 76
# Time: 18.7935
# Feasible: 1
# Solution:
Bin 0: 348 62 20 217 296 242 303 
Bin 1: 414 488 89 275 33 45 498 246 
Bin 2: 170 265 267 393 73 211 
Bin 3: 187 228 44 12 340 462 36 486 
Bin 4: 457 258 283 436 1 85 69 380 
Bin 5: 331 327 136 294 463 185 
Bin 6: 400 386 261 110 159 119 232 22 
Bin 7: 158 332 130 147 286 318 467 475 
Bin 8: 142 99 489 369 233 
Bin 9: 371 442 46 101 330 
Bin 10: 399 460 39 97 412 271 165 
Bin 11: 368 333 149 347 273 47 
Bin 12: 256 163 83 98 416 280 281 4 
Bin 13: 388 448 429 274 366 304 
Bin 14: 23 278 405 432 234 452 435 476 
Bin 15: 245 391 239 64 31 
Bin 16: 397 28 276 482 376 6 140 8 
Bin 17: 341 161 123 210 204 251 410 329 
Bin 18: 186 9 205 385 406 425 409 
Bin 19: 5 41 468 19 315 257 152 479 
Bin 20: 151 166 325 57 288 188 
Bin 21: 298 438 316 137 264 422 60 
Bin 22: 423 395 491 497 222 135 107 
Bin 23: 175 11 401 90 320 317 
Bin 24: 269 472 79 194 349 292 312 
Bin 25: 253 72 444 133 192 54 392 
Bin 26: 377 431 209 53 27 122 
Bin 27: 40 182 115 494 319 82 477 
Bin 28: 218 357 157 322 240 
Bin 29: 129 282 458 480 496 77 116 336 
Bin 30: 236 15 193 451 160 
Bin 31: 326 114 295 381 52 191 
Bin 32: 430 74 434 411 404 446 61 
Bin 33: 174 171 450 485 374 
Bin 34: 364 106 345 112 88 226 177 
Bin 35: 43 493 156 21 109 279 449 
Bin 36: 201 389 313 238 216 84 2 378 146 
Bin 37: 358 169 78 277 469 259 
Bin 38: 474 167 195 148 207 118 
Bin 39: 470 356 108 86 113 247 
Bin 40: 268 183 164 384 427 244 
Bin 41: 418 290 25 215 237 252 212 353 372 
Bin 42: 249 102 360 214 284 359 96 
Bin 43: 179 162 473 196 297 10 143 
Bin 44: 66 487 499 375 342 495 70 
Bin 45: 197 29 335 100 199 127 
Bin 46: 105 324 14 48 76 337 128 
Bin 47: 154 456 67 203 221 208 
Bin 48: 145 59 91 227 3 231 352 
Bin 49: 32 65 81 299 365 407 124 111 
Bin 50: 413 87 441 220 190 415 478 
Bin 51: 311 241 198 361 260 58 301 
Bin 52: 328 383 75 464 37 
Bin 53: 402 291 343 300 141 255 
Bin 54: 350 254 120 230 38 
Bin 55: 382 285 440 24 408 346 150 
Bin 56: 34 206 437 55 200 
Bin 57: 314 223 339 484 56 272 263 
Bin 58: 455 308 321 229 26 213 
Bin 59: 63 390 250 18 139 354 80 
Bin 60: 235 362 453 144 181 42 224 307 
Bin 61: 104 49 243 417 465 443 421 
Bin 62: 454 13 481 305 394 126 
Bin 63: 35 403 334 17 439 103 
Bin 64: 447 134 0 306 94 176 
Bin 65: 420 367 16 370 289 
Bin 66: 153 433 131 396 270 338 
Bin 67: 363 93 155 202 189 95 
Bin 68: 355 125 445 483 117 30 
Bin 69: 248 219 50 492 344 121 
Bin 70: 287 459 373 379 180 466 
Bin 71: 51 387 398 424 184 461 168 
Bin 72: 138 490 68 71 426 419 351 
Bin 73: 323 172 92 310 302 266 
Bin 74: 293 428 7 225 132 
Bin 75: 471 309 262 173 178 
