# Objective: 76
# Time: 18.1124
# Feasible: 1
# Solution:
Bin 0: 468 223 192 416 461 142 204 
Bin 1: 266 10 132 357 72 474 
Bin 2: 115 331 450 379 459 63 
Bin 3: 390 201 177 246 6 262 303 411 
Bin 4: 151 209 3 89 82 249 
Bin 5: 79 51 296 275 71 394 188 
Bin 6: 174 117 491 444 167 198 323 
Bin 7: 437 20 90 98 250 61 
Bin 8: 75 228 445 190 337 231 127 
Bin 9: 160 344 102 287 148 272 
Bin 10: 375 123 191 369 475 397 77 
Bin 11: 153 255 78 227 52 335 
Bin 12: 399 451 458 64 248 261 106 494 
Bin 13: 220 438 7 236 306 
Bin 14: 130 99 454 320 353 364 
Bin 15: 114 264 141 197 214 165 
Bin 16: 23 38 156 30 482 283 404 389 
Bin 17: 33 281 367 205 408 247 
Bin 18: 343 372 273 424 234 443 316 436 
Bin 19: 487 34 434 196 193 
Bin 20: 294 282 452 59 18 217 420 
Bin 21: 347 319 279 68 230 42 465 137 
Bin 22: 254 309 164 295 212 4 
Bin 23: 73 330 340 308 144 342 
Bin 24: 284 140 324 180 238 200 56 135 
Bin 25: 215 370 0 232 67 178 426 76 
Bin 26: 265 313 493 334 432 259 356 101 
Bin 27: 310 111 12 456 276 291 
Bin 28: 183 256 268 362 318 497 69 
Bin 29: 427 202 486 414 360 161 354 350 
Bin 30: 92 298 496 27 428 184 271 376 
Bin 31: 9 348 121 332 216 300 65 
Bin 32: 53 168 16 62 341 
Bin 33: 471 244 448 17 105 253 398 359 
Bin 34: 118 267 388 407 270 292 45 
Bin 35: 218 186 97 21 490 22 
Bin 36: 280 237 392 351 382 463 
Bin 37: 405 381 299 37 252 13 131 44 
Bin 38: 355 159 225 446 15 312 315 194 
Bin 39: 85 430 289 124 378 325 
Bin 40: 1 409 224 481 483 146 418 
Bin 41: 373 380 199 305 108 25 87 
Bin 42: 182 233 26 91 363 
Bin 43: 328 455 391 241 60 229 176 
Bin 44: 263 219 387 476 484 2 245 
Bin 45: 327 46 403 122 441 152 385 251 
Bin 46: 301 235 417 95 338 269 
Bin 47: 104 187 169 136 469 29 286 
Bin 48: 84 74 257 139 70 488 81 
Bin 49: 31 43 113 406 50 49 32 83 
Bin 50: 447 365 19 116 453 431 149 
Bin 51: 179 103 386 317 240 410 
Bin 52: 412 157 134 58 290 278 349 163 243 
Bin 53: 413 208 477 203 346 366 5 
Bin 54: 478 143 14 213 150 288 
Bin 55: 402 472 470 96 466 435 112 
Bin 56: 221 485 48 8 93 495 
Bin 57: 400 260 211 40 41 285 
Bin 58: 107 361 423 396 147 480 189 80 
Bin 59: 401 339 94 307 293 
Bin 60: 206 329 133 473 492 55 
Bin 61: 358 173 377 499 185 207 
Bin 62: 311 120 421 314 321 
Bin 63: 138 395 155 489 440 
Bin 64: 66 39 162 460 302 
Bin 65: 304 449 36 181 35 222 119 
Bin 66: 158 100 479 371 277 
Bin 67: 439 326 145 88 166 345 172 
Bin 68: 498 336 195 433 467 425 
Bin 69: 175 352 28 415 170 419 210 125 242 
Bin 70: 86 109 24 258 274 
Bin 71: 57 457 239 383 464 
Bin 72: 374 126 462 110 442 
Bin 73: 368 429 154 422 54 
Bin 74: 47 226 333 297 393 384 
Bin 75: 129 128 322 171 11 
