# Objective: 37
# Time: 2.28406
# Feasible: 1
# Solution:
Bin 0: 176 228 81 127 57 19 
Bin 1: 201 131 20 203 234 122 167 
Bin 2: 124 17 67 6 202 61 35 146 207 93 
Bin 3: 33 237 160 136 138 227 
Bin 4: 183 5 56 190 69 25 144 
Bin 5: 249 137 193 196 50 26 101 
Bin 6: 100 18 73 206 231 123 213 
Bin 7: 59 21 187 157 78 94 158 
Bin 8: 91 220 8 153 186 132 229 77 
Bin 9: 108 185 118 242 98 245 39 
Bin 10: 34 171 141 68 116 169 
Bin 11: 230 84 107 204 99 38 164 114 181 
Bin 12: 189 129 53 13 156 29 28 170 
Bin 13: 211 155 139 46 161 135 112 165 
Bin 14: 1 51 225 97 52 177 37 
Bin 15: 243 212 111 76 62 173 197 
Bin 16: 60 27 72 96 239 
Bin 17: 103 194 240 90 192 9 
Bin 18: 130 195 119 23 199 244 
Bin 19: 198 147 10 87 216 
Bin 20: 44 43 83 184 15 134 152 159 
Bin 21: 148 168 89 126 191 172 
Bin 22: 120 2 238 246 45 92 219 179 
Bin 23: 218 88 24 32 223 104 
Bin 24: 143 125 49 105 145 12 235 
Bin 25: 85 162 233 180 188 55 70 4 82 
Bin 26: 248 208 71 11 174 63 75 16 
Bin 27: 178 14 36 117 40 182 
Bin 28: 22 151 0 41 224 150 
Bin 29: 210 166 128 66 133 
Bin 30: 121 30 31 140 205 58 
Bin 31: 95 115 65 3 80 163 42 
Bin 32: 48 215 113 241 232 102 7 
Bin 33: 110 214 109 74 221 149 
Bin 34: 217 209 79 142 222 
Bin 35: 86 247 226 54 236 
Bin 36: 64 106 154 175 200 47 
