# Objective: 148
# Time: 107.052
# Feasible: 1
# Solution:
Bin 0: 547 38 286 468 830 935 356 
Bin 1: 670 118 641 883 535 938 
Bin 2: 847 447 619 836 889 132 882 962 328 
Bin 3: 329 473 199 798 630 306 
Bin 4: 302 448 719 837 180 903 932 
Bin 5: 808 382 800 771 253 163 
Bin 6: 91 170 936 725 622 722 
Bin 7: 358 229 368 621 261 251 900 711 54 
Bin 8: 337 45 339 68 429 911 114 562 
Bin 9: 57 527 365 891 835 2 231 
Bin 10: 569 271 632 814 651 709 188 943 908 
Bin 11: 148 639 551 414 919 331 637 680 
Bin 12: 183 287 933 660 998 894 957 868 996 
Bin 13: 915 867 969 154 593 681 732 425 
Bin 14: 666 40 278 784 608 159 856 823 
Bin 15: 886 720 832 399 761 22 625 
Bin 16: 742 739 152 543 655 764 695 517 735 
Bin 17: 172 872 92 884 614 191 277 
Bin 18: 208 107 377 157 224 871 
Bin 19: 669 563 636 692 372 600 
Bin 20: 289 334 127 381 402 927 812 978 
Bin 21: 840 335 749 961 887 
Bin 22: 917 577 863 82 916 189 857 538 
Bin 23: 657 27 88 51 946 145 721 
Bin 24: 0 292 913 959 762 629 
Bin 25: 104 204 971 696 770 497 
Bin 26: 714 450 638 558 729 858 29 
Bin 27: 13 211 206 751 362 
Bin 28: 177 985 184 664 230 665 816 
Bin 29: 642 332 479 352 6 219 574 
Bin 30: 101 344 765 716 280 508 775 
Bin 31: 259 83 500 96 839 756 298 685 
Bin 32: 779 422 661 822 133 470 640 718 
Bin 33: 312 529 406 705 501 86 243 
Bin 34: 658 904 156 602 431 391 491 
Bin 35: 579 458 267 465 792 589 
Bin 36: 477 423 788 560 316 785 
Bin 37: 753 481 442 679 977 129 866 
Bin 38: 659 225 185 227 953 599 626 675 690 
Bin 39: 141 90 21 72 238 
Bin 40: 860 462 952 829 797 254 928 187 
Bin 41: 536 923 314 324 25 383 907 
Bin 42: 247 293 727 160 69 379 175 
Bin 43: 881 678 570 142 418 895 
Bin 44: 516 545 902 102 216 270 
Bin 45: 320 47 44 583 128 
Bin 46: 182 834 333 627 131 305 
Bin 47: 795 274 296 138 586 85 346 144 
Bin 48: 668 801 12 613 525 76 
Bin 49: 190 624 689 474 233 504 
Bin 50: 980 530 355 634 828 149 
Bin 51: 925 209 805 731 441 715 
Bin 52: 265 780 787 676 815 472 394 283 212 
Bin 53: 763 164 505 663 997 939 
Bin 54: 874 279 70 351 789 111 389 605 440 124 
Bin 55: 566 901 264 240 376 326 507 968 
Bin 56: 955 534 236 49 395 824 
Bin 57: 71 282 42 578 193 633 
Bin 58: 94 645 340 4 794 990 
Bin 59: 554 393 708 752 914 400 
Bin 60: 532 603 359 357 591 552 347 290 
Bin 61: 746 363 345 673 146 
Bin 62: 618 294 81 79 703 506 99 
Bin 63: 166 95 223 234 885 844 338 
Bin 64: 550 53 699 557 380 5 809 
Bin 65: 649 476 924 776 521 245 
Bin 66: 748 782 284 466 604 
Bin 67: 117 361 967 515 485 218 
Bin 68: 893 760 291 617 963 106 920 
Bin 69: 319 826 480 702 215 384 
Bin 70: 317 767 611 67 548 26 
Bin 71: 701 205 226 140 492 948 677 
Bin 72: 9 820 307 445 281 273 
Bin 73: 17 772 43 478 890 327 595 
Bin 74: 153 207 116 741 410 256 899 744 
Bin 75: 457 740 237 540 510 
Bin 76: 162 910 1 396 467 791 455 
Bin 77: 737 672 519 704 446 631 821 
Bin 78: 169 799 909 122 16 255 60 511 769 
Bin 79: 926 849 930 896 439 929 397 
Bin 80: 483 203 322 653 336 572 239 773 388 
Bin 81: 260 8 607 20 671 852 98 36 
Bin 82: 248 972 499 39 513 198 892 838 
Bin 83: 385 537 581 509 297 585 313 
Bin 84: 987 123 433 571 576 733 
Bin 85: 55 713 755 541 486 262 52 
Bin 86: 601 451 437 371 37 975 974 
Bin 87: 522 958 464 202 301 370 777 
Bin 88: 584 109 533 587 430 197 
Bin 89: 707 28 201 417 350 594 
Bin 90: 514 421 18 556 875 
Bin 91: 495 691 232 48 113 991 459 449 404 
Bin 92: 979 973 738 897 700 
Bin 93: 348 944 196 793 136 817 
Bin 94: 411 300 781 392 945 818 650 
Bin 95: 745 64 354 213 14 460 438 
Bin 96: 235 66 268 349 564 244 353 
Bin 97: 644 949 559 303 654 620 
Bin 98: 416 89 813 311 964 428 
Bin 99: 879 121 369 606 623 165 
Bin 100: 851 855 452 364 3 366 846 783 
Bin 101: 652 986 734 524 105 415 
Bin 102: 717 386 61 469 63 
Bin 103: 214 862 768 195 456 24 126 
Bin 104: 954 31 612 135 119 590 609 93 308 
Bin 105: 561 528 87 375 854 983 982 272 
Bin 106: 706 330 143 103 951 74 555 
Bin 107: 35 112 880 412 496 
Bin 108: 30 343 62 424 568 426 
Bin 109: 940 870 811 50 825 934 
Bin 110: 444 33 992 453 937 498 
Bin 111: 390 956 859 876 546 463 23 100 
Bin 112: 694 482 758 484 210 786 
Bin 113: 217 407 173 15 7 598 110 252 
Bin 114: 616 321 922 754 155 804 
Bin 115: 588 266 843 582 108 544 181 
Bin 116: 803 995 906 408 249 
Bin 117: 648 288 993 766 921 342 84 
Bin 118: 158 864 912 242 549 73 
Bin 119: 831 323 194 471 434 970 994 869 
Bin 120: 796 827 161 387 750 592 531 
Bin 121: 942 299 841 947 374 802 553 
Bin 122: 58 757 367 454 723 241 276 597 
Bin 123: 842 726 401 167 710 56 865 
Bin 124: 712 178 520 806 526 295 435 
Bin 125: 258 542 275 246 853 
Bin 126: 976 512 833 643 688 46 
Bin 127: 647 325 10 360 257 269 
Bin 128: 32 461 115 134 931 
Bin 129: 65 580 174 151 250 19 575 848 
Bin 130: 635 790 698 493 667 125 
Bin 131: 130 693 523 97 656 518 873 
Bin 132: 409 222 75 989 898 432 610 728 
Bin 133: 263 730 819 309 318 228 
Bin 134: 743 398 877 573 304 168 724 
Bin 135: 34 488 988 413 960 59 
Bin 136: 736 490 850 861 436 845 
Bin 137: 918 984 200 950 539 150 
Bin 138: 565 966 747 78 221 176 11 
Bin 139: 147 999 615 888 965 489 905 
Bin 140: 628 684 120 646 139 682 687 
Bin 141: 683 315 662 502 941 
Bin 142: 192 494 41 674 420 378 419 
Bin 143: 774 186 427 220 487 77 686 
Bin 144: 475 171 503 759 179 
Bin 145: 697 373 981 405 567 285 878 
Bin 146: 807 403 443 137 778 
Bin 147: 596 810 310 80 341 
