# Objective: 18
# Time: 0.240063
# Feasible: 1
# Solution:
Bin 0: 43 44 75 104 27 11 48 
Bin 1: 53 13 6 38 22 47 106 73 
Bin 2: 9 18 70 55 107 29 81 
Bin 3: 32 56 80 62 35 67 61 
Bin 4: 84 89 66 8 39 15 
Bin 5: 45 1 116 77 97 16 64 105 
Bin 6: 90 92 109 33 0 2 40 
Bin 7: 4 76 68 17 87 28 71 101 
Bin 8: 5 113 41 19 34 83 
Bin 9: 98 21 108 82 10 118 58 
Bin 10: 31 50 54 88 51 7 3 
Bin 11: 110 57 117 30 37 100 
Bin 12: 119 94 91 93 20 
Bin 13: 59 96 36 42 12 114 
Bin 14: 95 72 69 25 52 60 
Bin 15: 26 112 99 102 46 14 
Bin 16: 115 74 78 85 24 111 
Bin 17: 65 86 49 103 79 63 23 
