# Objective: 37
# Time: 2.29113
# Feasible: 1
# Solution:
Bin 0: 226 197 236 8 7 129 133 
Bin 1: 119 215 218 242 80 170 123 
Bin 2: 35 172 136 30 246 49 137 89 241 
Bin 3: 37 235 179 14 10 107 171 
Bin 4: 124 143 99 46 212 55 13 145 83 
Bin 5: 239 58 106 167 198 
Bin 6: 161 68 79 84 153 165 15 223 
Bin 7: 140 138 71 186 19 219 105 
Bin 8: 1 34 132 24 118 149 157 
Bin 9: 166 32 101 155 188 92 177 243 121 
Bin 10: 228 174 187 135 17 182 70 
Bin 11: 159 103 42 206 113 115 122 238 
Bin 12: 196 5 222 224 244 96 
Bin 13: 150 134 144 232 57 213 104 214 
Bin 14: 41 160 98 194 146 169 189 233 
Bin 15: 77 69 220 151 231 128 
Bin 16: 175 76 38 162 31 199 227 
Bin 17: 208 94 59 112 109 16 50 
Bin 18: 54 75 22 95 237 158 
Bin 19: 195 114 152 44 39 
Bin 20: 181 51 108 36 225 85 64 
Bin 21: 142 176 90 2 25 91 
Bin 22: 67 178 120 63 207 202 87 
Bin 23: 247 4 23 6 78 156 
Bin 24: 0 72 245 200 33 18 
Bin 25: 130 230 248 147 221 141 
Bin 26: 110 111 56 217 11 93 
Bin 27: 45 185 127 62 139 164 249 
Bin 28: 191 102 29 163 12 74 
Bin 29: 211 86 192 26 154 43 28 
Bin 30: 48 65 61 21 180 216 
Bin 31: 27 183 82 53 205 209 
Bin 32: 210 81 47 88 73 131 
Bin 33: 40 52 60 184 234 66 
Bin 34: 168 117 116 9 100 
Bin 35: 240 97 229 3 204 148 203 
Bin 36: 190 201 125 20 126 173 193 
