# Objective: 47
# Time: 0.651993
# Feasible: 1
# Solution:
Bin 0: 26 21 104 202 162 12 34 
Bin 1: 159 2 245 87 237 1 
Bin 2: 193 137 146 69 51 192 172 7 
Bin 3: 44 214 158 152 93 62 123 
Bin 4: 223 176 59 244 153 109 
Bin 5: 73 124 189 70 16 125 35 182 
Bin 6: 150 31 84 17 9 183 71 
Bin 7: 196 197 78 210 160 37 56 
Bin 8: 216 219 0 170 114 113 
Bin 9: 198 226 38 233 13 19 225 83 
Bin 10: 199 231 177 246 49 107 25 217 
Bin 11: 230 41 100 136 76 191 
Bin 12: 224 18 98 99 112 154 115 
Bin 13: 145 166 29 138 79 
Bin 14: 186 156 48 92 181 53 55 
Bin 15: 208 20 4 97 23 67 
Bin 16: 64 165 117 200 174 119 61 
Bin 17: 121 63 207 81 129 144 
Bin 18: 241 213 6 3 236 103 175 
Bin 19: 248 108 32 239 22 132 47 220 
Bin 20: 188 205 111 118 221 74 8 
Bin 21: 247 116 195 27 218 72 77 143 
Bin 22: 89 10 80 46 120 227 
Bin 23: 142 209 95 58 30 203 
Bin 24: 228 43 215 102 28 
Bin 25: 163 66 167 106 128 
Bin 26: 91 60 122 155 39 24 243 
Bin 27: 127 184 
Bin 28: 168 45 88 15 135 14 
Bin 29: 171 222 133 50 194 157 
Bin 30: 173 148 57 36 212 234 
Bin 31: 201 204 206 134 110 
Bin 32: 169 33 42 235 238 
Bin 33: 65 101 240 185 105 
Bin 34: 178 
Bin 35: 11 164 96 
Bin 36: 68 94 249 229 232 
Bin 37: 126 211 161 147 
Bin 38: 90 52 131 149 
Bin 39: 75 
Bin 40: 130 54 
Bin 41: 180 141 85 
Bin 42: 179 139 190 86 242 
Bin 43: 82 5 151 
Bin 44: 40 
Bin 45: 187 
Bin 46: 140 
