# Objective: 193
# Time: 20.0467
# Feasible: 1
# Solution:
Bin 0: 532 563 953 619 889 165 779 483 845 
Bin 1: 629 101 228 668 61 994 42 945 
Bin 2: 352 813 445 996 429 454 
Bin 3: 675 434 699 334 913 469 
Bin 4: 307 756 89 895 642 
Bin 5: 300 254 788 104 575 875 625 571 646 
Bin 6: 461 730 66 548 769 474 14 
Bin 7: 598 993 728 246 206 106 891 693 
Bin 8: 201 113 185 505 665 751 279 175 
Bin 9: 156 357 417 293 591 278 
Bin 10: 12 19 100 197 861 432 
Bin 11: 435 839 790 350 198 995 231 976 719 
Bin 12: 784 273 796 171 999 40 
Bin 13: 82 362 374 848 289 55 
Bin 14: 797 753 900 736 427 679 855 950 
Bin 15: 507 182 348 224 261 
Bin 16: 144 529 176 713 361 560 
Bin 17: 827 555 883 846 90 840 695 580 
Bin 18: 7 804 638 511 517 296 
Bin 19: 204 686 86 811 448 966 603 523 
Bin 20: 169 385 33 972 877 754 
Bin 21: 22 643 783 722 489 851 644 
Bin 22: 553 906 503 528 345 
Bin 23: 752 280 428 618 288 364 491 
Bin 24: 541 422 51 287 322 734 227 134 
Bin 25: 327 820 872 902 657 455 192 
Bin 26: 633 26 720 304 636 897 
Bin 27: 214 564 909 682 317 867 964 
Bin 28: 477 961 768 825 392 
Bin 29: 922 239 696 164 132 382 757 53 
Bin 30: 277 862 915 780 321 674 763 816 
Bin 31: 948 446 408 136 425 980 
Bin 32: 291 928 439 755 969 841 
Bin 33: 677 879 510 202 545 405 442 978 195 
Bin 34: 297 43 520 409 534 457 
Bin 35: 70 831 849 716 203 
Bin 36: 487 71 620 956 81 426 
Bin 37: 330 245 498 48 170 424 
Bin 38: 121 394 717 220 212 
Bin 39: 355 18 513 700 481 998 566 
Bin 40: 54 823 544 343 786 946 
Bin 41: 546 433 458 127 984 937 
Bin 42: 253 103 423 749 588 436 856 179 4 
Bin 43: 32 666 810 535 582 577 759 
Bin 44: 881 893 938 233 888 787 
Bin 45: 46 407 312 860 986 215 
Bin 46: 958 599 655 173 865 573 306 
Bin 47: 98 59 981 316 524 794 267 
Bin 48: 29 914 150 444 745 96 387 
Bin 49: 88 531 124 931 712 838 257 
Bin 50: 187 320 836 282 325 367 30 146 
Bin 51: 959 869 94 703 853 298 694 
Bin 52: 733 373 189 778 243 775 
Bin 53: 133 453 129 221 947 223 
Bin 54: 346 251 167 991 25 678 
Bin 55: 817 954 558 380 809 654 
Bin 56: 568 833 857 761 670 147 499 805 
Bin 57: 747 459 73 276 521 
Bin 58: 927 376 807 721 771 365 
Bin 59: 114 383 396 697 
Bin 60: 692 802 864 500 681 414 
Bin 61: 63 294 662 391 526 208 
Bin 62: 332 69 606 739 941 992 
Bin 63: 624 774 486 148 850 484 885 
Bin 64: 664 723 559 496 232 488 339 
Bin 65: 565 538 509 569 537 658 440 
Bin 66: 379 85 235 903 375 616 460 718 
Bin 67: 878 470 38 131 87 248 
Bin 68: 602 576 600 130 64 191 356 
Bin 69: 418 236 56 183 843 
Bin 70: 122 773 561 482 611 951 
Bin 71: 685 341 177 301 781 
Bin 72: 194 157 8 44 967 52 579 
Bin 73: 527 270 586 349 75 731 199 
Bin 74: 835 704 217 676 593 
Bin 75: 776 450 639 792 92 701 
Bin 76: 116 112 120 791 369 
Bin 77: 671 149 673 552 929 604 584 605 
Bin 78: 707 471 216 518 979 247 
Bin 79: 689 777 250 340 648 
Bin 80: 155 758 957 456 660 684 
Bin 81: 554 785 940 815 767 919 556 
Bin 82: 271 550 803 172 590 79 60 
Bin 83: 36 480 904 252 260 366 324 
Bin 84: 342 143 637 16 77 302 
Bin 85: 490 184 760 309 
Bin 86: 698 866 683 795 858 140 632 
Bin 87: 735 476 628 62 515 205 
Bin 88: 963 908 360 314 
Bin 89: 137 932 285 830 493 868 
Bin 90: 971 504 764 647 0 244 570 934 
Bin 91: 987 91 985 420 651 283 543 
Bin 92: 744 118 732 
Bin 93: 226 218 472 525 609 95 612 
Bin 94: 918 371 20 384 181 
Bin 95: 135 501 680 892 337 234 
Bin 96: 31 284 886 452 911 193 
Bin 97: 494 262 890 842 882 
Bin 98: 10 34 123 592 942 
Bin 99: 3 2 166 656 930 
Bin 100: 413 268 372 415 949 402 
Bin 101: 615 438 710 338 988 1 329 
Bin 102: 874 240 766 854 770 
Bin 103: 449 119 910 557 211 
Bin 104: 622 57 597 495 311 742 
Bin 105: 746 610 738 844 390 
Bin 106: 308 962 828 333 328 180 168 
Bin 107: 975 319 39 242 13 323 871 
Bin 108: 921 78 661 292 562 
Bin 109: 536 801 530 344 154 
Bin 110: 894 264 5 410 714 419 
Bin 111: 126 516 793 275 762 437 
Bin 112: 982 729 873 326 
Bin 113: 765 347 
Bin 114: 508 310 727 968 
Bin 115: 225 497 852 125 512 
Bin 116: 377 443 15 24 263 589 876 
Bin 117: 687 210 368 84 142 58 255 
Bin 118: 539 105 41 
Bin 119: 466 431 924 884 107 970 272 
Bin 120: 709 161 923 607 265 
Bin 121: 708 
Bin 122: 237 595 163 76 353 
Bin 123: 596 241 11 983 832 378 
Bin 124: 430 952 381 715 585 
Bin 125: 67 389 
Bin 126: 158 896 702 990 711 47 401 229 
Bin 127: 649 898 209 17 626 540 
Bin 128: 315 955 706 97 
Bin 129: 533 690 933 141 
Bin 130: 514 398 258 274 21 
Bin 131: 587 83 290 
Bin 132: 93 829 108 65 
Bin 133: 669 305 630 388 249 782 151 
Bin 134: 973 905 174 806 
Bin 135: 370 230 
Bin 136: 800 653 468 99 399 
Bin 137: 907 
Bin 138: 473 789 478 
Bin 139: 485 259 
Bin 140: 111 336 808 659 826 
Bin 141: 421 645 542 159 492 
Bin 142: 222 935 623 313 35 
Bin 143: 363 358 145 
Bin 144: 688 186 139 115 547 819 
Bin 145: 386 821 926 238 870 
Bin 146: 617 965 901 359 635 
Bin 147: 72 479 814 256 28 
Bin 148: 634 847 652 
Bin 149: 303 772 748 
Bin 150: 614 939 153 80 467 
Bin 151: 318 441 331 411 
Bin 152: 196 
Bin 153: 200 128 863 608 741 916 
Bin 154: 631 578 37 
Bin 155: 23 627 613 213 
Bin 156: 27 594 188 
Bin 157: 299 601 
Bin 158: 281 621 
Bin 159: 406 641 837 400 
Bin 160: 295 6 737 581 465 
Bin 161: 451 812 
Bin 162: 475 989 
Bin 163: 219 650 506 725 
Bin 164: 74 110 178 
Bin 165: 416 519 974 502 
Bin 166: 266 691 936 354 447 824 
Bin 167: 944 859 
Bin 168: 49 
Bin 169: 160 798 740 917 
Bin 170: 190 395 522 393 50 672 
Bin 171: 880 551 109 640 
Bin 172: 667 68 822 
Bin 173: 997 818 45 743 724 
Bin 174: 152 583 463 
Bin 175: 102 574 
Bin 176: 286 462 117 
Bin 177: 138 
Bin 178: 412 799 
Bin 179: 925 943 
Bin 180: 464 960 549 834 
Bin 181: 912 977 920 162 404 
Bin 182: 397 335 
Bin 183: 726 403 207 
Bin 184: 887 
Bin 185: 572 351 
Bin 186: 750 
Bin 187: 9 
Bin 188: 705 
Bin 189: 663 
Bin 190: 567 
Bin 191: 899 
Bin 192: 269 
