# Objective: 152
# Time: 164.143
# Feasible: 1
# Solution:
Bin 0: 267 679 776 843 50 9 875 297 
Bin 1: 279 101 747 272 448 289 900 938 562 
Bin 2: 168 716 684 255 300 301 
Bin 3: 391 80 331 118 95 930 
Bin 4: 410 106 914 688 337 199 128 
Bin 5: 35 569 378 365 371 
Bin 6: 137 34 430 701 996 937 
Bin 7: 190 220 876 583 769 
Bin 8: 116 968 737 993 917 382 685 
Bin 9: 164 403 966 441 992 11 135 
Bin 10: 504 881 666 757 72 729 326 
Bin 11: 743 592 925 682 894 334 597 
Bin 12: 693 506 318 139 69 239 505 535 
Bin 13: 405 206 313 100 964 433 356 
Bin 14: 56 446 841 181 706 840 958 
Bin 15: 498 839 18 542 808 
Bin 16: 640 269 19 929 973 314 146 
Bin 17: 12 379 529 59 57 974 
Bin 18: 837 355 84 947 595 152 256 225 
Bin 19: 623 803 984 7 911 952 705 
Bin 20: 555 479 528 598 24 236 975 431 
Bin 21: 148 53 23 180 936 340 
Bin 22: 524 360 593 373 394 668 376 
Bin 23: 194 400 495 718 932 662 243 
Bin 24: 58 234 801 384 587 82 887 385 
Bin 25: 55 440 103 115 721 
Bin 26: 377 436 349 771 0 557 161 760 
Bin 27: 20 270 852 73 287 120 
Bin 28: 261 439 945 723 522 981 
Bin 29: 895 927 466 67 753 121 531 845 
Bin 30: 145 398 321 147 922 715 468 
Bin 31: 319 46 987 550 480 494 462 76 174 62 
Bin 32: 388 954 245 596 138 878 690 920 
Bin 33: 621 811 787 903 61 460 
Bin 34: 372 579 284 905 500 
Bin 35: 3 785 343 581 612 880 654 
Bin 36: 359 758 730 183 948 10 791 323 
Bin 37: 413 714 406 191 882 219 21 158 
Bin 38: 614 570 744 282 893 670 643 
Bin 39: 238 694 306 244 727 664 457 8 
Bin 40: 942 488 450 632 150 573 299 298 
Bin 41: 616 454 213 950 871 
Bin 42: 411 17 64 502 230 672 
Bin 43: 233 527 280 547 807 
Bin 44: 916 855 242 315 303 330 641 
Bin 45: 609 699 590 869 722 207 
Bin 46: 92 366 178 108 192 650 
Bin 47: 364 214 126 820 66 607 
Bin 48: 276 575 735 42 838 482 294 
Bin 49: 171 669 902 856 104 290 259 
Bin 50: 912 465 589 671 986 486 296 
Bin 51: 519 659 459 293 860 310 
Bin 52: 157 375 526 994 204 188 773 497 
Bin 53: 779 60 358 487 420 75 304 
Bin 54: 425 88 85 805 748 63 111 
Bin 55: 970 683 387 826 804 30 
Bin 56: 532 129 567 226 265 456 538 
Bin 57: 752 906 710 546 786 45 
Bin 58: 47 599 2 963 949 510 
Bin 59: 561 503 370 222 833 766 
Bin 60: 802 485 428 402 211 703 
Bin 61: 227 577 602 328 520 846 327 
Bin 62: 676 928 943 991 374 638 
Bin 63: 329 43 351 751 822 681 
Bin 64: 368 637 625 393 582 934 390 
Bin 65: 844 823 720 923 262 229 818 
Bin 66: 825 277 971 615 123 154 
Bin 67: 639 908 51 788 622 412 530 740 
Bin 68: 585 517 338 83 563 
Bin 69: 70 474 325 28 396 689 
Bin 70: 713 342 153 362 738 515 173 777 549 
Bin 71: 5 193 499 419 556 65 
Bin 72: 564 112 29 445 32 939 324 
Bin 73: 490 990 477 478 821 631 163 273 
Bin 74: 793 278 764 810 799 605 404 286 
Bin 75: 726 772 251 196 897 237 170 
Bin 76: 416 508 828 435 105 201 
Bin 77: 348 86 946 208 113 151 470 
Bin 78: 155 660 93 124 248 
Bin 79: 644 675 172 427 712 728 107 
Bin 80: 246 159 695 700 798 363 
Bin 81: 4 160 352 332 940 260 944 312 
Bin 82: 962 185 819 864 711 166 708 167 899 
Bin 83: 691 651 572 203 988 350 
Bin 84: 125 770 44 291 613 
Bin 85: 434 443 228 901 131 951 888 
Bin 86: 642 127 774 796 175 741 
Bin 87: 551 663 501 884 473 
Bin 88: 423 678 143 795 724 493 421 311 
Bin 89: 98 935 918 961 295 
Bin 90: 591 606 305 94 749 317 
Bin 91: 568 447 537 144 232 77 762 
Bin 92: 655 36 223 516 600 469 
Bin 93: 558 618 132 316 707 872 
Bin 94: 74 972 861 709 288 
Bin 95: 322 824 800 240 719 
Bin 96: 467 862 866 998 586 702 
Bin 97: 483 977 853 648 859 418 
Bin 98: 755 696 989 78 636 26 
Bin 99: 335 283 548 534 247 792 281 
Bin 100: 704 778 610 827 746 545 
Bin 101: 424 22 461 680 136 109 347 
Bin 102: 71 781 463 566 854 369 110 
Bin 103: 544 536 732 588 452 847 
Bin 104: 182 754 725 806 14 698 559 
Bin 105: 653 797 380 357 333 395 521 
Bin 106: 601 539 933 27 782 212 
Bin 107: 263 117 444 344 484 471 
Bin 108: 848 285 336 389 235 476 645 734 554 
Bin 109: 812 367 955 921 397 
Bin 110: 673 868 409 209 339 543 865 
Bin 111: 733 458 635 509 320 889 
Bin 112: 432 624 142 608 518 258 
Bin 113: 449 122 913 874 967 346 634 345 91 
Bin 114: 407 140 924 224 661 571 40 13 540 438 
Bin 115: 437 512 221 896 885 870 890 
Bin 116: 892 629 217 983 475 851 
Bin 117: 271 763 883 960 926 
Bin 118: 959 835 114 783 455 
Bin 119: 48 408 472 552 309 489 
Bin 120: 97 292 200 15 231 216 96 
Bin 121: 999 574 481 565 775 649 381 
Bin 122: 850 909 750 898 492 
Bin 123: 603 849 809 119 982 
Bin 124: 186 604 176 739 829 
Bin 125: 620 768 858 626 429 979 49 
Bin 126: 953 611 652 415 832 
Bin 127: 249 250 187 399 241 198 
Bin 128: 16 414 646 422 99 780 215 401 
Bin 129: 842 745 130 687 794 496 426 
Bin 130: 817 677 1 417 915 742 134 584 39 
Bin 131: 863 692 513 133 386 162 
Bin 132: 491 156 957 218 177 464 341 141 392 
Bin 133: 765 354 210 165 886 628 453 656 
Bin 134: 302 665 910 169 202 257 731 
Bin 135: 52 789 189 630 931 252 
Bin 136: 617 254 814 969 995 978 
Bin 137: 264 6 507 657 33 594 541 
Bin 138: 756 877 41 997 253 307 759 
Bin 139: 37 525 965 619 736 767 
Bin 140: 627 38 919 274 904 
Bin 141: 205 907 451 361 560 266 867 834 
Bin 142: 813 383 686 54 79 
Bin 143: 815 102 633 873 836 179 
Bin 144: 647 184 816 353 514 511 
Bin 145: 667 578 195 941 197 
Bin 146: 761 523 784 149 268 
Bin 147: 956 830 891 831 308 857 
Bin 148: 980 31 790 580 658 553 697 
Bin 149: 442 576 879 976 985 
Bin 150: 275 87 81 90 674 
Bin 151: 717 25 68 89 533 
