# Objective: 152
# Time: 184.448
# Feasible: 1
# Solution:
Bin 0: 570 972 444 846 888 632 167 372 
Bin 1: 535 130 390 753 45 
Bin 2: 755 313 380 174 783 681 979 
Bin 3: 414 19 950 384 985 240 
Bin 4: 738 148 685 247 988 272 947 
Bin 5: 442 2 75 300 459 447 231 298 
Bin 6: 58 969 736 483 889 409 356 
Bin 7: 785 397 339 314 611 
Bin 8: 948 182 562 157 262 750 122 180 
Bin 9: 48 90 533 479 596 559 
Bin 10: 413 371 583 0 818 105 183 
Bin 11: 102 7 558 480 801 951 686 
Bin 12: 822 151 159 789 872 152 525 
Bin 13: 916 349 505 703 863 624 
Bin 14: 626 230 958 619 656 430 271 687 696 
Bin 15: 334 563 233 14 168 651 28 
Bin 16: 196 299 856 210 757 
Bin 17: 446 55 828 275 186 288 
Bin 18: 581 922 111 732 17 666 165 861 
Bin 19: 16 511 633 719 43 468 416 50 855 
Bin 20: 308 895 689 805 536 990 572 
Bin 21: 803 946 977 15 54 127 
Bin 22: 9 291 688 914 212 578 
Bin 23: 353 84 781 89 481 893 
Bin 24: 978 890 466 854 234 98 285 
Bin 25: 368 154 936 899 425 35 10 886 557 
Bin 26: 367 968 684 59 82 506 714 302 643 
Bin 27: 955 866 76 494 248 69 
Bin 28: 421 364 941 394 178 5 464 
Bin 29: 198 850 765 193 490 935 53 
Bin 30: 326 458 266 303 20 375 235 586 
Bin 31: 671 250 848 125 137 544 
Bin 32: 227 450 95 665 924 65 510 
Bin 33: 715 766 952 825 194 295 226 32 
Bin 34: 587 815 690 949 317 304 33 
Bin 35: 539 851 523 838 360 242 573 316 
Bin 36: 823 527 341 564 13 904 
Bin 37: 676 903 623 504 907 73 705 
Bin 38: 99 971 322 337 268 202 309 
Bin 39: 94 398 190 493 883 
Bin 40: 129 529 546 731 802 880 920 
Bin 41: 683 215 382 103 867 239 67 255 471 
Bin 42: 561 549 192 592 612 319 
Bin 43: 984 720 278 72 953 38 171 297 
Bin 44: 840 764 502 77 876 724 357 607 
Bin 45: 669 373 791 745 236 769 228 806 
Bin 46: 652 289 677 600 449 
Bin 47: 68 700 843 199 912 328 434 369 
Bin 48: 937 711 698 18 772 839 615 
Bin 49: 636 405 575 642 571 743 906 
Bin 50: 112 120 62 261 821 817 496 258 
Bin 51: 987 348 85 335 221 655 
Bin 52: 376 569 3 930 253 614 616 
Bin 53: 722 860 908 294 237 629 594 156 
Bin 54: 729 274 417 813 499 427 256 195 
Bin 55: 176 579 22 138 787 733 189 
Bin 56: 807 435 177 91 445 293 107 
Bin 57: 501 283 593 973 983 625 
Bin 58: 639 566 672 517 540 
Bin 59: 794 898 792 522 388 691 
Bin 60: 598 273 956 139 965 126 478 23 
Bin 61: 762 747 362 420 728 777 894 
Bin 62: 415 25 457 784 323 
Bin 63: 986 641 538 352 547 343 
Bin 64: 418 995 338 627 835 
Bin 65: 556 93 214 637 668 584 
Bin 66: 223 931 933 882 620 799 
Bin 67: 775 734 310 282 541 292 649 
Bin 68: 662 224 663 134 550 599 919 443 778 877 
Bin 69: 545 837 771 346 284 512 653 408 
Bin 70: 608 36 758 320 748 404 
Bin 71: 927 913 646 456 832 773 826 
Bin 72: 332 465 708 347 488 507 552 962 
Bin 73: 847 108 961 782 491 
Bin 74: 79 279 508 809 74 
Bin 75: 115 1 160 981 423 484 
Bin 76: 692 857 631 991 868 315 
Bin 77: 945 133 114 887 939 963 966 543 
Bin 78: 915 280 534 897 147 200 277 
Bin 79: 744 871 81 982 938 290 489 455 
Bin 80: 386 875 61 263 419 
Bin 81: 60 411 359 751 401 661 768 307 
Bin 82: 336 245 500 664 849 542 
Bin 83: 71 461 943 670 286 
Bin 84: 121 296 11 717 216 726 992 513 
Bin 85: 355 996 718 884 305 361 654 
Bin 86: 164 730 650 325 610 26 
Bin 87: 779 820 4 264 238 51 161 
Bin 88: 674 565 8 24 678 635 585 831 
Bin 89: 588 577 31 170 707 469 
Bin 90: 185 92 249 811 29 66 
Bin 91: 463 197 960 429 713 702 609 30 
Bin 92: 902 634 727 46 184 833 
Bin 93: 591 145 119 142 351 155 841 
Bin 94: 638 519 181 387 475 333 232 551 
Bin 95: 267 203 709 135 269 658 
Bin 96: 780 997 44 896 816 693 220 
Bin 97: 219 976 123 403 88 
Bin 98: 6 265 845 532 613 
Bin 99: 859 735 56 406 528 
Bin 100: 287 798 12 590 454 606 555 767 257 
Bin 101: 166 679 829 761 331 
Bin 102: 554 770 477 392 432 482 128 
Bin 103: 187 426 675 321 793 647 858 86 
Bin 104: 923 673 440 495 124 342 118 
Bin 105: 905 892 760 873 878 153 
Bin 106: 812 959 106 422 472 
Bin 107: 476 374 862 701 204 
Bin 108: 763 621 27 381 900 172 
Bin 109: 393 254 497 117 209 597 433 
Bin 110: 940 485 601 797 260 786 
Bin 111: 576 580 208 132 399 603 205 
Bin 112: 605 974 97 800 241 
Bin 113: 739 788 980 865 370 402 526 
Bin 114: 644 998 921 143 810 306 911 
Bin 115: 131 252 618 311 42 752 
Bin 116: 395 954 412 213 70 191 
Bin 117: 970 704 100 834 852 201 712 
Bin 118: 716 378 999 113 41 989 
Bin 119: 560 514 964 853 617 410 
Bin 120: 87 595 383 568 163 318 
Bin 121: 874 925 207 697 101 516 
Bin 122: 39 80 344 498 366 40 211 
Bin 123: 149 222 667 759 640 47 
Bin 124: 910 358 400 462 706 
Bin 125: 431 146 521 486 34 173 140 885 
Bin 126: 21 819 645 492 814 723 
Bin 127: 790 776 942 225 428 944 
Bin 128: 96 437 957 150 259 993 329 
Bin 129: 424 657 515 524 379 
Bin 130: 503 467 630 246 796 
Bin 131: 169 975 699 52 553 
Bin 132: 470 49 795 350 438 327 179 
Bin 133: 721 64 63 57 141 869 487 
Bin 134: 622 109 994 929 136 
Bin 135: 754 864 110 531 330 741 276 
Bin 136: 354 243 537 473 104 
Bin 137: 928 725 879 520 918 
Bin 138: 742 934 144 217 391 436 
Bin 139: 206 441 37 270 749 695 
Bin 140: 460 756 518 251 530 
Bin 141: 909 881 628 830 389 
Bin 142: 229 188 83 740 746 844 396 
Bin 143: 710 407 439 451 158 
Bin 144: 774 453 548 660 680 582 574 78 
Bin 145: 175 682 967 870 281 116 218 
Bin 146: 926 377 474 301 365 
Bin 147: 602 827 385 804 312 
Bin 148: 244 659 737 648 345 162 
Bin 149: 842 509 340 324 452 917 
Bin 150: 448 836 824 604 694 567 363 
Bin 151: 589 932 891 808 901 
