# Objective: 75
# Time: 18.6997
# Feasible: 1
# Solution:
Bin 0: 207 484 482 38 448 127 
Bin 1: 143 260 97 94 191 209 204 190 
Bin 2: 292 404 18 466 406 381 460 374 170 
Bin 3: 110 415 312 24 3 397 442 399 
Bin 4: 308 216 98 195 254 102 364 
Bin 5: 75 99 140 481 9 241 121 
Bin 6: 347 488 141 320 227 253 
Bin 7: 0 336 263 297 293 422 115 
Bin 8: 64 169 131 346 167 129 160 
Bin 9: 81 17 390 139 449 472 282 
Bin 10: 202 483 414 59 316 63 52 108 155 
Bin 11: 352 405 433 33 142 423 
Bin 12: 83 496 119 196 393 6 340 
Bin 13: 277 325 40 103 388 184 148 228 
Bin 14: 16 498 363 8 145 223 
Bin 15: 349 146 2 324 416 217 296 
Bin 16: 407 39 68 439 424 92 
Bin 17: 208 61 95 371 13 329 189 
Bin 18: 232 370 173 267 36 467 454 458 
Bin 19: 318 450 188 392 275 491 
Bin 20: 434 14 474 86 306 234 219 
Bin 21: 378 338 1 327 51 192 
Bin 22: 289 279 133 445 34 144 218 210 
Bin 23: 475 417 262 367 273 278 
Bin 24: 156 20 492 201 383 459 180 
Bin 25: 74 70 250 302 326 100 
Bin 26: 56 238 215 147 224 447 181 109 
Bin 27: 176 428 214 29 269 158 221 
Bin 28: 310 453 368 362 258 245 420 332 
Bin 29: 444 43 400 402 79 471 
Bin 30: 331 85 300 96 252 413 
Bin 31: 42 45 25 229 159 152 385 499 
Bin 32: 264 157 69 360 186 398 480 
Bin 33: 11 154 394 261 276 351 47 
Bin 34: 50 412 435 373 212 
Bin 35: 290 91 334 174 187 
Bin 36: 266 372 457 330 112 93 149 
Bin 37: 436 313 251 462 489 311 53 
Bin 38: 113 315 425 162 429 380 
Bin 39: 355 268 128 342 430 172 57 54 185 
Bin 40: 194 281 359 357 376 301 321 
Bin 41: 384 401 247 307 235 230 175 
Bin 42: 309 345 291 426 271 288 78 
Bin 43: 333 73 354 137 88 26 
Bin 44: 242 76 455 104 130 465 
Bin 45: 71 287 41 473 55 387 
Bin 46: 485 323 259 304 35 166 493 382 
Bin 47: 350 236 101 213 446 
Bin 48: 452 62 274 114 409 
Bin 49: 49 451 31 44 322 233 179 335 
Bin 50: 377 205 328 116 87 237 
Bin 51: 395 19 418 348 419 122 
Bin 52: 369 303 294 443 463 168 135 
Bin 53: 431 379 468 396 134 490 199 220 410 
Bin 54: 243 240 164 344 161 105 
Bin 55: 270 403 77 495 163 
Bin 56: 343 197 138 464 497 60 
Bin 57: 211 283 80 358 366 
Bin 58: 120 319 456 239 46 111 
Bin 59: 225 477 298 32 107 
Bin 60: 126 28 150 299 478 90 231 
Bin 61: 226 136 255 441 479 89 4 
Bin 62: 272 257 341 23 67 356 437 
Bin 63: 106 82 421 469 183 295 386 
Bin 64: 15 58 246 432 65 
Bin 65: 10 487 203 48 182 124 286 
Bin 66: 72 284 280 22 66 125 
Bin 67: 117 249 476 193 206 244 248 265 
Bin 68: 84 461 153 365 408 339 
Bin 69: 314 411 337 361 305 165 389 
Bin 70: 391 177 438 494 118 486 
Bin 71: 440 375 27 7 470 151 
Bin 72: 171 222 37 317 123 353 
Bin 73: 30 256 200 21 132 
Bin 74: 178 198 285 427 12 5 
