# Objective: 19
# Time: 0.329874
# Feasible: 1
# Solution:
Bin 0: 17 2 45 27 65 82 29 
Bin 1: 114 94 41 43 95 16 102 
Bin 2: 31 58 30 92 78 47 
Bin 3: 9 101 42 106 68 115 
Bin 4: 107 39 37 52 20 88 89 
Bin 5: 104 38 111 4 14 55 
Bin 6: 99 24 109 108 75 85 32 
Bin 7: 71 46 22 113 23 48 
Bin 8: 110 67 0 54 10 76 
Bin 9: 50 44 57 21 13 72 69 
Bin 10: 25 59 7 117 61 28 35 70 
Bin 11: 40 66 6 26 79 62 116 
Bin 12: 60 105 18 19 84 118 34 
Bin 13: 11 90 51 83 12 8 
Bin 14: 96 98 74 3 1 
Bin 15: 119 100 103 97 77 81 
Bin 16: 112 5 56 93 87 49 15 
Bin 17: 64 73 86 91 
Bin 18: 36 80 53 63 33 
