# Objective: 100
# Time: 1.34004
# Feasible: 1
# Solution:
Bin 0: 185 38 443 184 4 144 98 198 
Bin 1: 122 251 353 304 437 138 
Bin 2: 143 374 285 292 281 158 
Bin 3: 477 318 105 234 11 341 
Bin 4: 438 28 361 183 233 180 35 332 
Bin 5: 485 193 132 236 346 169 421 
Bin 6: 243 163 363 54 0 15 157 331 
Bin 7: 17 81 262 192 33 82 123 484 
Bin 8: 334 253 371 289 29 
Bin 9: 136 340 146 267 147 434 
Bin 10: 497 42 378 162 72 452 409 
Bin 11: 354 238 99 59 389 455 407 
Bin 12: 32 435 53 68 428 173 
Bin 13: 115 133 201 450 26 76 359 
Bin 14: 159 49 372 94 44 52 63 
Bin 15: 254 454 118 206 402 398 207 433 
Bin 16: 392 95 239 403 364 242 412 494 
Bin 17: 397 463 51 12 491 61 
Bin 18: 410 40 310 429 130 211 212 
Bin 19: 355 462 446 291 166 125 
Bin 20: 283 319 489 401 387 367 
Bin 21: 393 119 197 297 425 31 
Bin 22: 127 60 139 426 261 36 265 
Bin 23: 272 436 273 41 151 270 
Bin 24: 325 224 27 91 362 107 459 
Bin 25: 47 442 308 360 204 178 
Bin 26: 25 370 222 245 161 124 79 490 
Bin 27: 104 141 168 89 493 
Bin 28: 317 209 2 208 479 321 
Bin 29: 92 302 384 255 230 
Bin 30: 416 431 131 216 20 415 422 
Bin 31: 313 260 474 256 465 441 
Bin 32: 175 23 301 113 187 172 
Bin 33: 417 150 357 299 460 483 
Bin 34: 37 232 24 16 48 337 77 
Bin 35: 88 134 358 112 427 6 67 344 
Bin 36: 30 487 264 274 390 305 
Bin 37: 240 420 418 377 413 21 391 
Bin 38: 376 75 466 478 356 65 191 
Bin 39: 9 241 203 215 475 78 430 
Bin 40: 142 226 227 160 286 3 13 
Bin 41: 342 451 369 468 186 
Bin 42: 271 440 66 177 106 277 
Bin 43: 152 343 205 366 225 
Bin 44: 499 406 338 214 315 181 74 100 383 
Bin 45: 333 7 246 237 445 280 365 
Bin 46: 414 385 
Bin 47: 326 290 231 373 73 464 298 
Bin 48: 432 18 43 57 282 
Bin 49: 218 148 352 388 156 258 
Bin 50: 170 176 96 252 117 348 
Bin 51: 405 111 244 90 330 14 
Bin 52: 284 202 83 311 
Bin 53: 114 190 87 62 55 
Bin 54: 453 368 324 120 182 
Bin 55: 396 411 307 458 269 
Bin 56: 235 381 322 349 34 276 424 339 
Bin 57: 320 382 288 140 495 194 296 249 
Bin 58: 45 86 219 449 386 
Bin 59: 408 199 399 196 447 
Bin 60: 488 469 306 69 496 188 
Bin 61: 137 293 220 155 
Bin 62: 457 179 
Bin 63: 39 210 
Bin 64: 327 423 80 149 165 
Bin 65: 221 121 129 482 
Bin 66: 473 189 145 335 
Bin 67: 350 257 101 102 
Bin 68: 328 108 174 103 498 171 
Bin 69: 314 46 295 
Bin 70: 375 
Bin 71: 110 167 50 8 279 
Bin 72: 448 275 394 278 248 
Bin 73: 5 85 
Bin 74: 128 71 470 379 476 
Bin 75: 309 300 
Bin 76: 480 56 1 
Bin 77: 345 154 303 223 
Bin 78: 268 444 19 126 135 
Bin 79: 294 472 287 419 
Bin 80: 456 380 395 153 439 200 
Bin 81: 266 
Bin 82: 492 229 259 22 
Bin 83: 329 
Bin 84: 10 
Bin 85: 58 263 481 
Bin 86: 323 400 
Bin 87: 316 
Bin 88: 471 195 461 404 347 
Bin 89: 336 
Bin 90: 247 
Bin 91: 84 
Bin 92: 64 
Bin 93: 164 93 312 213 
Bin 94: 217 70 351 
Bin 95: 228 
Bin 96: 97 467 
Bin 97: 116 250 
Bin 98: 109 
Bin 99: 486 
