# Objective: 18
# Time: 0.25826
# Feasible: 1
# Solution:
Bin 0: 40 3 75 49 94 97 
Bin 1: 24 81 78 101 2 116 
Bin 2: 4 85 118 15 100 90 89 102 73 
Bin 3: 69 76 106 52 35 41 
Bin 4: 32 16 82 74 17 63 
Bin 5: 28 5 29 43 13 
Bin 6: 38 30 99 84 108 98 18 
Bin 7: 68 0 57 115 86 59 27 
Bin 8: 111 50 1 36 65 19 37 
Bin 9: 53 64 87 14 119 72 77 
Bin 10: 109 31 79 58 47 39 92 
Bin 11: 33 46 20 55 54 114 70 10 
Bin 12: 6 96 26 95 103 91 61 80 
Bin 13: 12 107 113 7 22 110 25 83 
Bin 14: 45 88 34 112 60 48 93 
Bin 15: 8 23 67 117 56 105 62 
Bin 16: 51 9 11 21 42 
Bin 17: 44 104 66 71 
