# Objective: 37
# Time: 2.37062
# Feasible: 1
# Solution:
Bin 0: 248 113 146 101 109 77 20 97 132 16 
Bin 1: 90 79 23 211 29 188 54 
Bin 2: 106 2 68 169 99 22 
Bin 3: 230 32 43 244 203 4 63 
Bin 4: 194 232 155 95 228 103 89 
Bin 5: 128 115 202 88 57 226 
Bin 6: 209 119 76 213 172 162 159 70 
Bin 7: 118 142 94 28 46 167 225 87 
Bin 8: 246 186 0 71 42 53 67 181 161 
Bin 9: 140 200 6 100 222 
Bin 10: 34 183 223 33 126 61 138 
Bin 11: 137 73 123 31 177 156 199 
Bin 12: 13 35 37 92 151 51 233 
Bin 13: 241 166 206 231 179 187 242 107 139 
Bin 14: 60 74 185 198 1 
Bin 15: 134 93 130 84 30 173 105 111 98 
Bin 16: 154 121 163 82 238 56 7 
Bin 17: 81 52 49 96 210 47 8 182 
Bin 18: 45 158 174 15 44 149 
Bin 19: 135 220 249 120 112 41 215 
Bin 20: 157 91 160 176 227 165 
Bin 21: 72 193 205 190 219 184 243 
Bin 22: 178 245 144 240 143 104 55 
Bin 23: 39 247 195 152 196 
Bin 24: 17 108 85 12 170 75 
Bin 25: 234 136 208 80 192 38 11 
Bin 26: 201 218 19 236 40 114 
Bin 27: 221 62 21 125 65 229 
Bin 28: 224 214 197 133 168 212 
Bin 29: 148 147 204 9 83 180 24 
Bin 30: 124 122 145 102 26 164 
Bin 31: 150 191 18 141 175 189 131 14 
Bin 32: 116 235 207 239 86 
Bin 33: 117 10 27 127 217 
Bin 34: 64 129 3 69 48 171 
Bin 35: 50 66 58 216 25 
Bin 36: 59 153 78 110 36 5 237 
