# Objective: 19
# Time: 0.333215
# Feasible: 1
# Solution:
Bin 0: 15 29 49 19 68 57 54 51 
Bin 1: 70 112 98 33 76 
Bin 2: 39 22 26 117 78 106 105 
Bin 3: 50 75 27 92 43 81 53 
Bin 4: 30 36 74 84 85 18 40 35 
Bin 5: 60 118 55 21 107 91 88 
Bin 6: 3 109 86 100 37 44 
Bin 7: 65 111 73 87 110 48 
Bin 8: 102 59 99 80 16 34 17 
Bin 9: 64 82 67 115 20 7 1 
Bin 10: 104 72 58 46 79 2 95 
Bin 11: 25 32 52 66 6 23 
Bin 12: 71 94 38 62 113 0 
Bin 13: 5 28 97 13 4 12 
Bin 14: 96 83 69 116 103 42 
Bin 15: 119 61 14 63 45 77 114 
Bin 16: 101 108 56 31 24 89 
Bin 17: 10 90 41 93 
Bin 18: 11 8 9 47 
