# Objective: 150
# Time: 191.995
# Feasible: 1
# Solution:
Bin 0: 653 349 730 181 277 938 594 674 
Bin 1: 836 358 59 540 521 687 
Bin 2: 318 949 768 513 782 884 
Bin 3: 845 465 377 983 63 329 425 
Bin 4: 371 154 1 538 758 
Bin 5: 326 711 427 791 396 960 673 976 
Bin 6: 475 438 761 460 302 738 420 930 
Bin 7: 259 313 265 273 798 721 519 
Bin 8: 603 556 669 852 455 27 774 
Bin 9: 86 90 829 130 434 95 973 292 844 
Bin 10: 864 697 881 361 388 161 443 935 
Bin 11: 261 410 898 937 631 710 10 
Bin 12: 156 578 821 189 129 73 
Bin 13: 849 600 345 11 421 666 
Bin 14: 452 291 539 190 89 482 339 705 
Bin 15: 380 243 984 804 762 641 
Bin 16: 21 276 567 353 247 
Bin 17: 51 331 472 480 606 
Bin 18: 82 834 436 582 14 933 411 
Bin 19: 633 759 417 457 802 298 102 
Bin 20: 20 242 587 974 543 764 
Bin 21: 958 895 70 800 274 783 335 470 
Bin 22: 850 177 44 175 806 64 
Bin 23: 713 789 309 941 241 
Bin 24: 734 656 306 212 865 
Bin 25: 471 135 560 613 356 
Bin 26: 694 467 231 148 888 186 80 
Bin 27: 201 442 182 12 183 985 160 
Bin 28: 236 491 16 454 25 481 918 
Bin 29: 946 264 28 735 680 981 724 
Bin 30: 533 178 909 58 429 463 
Bin 31: 346 563 314 839 811 222 
Bin 32: 992 863 773 316 554 772 885 
Bin 33: 38 416 910 487 287 815 522 
Bin 34: 531 244 219 17 248 78 
Bin 35: 426 668 749 7 507 824 919 
Bin 36: 871 3 892 635 22 990 232 
Bin 37: 993 229 288 529 858 217 122 
Bin 38: 490 289 476 561 874 458 
Bin 39: 830 873 928 184 883 48 444 690 
Bin 40: 205 398 583 796 629 
Bin 41: 113 311 639 831 615 382 479 256 
Bin 42: 202 194 84 596 548 954 549 195 
Bin 43: 321 41 719 92 373 727 
Bin 44: 301 979 747 932 208 440 
Bin 45: 187 478 841 239 887 878 
Bin 46: 965 325 414 586 462 508 
Bin 47: 432 987 876 588 968 407 807 
Bin 48: 714 819 294 355 651 978 701 
Bin 49: 469 401 210 67 363 593 
Bin 50: 607 628 951 374 781 
Bin 51: 109 152 108 980 499 400 886 262 
Bin 52: 605 550 366 809 272 171 405 
Bin 53: 158 4 431 913 266 612 
Bin 54: 218 105 159 379 234 352 389 
Bin 55: 617 997 43 622 52 
Bin 56: 591 397 966 957 875 453 
Bin 57: 300 66 173 784 114 665 
Bin 58: 172 625 238 818 637 505 
Bin 59: 868 23 926 820 577 439 111 
Bin 60: 483 271 565 604 726 725 504 65 
Bin 61: 295 279 686 704 948 708 268 
Bin 62: 282 495 0 751 133 544 258 982 526 
Bin 63: 437 754 37 728 832 736 
Bin 64: 269 375 34 423 879 112 532 
Bin 65: 739 424 496 859 835 330 251 642 209 
Bin 66: 778 589 681 869 672 54 150 564 
Bin 67: 670 977 640 855 967 60 
Bin 68: 940 799 660 254 9 498 
Bin 69: 584 916 191 535 750 662 88 
Bin 70: 860 770 623 581 6 50 
Bin 71: 643 998 861 317 188 275 334 
Bin 72: 649 856 700 900 39 950 139 224 
Bin 73: 970 307 448 558 322 514 
Bin 74: 969 179 97 77 595 141 40 
Bin 75: 908 163 354 572 547 
Bin 76: 753 367 486 624 692 777 213 
Bin 77: 249 812 119 706 576 608 682 104 
Bin 78: 392 149 573 75 13 794 
Bin 79: 715 598 626 661 743 364 922 
Bin 80: 303 168 509 650 808 805 688 456 146 
Bin 81: 8 536 31 601 372 235 100 
Bin 82: 851 516 198 685 138 55 157 
Bin 83: 952 776 723 42 897 344 170 56 
Bin 84: 324 929 905 541 308 999 
Bin 85: 500 145 253 98 931 338 449 357 
Bin 86: 882 284 96 792 176 140 
Bin 87: 445 412 497 419 664 648 
Bin 88: 746 215 534 511 144 61 569 164 
Bin 89: 703 825 250 408 775 902 
Bin 90: 174 614 923 890 74 53 94 
Bin 91: 350 609 689 72 30 137 619 559 
Bin 92: 71 87 911 654 107 450 
Bin 93: 378 5 283 525 203 907 280 
Bin 94: 795 473 523 327 917 894 880 
Bin 95: 546 359 962 125 602 240 333 297 406 
Bin 96: 663 381 341 32 347 520 305 
Bin 97: 786 745 891 678 204 659 430 814 118 
Bin 98: 409 433 989 848 393 62 
Bin 99: 200 348 545 85 744 699 403 961 
Bin 100: 263 920 413 290 528 57 585 
Bin 101: 196 503 132 579 167 822 368 
Bin 102: 468 698 180 867 833 502 
Bin 103: 207 68 524 903 630 943 
Bin 104: 709 634 428 228 870 636 846 638 
Bin 105: 336 518 230 134 676 
Bin 106: 652 128 106 466 169 840 320 
Bin 107: 959 677 365 771 877 211 
Bin 108: 477 110 671 733 255 562 975 
Bin 109: 847 963 310 227 246 
Bin 110: 571 647 712 237 281 592 
Bin 111: 510 645 351 385 402 46 464 
Bin 112: 390 939 530 33 729 
Bin 113: 304 853 627 83 386 801 
Bin 114: 399 103 823 742 683 731 896 995 
Bin 115: 337 362 418 787 506 655 
Bin 116: 147 763 185 120 267 854 
Bin 117: 319 658 537 574 767 49 376 
Bin 118: 944 934 278 542 964 206 343 
Bin 119: 901 286 121 722 36 797 817 
Bin 120: 765 657 474 342 136 
Bin 121: 197 893 720 116 889 810 
Bin 122: 69 803 620 226 618 
Bin 123: 81 45 942 691 570 
Bin 124: 459 293 785 914 501 192 296 
Bin 125: 233 225 590 862 494 936 597 
Bin 126: 24 199 384 484 447 29 
Bin 127: 988 717 221 387 422 47 270 
Bin 128: 568 915 369 216 779 151 
Bin 129: 252 131 223 26 790 551 123 
Bin 130: 517 737 971 19 632 857 
Bin 131: 435 842 580 826 332 755 575 
Bin 132: 956 126 93 395 153 91 
Bin 133: 766 360 527 461 451 
Bin 134: 924 35 127 760 260 493 18 843 
Bin 135: 748 299 124 695 872 667 15 391 285 
Bin 136: 193 716 404 214 702 707 616 
Bin 137: 142 99 955 415 394 492 328 644 
Bin 138: 838 696 837 769 996 557 899 611 
Bin 139: 945 906 555 912 732 693 
Bin 140: 257 79 828 340 740 925 
Bin 141: 165 488 115 756 553 315 953 
Bin 142: 972 684 947 752 788 485 986 
Bin 143: 927 991 515 117 679 866 741 
Bin 144: 827 675 646 323 780 
Bin 145: 441 621 994 220 904 552 
Bin 146: 383 816 489 718 143 921 162 
Bin 147: 155 813 101 446 610 
Bin 148: 76 793 2 512 599 370 
Bin 149: 757 312 566 245 166 
