# Objective: 203
# Time: 13.8789
# Feasible: 1
# Solution:
Bin 0: 278 364 994 211 651 956 757 
Bin 1: 217 153 480 478 46 809 
Bin 2: 13 615 290 449 553 
Bin 3: 69 845 309 586 214 216 676 
Bin 4: 604 878 
Bin 5: 63 638 532 683 
Bin 6: 540 513 31 920 582 
Bin 7: 240 991 260 88 155 67 
Bin 8: 492 68 128 692 
Bin 9: 226 534 804 729 
Bin 10: 754 854 579 880 855 571 539 116 
Bin 11: 693 310 457 
Bin 12: 720 159 766 370 149 724 315 
Bin 13: 555 881 78 739 438 755 
Bin 14: 665 959 611 98 346 437 313 
Bin 15: 245 572 123 389 589 366 176 
Bin 16: 179 138 931 258 251 356 871 734 
Bin 17: 605 170 71 556 986 304 199 
Bin 18: 759 542 913 489 503 186 
Bin 19: 520 499 564 178 695 43 173 408 
Bin 20: 795 
Bin 21: 108 400 80 137 306 187 
Bin 22: 488 275 616 453 922 194 662 37 719 
Bin 23: 518 
Bin 24: 318 560 498 36 48 614 
Bin 25: 120 822 428 341 712 776 738 
Bin 26: 228 324 952 810 
Bin 27: 935 893 433 148 865 
Bin 28: 270 531 777 198 868 421 
Bin 29: 83 255 70 895 566 613 117 496 
Bin 30: 486 66 
Bin 31: 716 484 859 7 417 
Bin 32: 25 995 993 50 966 768 713 
Bin 33: 622 848 
Bin 34: 849 753 218 477 896 
Bin 35: 100 634 835 354 646 
Bin 36: 537 414 397 736 814 321 661 
Bin 37: 110 181 283 86 
Bin 38: 344 340 237 12 506 263 669 
Bin 39: 973 292 
Bin 40: 392 585 363 972 168 265 
Bin 41: 660 21 8 
Bin 42: 460 413 64 599 
Bin 43: 684 954 584 47 
Bin 44: 200 581 541 547 299 924 
Bin 45: 325 981 362 
Bin 46: 751 511 
Bin 47: 416 918 165 978 785 741 
Bin 48: 838 167 28 
Bin 49: 465 791 
Bin 50: 763 715 271 701 166 
Bin 51: 394 764 673 0 852 992 107 115 
Bin 52: 62 231 276 883 
Bin 53: 430 65 697 136 326 
Bin 54: 947 577 851 914 139 57 
Bin 55: 637 41 298 266 317 
Bin 56: 811 685 257 
Bin 57: 455 235 618 628 252 161 89 827 
Bin 58: 721 817 
Bin 59: 476 521 762 722 94 967 427 655 
Bin 60: 119 264 
Bin 61: 678 174 261 
Bin 62: 960 371 10 933 874 481 889 
Bin 63: 733 839 494 711 458 925 
Bin 64: 784 118 59 206 
Bin 65: 801 
Bin 66: 650 984 965 946 259 23 578 319 
Bin 67: 828 574 223 393 525 
Bin 68: 241 679 910 349 647 436 
Bin 69: 196 244 968 598 373 892 415 
Bin 70: 731 788 30 
Bin 71: 672 311 592 
Bin 72: 517 939 376 132 601 
Bin 73: 507 164 696 93 452 
Bin 74: 948 858 471 941 899 732 
Bin 75: 285 536 404 940 
Bin 76: 207 297 
Bin 77: 593 744 
Bin 78: 830 105 510 131 191 773 897 
Bin 79: 799 771 989 102 
Bin 80: 358 923 675 222 26 335 
Bin 81: 490 735 612 
Bin 82: 642 61 49 76 106 180 
Bin 83: 11 823 233 
Bin 84: 332 34 497 406 998 659 875 929 690 
Bin 85: 52 667 
Bin 86: 390 450 602 545 372 269 
Bin 87: 38 295 657 706 160 727 846 905 
Bin 88: 819 357 887 151 367 409 
Bin 89: 626 625 495 
Bin 90: 563 5 312 
Bin 91: 583 606 314 951 126 752 
Bin 92: 894 479 926 702 
Bin 93: 286 375 379 442 352 
Bin 94: 338 559 273 824 694 2 
Bin 95: 410 512 508 101 92 
Bin 96: 419 842 
Bin 97: 195 369 769 704 761 
Bin 98: 758 425 462 
Bin 99: 915 636 360 932 756 884 
Bin 100: 388 792 812 81 395 
Bin 101: 546 902 73 221 402 418 
Bin 102: 861 445 210 979 
Bin 103: 220 519 112 44 750 987 
Bin 104: 323 353 280 339 568 
Bin 105: 473 
Bin 106: 843 192 670 876 
Bin 107: 728 619 573 550 
Bin 108: 79 658 39 29 399 
Bin 109: 293 330 663 575 864 348 
Bin 110: 901 603 
Bin 111: 328 
Bin 112: 596 594 45 448 
Bin 113: 331 225 18 742 182 329 219 
Bin 114: 674 624 936 54 
Bin 115: 837 248 863 909 
Bin 116: 904 99 561 509 548 
Bin 117: 807 175 422 
Bin 118: 747 435 444 
Bin 119: 654 765 930 689 805 
Bin 120: 988 412 717 461 281 787 
Bin 121: 122 403 974 600 327 825 213 55 
Bin 122: 303 649 150 289 629 730 821 
Bin 123: 898 284 587 999 983 627 384 
Bin 124: 236 934 355 424 505 
Bin 125: 177 666 879 597 140 
Bin 126: 907 808 961 502 32 
Bin 127: 680 648 91 209 749 793 
Bin 128: 133 383 
Bin 129: 287 322 121 75 818 780 158 
Bin 130: 24 530 387 714 274 996 431 
Bin 131: 976 125 185 501 20 
Bin 132: 103 454 4 378 146 949 
Bin 133: 836 447 635 300 707 580 446 668 
Bin 134: 797 916 772 
Bin 135: 247 463 
Bin 136: 359 652 368 950 783 35 
Bin 137: 526 472 56 130 832 
Bin 138: 774 334 557 538 109 
Bin 139: 609 802 921 288 316 423 796 
Bin 140: 256 698 382 781 
Bin 141: 58 262 969 113 380 
Bin 142: 767 96 944 483 162 204 681 565 569 
Bin 143: 794 841 551 451 16 527 
Bin 144: 183 104 77 567 
Bin 145: 224 866 
Bin 146: 475 
Bin 147: 386 789 336 277 709 840 
Bin 148: 129 686 617 154 
Bin 149: 246 700 847 980 
Bin 150: 953 529 558 
Bin 151: 645 688 171 
Bin 152: 17 687 82 361 
Bin 153: 595 440 294 970 27 188 
Bin 154: 307 
Bin 155: 872 74 
Bin 156: 641 72 84 
Bin 157: 911 664 955 710 272 908 
Bin 158: 725 964 958 134 990 229 
Bin 159: 850 156 886 708 504 401 242 
Bin 160: 912 740 365 33 320 
Bin 161: 975 903 631 554 9 
Bin 162: 15 190 699 
Bin 163: 786 468 718 945 203 834 147 
Bin 164: 927 621 441 95 937 347 456 
Bin 165: 145 653 212 464 815 
Bin 166: 426 
Bin 167: 856 623 345 381 588 201 333 337 227 
Bin 168: 142 482 806 19 844 608 576 
Bin 169: 127 997 906 882 254 745 
Bin 170: 885 873 144 632 900 535 230 
Bin 171: 853 169 411 971 350 
Bin 172: 549 466 620 163 
Bin 173: 543 869 296 
Bin 174: 215 957 977 377 938 
Bin 175: 434 407 562 982 
Bin 176: 239 985 97 391 962 491 770 22 
Bin 177: 515 459 184 516 398 
Bin 178: 778 420 691 826 790 942 143 857 
Bin 179: 205 305 
Bin 180: 267 524 85 202 14 253 633 891 
Bin 181: 782 467 172 523 53 493 
Bin 182: 487 342 
Bin 183: 705 111 919 528 643 208 
Bin 184: 860 552 
Bin 185: 816 760 963 
Bin 186: 890 
Bin 187: 917 610 385 
Bin 188: 141 432 862 682 
Bin 189: 1 308 544 51 90 343 197 
Bin 190: 439 833 522 157 238 820 813 870 
Bin 191: 232 746 
Bin 192: 723 6 302 779 
Bin 193: 656 591 570 374 193 
Bin 194: 703 677 800 867 803 500 469 
Bin 195: 243 485 443 429 234 943 
Bin 196: 301 42 671 630 3 40 
Bin 197: 831 737 639 877 279 114 
Bin 198: 405 888 60 798 474 
Bin 199: 644 726 396 748 514 607 470 87 
Bin 200: 743 124 533 928 189 152 829 
Bin 201: 291 135 351 249 
Bin 202: 250 590 282 268 775 640 
