# Objective: 38
# Time: 2.20992
# Feasible: 1
# Solution:
Bin 0: 79 21 218 36 181 189 
Bin 1: 180 78 66 166 194 237 157 
Bin 2: 130 172 68 120 128 
Bin 3: 228 212 196 28 182 244 
Bin 4: 0 224 71 51 116 235 159 134 
Bin 5: 93 152 108 69 216 226 110 203 
Bin 6: 39 70 179 114 75 86 
Bin 7: 236 246 123 178 2 41 
Bin 8: 72 144 209 76 85 52 
Bin 9: 43 188 118 245 30 229 64 
Bin 10: 206 207 61 113 34 127 16 81 
Bin 11: 202 58 126 80 92 22 
Bin 12: 74 57 50 210 168 5 
Bin 13: 65 94 102 197 53 112 219 
Bin 14: 44 135 38 231 136 149 
Bin 15: 170 183 88 109 184 15 
Bin 16: 217 148 122 151 10 242 158 
Bin 17: 125 133 174 241 115 141 91 32 
Bin 18: 60 169 100 23 190 165 63 
Bin 19: 87 155 223 220 225 77 117 
Bin 20: 247 192 12 132 193 106 26 89 
Bin 21: 176 211 20 191 139 101 
Bin 22: 173 214 208 13 84 18 6 233 243 
Bin 23: 222 48 119 31 17 129 150 201 
Bin 24: 62 221 98 99 82 230 164 
Bin 25: 49 240 103 175 90 187 25 
Bin 26: 19 147 232 238 27 239 185 
Bin 27: 73 138 105 200 56 95 
Bin 28: 42 160 40 124 171 
Bin 29: 227 161 162 45 7 140 198 
Bin 30: 33 1 9 83 204 37 249 104 
Bin 31: 47 186 46 177 205 234 145 
Bin 32: 59 35 97 137 215 
Bin 33: 143 195 121 167 11 111 
Bin 34: 213 67 4 14 3 156 
Bin 35: 146 8 131 54 199 55 
Bin 36: 107 153 29 24 
Bin 37: 142 154 96 163 248 
