# Objective: 19
# Time: 0.25546
# Feasible: 1
# Solution:
Bin 0: 48 19 67 59 83 82 87 
Bin 1: 84 16 12 77 104 26 44 55 
Bin 2: 41 58 42 112 22 
Bin 3: 6 118 37 45 3 50 36 
Bin 4: 80 62 78 92 99 98 46 
Bin 5: 18 4 40 72 106 63 
Bin 6: 13 103 25 39 14 29 
Bin 7: 108 71 73 76 114 47 96 
Bin 8: 64 110 85 69 93 9 
Bin 9: 53 91 90 34 2 
Bin 10: 21 10 28 32 23 24 
Bin 11: 94 60 116 33 89 1 86 
Bin 12: 70 8 30 100 75 11 49 
Bin 13: 20 113 101 54 95 102 15 79 
Bin 14: 0 97 105 56 27 43 
Bin 15: 51 68 66 31 81 
Bin 16: 7 57 65 52 35 38 
Bin 17: 117 107 5 111 115 
Bin 18: 109 88 61 119 17 74 
