# Objective: 18
# Time: 0.290048
# Feasible: 1
# Solution:
Bin 0: 88 7 104 93 59 79 15 29 
Bin 1: 44 84 38 67 115 34 36 19 21 
Bin 2: 94 40 116 64 32 
Bin 3: 103 62 30 108 91 110 
Bin 4: 26 89 22 70 95 
Bin 5: 119 10 107 100 47 42 63 
Bin 6: 50 80 118 16 11 48 87 56 
Bin 7: 105 111 75 99 66 
Bin 8: 0 76 20 106 71 14 72 
Bin 9: 52 74 112 45 41 82 57 
Bin 10: 1 35 113 18 27 102 
Bin 11: 98 69 49 101 51 58 53 78 
Bin 12: 96 60 81 9 31 109 4 97 
Bin 13: 24 2 77 37 65 17 8 
Bin 14: 25 12 13 114 85 90 
Bin 15: 28 61 6 117 39 46 
Bin 16: 83 86 54 55 5 92 
Bin 17: 73 3 23 43 33 68 
