# Objective: 74
# Time: 21.5712
# Feasible: 1
# Solution:
Bin 0: 75 357 460 68 48 296 114 184 
Bin 1: 242 140 254 274 85 
Bin 2: 187 380 309 292 209 27 205 268 
Bin 3: 64 396 137 317 257 314 121 342 
Bin 4: 180 429 492 443 423 302 421 
Bin 5: 151 259 228 287 303 491 243 430 
Bin 6: 428 352 160 212 456 411 
Bin 7: 188 147 65 224 364 455 145 
Bin 8: 377 130 248 178 384 22 334 1 
Bin 9: 69 67 261 191 19 417 436 
Bin 10: 437 131 170 375 493 462 301 308 
Bin 11: 45 319 339 7 263 124 118 320 
Bin 12: 57 373 17 12 304 
Bin 13: 119 299 468 47 370 156 347 
Bin 14: 82 389 33 39 117 94 344 26 345 
Bin 15: 495 305 445 476 433 29 
Bin 16: 81 90 310 172 289 
Bin 17: 487 425 406 258 77 313 112 38 
Bin 18: 231 272 154 353 295 414 
Bin 19: 84 253 116 163 229 333 260 
Bin 20: 54 31 216 223 218 15 232 63 
Bin 21: 466 270 398 202 475 288 210 
Bin 22: 23 183 40 136 282 
Bin 23: 378 447 438 169 56 135 494 95 
Bin 24: 477 348 126 275 446 351 408 256 
Bin 25: 80 382 452 238 485 175 32 247 
Bin 26: 134 271 306 155 41 93 
Bin 27: 58 341 141 234 211 498 321 483 
Bin 28: 383 158 391 161 490 241 
Bin 29: 225 168 298 471 120 
Bin 30: 371 201 230 278 277 72 311 
Bin 31: 159 204 307 331 122 328 219 
Bin 32: 8 113 401 440 99 101 
Bin 33: 368 361 185 105 297 453 193 249 
Bin 34: 264 73 315 441 246 107 34 
Bin 35: 197 332 142 473 226 412 338 
Bin 36: 30 44 148 217 454 110 474 
Bin 37: 394 244 52 467 291 327 349 
Bin 38: 479 255 478 284 167 356 164 
Bin 39: 418 162 74 123 4 10 24 
Bin 40: 250 157 46 463 190 196 176 
Bin 41: 108 13 192 343 106 280 464 286 413 
Bin 42: 402 354 199 144 293 127 70 
Bin 43: 459 458 189 200 66 480 
Bin 44: 173 71 0 265 279 385 
Bin 45: 395 359 393 96 42 426 
Bin 46: 251 362 434 285 439 91 350 
Bin 47: 262 86 182 497 450 
Bin 48: 372 290 461 376 115 98 179 
Bin 49: 367 323 472 499 222 
Bin 50: 420 465 335 276 484 203 269 
Bin 51: 59 392 431 128 61 18 415 496 469 
Bin 52: 273 422 186 213 174 206 
Bin 53: 240 165 139 146 488 316 6 374 
Bin 54: 214 195 235 397 198 181 399 
Bin 55: 16 92 11 419 239 
Bin 56: 448 88 87 227 36 486 
Bin 57: 294 215 358 363 444 25 
Bin 58: 281 325 390 78 365 403 
Bin 59: 53 237 482 387 266 102 404 152 449 407 
Bin 60: 132 3 166 55 207 177 
Bin 61: 481 150 60 236 283 369 329 2 
Bin 62: 20 62 5 324 133 337 
Bin 63: 208 9 35 355 386 410 
Bin 64: 51 245 340 14 300 
Bin 65: 267 346 194 388 89 400 43 409 
Bin 66: 76 129 143 103 312 49 326 
Bin 67: 104 79 318 138 125 
Bin 68: 153 111 336 97 83 470 
Bin 69: 330 442 435 379 427 171 233 
Bin 70: 220 100 424 37 252 
Bin 71: 50 366 457 360 149 432 
Bin 72: 451 381 21 28 405 
Bin 73: 109 416 489 322 221 
