# Objective: 75
# Time: 19.3958
# Feasible: 1
# Solution:
Bin 0: 32 111 353 74 317 274 337 
Bin 1: 474 289 397 405 439 6 367 
Bin 2: 240 80 490 477 211 193 271 338 
Bin 3: 122 399 132 13 382 62 174 440 
Bin 4: 377 8 304 487 449 92 
Bin 5: 21 150 415 482 299 72 125 406 159 
Bin 6: 464 437 23 291 444 155 341 479 
Bin 7: 447 68 441 192 233 390 
Bin 8: 170 342 4 14 98 153 
Bin 9: 394 366 244 292 354 332 306 166 
Bin 10: 351 19 381 188 267 40 307 
Bin 11: 120 458 109 53 143 
Bin 12: 387 237 175 386 407 402 167 39 
Bin 13: 378 374 84 468 328 221 
Bin 14: 359 334 315 243 356 
Bin 15: 223 459 376 424 258 298 88 
Bin 16: 241 106 18 45 467 151 202 173 265 
Bin 17: 178 389 364 392 435 452 296 
Bin 18: 82 41 272 457 403 257 336 103 
Bin 19: 280 146 63 50 287 269 73 22 322 
Bin 20: 215 311 316 461 290 220 134 95 
Bin 21: 2 362 110 414 384 7 107 
Bin 22: 197 417 498 305 308 245 165 168 
Bin 23: 333 352 177 335 324 453 369 
Bin 24: 360 484 276 411 297 101 
Bin 25: 412 312 239 190 321 35 
Bin 26: 121 46 409 460 314 216 253 
Bin 27: 438 179 157 180 31 408 207 
Bin 28: 27 340 270 344 396 493 318 
Bin 29: 489 436 206 124 91 187 242 
Bin 30: 327 183 15 339 201 
Bin 31: 210 0 24 446 85 404 388 
Bin 32: 218 59 300 176 213 52 139 
Bin 33: 295 140 345 69 60 476 
Bin 34: 172 194 234 343 184 277 135 
Bin 35: 483 160 38 185 282 49 36 34 198 
Bin 36: 112 264 48 309 393 5 236 
Bin 37: 355 469 480 129 325 473 
Bin 38: 443 163 195 279 11 319 119 
Bin 39: 29 255 156 357 30 448 162 158 
Bin 40: 313 246 368 330 413 20 
Bin 41: 64 442 361 117 373 416 
Bin 42: 70 283 83 89 199 395 
Bin 43: 144 181 238 25 294 12 385 
Bin 44: 47 252 231 208 434 492 93 
Bin 45: 87 142 105 249 65 
Bin 46: 285 301 462 136 214 430 494 488 
Bin 47: 164 128 266 349 230 358 232 
Bin 48: 495 217 370 486 346 16 
Bin 49: 375 212 262 43 425 331 44 51 
Bin 50: 61 56 77 496 329 
Bin 51: 260 431 472 148 478 
Bin 52: 228 284 471 108 26 499 
Bin 53: 273 131 203 247 398 302 
Bin 54: 171 226 379 127 9 463 
Bin 55: 96 225 147 118 79 161 
Bin 56: 123 205 275 133 10 427 
Bin 57: 455 326 429 196 347 138 
Bin 58: 481 97 348 17 104 320 
Bin 59: 137 278 229 152 433 3 
Bin 60: 248 454 380 288 303 58 
Bin 61: 432 263 250 235 465 
Bin 62: 186 251 420 99 71 485 57 149 76 
Bin 63: 286 256 126 1 227 445 
Bin 64: 86 419 219 81 224 470 363 94 
Bin 65: 268 209 491 204 310 222 55 
Bin 66: 391 42 418 428 28 
Bin 67: 102 365 371 154 423 
Bin 68: 426 66 259 401 182 
Bin 69: 293 75 422 497 113 191 
Bin 70: 466 281 400 450 254 141 100 
Bin 71: 350 456 37 33 323 
Bin 72: 145 475 115 90 261 114 421 
Bin 73: 130 410 54 169 78 67 
Bin 74: 372 451 200 189 383 116 
