# Objective: 39
# Time: 2.39878
# Feasible: 1
# Solution:
Bin 0: 114 31 145 16 220 
Bin 1: 44 164 151 68 112 134 14 69 
Bin 2: 249 126 202 168 144 1 161 
Bin 3: 23 150 7 178 107 243 177 123 
Bin 4: 173 83 43 174 203 175 159 
Bin 5: 39 172 3 100 188 176 140 
Bin 6: 102 195 19 93 169 77 158 
Bin 7: 15 242 122 199 133 46 42 66 
Bin 8: 108 87 111 12 127 60 20 
Bin 9: 206 149 214 110 47 116 
Bin 10: 40 185 124 152 135 13 
Bin 11: 153 125 166 244 104 
Bin 12: 101 219 143 38 85 
Bin 13: 130 98 193 196 18 163 
Bin 14: 238 154 157 84 218 224 28 
Bin 15: 138 113 95 74 194 
Bin 16: 120 225 48 131 241 25 
Bin 17: 10 49 115 59 51 35 248 105 197 
Bin 18: 201 208 56 183 86 147 142 191 
Bin 19: 63 76 179 26 146 222 228 217 
Bin 20: 184 240 132 64 82 11 
Bin 21: 94 215 88 216 65 70 233 
Bin 22: 21 52 212 139 73 53 
Bin 23: 129 71 89 97 156 162 17 
Bin 24: 29 155 91 231 189 
Bin 25: 141 22 36 207 8 237 
Bin 26: 181 186 200 0 41 213 226 
Bin 27: 223 148 55 78 37 
Bin 28: 24 211 79 54 182 119 
Bin 29: 232 4 239 57 230 50 67 
Bin 30: 229 245 80 167 30 209 27 
Bin 31: 75 221 33 192 247 6 
Bin 32: 5 45 117 171 234 165 
Bin 33: 32 187 92 160 62 2 
Bin 34: 246 103 109 128 198 90 
Bin 35: 137 9 190 72 121 106 
Bin 36: 205 96 61 118 236 
Bin 37: 81 204 170 58 235 180 
Bin 38: 136 210 227 99 34 
