# Objective: 85
# Time: 2.11886
# Feasible: 1
# Solution:
Bin 0: 327 250 431 49 214 341 
Bin 1: 359 203 77 381 477 440 403 
Bin 2: 233 9 433 105 76 456 14 
Bin 3: 490 297 228 204 410 380 256 
Bin 4: 309 4 29 247 488 290 269 474 
Bin 5: 79 234 137 60 426 437 69 
Bin 6: 392 195 497 115 122 275 457 
Bin 7: 139 110 74 140 319 179 445 317 361 64 
Bin 8: 66 493 44 373 185 348 252 
Bin 9: 162 197 8 100 172 85 268 
Bin 10: 304 180 103 10 43 23 
Bin 11: 265 423 286 236 52 349 301 
Bin 12: 187 135 144 299 458 369 27 
Bin 13: 80 155 352 108 475 418 370 
Bin 14: 318 191 176 272 240 391 
Bin 15: 148 257 343 213 73 34 
Bin 16: 263 58 328 447 63 480 150 
Bin 17: 441 486 173 397 339 82 421 
Bin 18: 476 378 365 307 283 293 125 
Bin 19: 416 225 344 21 449 463 498 
Bin 20: 288 273 368 94 17 253 455 294 
Bin 21: 439 86 345 83 241 432 68 
Bin 22: 136 483 232 324 116 235 184 494 291 
Bin 23: 142 446 489 119 123 175 332 
Bin 24: 478 20 401 75 24 302 22 
Bin 25: 106 292 364 413 376 47 408 
Bin 26: 118 429 315 146 481 409 163 
Bin 27: 215 32 98 208 400 244 114 
Bin 28: 54 260 12 170 46 99 385 
Bin 29: 415 394 351 206 357 422 
Bin 30: 196 40 109 111 160 62 
Bin 31: 454 358 212 270 221 438 171 396 
Bin 32: 55 259 375 450 0 
Bin 33: 5 308 492 178 271 182 201 
Bin 34: 280 459 59 152 89 336 112 
Bin 35: 181 362 45 389 189 305 222 
Bin 36: 186 67 18 37 485 452 420 366 467 
Bin 37: 95 164 402 464 78 132 
Bin 38: 151 129 104 285 50 224 242 295 
Bin 39: 165 113 246 424 183 92 
Bin 40: 249 121 254 219 337 412 451 
Bin 41: 300 211 11 383 326 404 471 
Bin 42: 482 427 398 138 153 491 
Bin 43: 465 31 229 131 487 91 
Bin 44: 484 220 227 448 313 
Bin 45: 470 390 26 2 374 316 
Bin 46: 166 322 238 267 346 331 255 
Bin 47: 442 16 435 174 13 354 
Bin 48: 147 425 353 124 329 1 
Bin 49: 399 367 117 168 310 334 143 
Bin 50: 97 499 436 33 321 90 190 230 
Bin 51: 200 444 350 289 51 
Bin 52: 169 461 372 239 65 
Bin 53: 167 126 226 145 96 127 
Bin 54: 177 53 93 276 466 72 35 
Bin 55: 248 159 333 298 81 3 
Bin 56: 30 28 468 338 209 384 218 
Bin 57: 393 460 192 430 266 
Bin 58: 149 15 202 6 70 154 
Bin 59: 158 264 495 107 287 
Bin 60: 36 198 363 281 188 
Bin 61: 25 356 330 133 278 472 
Bin 62: 303 42 355 88 199 
Bin 63: 193 462 134 479 210 
Bin 64: 258 453 314 411 194 71 
Bin 65: 41 84 
Bin 66: 141 56 130 388 57 
Bin 67: 360 277 
Bin 68: 382 386 311 407 251 
Bin 69: 274 231 161 306 7 102 
Bin 70: 279 395 414 128 284 
Bin 71: 473 245 340 216 342 223 
Bin 72: 207 296 87 39 
Bin 73: 496 419 325 
Bin 74: 156 377 371 205 217 
Bin 75: 157 312 19 
Bin 76: 120 262 261 
Bin 77: 61 405 428 379 101 323 
Bin 78: 387 
Bin 79: 347 434 48 335 469 
Bin 80: 320 
Bin 81: 443 
Bin 82: 282 406 417 243 
Bin 83: 237 
Bin 84: 38 
