# Objective: 152
# Time: 199.09
# Feasible: 1
# Solution:
Bin 0: 897 467 34 613 793 922 
Bin 1: 84 680 574 474 990 27 240 
Bin 2: 39 41 892 589 600 400 
Bin 3: 465 76 177 288 679 698 
Bin 4: 801 746 867 311 837 805 
Bin 5: 598 650 556 895 618 361 481 
Bin 6: 854 956 716 493 676 339 820 
Bin 7: 209 773 497 561 835 304 925 
Bin 8: 149 624 277 842 309 348 
Bin 9: 136 988 845 36 771 615 263 
Bin 10: 280 752 691 583 458 186 924 
Bin 11: 337 952 496 894 222 73 851 
Bin 12: 859 373 709 584 786 
Bin 13: 622 804 354 121 166 658 231 601 
Bin 14: 992 425 826 783 410 
Bin 15: 148 548 131 957 902 906 
Bin 16: 643 50 800 572 710 218 103 479 
Bin 17: 439 472 916 380 642 100 236 
Bin 18: 264 872 15 182 239 822 484 
Bin 19: 542 761 546 115 769 713 442 
Bin 20: 269 109 719 356 901 721 155 
Bin 21: 977 663 534 779 297 254 904 
Bin 22: 543 684 134 538 369 706 723 116 
Bin 23: 914 266 157 960 751 45 333 
Bin 24: 181 728 160 944 877 
Bin 25: 170 396 700 808 933 749 
Bin 26: 105 506 579 677 408 
Bin 27: 279 790 893 686 566 
Bin 28: 530 417 244 208 70 521 
Bin 29: 378 911 300 299 936 305 40 619 144 
Bin 30: 185 312 969 111 626 919 409 
Bin 31: 836 899 995 668 616 107 
Bin 32: 113 431 850 432 159 627 463 652 
Bin 33: 958 268 720 334 736 
Bin 34: 104 366 58 544 494 382 51 
Bin 35: 455 593 453 250 63 6 819 387 
Bin 36: 552 768 798 517 335 507 814 
Bin 37: 162 194 418 5 573 941 256 675 738 
Bin 38: 648 20 815 594 870 491 699 
Bin 39: 21 888 874 630 647 394 
Bin 40: 38 569 910 99 327 440 462 
Bin 41: 602 898 748 871 560 411 811 541 
Bin 42: 864 402 981 739 190 979 460 
Bin 43: 273 900 764 645 531 55 320 
Bin 44: 682 452 294 391 247 905 
Bin 45: 997 578 812 930 375 135 102 
Bin 46: 262 599 591 316 86 295 275 
Bin 47: 840 349 532 215 188 781 287 
Bin 48: 379 498 671 473 443 359 201 
Bin 49: 876 8 191 485 614 346 564 205 
Bin 50: 127 855 120 625 526 608 629 
Bin 51: 345 705 508 886 846 224 501 421 
Bin 52: 743 505 83 475 196 
Bin 53: 740 525 519 65 828 975 563 
Bin 54: 358 140 792 539 466 
Bin 55: 422 785 806 623 955 832 
Bin 56: 588 973 415 204 362 233 
Bin 57: 891 953 171 580 193 459 
Bin 58: 248 883 235 450 92 635 655 646 29 
Bin 59: 476 703 259 271 225 298 64 388 
Bin 60: 631 777 342 964 253 756 426 
Bin 61: 633 787 555 168 976 454 
Bin 62: 503 628 370 151 581 959 
Bin 63: 760 167 336 282 219 
Bin 64: 865 909 137 617 261 621 576 
Bin 65: 858 447 934 907 765 848 
Bin 66: 118 562 664 908 604 60 948 
Bin 67: 637 727 4 965 747 718 
Bin 68: 849 16 90 839 101 
Bin 69: 527 592 381 47 889 192 
Bin 70: 791 296 213 825 30 302 197 
Bin 71: 862 688 940 989 87 504 
Bin 72: 71 547 406 187 657 81 
Bin 73: 330 293 651 7 364 
Bin 74: 582 230 695 89 662 586 
Bin 75: 715 701 176 437 551 737 
Bin 76: 772 881 868 954 291 609 
Bin 77: 132 912 875 321 802 
Bin 78: 54 827 341 784 725 585 873 961 
Bin 79: 407 24 923 124 659 
Bin 80: 810 307 929 133 392 674 
Bin 81: 610 741 214 945 276 143 419 767 
Bin 82: 403 325 363 557 863 153 
Bin 83: 241 830 489 217 112 856 
Bin 84: 603 565 52 869 19 477 385 
Bin 85: 138 918 757 774 567 
Bin 86: 61 461 983 838 636 62 69 
Bin 87: 119 376 967 165 522 
Bin 88: 199 927 970 372 775 368 745 
Bin 89: 202 932 313 690 597 733 488 
Bin 90: 861 243 377 654 154 59 991 
Bin 91: 857 423 971 67 667 42 
Bin 92: 318 963 729 283 689 444 161 
Bin 93: 129 917 314 535 722 780 553 
Bin 94: 338 184 281 457 80 
Bin 95: 246 386 950 3 694 260 492 
Bin 96: 123 482 799 935 82 242 284 681 
Bin 97: 794 742 46 18 88 
Bin 98: 595 570 962 558 499 412 843 
Bin 99: 317 389 730 420 797 903 265 
Bin 100: 913 106 212 753 399 98 
Bin 101: 776 490 32 355 978 533 884 207 
Bin 102: 17 632 878 575 512 289 685 
Bin 103: 93 223 882 468 198 211 
Bin 104: 328 471 74 998 704 12 938 94 
Bin 105: 216 516 456 670 438 33 401 
Bin 106: 195 693 251 480 513 
Bin 107: 445 890 383 347 549 326 
Bin 108: 520 145 607 782 518 77 
Bin 109: 44 319 344 255 11 809 537 172 665 
Bin 110: 56 920 833 915 536 559 
Bin 111: 203 25 189 926 759 322 
Bin 112: 14 53 763 879 174 788 200 
Bin 113: 405 278 660 985 234 22 
Bin 114: 331 844 972 524 687 315 
Bin 115: 147 183 79 994 731 108 353 813 
Bin 116: 351 267 352 446 711 95 
Bin 117: 605 142 441 528 880 
Bin 118: 158 306 228 49 232 823 
Bin 119: 841 946 860 308 28 85 206 
Bin 120: 128 146 640 487 982 395 416 
Bin 121: 697 301 48 286 942 634 571 
Bin 122: 639 758 590 43 329 210 310 
Bin 123: 464 179 853 23 638 778 656 
Bin 124: 502 949 31 2 984 
Bin 125: 449 678 732 554 744 220 653 
Bin 126: 816 947 510 993 568 9 669 1 
Bin 127: 529 937 13 141 436 384 169 371 
Bin 128: 110 227 424 272 707 357 735 803 
Bin 129: 323 789 367 951 852 324 
Bin 130: 270 606 470 164 887 78 226 
Bin 131: 755 818 10 672 644 683 
Bin 132: 125 483 252 486 448 72 968 117 
Bin 133: 429 350 762 173 928 
Bin 134: 596 834 661 332 702 37 587 
Bin 135: 237 540 122 430 649 999 435 
Bin 136: 404 343 986 974 292 152 35 
Bin 137: 495 285 68 896 821 434 
Bin 138: 249 451 577 866 478 666 433 57 
Bin 139: 714 414 807 229 750 26 612 673 
Bin 140: 523 390 717 641 221 0 
Bin 141: 754 770 163 139 469 178 
Bin 142: 509 817 620 966 126 303 427 
Bin 143: 238 943 696 514 712 734 340 
Bin 144: 156 397 150 500 515 
Bin 145: 91 987 511 939 180 374 97 726 
Bin 146: 545 130 550 980 724 611 66 921 
Bin 147: 829 75 847 692 796 365 
Bin 148: 831 398 766 824 175 114 
Bin 149: 708 428 885 413 258 
Bin 150: 274 245 257 290 931 
Bin 151: 360 996 393 795 96 
