# Objective: 74
# Time: 20.4681
# Feasible: 1
# Solution:
Bin 0: 68 237 425 36 255 222 59 
Bin 1: 242 360 153 417 414 335 247 
Bin 2: 245 142 216 79 486 473 
Bin 3: 22 131 7 214 55 4 
Bin 4: 202 311 359 276 464 263 
Bin 5: 185 217 442 176 53 380 343 159 374 206 275 487 
Bin 6: 149 194 433 296 306 476 181 43 
Bin 7: 472 192 227 412 174 318 304 
Bin 8: 246 381 100 14 449 
Bin 9: 443 88 236 111 357 427 353 96 498 209 190 322 44 
Bin 10: 195 3 144 284 342 8 23 379 
Bin 11: 127 230 141 191 383 262 269 
Bin 12: 424 475 160 182 80 213 332 281 
Bin 13: 431 363 368 468 46 165 155 
Bin 14: 362 177 456 30 291 85 294 
Bin 15: 171 302 175 461 172 65 
Bin 16: 408 26 420 258 409 482 
Bin 17: 292 298 344 54 495 219 376 
Bin 18: 295 157 5 109 81 319 371 375 
Bin 19: 356 241 166 112 422 163 321 12 
Bin 20: 113 221 365 337 110 146 140 
Bin 21: 390 347 0 164 35 121 286 406 
Bin 22: 115 272 60 326 137 480 404 
Bin 23: 339 279 384 42 31 492 67 338 
Bin 24: 244 399 128 198 273 124 
Bin 25: 16 254 426 38 1 289 
Bin 26: 32 28 264 101 94 
Bin 27: 240 126 393 316 83 20 
Bin 28: 51 277 274 334 184 239 453 
Bin 29: 148 39 82 107 448 90 
Bin 30: 467 439 167 429 460 256 162 129 
Bin 31: 117 34 120 75 224 6 92 
Bin 32: 479 207 455 419 97 27 
Bin 33: 432 308 469 233 99 309 
Bin 34: 386 186 478 135 499 235 
Bin 35: 387 271 154 310 52 180 
Bin 36: 493 440 341 299 317 441 315 
Bin 37: 392 123 73 268 161 351 350 
Bin 38: 366 231 388 377 201 17 47 76 
Bin 39: 348 56 199 305 489 91 423 63 330 
Bin 40: 325 72 49 401 248 403 
Bin 41: 64 483 33 463 223 462 
Bin 42: 103 352 358 45 158 152 21 
Bin 43: 87 497 86 459 197 200 208 
Bin 44: 450 24 226 78 114 267 193 
Bin 45: 396 136 418 48 106 471 458 119 
Bin 46: 394 282 238 327 29 385 74 
Bin 47: 108 372 10 333 169 346 50 
Bin 48: 345 444 323 336 485 173 
Bin 49: 215 188 434 435 25 
Bin 50: 481 9 260 283 229 324 301 
Bin 51: 430 391 218 189 178 494 307 285 
Bin 52: 212 183 125 328 312 205 170 
Bin 53: 253 389 70 133 15 382 369 
Bin 54: 293 118 280 340 373 62 
Bin 55: 407 71 19 232 451 204 
Bin 56: 150 488 288 249 470 147 320 400 
Bin 57: 496 116 447 355 438 168 421 
Bin 58: 491 11 437 265 457 416 
Bin 59: 58 57 446 490 287 
Bin 60: 37 234 397 139 259 
Bin 61: 257 278 454 428 411 61 
Bin 62: 436 66 402 203 410 13 77 
Bin 63: 134 69 132 303 378 187 104 
Bin 64: 270 122 211 452 266 
Bin 65: 196 243 130 98 220 
Bin 66: 415 261 300 445 225 252 
Bin 67: 314 398 477 370 474 2 
Bin 68: 251 105 84 349 395 89 405 
Bin 69: 143 361 466 210 364 93 367 
Bin 70: 228 354 138 145 297 
Bin 71: 329 156 250 290 41 
Bin 72: 18 40 465 151 313 484 
Bin 73: 179 331 413 95 102 
