# Objective: 75
# Time: 19.3968
# Feasible: 1
# Solution:
Bin 0: 188 177 496 278 331 175 355 
Bin 1: 161 267 198 143 467 345 485 
Bin 2: 475 158 286 346 149 209 282 
Bin 3: 243 461 352 481 83 401 463 66 
Bin 4: 442 164 262 36 183 271 157 
Bin 5: 398 403 47 325 233 1 
Bin 6: 369 268 170 89 90 379 315 
Bin 7: 115 73 11 270 305 354 
Bin 8: 335 432 415 277 108 68 218 
Bin 9: 193 153 399 289 440 380 
Bin 10: 75 411 387 235 400 206 391 219 
Bin 11: 77 114 180 273 248 332 390 
Bin 12: 0 495 236 340 10 54 397 
Bin 13: 55 302 396 222 71 
Bin 14: 252 207 91 212 358 
Bin 15: 241 211 304 431 353 483 364 448 
Bin 16: 436 145 498 338 410 20 374 92 
Bin 17: 405 38 224 45 67 253 56 
Bin 18: 256 167 213 44 362 389 57 460 
Bin 19: 229 4 408 329 12 133 357 
Bin 20: 471 189 230 371 171 14 142 
Bin 21: 482 359 242 176 269 290 
Bin 22: 30 150 25 292 306 86 
Bin 23: 88 174 214 28 494 376 100 
Bin 24: 363 283 203 490 372 404 294 
Bin 25: 131 392 301 43 139 192 314 
Bin 26: 21 438 326 120 303 
Bin 27: 244 152 428 202 197 265 110 97 
Bin 28: 72 49 23 234 288 299 465 
Bin 29: 430 151 272 112 255 480 
Bin 30: 79 298 124 39 85 
Bin 31: 327 140 27 378 470 166 
Bin 32: 208 258 468 22 190 377 
Bin 33: 413 406 106 449 191 279 130 451 
Bin 34: 366 237 26 65 246 210 148 
Bin 35: 204 419 169 59 330 402 321 105 
Bin 36: 324 109 489 220 2 454 311 53 
Bin 37: 310 127 274 497 264 254 
Bin 38: 318 34 156 99 293 478 41 227 
Bin 39: 434 155 95 216 394 221 388 
Bin 40: 473 291 249 62 266 296 464 
Bin 41: 61 344 6 172 93 200 455 178 
Bin 42: 347 228 13 69 35 40 459 
Bin 43: 232 423 469 276 186 383 
Bin 44: 381 412 80 393 94 
Bin 45: 238 123 287 141 309 199 342 
Bin 46: 435 31 159 165 64 126 
Bin 47: 365 76 260 84 111 
Bin 48: 42 441 382 107 51 341 
Bin 49: 492 458 297 163 313 46 135 
Bin 50: 367 477 444 5 16 
Bin 51: 132 336 147 453 424 375 17 
Bin 52: 117 116 361 488 368 37 52 
Bin 53: 187 195 491 320 421 472 420 
Bin 54: 343 295 182 32 479 103 323 
Bin 55: 429 333 201 499 493 128 3 129 
Bin 56: 300 416 196 173 395 445 
Bin 57: 457 82 226 417 119 437 136 
Bin 58: 63 275 74 285 439 
Bin 59: 418 450 348 339 317 385 351 
Bin 60: 328 360 19 319 33 122 
Bin 61: 205 349 487 223 101 426 
Bin 62: 350 125 322 446 146 250 9 
Bin 63: 462 239 78 308 231 259 
Bin 64: 373 245 284 409 168 137 134 
Bin 65: 386 486 70 247 251 422 263 
Bin 66: 484 215 118 337 194 476 
Bin 67: 466 184 257 144 414 121 7 24 
Bin 68: 225 447 280 81 240 316 
Bin 69: 154 427 443 307 18 356 
Bin 70: 407 8 334 474 217 48 
Bin 71: 452 185 50 433 60 160 281 
Bin 72: 384 98 179 29 15 138 102 
Bin 73: 87 312 104 58 96 261 162 
Bin 74: 370 425 113 181 456 
