# Objective: 37
# Time: 2.47647
# Feasible: 1
# Solution:
Bin 0: 107 109 71 243 121 184 204 124 
Bin 1: 12 128 28 85 3 224 
Bin 2: 151 119 38 248 129 213 149 
Bin 3: 193 53 94 83 152 242 181 22 237 
Bin 4: 145 34 56 46 207 210 123 
Bin 5: 81 57 96 70 63 104 93 190 43 
Bin 6: 37 219 126 245 209 4 
Bin 7: 192 198 76 171 7 74 
Bin 8: 98 141 47 203 177 42 29 120 40 160 
Bin 9: 244 99 16 186 234 220 100 
Bin 10: 183 89 178 88 205 5 
Bin 11: 115 102 72 9 27 
Bin 12: 195 90 97 221 218 
Bin 13: 131 17 18 201 142 8 
Bin 14: 67 95 32 148 118 77 64 
Bin 15: 169 202 80 25 246 180 156 240 78 
Bin 16: 82 231 238 15 138 14 116 20 
Bin 17: 158 61 13 146 176 236 166 
Bin 18: 208 235 162 167 50 144 
Bin 19: 134 21 199 159 19 196 216 206 
Bin 20: 227 2 215 172 212 92 55 232 
Bin 21: 132 48 188 69 249 112 223 217 
Bin 22: 39 114 229 125 197 117 189 
Bin 23: 147 122 33 225 86 170 165 
Bin 24: 41 211 79 11 168 140 
Bin 25: 106 174 66 164 241 
Bin 26: 230 24 30 113 6 68 45 
Bin 27: 228 175 0 73 10 91 154 
Bin 28: 130 103 36 247 111 84 
Bin 29: 200 143 51 187 127 233 
Bin 30: 150 179 155 75 182 65 31 
Bin 31: 54 239 35 133 214 157 
Bin 32: 153 105 185 101 191 49 135 139 
Bin 33: 58 59 222 161 173 
Bin 34: 23 1 26 52 87 
Bin 35: 60 62 194 163 137 
Bin 36: 136 108 226 110 44 
