# Objective: 44
# Time: 0.438274
# Feasible: 1
# Solution:
Bin 0: 147 84 123 167 5 230 93 231 209 
Bin 1: 13 33 154 66 206 58 73 128 236 
Bin 2: 202 25 208 59 207 190 
Bin 3: 246 80 249 121 101 20 
Bin 4: 83 85 140 16 179 
Bin 5: 109 182 126 15 67 200 37 
Bin 6: 187 41 183 137 10 27 
Bin 7: 135 70 63 171 94 53 86 
Bin 8: 145 6 107 110 11 156 96 122 
Bin 9: 193 158 160 149 159 120 152 74 
Bin 10: 7 148 175 173 197 57 95 
Bin 11: 205 185 46 195 14 151 245 
Bin 12: 139 47 112 229 102 78 9 
Bin 13: 71 221 45 177 49 220 
Bin 14: 30 17 55 213 98 68 218 
Bin 15: 201 56 239 136 76 248 87 166 226 
Bin 16: 223 161 29 212 
Bin 17: 219 174 227 232 12 141 240 99 
Bin 18: 138 3 91 188 164 216 
Bin 19: 115 169 114 237 60 
Bin 20: 43 89 69 0 61 64 
Bin 21: 48 181 77 191 153 117 184 
Bin 22: 118 2 178 39 186 116 
Bin 23: 42 108 134 32 28 146 203 
Bin 24: 111 124 44 72 211 150 
Bin 25: 144 224 130 24 180 241 
Bin 26: 235 157 215 214 79 125 
Bin 27: 132 199 170 192 75 165 8 222 
Bin 28: 168 162 51 234 225 204 
Bin 29: 22 52 198 142 36 
Bin 30: 40 82 21 127 19 
Bin 31: 194 50 1 97 
Bin 32: 54 26 104 210 38 4 106 217 176 35 
Bin 33: 155 228 242 81 62 
Bin 34: 113 
Bin 35: 65 131 
Bin 36: 129 119 243 
Bin 37: 233 189 247 
Bin 38: 23 100 163 31 244 
Bin 39: 105 143 238 172 
Bin 40: 103 34 88 
Bin 41: 133 90 
Bin 42: 18 196 
Bin 43: 92 
