# Objective: 18
# Time: 0.25294
# Feasible: 1
# Solution:
Bin 0: 36 105 56 118 33 37 114 
Bin 1: 50 7 62 9 3 108 
Bin 2: 104 107 22 18 45 86 63 117 
Bin 3: 1 49 20 89 10 60 73 
Bin 4: 65 100 55 31 26 82 58 0 17 
Bin 5: 52 76 32 66 64 90 71 
Bin 6: 43 47 109 94 13 113 38 
Bin 7: 97 88 40 15 24 101 14 
Bin 8: 84 25 35 72 2 39 61 83 
Bin 9: 96 91 112 87 41 67 
Bin 10: 27 98 79 102 19 53 
Bin 11: 57 54 44 12 34 81 95 
Bin 12: 92 59 78 75 28 23 
Bin 13: 119 6 103 11 48 
Bin 14: 115 74 70 68 85 80 77 
Bin 15: 4 46 106 110 93 111 
Bin 16: 5 30 42 116 21 16 
Bin 17: 99 69 51 29 8 
