# Objective: 152
# Time: 165.8
# Feasible: 1
# Solution:
Bin 0: 34 410 432 896 70 634 445 403 
Bin 1: 385 477 756 858 516 755 17 294 
Bin 2: 751 550 906 53 870 404 241 510 
Bin 3: 863 179 910 370 813 831 559 658 409 199 
Bin 4: 538 966 773 703 990 862 545 
Bin 5: 425 41 196 573 101 513 841 
Bin 6: 140 273 962 867 666 312 696 35 320 633 
Bin 7: 130 692 663 427 525 967 313 
Bin 8: 544 691 656 314 851 82 824 178 
Bin 9: 465 524 502 806 704 705 976 
Bin 10: 789 380 99 517 923 
Bin 11: 459 504 345 344 638 216 882 132 889 
Bin 12: 412 244 252 752 859 
Bin 13: 424 330 819 406 400 
Bin 14: 905 86 405 307 784 857 80 151 
Bin 15: 9 500 839 632 581 591 887 10 
Bin 16: 957 83 738 928 343 949 
Bin 17: 71 302 203 442 158 493 195 
Bin 18: 582 174 246 709 914 363 72 
Bin 19: 877 475 615 558 165 898 816 996 257 
Bin 20: 883 418 975 188 788 818 
Bin 21: 719 285 901 43 362 835 149 
Bin 22: 281 44 739 153 117 166 
Bin 23: 566 612 560 951 292 647 912 
Bin 24: 6 624 133 778 232 926 597 
Bin 25: 127 397 21 916 814 89 
Bin 26: 474 801 428 642 398 
Bin 27: 648 100 36 328 309 803 
Bin 28: 48 793 283 446 393 
Bin 29: 482 305 102 735 744 18 
Bin 30: 850 426 687 193 491 371 448 684 
Bin 31: 894 762 233 167 616 844 340 
Bin 32: 834 754 721 107 765 28 463 
Bin 33: 45 526 411 763 680 
Bin 34: 929 295 848 585 57 242 527 
Bin 35: 593 729 287 341 886 300 552 
Bin 36: 671 460 959 92 652 
Bin 37: 365 430 969 414 876 
Bin 38: 156 809 568 726 657 490 489 
Bin 39: 614 701 288 800 134 436 253 157 
Bin 40: 948 90 269 576 105 467 
Bin 41: 316 280 716 333 26 782 
Bin 42: 487 394 73 802 536 947 775 
Bin 43: 223 160 542 971 932 
Bin 44: 855 213 349 590 799 505 534 
Bin 45: 973 519 924 254 724 318 
Bin 46: 649 812 357 30 767 979 434 548 
Bin 47: 533 95 952 315 420 
Bin 48: 995 435 447 766 237 440 429 495 
Bin 49: 187 915 378 810 746 200 942 
Bin 50: 431 797 993 388 838 822 
Bin 51: 710 468 840 571 723 893 456 539 506 
Bin 52: 65 219 224 60 163 66 64 575 
Bin 53: 81 94 871 992 694 369 359 
Bin 54: 265 194 226 798 461 209 621 
Bin 55: 600 306 622 805 908 235 
Bin 56: 353 964 391 631 275 
Bin 57: 736 760 909 864 875 129 985 
Bin 58: 748 389 293 395 933 713 356 
Bin 59: 84 276 842 677 466 669 
Bin 60: 284 494 689 137 136 243 817 
Bin 61: 20 4 497 569 183 76 674 437 
Bin 62: 553 258 972 512 290 610 
Bin 63: 423 210 997 807 470 392 
Bin 64: 126 757 641 47 218 98 611 
Bin 65: 484 415 247 874 804 
Bin 66: 518 175 771 555 769 987 
Bin 67: 303 492 734 586 902 698 
Bin 68: 781 372 579 563 191 379 514 
Bin 69: 332 507 416 999 520 645 
Bin 70: 377 347 878 63 346 483 
Bin 71: 974 75 578 299 177 
Bin 72: 441 961 279 56 289 
Bin 73: 120 589 626 668 836 983 262 776 
Bin 74: 596 22 853 546 770 217 
Bin 75: 577 3 977 125 981 636 
Bin 76: 334 464 462 650 154 562 
Bin 77: 32 339 319 141 230 587 
Bin 78: 108 91 761 439 601 
Bin 79: 795 732 310 904 454 61 
Bin 80: 336 486 531 231 833 111 861 
Bin 81: 390 956 399 268 368 197 234 498 
Bin 82: 832 930 780 304 873 271 161 970 688 
Bin 83: 529 128 825 31 211 
Bin 84: 308 695 880 613 900 937 712 327 
Bin 85: 508 772 963 338 278 927 
Bin 86: 940 984 207 208 830 238 
Bin 87: 737 777 989 501 116 408 925 
Bin 88: 854 201 790 849 623 114 872 
Bin 89: 592 503 779 958 561 
Bin 90: 607 321 823 530 733 297 707 
Bin 91: 59 667 245 749 673 722 521 
Bin 92: 549 743 438 939 375 401 921 186 
Bin 93: 945 690 791 374 138 
Bin 94: 326 918 121 679 697 361 
Bin 95: 944 15 720 50 478 954 714 
Bin 96: 537 55 630 693 109 37 
Bin 97: 227 660 176 142 727 718 62 
Bin 98: 144 955 358 917 383 
Bin 99: 421 903 625 919 298 895 603 664 
Bin 100: 150 965 950 122 29 986 
Bin 101: 443 661 119 845 617 162 768 348 
Bin 102: 675 907 556 758 458 77 911 821 
Bin 103: 115 846 52 202 740 618 785 
Bin 104: 317 856 168 588 354 
Bin 105: 728 764 532 93 444 417 792 
Bin 106: 229 27 708 205 828 
Bin 107: 943 96 643 228 686 14 988 68 
Bin 108: 523 350 360 322 580 335 672 547 594 
Bin 109: 263 1 982 934 670 884 935 
Bin 110: 659 637 331 455 250 24 
Bin 111: 387 239 783 920 868 198 750 960 
Bin 112: 54 515 572 173 272 355 182 745 
Bin 113: 422 528 135 172 865 
Bin 114: 980 376 599 794 725 
Bin 115: 325 541 261 826 164 264 605 
Bin 116: 620 236 87 676 595 
Bin 117: 12 452 58 557 479 38 609 
Bin 118: 644 496 711 180 40 221 384 
Bin 119: 786 753 323 204 131 
Bin 120: 25 266 291 145 635 485 16 
Bin 121: 994 639 74 382 49 181 
Bin 122: 123 891 13 373 535 
Bin 123: 113 913 653 104 583 249 
Bin 124: 683 366 715 922 453 829 
Bin 125: 759 329 820 146 787 476 
Bin 126: 184 481 79 682 311 248 
Bin 127: 879 888 367 837 619 23 606 651 843 
Bin 128: 419 214 433 665 565 574 
Bin 129: 570 629 852 488 143 286 
Bin 130: 511 255 608 342 413 171 
Bin 131: 381 296 662 706 206 274 97 
Bin 132: 42 222 256 473 584 869 
Bin 133: 551 899 941 51 747 681 741 598 106 640 
Bin 134: 0 85 19 866 124 
Bin 135: 827 953 8 301 931 655 
Bin 136: 46 351 220 998 2 730 
Bin 137: 678 774 192 251 103 554 139 
Bin 138: 190 450 811 364 260 282 702 885 
Bin 139: 699 407 946 808 11 700 
Bin 140: 118 5 897 78 215 189 
Bin 141: 457 185 324 33 225 627 
Bin 142: 881 472 7 731 847 
Bin 143: 564 717 88 112 69 991 
Bin 144: 540 396 170 543 110 646 968 277 
Bin 145: 522 449 240 67 567 
Bin 146: 602 892 685 469 402 499 267 
Bin 147: 742 978 451 259 212 
Bin 148: 509 860 796 815 604 
Bin 149: 471 169 628 147 155 39 152 
Bin 150: 480 890 654 936 337 
Bin 151: 386 352 270 159 148 938 
