# Objective: 152
# Time: 177.108
# Feasible: 1
# Solution:
Bin 0: 187 837 753 465 542 295 332 
Bin 1: 599 740 647 780 123 683 617 116 
Bin 2: 644 451 510 264 477 857 874 
Bin 3: 770 349 277 789 104 
Bin 4: 138 118 361 126 855 471 
Bin 5: 411 772 668 263 889 356 397 
Bin 6: 777 924 323 537 108 790 
Bin 7: 972 159 311 109 40 455 693 499 
Bin 8: 296 529 27 180 933 549 
Bin 9: 279 977 183 20 762 410 43 
Bin 10: 9 982 887 917 835 673 86 
Bin 11: 570 388 194 481 589 454 228 
Bin 12: 121 333 120 946 704 274 122 
Bin 13: 614 976 701 766 304 858 823 
Bin 14: 185 45 493 918 161 14 
Bin 15: 559 902 197 651 287 203 825 480 
Bin 16: 532 802 466 536 650 428 
Bin 17: 363 312 221 430 181 819 636 
Bin 18: 697 369 897 199 698 253 612 538 242 
Bin 19: 927 512 831 560 666 910 550 205 
Bin 20: 416 273 859 820 467 4 
Bin 21: 153 724 290 815 73 646 362 119 
Bin 22: 392 128 681 721 576 268 547 806 
Bin 23: 989 615 176 384 331 429 504 745 
Bin 24: 247 484 208 401 84 
Bin 25: 571 476 214 184 985 325 
Bin 26: 679 878 144 0 800 
Bin 27: 748 80 489 890 342 458 591 634 
Bin 28: 58 241 709 669 577 990 
Bin 29: 916 404 17 421 993 516 373 
Bin 30: 82 915 485 715 254 676 190 
Bin 31: 764 88 883 525 1 151 486 838 
Bin 32: 631 141 761 743 140 65 817 574 
Bin 33: 114 447 913 276 97 747 358 696 
Bin 34: 399 413 497 107 438 298 956 
Bin 35: 705 861 841 832 992 732 692 
Bin 36: 223 909 964 158 556 
Bin 37: 877 801 177 456 218 618 284 364 344 
Bin 38: 19 590 794 975 602 633 
Bin 39: 150 690 186 449 739 42 
Bin 40: 400 226 816 635 198 786 
Bin 41: 881 621 355 294 984 368 893 
Bin 42: 803 845 967 954 310 
Bin 43: 189 744 434 908 77 250 490 
Bin 44: 955 252 862 970 370 285 613 137 
Bin 45: 33 573 215 101 391 422 478 658 
Bin 46: 74 922 319 146 995 195 
Bin 47: 154 224 896 156 464 756 914 
Bin 48: 781 162 139 61 787 112 230 472 
Bin 49: 899 598 948 28 629 72 828 212 
Bin 50: 303 135 374 327 113 
Bin 51: 543 885 330 856 375 813 879 
Bin 52: 246 674 8 260 492 16 269 110 
Bin 53: 446 796 630 367 958 
Bin 54: 691 863 96 315 605 209 751 
Bin 55: 506 385 530 393 6 402 38 
Bin 56: 960 703 888 36 239 35 994 
Bin 57: 11 340 541 961 940 723 
Bin 58: 526 423 398 860 417 436 
Bin 59: 335 301 731 981 3 89 
Bin 60: 588 132 207 386 592 243 616 
Bin 61: 760 939 103 395 611 175 191 
Bin 62: 390 142 645 638 10 814 572 167 953 
Bin 63: 656 459 372 90 869 171 163 746 
Bin 64: 483 91 737 851 798 904 
Bin 65: 788 702 778 229 182 60 292 932 
Bin 66: 725 336 583 707 49 935 952 
Bin 67: 736 48 519 689 376 
Bin 68: 931 929 628 785 297 625 
Bin 69: 51 782 919 75 685 30 83 
Bin 70: 755 711 57 348 580 695 328 663 
Bin 71: 259 843 531 415 569 50 445 
Bin 72: 718 809 149 22 852 765 235 
Bin 73: 872 623 637 926 603 55 
Bin 74: 424 143 508 735 876 821 
Bin 75: 339 586 597 978 178 
Bin 76: 875 949 157 951 31 677 799 521 
Bin 77: 779 129 461 943 371 165 534 
Bin 78: 609 866 564 291 387 
Bin 79: 442 834 729 824 720 791 54 
Bin 80: 836 659 672 558 844 551 222 
Bin 81: 479 225 106 2 63 394 
Bin 82: 100 620 581 131 381 76 642 
Bin 83: 864 98 435 145 443 93 232 
Bin 84: 563 608 527 818 606 211 350 
Bin 85: 341 682 925 288 945 
Bin 86: 444 343 360 728 318 555 920 256 
Bin 87: 21 846 540 46 95 
Bin 88: 353 775 641 306 407 450 
Bin 89: 440 313 727 771 307 716 632 
Bin 90: 587 502 804 991 278 457 
Bin 91: 164 680 488 188 983 557 539 
Bin 92: 425 774 754 272 562 79 396 
Bin 93: 742 552 968 56 548 626 39 426 
Bin 94: 545 322 432 963 127 482 842 594 408 
Bin 95: 238 759 383 105 59 200 640 
Bin 96: 25 261 523 568 936 533 880 
Bin 97: 324 660 81 773 997 354 
Bin 98: 248 403 524 509 565 957 
Bin 99: 300 78 249 923 87 
Bin 100: 974 812 47 805 12 
Bin 101: 382 85 257 959 68 293 898 
Bin 102: 309 520 688 299 662 987 
Bin 103: 92 839 965 308 418 
Bin 104: 406 271 973 610 351 338 
Bin 105: 251 346 452 237 282 664 
Bin 106: 267 627 233 7 871 
Bin 107: 380 491 639 853 903 807 513 767 
Bin 108: 196 827 934 826 535 302 
Bin 109: 503 378 741 498 906 996 289 
Bin 110: 216 515 907 849 566 947 
Bin 111: 830 763 345 930 884 
Bin 112: 938 708 170 971 111 320 892 
Bin 113: 470 193 554 670 988 793 
Bin 114: 699 245 365 928 389 
Bin 115: 912 37 160 125 192 891 
Bin 116: 868 210 937 966 717 719 244 
Bin 117: 752 439 561 359 604 
Bin 118: 768 567 266 136 507 469 750 544 
Bin 119: 240 694 496 840 624 495 726 357 
Bin 120: 18 546 64 734 622 
Bin 121: 258 217 652 649 579 475 
Bin 122: 810 379 865 236 784 
Bin 123: 317 326 347 431 722 684 553 
Bin 124: 67 514 166 231 179 24 941 
Bin 125: 905 169 998 29 873 44 202 
Bin 126: 275 460 575 886 601 437 70 
Bin 127: 854 220 329 619 453 882 53 
Bin 128: 352 584 227 134 255 901 
Bin 129: 334 867 911 847 792 124 713 
Bin 130: 234 366 213 314 265 
Bin 131: 463 473 808 148 280 
Bin 132: 942 5 518 474 643 582 
Bin 133: 714 712 283 848 749 487 522 
Bin 134: 62 700 829 204 102 
Bin 135: 69 653 783 811 665 66 34 
Bin 136: 596 730 152 667 130 769 115 
Bin 137: 26 286 433 23 757 15 
Bin 138: 600 41 657 528 962 585 
Bin 139: 655 500 738 71 462 
Bin 140: 822 174 578 980 219 
Bin 141: 316 511 595 494 517 
Bin 142: 795 969 32 921 321 419 
Bin 143: 52 661 758 94 133 441 
Bin 144: 710 173 409 414 900 687 979 
Bin 145: 654 706 172 675 671 950 
Bin 146: 678 155 262 147 448 686 797 
Bin 147: 999 468 607 305 337 99 648 
Bin 148: 117 593 206 733 505 201 895 
Bin 149: 501 420 870 281 427 13 412 
Bin 150: 377 405 850 270 944 
Bin 151: 168 986 833 894 776 
