# Objective: 19
# Time: 0.277866
# Feasible: 1
# Solution:
Bin 0: 35 38 86 78 98 88 
Bin 1: 91 25 113 14 96 17 30 
Bin 2: 87 85 116 100 4 54 32 
Bin 3: 42 47 105 37 119 67 
Bin 4: 31 62 51 70 50 108 
Bin 5: 61 107 74 58 39 63 48 
Bin 6: 46 28 45 90 0 64 55 
Bin 7: 12 73 9 18 26 114 22 
Bin 8: 89 44 59 97 3 41 104 93 
Bin 9: 10 75 5 21 80 
Bin 10: 20 27 95 53 84 23 109 
Bin 11: 8 65 2 111 99 
Bin 12: 69 36 94 7 34 
Bin 13: 117 13 49 110 79 56 
Bin 14: 11 66 16 83 102 60 
Bin 15: 1 19 68 81 118 57 
Bin 16: 112 29 101 15 92 24 6 76 
Bin 17: 77 103 106 82 72 71 
Bin 18: 52 115 43 33 40 
