# Objective: 19
# Time: 0.240252
# Feasible: 1
# Solution:
Bin 0: 112 82 42 47 118 29 
Bin 1: 37 79 78 108 81 52 
Bin 2: 96 104 60 43 94 32 113 19 
Bin 3: 34 7 70 89 93 16 44 
Bin 4: 66 27 73 103 88 115 100 18 
Bin 5: 90 46 86 65 71 
Bin 6: 3 67 50 41 92 56 
Bin 7: 98 114 53 107 74 36 117 
Bin 8: 13 31 40 22 0 64 
Bin 9: 110 116 99 61 87 57 111 
Bin 10: 26 101 4 68 25 97 
Bin 11: 51 69 105 59 38 
Bin 12: 77 49 23 119 10 84 20 5 
Bin 13: 72 15 102 30 106 14 95 
Bin 14: 62 21 54 24 6 17 
Bin 15: 39 63 48 55 91 1 
Bin 16: 8 75 2 11 85 58 
Bin 17: 12 109 33 80 9 
Bin 18: 76 28 83 45 35 
