# Objective: 18
# Time: 0.276445
# Feasible: 1
# Solution:
Bin 0: 15 50 53 80 76 92 97 47 
Bin 1: 5 79 107 87 27 73 
Bin 2: 31 67 90 116 100 94 34 58 
Bin 3: 4 68 95 0 7 26 102 118 
Bin 4: 17 81 61 11 19 65 
Bin 5: 9 91 63 88 51 41 10 
Bin 6: 8 37 56 32 45 57 72 
Bin 7: 77 2 33 66 115 117 55 
Bin 8: 6 46 101 78 70 119 13 
Bin 9: 59 14 64 36 93 48 114 39 
Bin 10: 24 52 54 111 110 35 106 
Bin 11: 99 109 108 30 82 42 98 89 
Bin 12: 20 84 43 105 1 85 
Bin 13: 96 29 18 71 104 103 
Bin 14: 49 28 12 112 22 86 
Bin 15: 21 16 113 74 62 
Bin 16: 38 60 3 25 75 23 
Bin 17: 83 44 69 40 
