# Objective: 20
# Time: 0.199772
# Feasible: 1
# Solution:
Bin 0: 116 40 5 45 26 11 92 
Bin 1: 7 90 53 88 119 21 
Bin 2: 95 8 114 24 61 
Bin 3: 19 60 50 66 67 25 112 
Bin 4: 2 59 35 6 70 28 9 
Bin 5: 30 93 3 96 31 118 62 
Bin 6: 100 86 42 71 99 37 113 76 
Bin 7: 87 91 109 74 38 46 
Bin 8: 84 97 17 78 43 
Bin 9: 16 44 77 79 105 
Bin 10: 65 64 81 89 103 0 
Bin 11: 104 85 55 94 68 
Bin 12: 13 54 32 22 14 23 33 
Bin 13: 115 75 48 110 73 27 
Bin 14: 107 101 102 18 4 20 
Bin 15: 83 47 52 34 10 
Bin 16: 57 56 58 29 98 106 
Bin 17: 69 36 49 12 39 
Bin 18: 117 111 51 82 80 63 41 
Bin 19: 72 1 108 15 
