# Objective: 19
# Time: 0.359697
# Feasible: 1
# Solution:
Bin 0: 87 118 39 92 49 88 30 
Bin 1: 53 33 48 85 98 55 
Bin 2: 23 36 108 31 61 3 
Bin 3: 18 24 82 57 116 105 58 
Bin 4: 11 45 54 38 50 26 81 
Bin 5: 59 72 84 63 83 13 52 
Bin 6: 7 100 104 75 86 
Bin 7: 101 66 80 93 68 22 106 
Bin 8: 32 28 99 42 115 97 14 103 
Bin 9: 35 69 64 110 4 65 
Bin 10: 114 21 107 102 113 0 
Bin 11: 94 78 67 1 77 46 47 
Bin 12: 10 44 74 56 70 
Bin 13: 37 112 111 90 96 8 19 
Bin 14: 109 73 9 27 79 29 62 
Bin 15: 5 41 95 2 60 51 
Bin 16: 76 17 6 89 71 
Bin 17: 43 119 25 15 91 
Bin 18: 20 117 12 40 34 16 
