# Objective: 197
# Time: 20.7767
# Feasible: 1
# Solution:
Bin 0: 342 594 346 736 425 523 161 447 
Bin 1: 547 613 713 276 588 
Bin 2: 950 42 129 286 434 76 
Bin 3: 603 681 724 28 894 847 0 332 
Bin 4: 222 539 203 845 300 357 
Bin 5: 983 769 906 80 488 707 843 
Bin 6: 328 822 163 776 520 123 235 
Bin 7: 311 399 515 667 214 994 
Bin 8: 829 955 538 903 14 21 5 918 
Bin 9: 440 312 987 245 207 464 
Bin 10: 791 298 733 984 253 415 964 580 
Bin 11: 6 556 215 638 66 654 
Bin 12: 389 63 720 231 746 826 524 
Bin 13: 978 798 171 59 494 
Bin 14: 122 472 25 428 483 999 
Bin 15: 624 248 598 953 565 871 519 74 
Bin 16: 793 482 338 640 242 49 
Bin 17: 700 646 360 148 718 96 
Bin 18: 51 573 740 532 993 687 861 
Bin 19: 98 264 197 696 115 198 770 
Bin 20: 661 126 437 763 545 591 
Bin 21: 924 340 527 549 553 30 
Bin 22: 38 562 961 379 501 277 699 
Bin 23: 546 803 857 883 786 366 390 
Bin 24: 185 160 499 630 602 224 193 634 643 
Bin 25: 990 833 498 262 992 878 503 
Bin 26: 752 254 762 387 909 
Bin 27: 576 812 855 416 636 760 676 
Bin 28: 8 764 452 500 790 279 504 
Bin 29: 991 561 533 925 378 
Bin 30: 68 509 709 491 751 
Bin 31: 615 465 595 278 690 216 
Bin 32: 211 587 90 543 306 900 
Bin 33: 986 343 497 502 919 967 666 
Bin 34: 877 420 915 150 937 398 
Bin 35: 151 648 607 816 355 943 811 850 831 
Bin 36: 468 183 639 407 931 331 611 
Bin 37: 548 261 735 313 362 618 
Bin 38: 432 980 324 457 450 168 406 
Bin 39: 554 75 941 511 948 805 70 
Bin 40: 258 610 134 775 108 9 
Bin 41: 537 908 882 23 442 394 204 
Bin 42: 813 939 637 758 290 461 
Bin 43: 159 869 462 670 141 907 138 
Bin 44: 85 926 65 94 932 951 757 
Bin 45: 4 191 551 542 544 18 29 303 
Bin 46: 194 11 474 182 144 240 
Bin 47: 337 496 228 453 692 167 844 270 
Bin 48: 490 140 339 257 960 400 
Bin 49: 367 54 605 72 87 989 891 623 
Bin 50: 711 213 897 143 744 
Bin 51: 217 454 323 797 132 779 
Bin 52: 517 879 402 669 196 866 522 
Bin 53: 589 756 863 842 552 962 933 
Bin 54: 854 945 585 46 252 37 
Bin 55: 727 935 481 784 927 835 255 
Bin 56: 153 237 830 212 620 
Bin 57: 632 448 12 677 575 188 27 
Bin 58: 703 433 728 957 473 873 
Bin 59: 526 32 629 403 705 505 
Bin 60: 427 684 476 864 966 221 
Bin 61: 354 410 50 662 872 202 
Bin 62: 970 839 706 921 64 
Bin 63: 330 111 158 896 368 393 
Bin 64: 44 899 750 838 723 459 53 
Bin 65: 236 152 808 600 557 380 209 586 391 110 
Bin 66: 599 664 792 875 974 176 
Bin 67: 239 404 783 200 475 
Bin 68: 922 166 477 186 249 540 802 
Bin 69: 753 913 768 364 349 19 
Bin 70: 352 39 641 220 901 804 649 
Bin 71: 321 189 131 715 606 384 742 
Bin 72: 451 678 518 717 739 139 
Bin 73: 858 963 99 946 316 827 
Bin 74: 127 218 521 968 650 
Bin 75: 375 142 441 302 627 48 319 541 
Bin 76: 867 814 164 55 146 486 714 
Bin 77: 397 351 820 837 701 259 
Bin 78: 251 431 535 417 665 
Bin 79: 35 579 671 492 479 460 289 
Bin 80: 195 800 363 395 895 104 
Bin 81: 78 2 280 555 910 371 
Bin 82: 91 347 985 722 856 
Bin 83: 616 772 429 478 823 
Bin 84: 969 902 853 95 109 
Bin 85: 702 157 358 593 695 412 972 
Bin 86: 704 456 781 327 426 862 463 
Bin 87: 944 58 584 653 949 181 
Bin 88: 642 22 981 192 484 81 
Bin 89: 385 250 810 668 241 
Bin 90: 928 226 435 116 308 178 745 
Bin 91: 345 299 67 317 631 652 689 
Bin 92: 225 208 693 510 794 886 
Bin 93: 998 423 893 771 184 
Bin 94: 133 614 581 979 52 
Bin 95: 40 172 180 778 710 421 304 
Bin 96: 832 848 223 206 688 
Bin 97: 885 947 409 617 658 612 550 436 388 
Bin 98: 914 852 942 60 92 513 729 
Bin 99: 266 738 663 819 787 102 
Bin 100: 294 376 322 789 
Bin 101: 369 121 373 57 560 125 952 860 956 971 
Bin 102: 673 959 292 79 846 62 
Bin 103: 256 516 659 305 83 
Bin 104: 7 563 888 229 773 807 
Bin 105: 149 507 455 651 274 530 621 
Bin 106: 13 656 645 840 
Bin 107: 105 578 
Bin 108: 675 531 282 130 120 100 219 267 
Bin 109: 446 326 868 582 672 761 
Bin 110: 558 529 301 201 283 
Bin 111: 135 730 372 817 569 386 117 
Bin 112: 469 568 243 119 514 
Bin 113: 923 175 754 920 
Bin 114: 238 128 564 419 874 
Bin 115: 288 679 365 988 291 103 
Bin 116: 765 525 780 247 165 
Bin 117: 836 341 734 766 
Bin 118: 93 536 528 381 682 
Bin 119: 940 396 
Bin 120: 445 785 56 
Bin 121: 320 583 495 443 43 
Bin 122: 774 284 45 137 892 604 
Bin 123: 268 890 911 162 118 884 795 307 107 801 
Bin 124: 534 625 777 686 444 
Bin 125: 976 31 741 958 287 377 
Bin 126: 719 179 333 20 350 
Bin 127: 912 596 71 571 293 170 
Bin 128: 824 859 
Bin 129: 608 570 
Bin 130: 438 84 24 566 318 314 392 
Bin 131: 269 
Bin 132: 965 755 834 480 
Bin 133: 694 199 716 799 
Bin 134: 124 572 334 737 698 821 
Bin 135: 295 145 767 936 310 272 
Bin 136: 887 975 61 405 574 470 
Bin 137: 815 508 41 796 
Bin 138: 36 414 748 458 
Bin 139: 467 439 374 938 154 190 
Bin 140: 870 16 408 995 106 285 
Bin 141: 263 660 485 1 353 
Bin 142: 230 512 917 
Bin 143: 281 147 619 
Bin 144: 265 112 721 749 
Bin 145: 275 315 567 905 
Bin 146: 487 401 493 930 806 880 691 712 
Bin 147: 626 244 997 
Bin 148: 747 77 782 
Bin 149: 10 973 
Bin 150: 828 156 233 97 
Bin 151: 628 113 296 
Bin 152: 841 359 411 851 
Bin 153: 430 418 86 
Bin 154: 356 818 370 
Bin 155: 982 
Bin 156: 635 732 647 15 136 
Bin 157: 865 644 210 683 
Bin 158: 234 82 697 449 
Bin 159: 743 26 674 
Bin 160: 413 
Bin 161: 622 169 825 34 227 
Bin 162: 329 273 898 
Bin 163: 422 336 
Bin 164: 904 424 759 
Bin 165: 725 809 271 335 
Bin 166: 344 934 889 977 
Bin 167: 205 
Bin 168: 657 471 17 
Bin 169: 916 3 
Bin 170: 680 559 
Bin 171: 47 
Bin 172: 325 
Bin 173: 726 174 73 232 633 
Bin 174: 876 177 
Bin 175: 881 155 
Bin 176: 609 382 
Bin 177: 33 954 731 
Bin 178: 590 466 
Bin 179: 929 
Bin 180: 246 
Bin 181: 489 655 
Bin 182: 788 849 297 
Bin 183: 309 69 
Bin 184: 101 996 708 114 348 
Bin 185: 685 
Bin 186: 577 
Bin 187: 89 260 
Bin 188: 88 
Bin 189: 383 
Bin 190: 592 
Bin 191: 601 
Bin 192: 173 
Bin 193: 361 
Bin 194: 506 
Bin 195: 187 
Bin 196: 597 
