# Objective: 19
# Time: 0.283082
# Feasible: 1
# Solution:
Bin 0: 48 63 6 69 44 45 49 87 
Bin 1: 91 23 108 93 68 62 119 30 
Bin 2: 114 7 81 10 36 14 
Bin 3: 96 58 86 70 59 20 
Bin 4: 78 46 113 110 92 77 22 
Bin 5: 118 41 28 107 25 105 
Bin 6: 115 8 82 37 61 17 99 100 
Bin 7: 5 89 106 83 67 57 
Bin 8: 21 79 76 16 52 
Bin 9: 101 117 109 90 24 51 88 66 
Bin 10: 11 84 1 80 26 95 35 
Bin 11: 33 97 112 13 103 15 
Bin 12: 60 55 85 74 54 73 
Bin 13: 104 75 94 72 43 27 111 
Bin 14: 40 12 19 29 32 2 42 
Bin 15: 4 0 34 47 50 
Bin 16: 71 98 102 31 
Bin 17: 64 53 18 9 3 
Bin 18: 39 56 65 38 116 
