# Objective: 19
# Time: 0.340225
# Feasible: 1
# Solution:
Bin 0: 37 102 2 57 112 114 
Bin 1: 53 61 42 67 22 46 8 14 
Bin 2: 101 12 32 98 105 87 47 
Bin 3: 70 85 91 48 51 
Bin 4: 38 118 81 40 115 52 7 
Bin 5: 58 116 21 56 43 
Bin 6: 72 73 119 78 26 24 25 
Bin 7: 62 89 15 1 93 97 45 9 113 74 
Bin 8: 107 65 104 34 18 16 
Bin 9: 94 6 103 41 39 
Bin 10: 82 17 64 83 76 0 
Bin 11: 66 59 96 69 49 99 79 
Bin 12: 63 3 36 10 100 31 19 44 
Bin 13: 88 33 55 75 4 110 
Bin 14: 54 86 50 13 27 60 
Bin 15: 109 5 71 29 92 84 95 
Bin 16: 11 35 90 111 80 
Bin 17: 106 30 20 68 
Bin 18: 77 108 117 23 28 
