# Objective: 39
# Time: 2.31763
# Feasible: 1
# Solution:
Bin 0: 162 212 89 61 40 216 33 
Bin 1: 80 142 165 19 27 96 51 87 
Bin 2: 75 175 167 236 1 156 141 
Bin 3: 134 90 148 95 195 145 45 137 
Bin 4: 102 68 11 4 214 110 210 
Bin 5: 234 23 224 158 208 112 
Bin 6: 196 84 230 21 83 237 20 177 178 
Bin 7: 30 161 150 185 143 157 203 
Bin 8: 122 169 155 3 213 0 
Bin 9: 36 79 55 70 183 198 34 
Bin 10: 241 127 138 223 205 242 
Bin 11: 64 128 238 204 218 59 81 
Bin 12: 46 43 91 200 193 
Bin 13: 115 239 101 7 
Bin 14: 114 92 50 54 73 42 106 
Bin 15: 163 188 197 99 209 86 
Bin 16: 78 123 135 154 88 6 65 
Bin 17: 151 186 103 66 187 244 119 
Bin 18: 74 85 164 47 108 8 133 94 
Bin 19: 52 173 152 76 58 160 49 
Bin 20: 100 215 247 184 13 
Bin 21: 221 63 144 82 41 
Bin 22: 219 235 44 32 248 14 149 
Bin 23: 31 37 15 189 226 
Bin 24: 126 24 243 206 62 
Bin 25: 140 228 130 202 217 12 10 245 25 
Bin 26: 194 105 225 104 192 229 
Bin 27: 172 93 57 132 174 77 
Bin 28: 38 111 139 190 98 170 
Bin 29: 69 249 159 222 147 166 120 
Bin 30: 220 182 48 97 2 
Bin 31: 17 22 199 118 29 171 67 
Bin 32: 60 53 168 191 179 
Bin 33: 9 117 39 56 116 
Bin 34: 201 109 231 211 16 146 
Bin 35: 125 71 5 131 227 181 
Bin 36: 153 180 233 18 124 240 
Bin 37: 246 136 35 232 129 72 113 
Bin 38: 176 28 107 121 26 207 
