# Objective: 18
# Time: 0.262044
# Feasible: 1
# Solution:
Bin 0: 73 118 90 53 76 119 48 
Bin 1: 88 31 108 81 100 107 11 
Bin 2: 24 116 77 59 112 67 
Bin 3: 55 54 30 38 22 19 4 
Bin 4: 33 111 74 85 78 1 
Bin 5: 99 9 50 43 40 101 114 
Bin 6: 95 32 63 21 37 10 15 92 
Bin 7: 87 18 46 41 36 104 47 91 
Bin 8: 70 61 96 8 6 68 
Bin 9: 109 72 82 117 75 49 84 
Bin 10: 26 23 79 110 17 71 60 
Bin 11: 103 39 80 93 45 7 
Bin 12: 58 66 65 20 64 3 12 
Bin 13: 42 106 98 16 102 35 51 
Bin 14: 83 34 2 105 25 57 
Bin 15: 52 13 94 28 0 89 97 
Bin 16: 113 86 69 27 5 
Bin 17: 62 44 56 29 14 115 
