# Objective: 17
# Time: 0.4004
# Feasible: 1
# Solution:
Bin 0: 25 95 8 89 2 82 28 96 76 61 
Bin 1: 43 40 72 5 115 4 51 
Bin 2: 104 29 97 106 119 56 7 
Bin 3: 68 15 6 100 83 117 11 57 112 
Bin 4: 60 27 0 45 44 67 
Bin 5: 88 13 26 34 19 81 12 93 114 
Bin 6: 98 65 58 24 48 38 50 
Bin 7: 103 47 20 59 70 
Bin 8: 3 52 80 63 74 77 86 66 
Bin 9: 53 42 64 35 21 71 
Bin 10: 105 87 31 85 1 73 36 110 
Bin 11: 116 39 101 94 102 99 30 22 
Bin 12: 91 17 14 84 10 79 78 
Bin 13: 46 18 109 113 90 32 9 16 
Bin 14: 108 107 69 118 54 
Bin 15: 75 49 23 111 92 
Bin 16: 55 37 41 33 62 
