# Objective: 75
# Time: 18.8694
# Feasible: 1
# Solution:
Bin 0: 44 305 49 435 192 290 442 
Bin 1: 257 322 494 380 299 60 50 
Bin 2: 47 447 101 288 396 482 24 420 
Bin 3: 137 269 43 370 446 434 498 212 39 
Bin 4: 333 93 353 358 30 277 193 441 207 
Bin 5: 110 233 336 459 168 133 335 
Bin 6: 109 5 315 73 362 95 254 
Bin 7: 169 304 472 85 492 160 228 433 
Bin 8: 273 332 348 0 425 75 151 
Bin 9: 147 413 84 41 352 166 53 
Bin 10: 374 182 407 186 102 346 
Bin 11: 400 232 478 218 386 177 106 
Bin 12: 319 382 438 46 280 74 397 436 
Bin 13: 302 258 313 90 497 465 
Bin 14: 172 124 328 326 453 115 361 
Bin 15: 360 278 229 456 33 187 307 
Bin 16: 347 271 359 274 210 
Bin 17: 159 216 246 64 21 118 306 
Bin 18: 414 329 452 181 301 463 211 
Bin 19: 88 415 369 178 390 78 
Bin 20: 468 260 403 418 312 170 
Bin 21: 256 138 330 486 495 266 
Bin 22: 56 28 464 132 68 226 
Bin 23: 263 92 82 243 479 251 265 179 404 
Bin 24: 201 4 125 120 1 316 
Bin 25: 429 20 462 365 100 173 
Bin 26: 296 343 54 496 427 253 
Bin 27: 17 261 440 96 167 323 
Bin 28: 281 267 148 249 171 475 198 
Bin 29: 342 337 152 225 455 
Bin 30: 401 116 287 387 113 300 368 340 
Bin 31: 51 130 117 379 410 485 40 25 
Bin 32: 155 69 99 183 444 394 451 
Bin 33: 391 194 474 448 158 286 
Bin 34: 303 279 184 364 461 107 
Bin 35: 29 460 150 83 309 196 445 
Bin 36: 144 154 31 493 341 98 324 
Bin 37: 70 409 223 291 275 371 
Bin 38: 430 293 439 204 240 91 250 185 
Bin 39: 111 230 483 139 76 
Bin 40: 127 11 357 422 470 156 
Bin 41: 45 285 292 34 375 10 487 
Bin 42: 295 431 491 334 331 449 
Bin 43: 153 411 318 190 363 234 245 
Bin 44: 412 162 62 356 402 385 146 202 
Bin 45: 405 7 48 2 388 13 421 66 
Bin 46: 255 235 373 310 126 222 467 
Bin 47: 32 349 65 339 52 131 
Bin 48: 376 57 94 103 36 16 35 236 321 
Bin 49: 142 121 314 175 199 145 
Bin 50: 26 6 81 338 325 239 264 
Bin 51: 220 484 89 398 128 215 384 
Bin 52: 350 416 311 351 8 
Bin 53: 174 408 317 392 471 231 195 136 72 
Bin 54: 149 9 477 123 80 393 499 
Bin 55: 355 22 432 157 208 
Bin 56: 197 366 424 214 450 490 399 213 488 
Bin 57: 143 354 77 381 423 
Bin 58: 87 406 378 466 112 63 134 
Bin 59: 481 276 437 59 23 244 345 389 
Bin 60: 12 163 161 108 18 27 297 
Bin 61: 248 105 164 395 3 
Bin 62: 119 206 270 241 469 219 55 
Bin 63: 114 283 221 203 247 42 141 
Bin 64: 377 188 165 67 457 209 224 344 
Bin 65: 252 38 284 180 61 
Bin 66: 191 237 15 58 140 135 298 
Bin 67: 259 242 200 238 205 
Bin 68: 383 19 480 227 37 
Bin 69: 272 367 97 417 372 
Bin 70: 443 14 189 289 294 
Bin 71: 268 320 282 104 419 71 129 
Bin 72: 86 489 476 426 262 
Bin 73: 428 473 217 454 79 
Bin 74: 458 122 327 308 176 
