# Objective: 37
# Time: 2.63823
# Feasible: 1
# Solution:
Bin 0: 108 176 163 5 43 159 167 
Bin 1: 229 219 248 185 48 9 235 78 21 
Bin 2: 145 73 147 244 227 80 39 
Bin 3: 101 190 20 188 206 77 181 
Bin 4: 215 67 177 93 60 237 249 
Bin 5: 142 125 37 10 89 
Bin 6: 112 66 46 240 245 
Bin 7: 223 198 111 130 169 
Bin 8: 87 144 134 74 52 83 102 15 1 
Bin 9: 178 114 137 72 183 
Bin 10: 120 228 30 63 209 238 
Bin 11: 99 141 38 224 23 32 
Bin 12: 59 113 109 94 222 58 
Bin 13: 122 212 62 182 24 
Bin 14: 31 105 7 12 16 47 
Bin 15: 246 86 4 53 126 79 162 
Bin 16: 55 90 135 136 217 33 0 51 
Bin 17: 71 140 8 36 214 184 
Bin 18: 230 92 26 6 123 17 42 28 
Bin 19: 81 131 243 34 180 97 247 96 41 164 
Bin 20: 54 161 221 203 193 172 202 
Bin 21: 160 236 100 2 70 49 165 153 241 
Bin 22: 133 213 149 207 68 173 
Bin 23: 57 132 119 197 239 
Bin 24: 88 14 242 143 157 82 199 
Bin 25: 64 84 40 91 115 29 124 225 13 
Bin 26: 45 196 22 189 195 158 146 
Bin 27: 175 155 156 154 179 171 
Bin 28: 204 191 218 194 75 85 103 
Bin 29: 170 117 151 186 27 61 3 106 210 208 
Bin 30: 232 192 187 19 50 150 118 138 
Bin 31: 129 116 211 98 11 121 76 
Bin 32: 110 127 65 44 201 166 
Bin 33: 128 18 200 205 69 168 
Bin 34: 226 234 107 104 35 220 
Bin 35: 139 95 216 174 152 
Bin 36: 148 25 231 56 233 
