# Objective: 99
# Time: 2.30001
# Feasible: 1
# Solution:
Bin 0: 153 356 137 476 156 35 341 
Bin 1: 229 455 276 324 187 231 
Bin 2: 426 196 17 113 152 310 
Bin 3: 284 82 376 78 365 54 170 73 
Bin 4: 206 184 454 75 33 138 114 34 
Bin 5: 90 144 323 225 106 91 269 382 359 
Bin 6: 431 389 62 222 448 390 497 
Bin 7: 307 463 249 287 67 101 
Bin 8: 260 377 164 246 235 275 
Bin 9: 163 228 402 342 77 64 
Bin 10: 105 404 475 348 485 461 
Bin 11: 444 143 160 361 89 18 
Bin 12: 352 174 47 458 175 311 53 
Bin 13: 314 451 357 254 142 367 
Bin 14: 250 366 248 112 214 55 
Bin 15: 186 288 265 486 386 
Bin 16: 145 119 257 363 209 
Bin 17: 496 430 259 358 57 464 
Bin 18: 388 117 217 309 226 488 346 493 
Bin 19: 178 302 223 131 50 238 
Bin 20: 216 472 313 392 198 25 
Bin 21: 63 384 177 318 194 429 121 
Bin 22: 350 480 130 274 498 241 
Bin 23: 176 120 320 58 432 304 
Bin 24: 330 439 224 204 123 
Bin 25: 215 478 469 281 355 
Bin 26: 23 481 48 139 468 12 
Bin 27: 126 409 423 467 219 
Bin 28: 280 471 27 333 172 375 
Bin 29: 369 412 482 134 317 14 
Bin 30: 335 315 118 161 197 148 60 
Bin 31: 83 122 343 410 210 
Bin 32: 271 203 414 80 30 
Bin 33: 491 300 234 443 484 308 354 
Bin 34: 24 116 442 436 391 340 415 
Bin 35: 100 8 473 298 492 
Bin 36: 155 233 0 433 394 270 
Bin 37: 103 42 403 462 21 141 
Bin 38: 180 159 296 169 93 406 165 
Bin 39: 9 28 383 252 146 400 
Bin 40: 278 95 220 191 51 395 
Bin 41: 190 489 166 273 334 465 
Bin 42: 88 385 183 16 26 435 
Bin 43: 39 301 43 362 374 
Bin 44: 247 244 490 22 132 46 15 
Bin 45: 4 256 192 293 7 470 
Bin 46: 202 189 380 289 70 168 
Bin 47: 2 312 218 337 104 441 460 157 
Bin 48: 399 230 336 452 449 438 92 
Bin 49: 251 59 417 277 211 
Bin 50: 135 136 128 416 421 267 110 
Bin 51: 32 339 408 205 264 495 150 
Bin 52: 111 393 149 66 181 459 127 
Bin 53: 29 179 272 483 303 
Bin 54: 11 188 240 306 364 
Bin 55: 41 109 450 72 13 328 332 
Bin 56: 405 294 424 3 
Bin 57: 19 38 344 85 499 52 457 108 387 
Bin 58: 167 199 437 115 74 
Bin 59: 102 40 
Bin 60: 65 236 6 
Bin 61: 98 124 319 266 
Bin 62: 45 200 36 208 
Bin 63: 407 227 61 331 154 
Bin 64: 20 321 44 282 1 
Bin 65: 378 397 329 446 413 
Bin 66: 147 440 81 372 173 10 
Bin 67: 49 87 151 212 140 290 
Bin 68: 258 71 
Bin 69: 171 31 182 
Bin 70: 487 434 237 325 193 
Bin 71: 97 418 327 291 
Bin 72: 316 381 37 
Bin 73: 360 107 453 
Bin 74: 305 185 253 
Bin 75: 268 56 255 207 79 
Bin 76: 76 232 279 201 
Bin 77: 419 221 326 422 283 425 
Bin 78: 347 295 125 242 239 353 
Bin 79: 477 263 245 466 297 261 
Bin 80: 292 262 69 427 
Bin 81: 299 
Bin 82: 86 162 133 
Bin 83: 379 68 349 371 
Bin 84: 158 494 
Bin 85: 456 411 
Bin 86: 99 373 398 
Bin 87: 213 345 
Bin 88: 94 84 5 445 
Bin 89: 479 338 285 
Bin 90: 370 96 428 
Bin 91: 322 
Bin 92: 368 286 447 
Bin 93: 243 129 420 
Bin 94: 351 
Bin 95: 396 
Bin 96: 195 
Bin 97: 401 
Bin 98: 474 
