# Objective: 37
# Time: 2.61412
# Feasible: 1
# Solution:
Bin 0: 105 135 46 165 182 156 123 15 
Bin 1: 117 115 209 191 62 35 
Bin 2: 174 159 125 187 193 36 
Bin 3: 73 243 122 65 136 31 
Bin 4: 109 89 214 64 32 54 
Bin 5: 20 66 4 40 78 29 58 
Bin 6: 9 34 67 228 153 22 190 
Bin 7: 168 131 76 52 12 3 177 17 
Bin 8: 59 75 1 179 189 60 27 55 
Bin 9: 163 44 221 143 79 231 188 81 
Bin 10: 170 128 141 162 172 211 
Bin 11: 77 184 16 237 37 181 200 217 
Bin 12: 124 49 239 176 186 97 175 102 
Bin 13: 118 111 241 96 106 25 61 
Bin 14: 230 137 150 94 0 38 
Bin 15: 74 82 215 86 50 210 147 5 167 
Bin 16: 98 108 116 218 99 234 47 
Bin 17: 80 240 51 53 203 202 45 
Bin 18: 2 113 142 208 229 149 
Bin 19: 216 238 68 145 185 233 161 19 
Bin 20: 227 95 110 224 39 
Bin 21: 43 180 225 18 178 85 120 
Bin 22: 133 91 30 157 134 100 248 26 244 
Bin 23: 154 235 194 169 21 8 70 155 28 
Bin 24: 112 11 198 151 23 222 247 
Bin 25: 245 42 57 164 129 206 
Bin 26: 10 132 41 126 196 242 
Bin 27: 148 183 220 171 72 
Bin 28: 140 144 204 173 160 104 87 
Bin 29: 219 119 166 114 195 121 212 
Bin 30: 158 7 107 88 232 
Bin 31: 83 127 33 84 201 
Bin 32: 92 6 24 192 249 
Bin 33: 90 152 14 63 139 226 
Bin 34: 56 93 101 13 199 213 
Bin 35: 205 48 246 146 236 138 197 
Bin 36: 103 69 130 71 207 223 
