# Objective: 197
# Time: 16.1449
# Feasible: 1
# Solution:
Bin 0: 569 24 446 448 918 292 
Bin 1: 380 487 613 510 722 903 107 
Bin 2: 379 145 944 752 313 
Bin 3: 237 986 893 844 320 
Bin 4: 966 787 667 948 549 14 688 
Bin 5: 338 824 781 733 993 730 420 251 
Bin 6: 68 662 216 834 980 151 816 
Bin 7: 623 186 538 491 691 335 815 
Bin 8: 401 219 675 130 871 698 710 
Bin 9: 965 806 272 139 465 179 
Bin 10: 435 947 994 881 740 374 
Bin 11: 173 199 901 611 736 304 776 
Bin 12: 56 247 52 738 971 373 80 
Bin 13: 92 989 953 542 39 258 584 913 
Bin 14: 143 297 889 453 368 282 
Bin 15: 929 593 441 979 496 
Bin 16: 764 253 636 563 11 699 580 36 843 
Bin 17: 232 104 961 394 236 88 
Bin 18: 185 476 309 423 10 381 
Bin 19: 191 904 634 136 67 950 
Bin 20: 775 976 79 23 783 403 917 
Bin 21: 690 550 975 906 163 839 
Bin 22: 521 106 825 872 602 399 87 263 
Bin 23: 355 198 573 244 459 600 466 735 910 
Bin 24: 921 821 716 150 210 943 55 990 
Bin 25: 33 890 915 345 96 666 426 
Bin 26: 72 991 146 729 415 
Bin 27: 65 616 724 205 784 656 189 
Bin 28: 606 102 506 778 713 732 184 607 
Bin 29: 447 27 431 513 279 392 
Bin 30: 969 307 860 390 714 352 71 560 
Bin 31: 1 795 742 657 541 363 409 
Bin 32: 99 154 779 200 674 221 625 
Bin 33: 388 268 418 720 924 652 317 187 
Bin 34: 504 103 343 648 204 341 879 300 
Bin 35: 570 176 614 90 547 461 
Bin 36: 405 684 888 793 473 290 861 
Bin 37: 182 644 397 474 937 
Bin 38: 425 977 643 785 537 243 
Bin 39: 940 869 668 891 942 875 
Bin 40: 266 900 905 707 618 
Bin 41: 630 892 885 316 826 174 794 
Bin 42: 273 434 680 70 217 115 619 
Bin 43: 112 470 833 757 702 649 
Bin 44: 696 402 325 535 377 
Bin 45: 692 32 790 81 788 551 15 
Bin 46: 433 930 395 621 413 946 
Bin 47: 827 818 974 197 497 
Bin 48: 438 254 456 686 923 
Bin 49: 520 941 372 436 638 771 
Bin 50: 100 285 525 935 572 608 
Bin 51: 926 450 845 949 589 
Bin 52: 44 83 458 647 777 167 257 
Bin 53: 119 305 902 955 153 503 
Bin 54: 516 452 870 898 864 30 
Bin 55: 807 604 591 486 654 508 428 
Bin 56: 50 813 627 660 166 672 
Bin 57: 308 183 797 314 477 149 
Bin 58: 196 246 653 751 142 908 43 
Bin 59: 190 850 126 846 874 213 639 534 
Bin 60: 706 884 651 767 581 135 715 927 866 66 
Bin 61: 601 326 484 9 798 443 883 170 
Bin 62: 347 28 911 532 98 121 
Bin 63: 568 673 45 312 271 
Bin 64: 661 886 53 328 318 500 
Bin 65: 86 992 138 631 588 289 823 
Bin 66: 873 64 116 195 421 556 411 
Bin 67: 416 746 346 13 999 934 
Bin 68: 203 140 464 284 814 412 957 847 404 
Bin 69: 899 91 796 429 693 302 
Bin 70: 954 2 712 226 21 111 
Bin 71: 25 854 351 868 482 962 741 
Bin 72: 259 408 480 822 40 29 987 
Bin 73: 671 952 867 287 996 
Bin 74: 859 544 622 192 772 
Bin 75: 571 371 933 540 731 
Bin 76: 527 530 747 895 472 
Bin 77: 670 664 836 193 162 294 763 
Bin 78: 945 105 494 348 546 
Bin 79: 38 175 650 362 984 479 
Bin 80: 856 802 123 250 995 909 
Bin 81: 241 492 812 658 562 73 765 
Bin 82: 725 439 739 342 77 60 
Bin 83: 852 951 828 34 78 
Bin 84: 851 808 695 7 855 336 
Bin 85: 646 938 129 367 637 63 
Bin 86: 37 683 632 120 789 679 
Bin 87: 539 360 769 877 575 
Bin 88: 296 364 705 848 554 837 172 
Bin 89: 350 594 269 932 835 211 
Bin 90: 76 48 131 97 536 267 
Bin 91: 578 331 640 595 973 
Bin 92: 865 585 16 762 332 841 
Bin 93: 641 981 483 159 460 400 642 
Bin 94: 161 939 42 727 457 
Bin 95: 543 774 148 49 863 782 
Bin 96: 127 406 832 230 324 754 
Bin 97: 524 225 511 293 122 
Bin 98: 493 805 84 502 878 260 156 
Bin 99: 786 561 349 171 761 
Bin 100: 249 382 231 114 719 880 704 
Bin 101: 61 745 624 529 41 
Bin 102: 583 963 51 687 20 964 
Bin 103: 3 770 396 437 509 
Bin 104: 228 47 689 
Bin 105: 522 132 956 391 398 248 811 74 180 220 882 726 
Bin 106: 89 337 82 334 
Bin 107: 113 430 759 235 677 919 
Bin 108: 626 
Bin 109: 737 531 968 620 177 152 801 17 319 
Bin 110: 59 194 414 515 354 
Bin 111: 708 357 407 333 137 
Bin 112: 499 432 93 264 
Bin 113: 110 576 202 454 928 
Bin 114: 842 46 467 599 
Bin 115: 356 694 
Bin 116: 280 178 410 749 12 
Bin 117: 19 288 455 635 849 255 
Bin 118: 463 270 234 475 803 311 
Bin 119: 748 518 214 791 723 
Bin 120: 718 959 817 853 970 
Bin 121: 744 768 344 299 75 
Bin 122: 985 0 323 164 58 
Bin 123: 109 26 242 967 586 564 894 
Bin 124: 490 327 717 157 804 574 
Bin 125: 310 442 233 386 4 
Bin 126: 424 820 128 5 224 829 750 
Bin 127: 298 387 603 545 
Bin 128: 208 95 283 558 
Bin 129: 358 800 711 507 277 
Bin 130: 548 681 
Bin 131: 579 306 209 612 567 514 633 
Bin 132: 773 35 462 734 887 
Bin 133: 94 655 489 659 201 276 
Bin 134: 485 645 54 799 555 445 
Bin 135: 134 188 366 181 
Bin 136: 108 862 223 
Bin 137: 610 168 629 925 936 983 760 559 605 365 700 
Bin 138: 69 960 501 498 
Bin 139: 62 481 245 617 615 378 
Bin 140: 57 697 444 141 512 
Bin 141: 339 753 780 
Bin 142: 440 
Bin 143: 329 
Bin 144: 361 
Bin 145: 169 858 838 118 840 
Bin 146: 227 417 
Bin 147: 830 384 340 124 
Bin 148: 322 238 212 755 303 
Bin 149: 369 565 685 758 756 22 
Bin 150: 678 256 792 
Bin 151: 291 728 252 262 385 669 
Bin 152: 315 215 552 383 261 
Bin 153: 207 125 819 85 
Bin 154: 590 239 533 
Bin 155: 526 
Bin 156: 676 158 907 
Bin 157: 8 
Bin 158: 528 422 353 
Bin 159: 577 274 
Bin 160: 495 523 359 596 
Bin 161: 598 972 419 
Bin 162: 286 278 582 998 301 
Bin 163: 592 914 920 229 519 
Bin 164: 155 988 721 978 
Bin 165: 897 663 144 
Bin 166: 876 665 
Bin 167: 31 857 912 
Bin 168: 389 206 
Bin 169: 703 117 
Bin 170: 295 
Bin 171: 478 451 
Bin 172: 375 916 931 160 701 
Bin 173: 265 997 
Bin 174: 566 810 427 
Bin 175: 370 
Bin 176: 743 
Bin 177: 469 505 
Bin 178: 982 488 
Bin 179: 449 
Bin 180: 281 
Bin 181: 218 958 18 275 240 393 222 
Bin 182: 376 766 
Bin 183: 6 896 
Bin 184: 553 
Bin 185: 609 
Bin 186: 597 
Bin 187: 517 165 
Bin 188: 330 
Bin 189: 809 471 147 557 709 587 321 
Bin 190: 682 
Bin 191: 101 
Bin 192: 831 
Bin 193: 468 
Bin 194: 922 
Bin 195: 133 
Bin 196: 628 
