# Objective: 39
# Time: 2.0659
# Feasible: 1
# Solution:
Bin 0: 43 13 189 154 208 17 159 148 191 
Bin 1: 157 201 106 122 56 164 82 
Bin 2: 143 76 146 228 32 81 71 
Bin 3: 161 141 134 74 244 31 
Bin 4: 45 89 111 243 20 50 38 33 
Bin 5: 5 160 70 220 153 
Bin 6: 99 231 137 173 175 165 
Bin 7: 240 135 127 172 233 51 
Bin 8: 69 26 249 103 176 39 167 27 
Bin 9: 48 55 65 86 210 116 222 
Bin 10: 62 75 79 213 49 181 
Bin 11: 104 197 203 199 11 193 35 
Bin 12: 98 131 101 92 247 
Bin 13: 0 136 68 54 57 238 
Bin 14: 166 237 152 113 188 
Bin 15: 204 63 97 132 179 110 158 72 
Bin 16: 19 7 100 37 23 8 211 
Bin 17: 3 6 77 109 216 83 
Bin 18: 4 115 118 40 234 171 
Bin 19: 218 155 112 177 85 147 
Bin 20: 144 64 236 28 2 151 66 94 
Bin 21: 187 91 21 163 196 214 
Bin 22: 44 226 60 207 121 182 105 
Bin 23: 130 29 14 22 24 140 
Bin 24: 120 168 215 139 47 184 
Bin 25: 156 96 206 162 202 107 180 119 
Bin 26: 52 170 174 123 242 
Bin 27: 248 192 235 225 190 232 30 1 
Bin 28: 78 124 219 126 239 16 
Bin 29: 41 42 87 138 149 
Bin 30: 150 186 133 185 200 245 117 
Bin 31: 230 67 102 195 34 212 224 
Bin 32: 205 217 15 73 12 142 
Bin 33: 9 108 59 145 227 
Bin 34: 194 183 53 209 128 18 
Bin 35: 36 93 114 84 80 10 
Bin 36: 129 169 61 90 221 229 
Bin 37: 58 95 246 223 198 
Bin 38: 25 241 46 88 125 178 
