# Objective: 19
# Time: 0.229415
# Feasible: 1
# Solution:
Bin 0: 18 30 94 8 23 40 11 97 
Bin 1: 47 32 4 24 27 78 
Bin 2: 86 70 33 88 63 67 115 
Bin 3: 22 113 99 35 59 49 57 
Bin 4: 6 44 26 102 80 72 43 
Bin 5: 3 17 14 109 112 36 106 
Bin 6: 31 19 84 5 12 2 74 117 
Bin 7: 39 119 98 1 50 100 
Bin 8: 92 71 46 56 114 79 41 
Bin 9: 68 25 69 93 104 55 
Bin 10: 10 90 62 48 107 
Bin 11: 118 61 75 29 64 95 
Bin 12: 105 116 53 21 7 87 52 111 
Bin 13: 13 91 15 9 28 
Bin 14: 37 108 76 20 66 
Bin 15: 65 42 58 96 45 82 
Bin 16: 0 73 38 89 54 
Bin 17: 81 103 110 77 101 51 
Bin 18: 16 83 34 60 85 
