# Objective: 39
# Time: 2.38405
# Feasible: 1
# Solution:
Bin 0: 216 130 144 119 124 213 
Bin 1: 177 106 55 35 14 111 62 48 9 16 
Bin 2: 225 3 116 184 235 249 21 
Bin 3: 148 201 145 115 0 
Bin 4: 204 108 77 245 218 12 103 
Bin 5: 19 47 219 110 79 59 248 
Bin 6: 188 226 228 180 183 42 
Bin 7: 72 151 56 70 96 167 192 
Bin 8: 236 22 122 67 26 157 175 240 200 
Bin 9: 224 82 220 146 58 
Bin 10: 178 30 187 133 127 
Bin 11: 68 205 87 189 76 50 
Bin 12: 162 202 206 161 190 185 169 
Bin 13: 166 179 138 112 239 246 149 75 
Bin 14: 102 170 155 247 52 172 
Bin 15: 10 28 132 223 233 37 
Bin 16: 60 45 197 237 73 71 100 
Bin 17: 29 150 241 40 98 131 34 
Bin 18: 232 117 31 7 143 168 18 
Bin 19: 212 64 137 193 129 
Bin 20: 17 33 78 227 91 
Bin 21: 36 63 32 186 109 66 
Bin 22: 84 57 27 242 120 142 147 195 94 
Bin 23: 88 54 90 194 43 93 238 
Bin 24: 105 217 15 39 174 
Bin 25: 24 49 214 198 134 126 
Bin 26: 65 107 182 114 164 136 
Bin 27: 196 89 135 163 113 
Bin 28: 140 4 176 41 141 160 231 
Bin 29: 158 118 203 139 221 83 11 23 
Bin 30: 53 1 6 121 211 38 159 
Bin 31: 51 97 2 123 125 44 165 
Bin 32: 210 104 207 243 156 
Bin 33: 154 92 199 80 244 25 
Bin 34: 5 95 222 173 181 
Bin 35: 229 128 20 61 13 
Bin 36: 8 85 101 171 74 230 215 
Bin 37: 234 208 69 81 99 
Bin 38: 209 86 191 46 152 153 
