# Objective: 147
# Time: 162.677
# Feasible: 1
# Solution:
Bin 0: 85 224 575 520 433 656 
Bin 1: 7 431 422 209 517 287 755 216 817 
Bin 2: 315 931 601 48 174 967 671 62 
Bin 3: 929 875 515 354 44 441 
Bin 4: 391 254 976 663 609 804 873 
Bin 5: 862 740 596 232 71 
Bin 6: 592 21 708 176 646 676 72 719 217 430 
Bin 7: 67 880 730 841 990 660 487 
Bin 8: 832 395 816 913 95 407 83 335 
Bin 9: 835 115 319 542 182 390 
Bin 10: 522 948 512 353 346 13 352 579 
Bin 11: 491 459 963 883 501 364 
Bin 12: 146 961 495 245 958 68 
Bin 13: 796 8 273 428 598 
Bin 14: 114 105 138 861 637 760 
Bin 15: 119 443 716 549 199 652 
Bin 16: 930 632 685 945 618 863 
Bin 17: 81 183 499 374 540 302 59 
Bin 18: 11 9 670 647 347 234 970 
Bin 19: 304 635 783 139 928 877 747 480 
Bin 20: 979 486 738 951 682 
Bin 21: 327 594 527 521 732 735 892 406 
Bin 22: 758 292 187 92 42 506 532 155 840 519 
Bin 23: 196 79 248 130 709 339 383 
Bin 24: 311 898 237 851 561 221 244 
Bin 25: 644 126 167 658 259 757 
Bin 26: 836 706 973 60 937 412 
Bin 27: 168 748 193 208 338 553 
Bin 28: 373 623 214 507 966 692 725 
Bin 29: 131 789 365 65 70 704 
Bin 30: 210 767 551 566 636 641 689 484 
Bin 31: 768 629 987 84 714 332 415 620 
Bin 32: 572 142 503 409 153 749 828 
Bin 33: 781 736 449 800 742 323 583 
Bin 34: 739 705 587 590 133 846 
Bin 35: 29 233 829 5 371 720 
Bin 36: 980 985 753 98 20 
Bin 37: 127 830 960 866 329 410 924 
Bin 38: 864 432 420 414 539 156 
Bin 39: 502 787 177 526 612 959 337 
Bin 40: 163 195 915 782 255 887 185 546 
Bin 41: 615 317 465 236 479 280 947 
Bin 42: 986 712 956 402 172 260 423 
Bin 43: 326 218 715 282 570 128 797 733 39 
Bin 44: 554 606 404 509 785 
Bin 45: 445 435 556 88 313 324 
Bin 46: 370 871 191 524 340 538 18 855 
Bin 47: 86 243 707 805 310 696 492 94 
Bin 48: 921 518 994 198 573 981 
Bin 49: 462 964 769 953 559 537 446 634 811 
Bin 50: 909 581 488 750 125 78 578 779 
Bin 51: 143 368 582 932 972 301 257 
Bin 52: 436 648 588 261 729 
Bin 53: 602 437 874 511 34 399 308 
Bin 54: 40 120 403 147 938 975 
Bin 55: 455 264 369 607 52 633 
Bin 56: 837 181 879 791 467 
Bin 57: 239 230 481 350 0 802 440 372 
Bin 58: 106 850 638 33 544 149 331 
Bin 59: 472 621 838 12 382 35 206 852 325 
Bin 60: 845 897 129 545 473 927 654 27 
Bin 61: 241 476 223 246 291 46 
Bin 62: 831 669 136 30 557 562 192 
Bin 63: 438 756 293 786 865 595 
Bin 64: 677 249 3 823 751 505 14 826 
Bin 65: 228 697 998 936 448 271 401 
Bin 66: 952 765 529 251 213 577 639 599 108 
Bin 67: 825 148 297 631 894 398 93 137 803 
Bin 68: 567 161 766 4 262 357 100 
Bin 69: 659 343 135 891 268 547 586 
Bin 70: 974 387 45 336 525 793 400 672 745 
Bin 71: 806 91 61 278 87 211 611 900 141 
Bin 72: 75 318 55 309 184 655 477 358 513 999 
Bin 73: 298 113 814 619 798 452 
Bin 74: 983 681 510 194 857 
Bin 75: 424 710 250 614 321 265 872 
Bin 76: 949 869 471 144 50 543 
Bin 77: 463 485 908 790 154 275 82 
Bin 78: 460 285 665 653 294 978 895 28 
Bin 79: 881 10 780 23 563 700 
Bin 80: 158 17 77 376 885 31 603 470 
Bin 81: 267 103 569 322 19 673 305 
Bin 82: 859 397 388 962 568 
Bin 83: 57 940 702 164 80 741 107 
Bin 84: 351 419 134 375 668 104 989 
Bin 85: 630 151 886 413 200 664 935 
Bin 86: 622 661 907 726 286 159 
Bin 87: 920 132 528 389 711 229 955 
Bin 88: 341 32 247 795 616 
Bin 89: 328 533 90 498 274 680 
Bin 90: 490 904 902 600 474 
Bin 91: 122 363 306 657 456 906 942 
Bin 92: 728 417 734 912 771 
Bin 93: 923 112 299 117 359 698 918 
Bin 94: 450 774 334 362 16 468 824 
Bin 95: 24 993 944 971 38 253 
Bin 96: 190 171 348 110 565 330 992 
Bin 97: 662 36 504 26 727 295 
Bin 98: 303 717 922 746 355 576 
Bin 99: 405 713 97 762 821 66 818 380 
Bin 100: 123 784 6 124 469 640 723 160 
Bin 101: 580 493 272 718 691 849 
Bin 102: 258 439 276 109 792 475 
Bin 103: 916 116 597 289 834 868 
Bin 104: 444 279 451 394 815 277 
Bin 105: 288 381 925 613 378 379 64 552 
Bin 106: 667 889 695 624 890 617 608 684 367 910 
Bin 107: 99 392 666 678 69 574 150 
Bin 108: 812 957 41 178 54 166 
Bin 109: 645 761 530 494 263 777 
Bin 110: 197 416 489 429 203 238 73 165 
Bin 111: 571 884 853 968 589 
Bin 112: 118 893 843 458 870 687 226 
Bin 113: 101 858 344 833 593 917 844 
Bin 114: 320 290 899 175 496 933 770 
Bin 115: 464 943 724 96 269 
Bin 116: 219 169 775 47 854 
Bin 117: 508 901 550 965 454 842 162 
Bin 118: 37 839 53 408 788 478 752 
Bin 119: 651 688 754 911 421 
Bin 120: 396 242 312 252 650 240 
Bin 121: 903 333 848 22 896 950 
Bin 122: 984 773 995 731 625 763 778 
Bin 123: 349 605 541 699 679 
Bin 124: 461 969 56 721 977 140 157 
Bin 125: 145 434 882 514 51 361 
Bin 126: 453 202 808 988 822 
Bin 127: 516 189 643 626 744 737 
Bin 128: 186 447 693 483 205 807 377 819 
Bin 129: 89 997 919 799 982 227 180 
Bin 130: 427 905 49 610 342 121 43 
Bin 131: 281 914 256 878 531 360 58 
Bin 132: 926 856 497 860 316 170 111 690 694 
Bin 133: 584 934 204 426 466 25 
Bin 134: 996 536 674 283 384 564 
Bin 135: 15 628 102 809 548 776 270 560 
Bin 136: 991 1 827 939 173 425 
Bin 137: 76 813 212 604 876 888 701 
Bin 138: 345 627 225 686 772 74 523 
Bin 139: 385 366 722 867 591 386 
Bin 140: 764 220 535 152 482 179 794 
Bin 141: 820 2 683 201 356 642 
Bin 142: 703 534 743 314 300 207 555 
Bin 143: 284 231 393 649 266 585 457 
Bin 144: 442 954 418 307 63 801 847 810 
Bin 145: 222 558 675 941 188 235 
Bin 146: 500 946 759 296 215 411 
