# Objective: 101
# Time: 4.05905
# Feasible: 1
# Solution:
Bin 0: 75 372 140 471 215 237 14 
Bin 1: 336 113 19 296 258 410 395 
Bin 2: 314 488 297 183 435 318 98 
Bin 3: 65 11 335 198 213 169 20 135 251 
Bin 4: 442 103 39 58 231 174 175 3 
Bin 5: 157 111 419 219 130 211 85 463 
Bin 6: 495 159 497 147 270 
Bin 7: 283 10 108 378 339 414 459 273 
Bin 8: 487 274 304 176 26 241 100 196 
Bin 9: 466 426 269 128 359 417 
Bin 10: 361 8 434 344 464 
Bin 11: 329 96 293 36 191 193 309 
Bin 12: 92 238 333 386 41 398 
Bin 13: 443 331 350 380 383 16 31 
Bin 14: 114 89 34 294 460 284 290 
Bin 15: 210 282 394 391 127 2 319 
Bin 16: 379 66 375 496 478 472 
Bin 17: 328 369 376 370 84 481 451 
Bin 18: 265 312 382 124 155 154 67 321 232 151 
Bin 19: 161 218 168 125 405 248 121 
Bin 20: 118 70 461 222 33 144 185 189 
Bin 21: 268 286 403 263 171 340 
Bin 22: 429 188 221 63 300 385 
Bin 23: 87 325 7 86 491 486 179 498 
Bin 24: 455 473 95 264 104 449 131 
Bin 25: 320 24 439 480 
Bin 26: 363 415 112 134 458 
Bin 27: 73 18 142 1 25 227 
Bin 28: 158 40 492 97 195 90 
Bin 29: 456 292 493 348 119 352 
Bin 30: 54 93 413 230 374 170 110 
Bin 31: 109 396 102 401 203 233 
Bin 32: 27 484 245 298 136 327 338 
Bin 33: 32 452 324 276 357 257 
Bin 34: 202 82 35 364 
Bin 35: 101 387 201 305 
Bin 36: 4 306 485 313 262 252 
Bin 37: 337 441 332 81 308 
Bin 38: 226 423 362 207 399 
Bin 39: 307 107 165 355 349 444 149 
Bin 40: 277 377 433 22 311 
Bin 41: 164 76 48 371 205 133 436 
Bin 42: 490 302 225 17 117 
Bin 43: 494 411 299 62 228 
Bin 44: 412 13 153 160 137 
Bin 45: 407 271 204 303 6 77 
Bin 46: 388 477 291 287 427 106 197 
Bin 47: 47 83 78 367 99 470 132 
Bin 48: 229 220 209 489 440 150 288 409 148 
Bin 49: 206 343 418 192 341 
Bin 50: 129 483 322 162 139 
Bin 51: 259 250 56 408 21 12 
Bin 52: 50 80 295 448 
Bin 53: 249 475 217 116 420 499 
Bin 54: 289 430 200 301 
Bin 55: 194 368 465 55 330 
Bin 56: 141 278 37 453 
Bin 57: 146 88 437 79 
Bin 58: 358 61 46 
Bin 59: 120 199 315 
Bin 60: 243 326 105 
Bin 61: 216 53 392 317 402 
Bin 62: 404 244 122 64 428 172 323 
Bin 63: 347 51 94 187 346 23 462 52 
Bin 64: 91 
Bin 65: 400 223 316 406 167 351 
Bin 66: 281 447 182 
Bin 67: 425 234 416 384 365 381 366 
Bin 68: 43 71 242 
Bin 69: 469 261 390 353 123 
Bin 70: 138 236 279 57 
Bin 71: 214 476 
Bin 72: 457 212 239 68 
Bin 73: 186 373 438 446 72 
Bin 74: 266 42 
Bin 75: 310 421 178 
Bin 76: 285 115 
Bin 77: 280 432 422 38 
Bin 78: 246 145 156 393 
Bin 79: 468 254 163 450 74 152 
Bin 80: 267 354 15 445 
Bin 81: 59 240 30 275 424 272 69 
Bin 82: 126 467 255 356 260 345 256 
Bin 83: 180 173 
Bin 84: 181 28 360 
Bin 85: 431 29 479 
Bin 86: 389 208 253 45 44 
Bin 87: 60 482 
Bin 88: 177 
Bin 89: 235 49 190 
Bin 90: 5 
Bin 91: 0 474 
Bin 92: 224 9 
Bin 93: 342 
Bin 94: 166 
Bin 95: 247 
Bin 96: 397 
Bin 97: 184 
Bin 98: 334 
Bin 99: 454 
Bin 100: 143 
