# Objective: 39
# Time: 2.36023
# Feasible: 1
# Solution:
Bin 0: 248 49 205 62 160 190 
Bin 1: 154 233 111 11 75 185 132 
Bin 2: 231 153 224 96 200 34 
Bin 3: 221 236 95 30 81 
Bin 4: 138 47 58 202 141 19 134 
Bin 5: 196 65 25 131 55 191 22 
Bin 6: 39 43 194 92 67 212 
Bin 7: 228 173 0 220 181 20 8 
Bin 8: 48 24 169 176 38 198 86 15 
Bin 9: 40 159 105 197 237 
Bin 10: 249 79 2 158 80 68 168 227 
Bin 11: 207 241 44 146 83 
Bin 12: 245 166 171 82 88 
Bin 13: 193 32 203 110 152 17 234 12 
Bin 14: 192 85 93 106 91 74 
Bin 15: 208 70 218 170 226 23 59 
Bin 16: 126 139 125 223 14 77 244 243 
Bin 17: 178 46 167 148 69 57 
Bin 18: 112 16 174 78 210 1 163 
Bin 19: 53 135 149 164 219 161 225 115 
Bin 20: 121 5 76 113 183 127 216 
Bin 21: 211 3 140 37 7 119 
Bin 22: 195 186 122 66 90 101 
Bin 23: 41 42 26 201 4 182 187 128 
Bin 24: 36 89 137 133 99 165 144 217 
Bin 25: 6 147 151 129 51 103 
Bin 26: 9 136 33 130 107 175 
Bin 27: 87 156 242 71 64 124 
Bin 28: 98 214 114 172 54 28 
Bin 29: 123 27 157 232 56 204 
Bin 30: 143 61 13 104 188 
Bin 31: 21 63 199 52 10 108 
Bin 32: 97 35 100 215 177 
Bin 33: 155 18 94 222 180 206 247 
Bin 34: 145 102 213 238 45 31 50 
Bin 35: 116 142 150 184 73 
Bin 36: 60 230 29 189 162 
Bin 37: 84 229 239 240 118 209 
Bin 38: 117 246 235 179 109 120 72 
