# Objective: 76
# Time: 18.6172
# Feasible: 1
# Solution:
Bin 0: 338 96 198 269 80 261 433 280 
Bin 1: 212 360 394 202 304 251 38 207 415 
Bin 2: 298 142 81 225 208 116 291 337 
Bin 3: 397 10 321 7 372 305 381 
Bin 4: 248 472 230 68 93 50 325 
Bin 5: 192 108 307 94 310 176 60 
Bin 6: 126 485 445 428 105 
Bin 7: 448 414 161 257 179 214 344 18 
Bin 8: 24 221 422 486 123 241 250 26 
Bin 9: 361 178 157 30 356 488 185 206 
Bin 10: 476 451 369 37 3 408 85 
Bin 11: 378 173 255 413 175 164 
Bin 12: 144 367 133 137 145 
Bin 13: 106 454 180 329 75 135 
Bin 14: 35 14 43 147 72 127 478 194 
Bin 15: 86 211 92 148 466 452 497 
Bin 16: 71 495 427 99 462 347 201 479 
Bin 17: 303 186 56 128 343 424 
Bin 18: 287 171 290 169 25 183 70 
Bin 19: 13 334 322 69 188 216 349 
Bin 20: 155 112 16 55 499 
Bin 21: 162 373 353 276 239 154 49 
Bin 22: 82 12 406 467 484 440 141 285 
Bin 23: 67 491 163 115 120 165 189 
Bin 24: 390 301 91 496 279 296 267 
Bin 25: 138 238 36 281 412 228 237 
Bin 26: 498 470 438 62 352 
Bin 27: 421 107 102 158 266 
Bin 28: 233 292 249 204 217 246 
Bin 29: 423 411 432 59 460 453 407 
Bin 30: 328 6 399 243 132 
Bin 31: 235 182 191 9 140 177 
Bin 32: 87 425 426 52 78 443 258 359 404 
Bin 33: 409 20 444 288 125 197 
Bin 34: 490 100 245 210 319 447 286 
Bin 35: 23 134 386 492 364 
Bin 36: 455 363 193 54 196 22 
Bin 37: 300 368 474 477 124 39 
Bin 38: 312 282 40 377 118 
Bin 39: 358 153 181 168 405 482 45 
Bin 40: 129 469 139 110 166 
Bin 41: 355 464 200 219 385 224 403 65 
Bin 42: 295 220 400 489 122 27 252 77 
Bin 43: 317 121 458 231 232 340 101 
Bin 44: 418 242 327 265 156 439 362 
Bin 45: 5 146 382 34 199 
Bin 46: 402 354 46 309 370 223 84 
Bin 47: 311 136 95 226 8 
Bin 48: 429 90 61 388 260 
Bin 49: 461 98 326 149 410 473 83 
Bin 50: 174 117 64 229 480 17 131 
Bin 51: 143 481 263 449 4 331 88 
Bin 52: 187 384 114 29 483 130 
Bin 53: 308 487 222 190 42 274 
Bin 54: 234 109 374 97 289 33 
Bin 55: 57 58 264 430 346 320 450 316 332 
Bin 56: 457 73 335 313 431 350 
Bin 57: 215 375 345 420 342 392 
Bin 58: 66 456 268 379 11 
Bin 59: 151 270 89 493 324 259 103 
Bin 60: 236 247 357 314 76 278 366 
Bin 61: 44 48 284 401 1 299 
Bin 62: 459 434 306 463 380 172 113 
Bin 63: 272 333 150 32 209 294 417 
Bin 64: 159 28 254 293 63 
Bin 65: 339 336 468 376 111 240 
Bin 66: 391 442 297 244 41 277 
Bin 67: 184 167 31 253 195 416 51 
Bin 68: 47 227 74 323 0 19 2 
Bin 69: 371 203 387 465 273 341 446 
Bin 70: 170 104 436 419 302 398 475 365 
Bin 71: 15 348 396 389 383 79 
Bin 72: 441 256 21 218 205 275 
Bin 73: 437 283 213 435 318 152 53 
Bin 74: 494 395 262 393 119 315 
Bin 75: 330 471 271 160 351 
