# Objective: 18
# Time: 0.317632
# Feasible: 1
# Solution:
Bin 0: 66 105 9 36 52 62 84 103 
Bin 1: 72 75 10 70 25 20 73 
Bin 2: 1 63 14 94 29 28 55 
Bin 3: 78 50 12 19 42 101 
Bin 4: 61 32 58 27 38 117 46 67 40 
Bin 5: 97 93 8 81 2 95 16 
Bin 6: 64 3 83 98 23 51 
Bin 7: 5 43 56 118 26 17 119 
Bin 8: 116 89 68 33 57 6 
Bin 9: 99 91 34 35 79 90 48 
Bin 10: 21 111 102 4 76 31 80 
Bin 11: 45 104 0 47 53 107 11 88 
Bin 12: 71 109 39 77 92 59 44 22 
Bin 13: 60 108 113 54 86 
Bin 14: 114 69 100 82 96 65 
Bin 15: 30 13 85 37 74 87 
Bin 16: 49 106 115 110 112 24 
Bin 17: 15 7 41 18 
