# Objective: 19
# Time: 0.361116
# Feasible: 1
# Solution:
Bin 0: 20 55 109 8 14 38 98 100 
Bin 1: 82 60 61 25 42 99 9 
Bin 2: 89 0 7 68 45 84 
Bin 3: 51 101 106 17 104 119 
Bin 4: 18 103 87 29 118 16 
Bin 5: 31 30 48 105 78 64 108 46 
Bin 6: 73 66 33 32 115 71 5 
Bin 7: 85 93 23 96 77 95 79 
Bin 8: 21 10 102 116 110 
Bin 9: 70 24 40 49 13 
Bin 10: 59 35 34 54 12 19 90 74 
Bin 11: 83 67 91 11 22 72 
Bin 12: 3 76 94 111 2 
Bin 13: 41 36 37 47 88 75 
Bin 14: 39 112 27 69 1 86 
Bin 15: 80 57 15 50 4 81 58 
Bin 16: 26 62 92 114 63 44 6 
Bin 17: 113 65 28 107 117 
Bin 18: 43 53 56 52 97 
