# Objective: 20
# Time: 0.252206
# Feasible: 1
# Solution:
Bin 0: 7 38 74 15 32 93 33 
Bin 1: 57 99 42 10 0 39 92 102 
Bin 2: 65 109 20 48 94 31 
Bin 3: 107 96 54 85 91 3 
Bin 4: 87 8 114 103 59 14 119 
Bin 5: 112 71 23 53 34 117 63 
Bin 6: 104 97 55 44 11 
Bin 7: 115 35 29 110 82 49 
Bin 8: 88 100 66 75 81 78 
Bin 9: 25 46 9 61 118 37 113 70 
Bin 10: 16 21 60 28 52 24 
Bin 11: 116 47 58 106 77 50 36 
Bin 12: 62 101 4 45 5 27 
Bin 13: 69 67 108 105 76 68 
Bin 14: 83 98 19 86 26 56 
Bin 15: 64 80 111 89 41 51 
Bin 16: 95 30 1 84 18 79 
Bin 17: 40 12 17 72 43 
Bin 18: 90 22 73 2 6 
Bin 19: 13 
