# Objective: 19
# Time: 0.221737
# Feasible: 1
# Solution:
Bin 0: 94 84 101 42 78 60 70 
Bin 1: 37 63 55 13 4 115 77 22 
Bin 2: 14 81 16 88 111 2 
Bin 3: 80 66 86 114 46 118 
Bin 4: 18 34 0 74 89 54 
Bin 5: 52 119 47 83 3 6 71 
Bin 6: 87 97 5 28 56 65 45 
Bin 7: 72 26 112 64 50 62 
Bin 8: 117 99 57 98 40 19 
Bin 9: 51 10 105 32 8 91 
Bin 10: 69 27 21 41 79 
Bin 11: 107 30 73 20 31 
Bin 12: 39 25 92 59 53 29 44 
Bin 13: 67 15 82 85 108 11 
Bin 14: 75 1 38 35 43 96 36 
Bin 15: 49 7 68 106 24 113 
Bin 16: 100 48 90 104 17 9 93 
Bin 17: 102 76 61 12 58 23 
Bin 18: 109 33 95 103 116 110 
