# Objective: 19
# Time: 0.231575
# Feasible: 1
# Solution:
Bin 0: 7 66 15 96 78 65 103 4 
Bin 1: 110 20 98 62 27 111 52 
Bin 2: 104 5 48 60 41 54 
Bin 3: 34 12 23 59 31 22 
Bin 4: 118 42 2 61 70 6 
Bin 5: 25 8 43 36 99 10 
Bin 6: 102 73 106 91 16 63 
Bin 7: 75 79 3 11 86 97 113 
Bin 8: 24 40 95 107 81 88 100 
Bin 9: 35 93 114 51 53 17 89 18 
Bin 10: 45 30 69 39 112 
Bin 11: 105 1 26 33 109 
Bin 12: 0 19 9 32 67 84 
Bin 13: 58 50 47 85 77 55 
Bin 14: 90 64 119 37 74 82 
Bin 15: 13 80 72 116 38 14 
Bin 16: 76 83 94 21 28 
Bin 17: 87 101 71 117 29 108 
Bin 18: 115 49 56 68 57 46 92 44 
