# Objective: 76
# Time: 18.757
# Feasible: 1
# Solution:
Bin 0: 135 312 496 246 52 497 219 235 448 
Bin 1: 174 425 233 105 133 37 96 
Bin 2: 450 294 125 337 486 461 455 
Bin 3: 182 263 142 181 349 39 412 
Bin 4: 429 100 285 157 320 478 
Bin 5: 155 382 284 160 214 58 
Bin 6: 221 449 69 226 383 
Bin 7: 158 371 213 288 484 22 372 
Bin 8: 3 156 396 201 184 9 80 232 446 
Bin 9: 338 479 95 90 362 94 400 
Bin 10: 180 228 71 45 81 179 499 204 
Bin 11: 317 38 268 25 404 311 
Bin 12: 191 467 477 476 29 310 
Bin 13: 493 89 305 444 97 326 286 11 
Bin 14: 266 50 456 19 435 267 
Bin 15: 328 432 65 343 275 113 452 
Bin 16: 283 332 92 327 308 436 169 
Bin 17: 82 410 62 359 301 185 42 242 414 
Bin 18: 397 244 347 116 274 220 407 
Bin 19: 192 440 256 178 41 366 278 207 
Bin 20: 57 254 55 18 307 291 
Bin 21: 293 168 289 60 480 79 
Bin 22: 66 170 167 302 247 356 
Bin 23: 34 20 152 56 159 273 272 
Bin 24: 378 255 260 216 453 325 
Bin 25: 241 475 296 2 495 8 202 304 271 
Bin 26: 431 487 406 348 231 333 205 424 
Bin 27: 129 300 171 445 427 76 398 224 
Bin 28: 418 249 323 166 218 
Bin 29: 280 443 490 370 252 353 336 4 
Bin 30: 363 481 237 401 84 441 83 365 
Bin 31: 251 225 198 485 227 314 175 469 165 
Bin 32: 498 334 136 118 264 212 
Bin 33: 210 329 482 17 49 379 298 234 
Bin 34: 187 0 324 193 126 416 405 
Bin 35: 183 430 420 209 279 172 387 
Bin 36: 358 451 377 32 335 276 
Bin 37: 61 409 137 316 85 243 
Bin 38: 402 345 33 30 154 161 
Bin 39: 433 31 344 419 72 203 313 
Bin 40: 121 103 189 352 5 458 
Bin 41: 236 131 281 465 53 127 112 
Bin 42: 13 101 354 197 99 141 
Bin 43: 386 6 421 331 162 299 
Bin 44: 442 188 44 106 375 59 494 
Bin 45: 282 385 318 36 200 454 364 
Bin 46: 257 176 115 139 26 230 
Bin 47: 457 149 102 459 138 
Bin 48: 146 163 463 258 239 474 
Bin 49: 240 360 309 229 376 357 
Bin 50: 73 75 388 144 114 
Bin 51: 355 23 391 108 341 
Bin 52: 248 148 124 265 295 164 
Bin 53: 392 199 473 10 262 67 
Bin 54: 14 399 222 321 381 250 
Bin 55: 195 489 411 361 339 47 422 
Bin 56: 393 91 130 143 196 
Bin 57: 173 466 51 287 107 
Bin 58: 27 86 223 351 340 483 319 
Bin 59: 428 93 394 253 315 68 194 423 
Bin 60: 367 88 470 408 261 460 
Bin 61: 98 292 134 403 150 117 413 
Bin 62: 215 468 87 28 77 297 462 259 
Bin 63: 12 374 217 269 206 
Bin 64: 277 426 132 415 46 384 
Bin 65: 120 437 40 373 119 
Bin 66: 290 488 48 492 439 395 
Bin 67: 211 303 438 111 491 1 472 346 
Bin 68: 109 151 122 140 417 21 
Bin 69: 54 390 147 434 389 342 238 
Bin 70: 153 35 208 63 177 128 
Bin 71: 104 350 245 70 270 186 
Bin 72: 15 369 43 110 78 
Bin 73: 330 380 190 322 471 
Bin 74: 306 7 464 145 24 
Bin 75: 74 16 368 447 123 64 
