# Objective: 43
# Time: 0.591019
# Feasible: 1
# Solution:
Bin 0: 13 156 5 127 20 146 
Bin 1: 209 191 143 217 115 99 134 29 
Bin 2: 40 87 49 212 60 206 
Bin 3: 164 190 109 101 249 234 84 
Bin 4: 1 189 185 52 158 107 203 
Bin 5: 198 213 50 232 59 35 
Bin 6: 23 108 188 19 122 56 102 231 
Bin 7: 223 120 98 85 226 41 70 
Bin 8: 246 150 104 220 171 242 45 
Bin 9: 10 210 66 82 230 216 64 
Bin 10: 81 167 2 123 140 25 
Bin 11: 83 14 137 138 187 
Bin 12: 54 72 28 154 37 229 
Bin 13: 211 116 106 126 181 184 165 
Bin 14: 129 15 3 142 111 33 141 
Bin 15: 248 149 11 76 73 179 157 
Bin 16: 103 153 221 161 21 163 
Bin 17: 200 80 34 119 172 16 148 
Bin 18: 130 79 0 44 192 199 125 
Bin 19: 168 89 112 67 225 144 30 176 
Bin 20: 132 177 193 36 131 93 174 162 
Bin 21: 155 202 241 128 183 240 197 
Bin 22: 205 121 6 97 31 236 88 58 
Bin 23: 39 186 133 151 77 247 
Bin 24: 42 46 94 9 173 160 152 175 
Bin 25: 233 100 239 22 245 178 17 
Bin 26: 65 53 95 201 135 166 43 91 
Bin 27: 26 78 224 238 117 170 243 222 
Bin 28: 180 69 86 196 136 159 75 
Bin 29: 147 244 235 62 214 227 
Bin 30: 208 63 124 204 18 110 
Bin 31: 139 195 55 27 8 32 182 
Bin 32: 74 24 51 4 114 57 
Bin 33: 7 237 218 
Bin 34: 105 207 215 228 96 
Bin 35: 194 68 145 12 47 90 
Bin 36: 92 38 
Bin 37: 71 169 
Bin 38: 118 
Bin 39: 61 
Bin 40: 48 
Bin 41: 219 
Bin 42: 113 
