# Objective: 75
# Time: 20.2897
# Feasible: 1
# Solution:
Bin 0: 175 123 35 26 389 90 317 85 
Bin 1: 138 137 143 418 360 458 
Bin 2: 477 95 309 355 485 385 178 
Bin 3: 196 413 186 190 471 14 183 
Bin 4: 499 151 268 446 131 113 79 
Bin 5: 327 70 234 148 105 
Bin 6: 145 361 238 392 457 69 149 
Bin 7: 300 150 226 498 473 329 
Bin 8: 67 236 351 24 165 402 
Bin 9: 217 304 439 254 142 274 433 
Bin 10: 103 369 368 34 362 53 452 
Bin 11: 16 25 275 168 387 77 159 
Bin 12: 94 65 334 423 18 
Bin 13: 129 269 169 177 75 283 370 194 
Bin 14: 276 335 293 310 204 
Bin 15: 343 318 350 211 191 308 42 
Bin 16: 243 203 488 315 86 338 
Bin 17: 326 496 489 89 222 262 
Bin 18: 421 319 122 33 328 
Bin 19: 386 160 68 290 172 128 366 
Bin 20: 404 476 219 285 358 354 179 72 424 
Bin 21: 248 118 352 376 19 
Bin 22: 46 296 410 405 261 167 287 
Bin 23: 57 27 263 98 487 9 
Bin 24: 454 257 244 48 228 481 102 
Bin 25: 388 250 182 218 491 447 374 
Bin 26: 0 406 155 5 415 235 212 
Bin 27: 230 492 434 322 403 225 299 198 
Bin 28: 206 38 109 378 272 
Bin 29: 398 412 176 277 97 251 325 
Bin 30: 170 76 162 17 140 443 
Bin 31: 44 495 365 396 302 220 373 
Bin 32: 227 12 62 470 253 427 
Bin 33: 134 246 240 52 11 66 313 
Bin 34: 54 474 395 210 316 279 
Bin 35: 63 101 348 295 281 341 50 
Bin 36: 15 267 45 197 92 120 
Bin 37: 444 104 286 353 484 440 
Bin 38: 497 61 22 80 10 
Bin 39: 158 278 430 202 359 460 114 493 
Bin 40: 306 494 199 185 375 23 468 205 
Bin 41: 115 2 394 110 209 223 107 
Bin 42: 47 431 393 466 58 271 
Bin 43: 171 139 231 411 469 
Bin 44: 436 346 112 453 121 36 
Bin 45: 371 181 442 81 99 7 455 
Bin 46: 41 229 280 153 345 380 74 264 
Bin 47: 84 93 215 414 301 135 4 344 
Bin 48: 336 224 200 258 383 127 
Bin 49: 125 422 339 88 154 450 
Bin 50: 332 256 407 451 71 108 333 
Bin 51: 39 314 416 239 195 490 419 467 
Bin 52: 331 207 116 184 82 479 340 166 324 357 59 208 
Bin 53: 32 43 31 482 288 245 56 
Bin 54: 83 163 173 464 426 117 437 51 
Bin 55: 379 399 188 311 282 55 247 270 
Bin 56: 409 49 266 152 367 307 241 146 
Bin 57: 132 20 372 390 391 
Bin 58: 435 265 1 6 126 141 364 174 441 382 298 
Bin 59: 397 30 303 260 342 21 
Bin 60: 429 255 252 130 356 
Bin 61: 259 87 29 417 156 133 448 
Bin 62: 232 462 320 136 96 337 28 
Bin 63: 144 3 475 119 193 289 
Bin 64: 213 157 233 384 192 216 40 
Bin 65: 8 221 73 284 401 400 
Bin 66: 456 420 472 323 463 459 273 
Bin 67: 91 305 363 164 237 312 
Bin 68: 347 428 480 111 291 
Bin 69: 180 425 486 294 483 
Bin 70: 292 214 13 461 438 330 321 106 
Bin 71: 478 449 349 297 249 242 
Bin 72: 445 465 147 60 64 
Bin 73: 187 377 408 78 37 381 161 
Bin 74: 124 100 432 201 189 
