# Objective: 147
# Time: 175.917
# Feasible: 1
# Solution:
Bin 0: 954 536 568 699 234 19 
Bin 1: 6 393 316 260 3 668 904 
Bin 2: 796 603 577 523 504 158 903 890 
Bin 3: 914 885 785 599 949 87 672 
Bin 4: 918 820 776 535 507 387 745 705 
Bin 5: 191 542 906 839 684 167 750 360 477 
Bin 6: 223 943 688 759 783 357 674 
Bin 7: 439 331 412 779 963 78 652 299 
Bin 8: 245 957 428 218 907 320 
Bin 9: 15 110 909 689 534 838 967 197 59 
Bin 10: 923 618 183 640 376 533 892 
Bin 11: 607 590 835 830 348 
Bin 12: 567 174 417 692 793 702 
Bin 13: 479 600 414 898 502 185 997 925 
Bin 14: 418 865 791 141 932 666 341 
Bin 15: 57 867 115 201 512 824 
Bin 16: 727 627 506 262 766 740 687 
Bin 17: 529 233 807 237 780 525 539 160 
Bin 18: 991 166 595 426 456 354 979 676 756 
Bin 19: 86 69 721 924 524 429 754 
Bin 20: 638 459 97 137 431 102 505 530 379 
Bin 21: 370 123 871 950 532 0 
Bin 22: 321 769 587 159 304 292 473 
Bin 23: 410 352 558 731 77 318 411 522 386 
Bin 24: 726 362 124 609 415 629 116 859 84 
Bin 25: 279 981 355 685 206 168 
Bin 26: 26 267 63 18 442 565 35 709 
Bin 27: 958 832 675 631 436 
Bin 28: 76 454 367 710 241 543 73 826 
Bin 29: 746 787 82 111 714 113 101 
Bin 30: 303 272 134 625 647 978 176 
Bin 31: 389 655 664 986 619 712 
Bin 32: 911 23 520 854 849 400 
Bin 33: 224 836 663 951 973 265 
Bin 34: 913 827 580 109 345 650 
Bin 35: 170 458 694 358 319 866 144 723 
Bin 36: 828 462 572 315 343 537 931 895 
Bin 37: 72 305 27 222 552 624 511 815 451 402 
Bin 38: 450 221 106 85 307 21 975 
Bin 39: 380 335 326 818 195 248 363 989 
Bin 40: 614 559 940 550 852 311 774 
Bin 41: 157 71 933 58 630 152 378 715 
Bin 42: 164 706 571 735 39 339 889 
Bin 43: 508 325 366 499 350 322 562 
Bin 44: 887 682 147 696 980 670 478 
Bin 45: 959 736 553 517 249 346 636 228 448 
Bin 46: 216 487 549 964 821 240 238 
Bin 47: 408 880 993 797 920 771 695 
Bin 48: 430 686 544 667 252 635 186 
Bin 49: 751 938 323 654 718 992 48 857 
Bin 50: 65 75 840 136 786 970 
Bin 51: 202 401 81 40 483 384 324 
Bin 52: 471 952 49 300 596 
Bin 53: 679 394 749 268 464 
Bin 54: 181 139 825 560 247 
Bin 55: 605 336 210 901 151 256 
Bin 56: 51 117 639 974 302 22 461 132 
Bin 57: 93 213 16 500 660 870 
Bin 58: 795 612 801 74 29 716 817 
Bin 59: 162 420 995 757 861 961 
Bin 60: 545 381 971 573 5 17 
Bin 61: 244 809 127 28 703 616 
Bin 62: 945 413 946 948 55 207 493 294 
Bin 63: 806 390 604 897 271 701 
Bin 64: 683 438 644 337 717 
Bin 65: 988 388 602 888 617 496 651 
Bin 66: 733 578 470 645 447 761 518 
Bin 67: 404 899 641 960 480 804 455 
Bin 68: 251 732 173 142 789 936 47 
Bin 69: 80 92 104 264 953 289 42 822 
Bin 70: 556 844 219 570 149 184 548 843 
Bin 71: 633 819 984 519 747 621 884 
Bin 72: 851 182 842 860 492 515 656 711 
Bin 73: 373 9 850 278 143 608 794 
Bin 74: 829 657 968 290 89 730 
Bin 75: 521 107 112 879 368 253 741 
Bin 76: 498 561 853 790 126 765 725 497 575 527 
Bin 77: 659 150 998 364 103 758 54 
Bin 78: 203 62 876 569 329 309 96 
Bin 79: 805 88 297 513 449 782 693 921 
Bin 80: 514 748 486 165 13 739 427 
Bin 81: 283 606 671 987 554 834 31 634 
Bin 82: 927 45 947 266 291 810 295 
Bin 83: 284 4 566 409 169 56 44 
Bin 84: 620 259 189 314 905 446 280 
Bin 85: 677 613 129 564 276 744 643 99 
Bin 86: 383 199 312 768 864 391 128 
Bin 87: 230 772 881 239 43 547 720 371 846 347 
Bin 88: 153 405 503 597 433 194 155 
Bin 89: 678 443 34 896 546 528 301 374 403 
Bin 90: 146 594 856 61 130 179 
Bin 91: 250 482 399 46 966 317 
Bin 92: 457 999 557 928 121 205 937 
Bin 93: 622 332 982 481 14 875 
Bin 94: 792 610 724 30 177 140 24 976 586 
Bin 95: 330 916 734 585 236 589 148 
Bin 96: 555 910 11 296 270 877 180 490 
Bin 97: 767 833 398 220 243 742 285 465 
Bin 98: 690 531 626 661 775 118 915 192 942 281 
Bin 99: 593 926 813 969 990 781 133 340 
Bin 100: 163 816 698 719 495 681 338 
Bin 101: 485 25 764 70 20 66 
Bin 102: 831 171 406 922 193 823 
Bin 103: 37 375 510 494 858 
Bin 104: 985 541 351 788 962 453 
Bin 105: 328 263 704 526 773 437 837 
Bin 106: 811 722 282 122 435 538 
Bin 107: 349 665 327 591 38 808 
Bin 108: 382 287 1 576 2 172 407 
Bin 109: 434 738 8 649 334 
Bin 110: 204 100 912 445 697 
Bin 111: 215 288 760 848 441 
Bin 112: 212 862 274 114 422 
Bin 113: 588 874 935 900 377 79 
Bin 114: 392 235 12 310 60 669 
Bin 115: 125 83 637 342 10 894 713 
Bin 116: 930 90 36 658 161 229 
Bin 117: 356 708 67 52 673 466 91 
Bin 118: 841 33 365 258 421 419 680 
Bin 119: 800 467 847 178 778 601 
Bin 120: 120 313 917 584 919 188 
Bin 121: 812 977 598 582 869 
Bin 122: 891 385 623 416 372 444 
Bin 123: 516 395 214 574 845 
Bin 124: 728 190 484 468 700 
Bin 125: 646 955 200 941 878 707 
Bin 126: 353 298 802 872 424 902 
Bin 127: 50 440 94 225 653 488 
Bin 128: 579 472 369 882 231 628 
Bin 129: 893 994 883 799 474 460 
Bin 130: 41 868 662 255 983 
Bin 131: 929 105 648 138 286 855 
Bin 132: 226 737 333 217 306 
Bin 133: 211 996 145 308 784 743 
Bin 134: 814 763 98 275 131 873 
Bin 135: 551 175 242 615 863 187 
Bin 136: 770 491 729 7 632 469 755 
Bin 137: 425 452 273 232 359 53 208 
Bin 138: 752 798 803 509 463 
Bin 139: 540 361 396 777 432 592 
Bin 140: 227 156 691 119 209 489 583 
Bin 141: 972 32 934 908 196 257 
Bin 142: 261 95 269 965 563 501 
Bin 143: 198 68 397 154 475 939 
Bin 144: 423 108 762 611 293 
Bin 145: 581 886 642 476 135 64 956 
Bin 146: 753 246 277 944 344 254 
