# Objective: 18
# Time: 0.240343
# Feasible: 1
# Solution:
Bin 0: 100 19 18 0 108 101 2 22 82 
Bin 1: 79 96 25 86 73 57 26 
Bin 2: 5 11 14 46 92 13 49 
Bin 3: 48 78 9 107 113 16 
Bin 4: 63 7 77 45 110 6 106 
Bin 5: 42 116 62 111 60 58 
Bin 6: 8 119 70 30 52 
Bin 7: 103 61 15 75 12 66 
Bin 8: 31 112 41 71 33 85 35 
Bin 9: 40 115 88 93 83 67 95 
Bin 10: 29 76 72 27 51 
Bin 11: 36 104 24 50 90 65 53 84 
Bin 12: 109 55 69 43 54 102 34 37 
Bin 13: 10 89 64 32 47 17 
Bin 14: 105 98 28 117 21 38 87 
Bin 15: 94 56 99 91 3 
Bin 16: 4 68 74 118 114 1 44 
Bin 17: 39 59 23 81 20 80 97 
