# Objective: 85
# Time: 2.9154
# Feasible: 1
# Solution:
Bin 0: 451 239 302 181 375 193 82 6 
Bin 1: 441 98 107 122 462 130 72 
Bin 2: 439 133 380 466 389 96 155 
Bin 3: 80 18 400 34 270 493 81 
Bin 4: 413 314 121 5 154 71 272 
Bin 5: 288 407 282 457 386 353 269 
Bin 6: 248 475 99 11 108 180 398 361 
Bin 7: 139 487 216 264 74 284 405 59 136 
Bin 8: 360 359 410 481 276 190 221 
Bin 9: 255 390 381 212 420 201 137 52 141 226 
Bin 10: 95 213 308 408 262 345 291 
Bin 11: 484 87 267 192 174 
Bin 12: 392 197 232 199 111 396 58 163 
Bin 13: 476 21 75 313 244 176 316 
Bin 14: 140 76 9 129 453 471 265 
Bin 15: 300 228 128 327 47 45 321 
Bin 16: 215 230 109 170 480 
Bin 17: 320 286 330 12 240 356 
Bin 18: 148 29 57 464 13 
Bin 19: 167 315 39 189 497 
Bin 20: 237 271 428 115 383 88 
Bin 21: 157 227 456 69 93 222 254 460 468 
Bin 22: 368 65 312 427 175 127 342 287 214 352 421 
Bin 23: 30 2 241 51 117 499 
Bin 24: 335 494 459 298 250 409 339 306 
Bin 25: 387 365 218 437 283 44 152 
Bin 26: 196 236 370 349 198 404 
Bin 27: 274 67 1 485 310 371 450 
Bin 28: 403 16 100 17 477 94 132 
Bin 29: 393 384 229 377 491 
Bin 30: 36 28 112 351 86 436 7 46 
Bin 31: 304 185 388 414 179 144 488 
Bin 32: 207 182 194 256 56 85 209 252 
Bin 33: 442 472 0 344 319 355 
Bin 34: 166 164 350 376 379 150 
Bin 35: 169 418 343 257 455 105 
Bin 36: 470 62 31 378 445 70 332 
Bin 37: 245 205 8 415 452 324 
Bin 38: 156 429 178 225 266 299 
Bin 39: 323 391 469 473 423 340 
Bin 40: 249 91 238 495 104 328 
Bin 41: 120 188 293 489 113 90 
Bin 42: 165 438 42 296 461 419 
Bin 43: 258 285 317 40 208 
Bin 44: 454 15 435 337 331 433 131 
Bin 45: 399 492 281 444 367 206 
Bin 46: 186 202 126 242 217 219 159 
Bin 47: 224 268 220 280 211 151 301 307 412 
Bin 48: 106 259 374 168 329 322 
Bin 49: 354 447 231 458 336 479 446 483 
Bin 50: 482 210 78 486 311 
Bin 51: 142 123 253 449 114 333 385 
Bin 52: 416 235 4 83 234 64 73 246 
Bin 53: 177 440 247 294 143 195 373 366 
Bin 54: 243 498 275 135 372 184 
Bin 55: 309 19 119 60 77 3 
Bin 56: 134 341 431 161 467 101 
Bin 57: 14 145 116 406 
Bin 58: 158 146 448 358 289 273 
Bin 59: 200 362 153 24 37 41 417 
Bin 60: 303 402 171 23 292 
Bin 61: 187 68 172 401 463 369 48 295 
Bin 62: 79 260 103 203 334 
Bin 63: 61 26 63 425 173 
Bin 64: 263 191 430 338 325 
Bin 65: 411 92 426 125 424 496 
Bin 66: 279 233 102 204 261 474 
Bin 67: 443 22 277 183 124 
Bin 68: 347 434 223 89 50 348 
Bin 69: 33 138 10 278 66 
Bin 70: 147 395 251 
Bin 71: 55 43 35 290 357 160 
Bin 72: 162 346 297 394 326 
Bin 73: 490 363 
Bin 74: 318 27 
Bin 75: 382 
Bin 76: 20 397 53 422 432 97 
Bin 77: 149 305 
Bin 78: 478 
Bin 79: 49 364 25 32 
Bin 80: 54 110 
Bin 81: 465 
Bin 82: 84 
Bin 83: 38 
Bin 84: 118 
