# Objective: 150
# Time: 140.574
# Feasible: 1
# Solution:
Bin 0: 49 687 946 486 321 293 646 871 
Bin 1: 72 944 318 888 127 595 489 
Bin 2: 268 928 452 671 373 488 50 283 
Bin 3: 937 303 786 297 443 320 574 89 662 343 
Bin 4: 737 637 273 721 778 194 313 
Bin 5: 647 968 36 119 491 9 
Bin 6: 114 88 873 684 494 453 2 677 
Bin 7: 708 350 495 327 204 177 
Bin 8: 255 624 93 498 464 207 975 543 364 
Bin 9: 99 46 766 661 154 920 
Bin 10: 762 397 111 384 989 653 
Bin 11: 429 6 732 656 828 705 
Bin 12: 176 605 818 776 264 315 779 
Bin 13: 151 478 961 558 357 470 885 
Bin 14: 201 388 521 587 146 342 58 
Bin 15: 532 933 250 978 316 427 590 415 815 
Bin 16: 523 37 432 691 103 596 13 597 580 692 
Bin 17: 421 669 505 370 719 65 986 118 
Bin 18: 988 158 175 385 447 615 
Bin 19: 787 999 516 807 485 417 80 3 
Bin 20: 971 701 947 79 446 751 616 
Bin 21: 221 993 162 183 222 556 
Bin 22: 493 552 226 548 723 752 256 
Bin 23: 911 673 214 509 206 98 598 980 
Bin 24: 482 962 460 900 389 654 527 902 
Bin 25: 4 0 134 763 714 678 676 
Bin 26: 457 544 64 38 179 764 504 347 
Bin 27: 945 83 591 330 502 105 31 538 
Bin 28: 985 814 86 952 729 352 713 
Bin 29: 618 124 393 608 324 144 336 
Bin 30: 113 238 881 834 629 145 481 585 
Bin 31: 237 725 382 454 458 217 456 418 
Bin 32: 480 537 501 540 61 106 
Bin 33: 56 835 765 802 141 511 689 178 
Bin 34: 8 899 740 741 244 60 938 
Bin 35: 484 889 399 832 813 905 
Bin 36: 644 581 727 982 851 496 271 
Bin 37: 688 210 128 224 847 668 
Bin 38: 709 346 403 410 887 450 575 891 
Bin 39: 436 209 635 886 34 400 617 
Bin 40: 679 922 332 448 892 570 
Bin 41: 634 611 270 402 25 276 121 
Bin 42: 503 41 836 866 90 412 85 16 94 
Bin 43: 991 931 149 181 193 854 921 405 
Bin 44: 372 246 833 895 790 203 658 129 328 869 
Bin 45: 717 10 322 171 936 386 272 15 
Bin 46: 229 156 307 133 864 18 338 184 
Bin 47: 610 809 514 743 147 391 475 
Bin 48: 803 967 754 810 471 438 
Bin 49: 66 901 606 463 704 785 
Bin 50: 483 916 782 248 416 14 
Bin 51: 983 395 749 363 341 258 
Bin 52: 477 822 870 323 845 734 
Bin 53: 92 559 990 784 583 376 339 
Bin 54: 746 808 142 638 963 793 706 
Bin 55: 120 104 467 612 259 
Bin 56: 424 753 380 215 96 150 
Bin 57: 607 182 319 51 663 227 
Bin 58: 302 826 735 308 84 43 
Bin 59: 369 53 672 57 546 789 927 190 
Bin 60: 973 531 300 987 805 522 
Bin 61: 408 442 554 73 116 852 724 
Bin 62: 636 112 515 241 695 351 492 404 539 
Bin 63: 148 47 745 358 652 195 
Bin 64: 135 949 883 951 167 829 584 
Bin 65: 354 908 898 387 191 651 
Bin 66: 381 795 252 212 857 
Bin 67: 202 143 977 437 948 614 461 279 
Bin 68: 468 168 59 69 660 
Bin 69: 627 738 239 211 840 430 78 535 
Bin 70: 716 292 859 812 219 913 680 
Bin 71: 261 666 361 730 950 138 
Bin 72: 289 419 157 588 497 160 
Bin 73: 355 165 173 512 232 390 
Bin 74: 277 28 622 912 205 
Bin 75: 563 579 998 664 600 609 572 777 
Bin 76: 325 621 155 648 282 
Bin 77: 126 152 592 159 794 510 163 
Bin 78: 428 770 613 434 197 
Bin 79: 578 838 55 245 549 906 
Bin 80: 792 959 265 247 657 
Bin 81: 994 274 360 855 287 
Bin 82: 856 298 11 186 284 306 348 
Bin 83: 101 12 811 674 32 67 
Bin 84: 979 774 639 909 533 368 
Bin 85: 349 577 74 196 198 633 444 
Bin 86: 562 285 462 696 839 573 846 823 54 295 
Bin 87: 955 874 362 603 240 742 39 
Bin 88: 956 23 929 435 75 
Bin 89: 379 553 576 375 1 700 433 564 
Bin 90: 569 422 861 974 139 7 294 739 
Bin 91: 17 586 760 602 880 561 329 
Bin 92: 367 924 169 110 798 208 
Bin 93: 166 582 941 231 520 791 
Bin 94: 541 619 958 281 366 797 
Bin 95: 465 536 5 858 550 934 
Bin 96: 70 893 107 841 185 842 
Bin 97: 257 235 565 97 862 172 697 401 
Bin 98: 744 918 712 865 825 756 
Bin 99: 767 42 27 879 311 675 161 
Bin 100: 500 853 199 513 48 216 
Bin 101: 30 476 233 551 76 
Bin 102: 220 288 710 466 413 473 
Bin 103: 896 180 728 992 643 344 
Bin 104: 130 640 383 309 722 801 
Bin 105: 123 68 755 236 681 631 108 
Bin 106: 334 407 519 439 849 667 969 
Bin 107: 632 783 44 508 411 877 534 
Bin 108: 200 249 21 628 314 
Bin 109: 970 136 251 593 788 650 
Bin 110: 566 326 686 932 620 
Bin 111: 269 33 698 392 19 359 
Bin 112: 91 517 524 414 759 
Bin 113: 923 71 409 396 526 243 426 
Bin 114: 188 542 699 995 310 875 
Bin 115: 796 218 649 625 213 
Bin 116: 296 131 964 374 758 474 
Bin 117: 192 897 263 816 499 571 831 715 
Bin 118: 170 939 972 431 280 997 378 
Bin 119: 420 525 557 333 567 733 780 
Bin 120: 153 907 599 769 441 82 317 
Bin 121: 878 449 305 394 490 560 670 
Bin 122: 398 174 804 848 547 
Bin 123: 132 757 225 189 943 
Bin 124: 356 545 601 876 903 761 
Bin 125: 996 479 451 623 440 291 
Bin 126: 109 882 100 682 860 87 
Bin 127: 22 781 253 423 750 228 
Bin 128: 954 63 930 529 890 52 800 
Bin 129: 935 844 312 234 894 827 
Bin 130: 187 659 910 260 95 799 337 
Bin 131: 604 863 518 655 353 278 445 
Bin 132: 568 771 731 286 976 917 
Bin 133: 26 830 718 820 290 340 914 
Bin 134: 711 528 694 665 377 
Bin 135: 919 331 824 641 683 406 223 
Bin 136: 626 915 487 267 29 117 
Bin 137: 507 726 299 926 425 953 984 
Bin 138: 555 904 850 304 707 
Bin 139: 690 345 843 40 736 20 
Bin 140: 645 806 702 942 262 
Bin 141: 768 45 685 122 773 642 817 
Bin 142: 530 506 720 837 594 164 960 266 693 772 
Bin 143: 925 455 589 77 868 821 
Bin 144: 115 230 748 472 254 
Bin 145: 703 469 630 966 275 81 
Bin 146: 884 62 335 137 125 775 242 
Bin 147: 965 981 301 365 957 
Bin 148: 819 940 459 35 140 
Bin 149: 747 371 867 24 872 102 
