# Objective: 18
# Time: 0.278721
# Feasible: 1
# Solution:
Bin 0: 41 32 59 15 3 4 22 86 94 
Bin 1: 53 37 23 76 58 112 102 
Bin 2: 109 17 104 60 24 95 
Bin 3: 8 96 14 7 97 70 67 18 
Bin 4: 29 11 63 85 75 114 
Bin 5: 38 99 54 13 39 21 47 27 
Bin 6: 40 12 108 80 79 116 25 
Bin 7: 46 16 81 20 52 57 
Bin 8: 71 50 93 68 28 42 
Bin 9: 33 73 115 2 101 65 
Bin 10: 9 51 64 35 62 10 
Bin 11: 34 45 31 56 87 110 90 
Bin 12: 74 84 83 66 30 26 103 
Bin 13: 113 69 43 0 82 
Bin 14: 49 89 119 105 61 92 6 
Bin 15: 106 88 98 5 117 107 118 
Bin 16: 36 48 1 72 78 55 44 91 
Bin 17: 100 19 77 111 
