# Objective: 150
# Time: 174.421
# Feasible: 1
# Solution:
Bin 0: 726 206 382 825 547 600 289 
Bin 1: 457 762 493 802 545 133 
Bin 2: 540 343 147 157 19 250 75 
Bin 3: 780 511 947 97 678 710 244 
Bin 4: 502 643 562 906 324 478 
Bin 5: 307 118 984 329 735 793 788 783 
Bin 6: 894 528 330 35 664 724 162 663 571 865 
Bin 7: 490 94 857 700 232 52 
Bin 8: 211 831 736 954 474 210 
Bin 9: 255 641 560 135 127 398 586 
Bin 10: 276 970 543 829 353 
Bin 11: 574 695 112 557 470 988 92 
Bin 12: 999 885 101 917 26 200 
Bin 13: 202 938 299 77 816 90 82 285 
Bin 14: 380 781 8 316 987 365 55 34 
Bin 15: 804 907 629 194 830 491 739 
Bin 16: 421 685 223 570 533 567 
Bin 17: 896 727 630 150 876 180 331 
Bin 18: 320 89 929 836 381 
Bin 19: 121 730 873 868 76 747 428 751 606 
Bin 20: 437 424 725 997 790 691 855 
Bin 21: 84 142 131 254 652 713 
Bin 22: 366 134 22 614 13 596 655 
Bin 23: 828 743 43 480 864 189 303 
Bin 24: 79 292 808 509 115 960 448 
Bin 25: 944 717 986 696 838 267 731 143 
Bin 26: 362 338 754 69 258 588 253 
Bin 27: 900 633 908 582 183 
Bin 28: 850 130 979 463 703 404 914 
Bin 29: 266 635 81 405 593 959 
Bin 30: 71 146 956 910 844 240 745 
Bin 31: 204 486 897 29 758 72 377 
Bin 32: 786 573 852 527 895 569 
Bin 33: 237 572 196 387 940 224 841 
Bin 34: 400 568 220 370 521 499 
Bin 35: 153 63 587 766 332 654 286 
Bin 36: 309 335 291 4 430 272 163 
Bin 37: 657 265 989 840 565 644 537 386 
Bin 38: 141 100 905 860 872 866 637 
Bin 39: 948 471 379 785 228 238 590 
Bin 40: 216 198 342 495 295 27 275 
Bin 41: 634 394 755 980 197 799 186 
Bin 42: 5 969 513 863 99 116 796 
Bin 43: 477 706 334 184 953 628 188 
Bin 44: 310 809 42 160 923 459 
Bin 45: 518 705 488 927 912 845 49 
Bin 46: 339 468 854 0 877 415 187 293 
Bin 47: 746 399 764 402 368 391 51 151 
Bin 48: 740 535 958 858 720 795 260 798 
Bin 49: 225 599 249 441 208 360 319 
Bin 50: 932 913 396 742 550 507 
Bin 51: 166 520 862 122 765 349 156 
Bin 52: 65 124 549 182 834 821 419 32 361 
Bin 53: 674 16 782 262 469 671 667 87 
Bin 54: 939 807 963 919 677 91 
Bin 55: 24 812 46 955 434 
Bin 56: 67 333 692 879 688 357 389 
Bin 57: 976 489 397 288 998 406 646 
Bin 58: 693 682 515 103 282 973 413 993 
Bin 59: 805 638 787 14 964 665 
Bin 60: 492 835 242 442 626 592 
Bin 61: 512 174 482 83 384 68 883 
Bin 62: 853 193 268 173 31 
Bin 63: 506 439 306 950 177 432 776 11 
Bin 64: 990 892 57 789 15 172 
Bin 65: 85 961 847 773 737 411 337 
Bin 66: 531 903 273 505 497 74 
Bin 67: 388 767 575 321 660 325 966 584 
Bin 68: 616 123 683 721 429 281 636 446 
Bin 69: 164 498 102 962 129 355 618 
Bin 70: 449 794 792 651 760 
Bin 71: 154 234 670 687 496 555 453 
Bin 72: 930 624 50 149 701 17 823 732 
Bin 73: 169 346 62 371 93 
Bin 74: 359 466 88 881 971 256 
Bin 75: 227 983 718 96 443 699 235 21 
Bin 76: 775 756 344 585 222 9 839 
Bin 77: 941 137 119 257 524 145 
Bin 78: 666 264 622 345 621 159 364 
Bin 79: 209 37 602 171 304 
Bin 80: 41 59 435 598 800 526 849 422 
Bin 81: 610 981 902 698 44 58 243 826 
Bin 82: 483 205 168 175 313 28 
Bin 83: 891 525 591 301 943 508 915 
Bin 84: 583 318 383 922 968 763 656 60 
Bin 85: 871 431 967 110 673 918 901 
Bin 86: 354 934 833 995 711 236 
Bin 87: 140 684 239 813 7 80 
Bin 88: 427 351 340 965 748 
Bin 89: 312 627 390 348 3 111 609 924 73 
Bin 90: 395 985 347 217 920 846 
Bin 91: 64 181 323 461 803 155 541 759 
Bin 92: 546 263 503 70 856 608 392 226 
Bin 93: 376 605 61 761 753 484 117 
Bin 94: 278 603 414 40 561 2 45 
Bin 95: 752 566 18 218 132 
Bin 96: 532 869 373 487 996 613 
Bin 97: 98 542 728 485 274 412 456 
Bin 98: 529 494 294 702 271 
Bin 99: 843 246 375 241 806 738 715 
Bin 100: 669 647 305 191 311 
Bin 101: 887 882 229 772 681 165 
Bin 102: 708 298 888 53 138 820 697 
Bin 103: 407 367 212 577 425 784 
Bin 104: 714 774 811 778 385 
Bin 105: 771 125 659 949 957 444 
Bin 106: 819 454 556 861 946 972 426 
Bin 107: 269 167 450 378 926 296 658 
Bin 108: 472 393 893 500 890 54 
Bin 109: 336 501 517 992 148 867 653 978 
Bin 110: 245 25 447 128 56 
Bin 111: 729 723 417 607 139 779 
Bin 112: 770 363 645 553 952 975 539 
Bin 113: 631 822 179 578 757 300 777 
Bin 114: 817 935 686 837 814 251 104 
Bin 115: 201 815 352 982 403 
Bin 116: 326 642 617 889 870 
Bin 117: 842 538 933 114 719 791 
Bin 118: 875 221 580 458 465 120 898 473 475 
Bin 119: 259 86 36 734 523 
Bin 120: 680 810 315 904 519 977 
Bin 121: 936 372 559 928 563 247 530 
Bin 122: 280 476 195 192 632 
Bin 123: 594 516 951 408 649 248 420 
Bin 124: 623 925 886 350 712 369 10 
Bin 125: 648 302 317 279 620 716 551 
Bin 126: 308 625 797 219 884 322 690 564 
Bin 127: 709 66 152 284 909 418 
Bin 128: 832 878 589 679 314 601 231 
Bin 129: 20 931 341 481 675 604 
Bin 130: 409 38 106 744 460 283 510 
Bin 131: 640 916 514 433 733 639 707 452 548 
Bin 132: 801 261 78 328 451 436 108 356 
Bin 133: 176 277 270 662 769 558 47 
Bin 134: 1 287 880 581 23 676 
Bin 135: 536 190 358 945 203 462 215 
Bin 136: 619 544 579 899 750 
Bin 137: 479 170 994 136 504 467 30 
Bin 138: 109 113 722 39 597 
Bin 139: 824 874 12 576 612 859 
Bin 140: 661 668 552 942 107 
Bin 141: 534 416 144 991 297 423 
Bin 142: 105 410 522 827 749 214 921 974 689 185 
Bin 143: 207 252 851 327 595 
Bin 144: 911 48 233 768 6 161 554 
Bin 145: 33 401 455 438 672 
Bin 146: 615 848 694 650 704 178 
Bin 147: 199 158 440 937 230 
Bin 148: 374 290 611 213 126 
Bin 149: 445 464 741 95 818 
