# Objective: 99
# Time: 2.33706
# Feasible: 1
# Solution:
Bin 0: 223 402 259 461 213 153 74 281 376 
Bin 1: 439 352 119 313 287 385 109 
Bin 2: 434 27 267 22 316 157 300 
Bin 3: 243 493 344 260 293 140 218 
Bin 4: 34 221 198 284 21 191 33 
Bin 5: 351 93 172 403 185 44 337 
Bin 6: 41 288 130 205 425 443 406 435 
Bin 7: 120 139 57 465 167 
Bin 8: 446 152 371 80 276 234 324 
Bin 9: 301 108 61 187 489 347 394 
Bin 10: 369 444 49 323 495 75 
Bin 11: 282 408 85 350 64 359 450 
Bin 12: 35 464 466 381 158 114 245 
Bin 13: 310 199 78 196 298 142 291 
Bin 14: 231 342 499 386 166 39 
Bin 15: 40 442 452 124 456 125 
Bin 16: 256 197 58 485 216 463 
Bin 17: 82 471 269 144 497 
Bin 18: 270 309 387 303 15 83 
Bin 19: 432 494 393 482 441 189 
Bin 20: 400 10 396 416 16 295 
Bin 21: 212 70 315 127 304 183 
Bin 22: 48 380 490 87 116 317 181 
Bin 23: 143 278 319 375 345 
Bin 24: 67 473 9 365 188 
Bin 25: 164 477 333 246 297 
Bin 26: 496 357 372 149 226 
Bin 27: 51 476 299 17 238 225 
Bin 28: 449 47 175 79 155 373 
Bin 29: 65 148 469 459 353 
Bin 30: 147 389 436 398 81 391 384 
Bin 31: 50 24 162 37 170 448 475 
Bin 32: 123 77 447 186 
Bin 33: 266 314 179 56 254 419 451 
Bin 34: 145 331 417 253 414 422 
Bin 35: 228 348 137 397 250 161 23 
Bin 36: 336 117 210 154 13 274 
Bin 37: 460 429 404 194 134 150 
Bin 38: 72 173 2 122 115 312 401 53 462 405 
Bin 39: 12 118 242 412 18 151 244 
Bin 40: 207 132 367 203 262 
Bin 41: 479 25 457 230 454 285 
Bin 42: 214 478 361 0 229 364 
Bin 43: 410 440 407 232 233 
Bin 44: 255 168 63 421 131 68 156 431 
Bin 45: 341 69 426 395 32 193 
Bin 46: 60 66 98 363 38 92 
Bin 47: 99 346 241 8 438 211 
Bin 48: 177 89 263 488 480 146 311 251 
Bin 49: 325 374 73 283 383 102 
Bin 50: 484 321 29 354 106 128 
Bin 51: 3 334 220 271 
Bin 52: 113 258 46 45 368 
Bin 53: 160 52 136 190 420 
Bin 54: 163 222 470 107 192 415 355 
Bin 55: 307 28 275 296 31 159 
Bin 56: 97 84 468 379 
Bin 57: 320 121 174 413 289 
Bin 58: 11 430 455 201 206 
Bin 59: 257 20 184 390 343 
Bin 60: 264 227 339 165 62 252 382 235 209 
Bin 61: 399 294 
Bin 62: 19 71 272 
Bin 63: 392 308 43 101 340 411 370 
Bin 64: 217 388 332 204 409 
Bin 65: 26 86 
Bin 66: 129 366 224 55 424 
Bin 67: 322 290 329 277 498 
Bin 68: 453 248 171 249 30 7 
Bin 69: 273 286 236 
Bin 70: 327 133 356 292 1 
Bin 71: 318 178 
Bin 72: 418 486 247 377 
Bin 73: 91 338 458 280 437 95 
Bin 74: 492 104 483 202 358 
Bin 75: 467 362 487 
Bin 76: 208 180 427 
Bin 77: 472 105 
Bin 78: 433 481 111 378 306 328 
Bin 79: 94 
Bin 80: 305 261 
Bin 81: 14 36 126 90 445 428 
Bin 82: 59 176 182 54 
Bin 83: 103 112 
Bin 84: 138 423 240 42 
Bin 85: 6 330 
Bin 86: 135 
Bin 87: 100 279 
Bin 88: 239 215 265 237 
Bin 89: 302 335 
Bin 90: 169 349 
Bin 91: 326 76 141 
Bin 92: 219 4 
Bin 93: 88 
Bin 94: 200 360 110 
Bin 95: 474 
Bin 96: 5 195 
Bin 97: 96 268 
Bin 98: 491 
