# Objective: 204
# Time: 22.9145
# Feasible: 1
# Solution:
Bin 0: 228 161 736 58 131 723 775 181 815 515 988 240 
Bin 1: 414 455 379 539 919 481 143 412 
Bin 2: 153 870 549 578 23 27 231 
Bin 3: 756 805 742 871 361 340 928 
Bin 4: 693 673 266 95 322 184 
Bin 5: 790 752 307 573 248 978 
Bin 6: 903 664 730 782 63 962 779 800 571 
Bin 7: 249 603 677 432 667 
Bin 8: 210 596 833 513 410 898 863 471 
Bin 9: 873 370 679 452 776 937 830 
Bin 10: 818 856 783 807 536 298 
Bin 11: 975 877 560 969 257 155 
Bin 12: 894 642 192 527 864 247 
Bin 13: 264 991 614 568 647 453 
Bin 14: 581 848 840 741 837 849 
Bin 15: 424 279 934 431 893 48 
Bin 16: 310 1 957 956 395 518 321 
Bin 17: 906 511 113 89 760 875 409 997 
Bin 18: 449 798 25 244 349 884 19 
Bin 19: 672 855 588 466 304 373 
Bin 20: 890 832 270 489 332 390 
Bin 21: 134 345 189 602 951 241 977 
Bin 22: 356 288 433 114 754 656 237 
Bin 23: 96 205 54 749 572 243 857 
Bin 24: 271 645 55 194 795 183 
Bin 25: 858 774 222 491 159 224 
Bin 26: 80 305 525 186 724 676 303 712 
Bin 27: 350 996 144 74 172 891 523 725 197 
Bin 28: 179 625 666 309 748 220 
Bin 29: 165 168 420 637 28 881 
Bin 30: 564 218 687 516 665 120 198 987 
Bin 31: 770 953 339 638 887 483 119 
Bin 32: 15 22 276 948 302 785 
Bin 33: 427 811 492 211 110 
Bin 34: 463 439 457 680 462 552 797 166 
Bin 35: 252 12 236 196 784 913 362 739 
Bin 36: 193 627 974 160 916 
Bin 37: 750 461 941 918 802 472 494 
Bin 38: 200 616 364 442 835 868 
Bin 39: 178 606 415 141 910 764 
Bin 40: 170 721 960 584 521 102 
Bin 41: 29 801 905 498 374 674 984 
Bin 42: 839 425 765 643 733 816 597 
Bin 43: 84 708 838 382 36 421 79 994 
Bin 44: 254 982 496 327 947 
Bin 45: 773 223 465 42 763 972 
Bin 46: 846 487 669 852 38 277 355 
Bin 47: 107 105 219 413 348 
Bin 48: 195 329 883 921 897 940 499 
Bin 49: 204 191 91 202 745 139 
Bin 50: 337 133 135 232 904 
Bin 51: 628 217 575 657 621 17 
Bin 52: 416 943 971 983 630 901 
Bin 53: 865 389 52 809 836 405 
Bin 54: 562 251 624 670 45 660 574 
Bin 55: 376 50 618 735 458 301 
Bin 56: 411 601 522 261 678 430 
Bin 57: 147 600 418 330 886 907 604 
Bin 58: 558 479 152 26 559 
Bin 59: 612 844 651 10 335 731 5 
Bin 60: 286 203 30 595 744 86 399 
Bin 61: 768 67 503 121 812 100 
Bin 62: 990 683 59 650 359 493 
Bin 63: 827 352 826 599 758 
Bin 64: 900 24 605 401 938 82 
Bin 65: 607 995 377 175 979 285 
Bin 66: 583 771 691 34 43 999 
Bin 67: 171 445 641 235 794 176 351 
Bin 68: 272 766 694 519 615 212 822 504 315 
Bin 69: 169 402 688 333 501 663 
Bin 70: 480 426 824 640 325 44 753 567 706 
Bin 71: 470 214 384 895 908 902 357 851 619 
Bin 72: 111 278 828 555 535 323 
Bin 73: 713 709 61 383 942 
Bin 74: 167 850 598 727 238 711 250 142 500 227 
Bin 75: 939 854 681 671 108 482 
Bin 76: 707 33 609 317 163 542 407 803 
Bin 77: 740 436 778 668 561 505 649 
Bin 78: 964 263 174 517 743 
Bin 79: 308 869 593 570 9 126 
Bin 80: 686 658 368 206 130 
Bin 81: 187 229 531 484 514 117 587 
Bin 82: 366 123 734 367 
Bin 83: 985 316 538 419 11 608 341 
Bin 84: 464 31 469 732 927 77 
Bin 85: 260 216 360 793 443 586 
Bin 86: 569 813 21 698 689 
Bin 87: 336 973 441 926 353 
Bin 88: 589 97 99 78 485 
Bin 89: 787 899 311 454 75 692 981 180 87 40 
Bin 90: 548 690 954 915 306 385 958 
Bin 91: 347 955 151 149 806 986 
Bin 92: 312 476 490 565 391 
Bin 93: 177 545 534 701 435 553 
Bin 94: 233 273 118 41 634 799 989 242 
Bin 95: 104 976 423 53 268 474 
Bin 96: 446 6 326 541 917 720 136 
Bin 97: 295 556 629 182 185 225 
Bin 98: 945 810 190 566 623 508 
Bin 99: 757 403 923 331 417 860 
Bin 100: 459 845 69 106 98 780 
Bin 101: 275 949 922 215 47 
Bin 102: 65 199 291 365 582 259 509 
Bin 103: 378 719 834 140 931 829 878 
Bin 104: 375 274 547 843 338 396 502 
Bin 105: 267 820 819 429 914 728 
Bin 106: 158 959 32 652 
Bin 107: 319 363 847 718 935 283 
Bin 108: 507 85 239 234 993 394 909 
Bin 109: 659 3 920 342 290 
Bin 110: 14 853 576 297 
Bin 111: 157 631 
Bin 112: 550 821 314 925 62 632 381 
Bin 113: 289 132 777 
Bin 114: 936 526 577 714 874 
Bin 115: 255 
Bin 116: 626 16 968 
Bin 117: 393 781 
Bin 118: 998 115 769 528 885 
Bin 119: 320 437 
Bin 120: 537 841 486 39 245 
Bin 121: 293 592 146 397 762 148 
Bin 122: 620 557 786 318 372 101 
Bin 123: 544 520 404 613 
Bin 124: 512 253 759 334 654 746 
Bin 125: 4 127 540 
Bin 126: 154 488 282 299 
Bin 127: 591 265 116 866 684 823 
Bin 128: 685 792 529 76 207 
Bin 129: 696 2 929 83 
Bin 130: 57 702 639 930 125 173 
Bin 131: 808 546 524 646 
Bin 132: 226 343 447 
Bin 133: 72 617 963 0 
Bin 134: 49 751 653 814 94 
Bin 135: 695 328 635 380 129 213 
Bin 136: 71 46 655 831 862 448 882 
Bin 137: 209 150 622 344 
Bin 138: 70 324 737 789 81 
Bin 139: 440 510 872 644 444 
Bin 140: 230 551 554 682 13 281 
Bin 141: 710 648 313 530 
Bin 142: 788 717 124 
Bin 143: 478 68 796 408 
Bin 144: 610 497 924 221 37 
Bin 145: 103 579 
Bin 146: 506 911 
Bin 147: 946 451 269 73 912 
Bin 148: 961 633 791 585 406 
Bin 149: 438 
Bin 150: 468 952 594 201 
Bin 151: 93 164 280 35 122 
Bin 152: 145 392 
Bin 153: 292 729 138 967 354 
Bin 154: 371 60 428 
Bin 155: 876 7 722 467 
Bin 156: 896 880 716 661 
Bin 157: 662 700 611 543 715 580 
Bin 158: 346 761 246 64 
Bin 159: 56 473 
Bin 160: 965 369 296 767 804 88 980 
Bin 161: 636 
Bin 162: 128 563 
Bin 163: 705 738 532 933 966 
Bin 164: 944 20 422 
Bin 165: 703 300 697 590 
Bin 166: 258 262 
Bin 167: 388 889 398 825 477 
Bin 168: 400 
Bin 169: 456 
Bin 170: 675 
Bin 171: 879 
Bin 172: 66 
Bin 173: 162 
Bin 174: 450 
Bin 175: 888 460 
Bin 176: 386 434 992 90 
Bin 177: 755 
Bin 178: 287 188 867 
Bin 179: 859 
Bin 180: 842 495 
Bin 181: 726 
Bin 182: 950 256 
Bin 183: 861 
Bin 184: 284 
Bin 185: 137 
Bin 186: 358 
Bin 187: 704 156 892 699 
Bin 188: 970 
Bin 189: 294 
Bin 190: 109 
Bin 191: 932 
Bin 192: 92 
Bin 193: 51 
Bin 194: 533 
Bin 195: 18 
Bin 196: 112 
Bin 197: 8 
Bin 198: 747 
Bin 199: 475 
Bin 200: 208 
Bin 201: 817 
Bin 202: 387 
Bin 203: 772 
