# Objective: 150
# Time: 162.704
# Feasible: 1
# Solution:
Bin 0: 284 51 989 681 556 
Bin 1: 84 59 392 3 799 604 808 
Bin 2: 410 470 446 487 751 53 132 
Bin 3: 677 425 293 260 958 518 135 
Bin 4: 15 572 653 640 7 212 721 409 596 547 
Bin 5: 588 529 727 535 697 439 74 435 
Bin 6: 598 489 925 182 31 271 
Bin 7: 910 855 665 443 326 637 242 758 
Bin 8: 46 126 707 874 321 369 
Bin 9: 38 944 508 267 840 
Bin 10: 726 281 645 493 948 909 615 381 
Bin 11: 280 431 111 833 753 475 240 
Bin 12: 253 72 118 411 91 986 
Bin 13: 515 705 506 35 861 308 282 841 
Bin 14: 379 497 983 484 966 
Bin 15: 601 659 852 320 798 
Bin 16: 396 992 940 374 451 583 
Bin 17: 413 158 117 898 477 306 
Bin 18: 657 704 163 468 238 315 353 908 
Bin 19: 478 691 465 6 651 328 854 
Bin 20: 534 54 792 582 386 333 420 8 
Bin 21: 851 232 44 593 990 836 
Bin 22: 530 125 982 22 785 442 683 285 862 
Bin 23: 301 784 467 199 60 729 
Bin 24: 255 20 788 168 109 666 
Bin 25: 981 234 809 715 560 205 
Bin 26: 177 923 500 363 819 684 996 
Bin 27: 539 716 476 698 336 662 
Bin 28: 821 903 372 964 414 555 525 
Bin 29: 42 629 291 4 816 954 63 
Bin 30: 452 415 94 189 667 956 664 607 
Bin 31: 592 581 655 561 540 521 
Bin 32: 78 316 859 680 239 110 803 
Bin 33: 393 845 129 188 345 
Bin 34: 765 968 999 307 17 0 
Bin 35: 835 865 980 290 756 762 211 402 
Bin 36: 495 426 124 725 138 838 
Bin 37: 366 460 928 48 579 47 890 723 
Bin 38: 783 714 103 219 496 
Bin 39: 536 673 613 550 398 565 
Bin 40: 517 300 810 526 997 349 
Bin 41: 503 123 220 548 941 406 288 304 
Bin 42: 486 384 268 370 786 621 886 
Bin 43: 115 742 210 926 800 879 395 
Bin 44: 416 796 347 57 897 338 
Bin 45: 630 920 246 228 892 382 400 
Bin 46: 341 899 97 216 960 700 28 
Bin 47: 39 720 96 661 527 542 490 
Bin 48: 283 688 848 722 782 510 887 
Bin 49: 922 710 196 757 849 222 
Bin 50: 695 153 394 622 829 
Bin 51: 355 479 864 18 335 
Bin 52: 145 186 317 674 275 200 823 
Bin 53: 973 66 62 806 597 178 142 638 
Bin 54: 978 437 618 30 190 147 590 404 
Bin 55: 802 564 101 157 312 332 
Bin 56: 169 323 837 327 215 143 
Bin 57: 585 875 241 971 538 
Bin 58: 873 752 214 660 523 776 
Bin 59: 772 818 740 524 230 
Bin 60: 259 464 858 749 580 562 
Bin 61: 552 728 492 825 881 904 777 87 
Bin 62: 566 507 605 318 352 955 
Bin 63: 362 385 357 571 736 929 159 
Bin 64: 687 708 337 844 150 
Bin 65: 951 262 474 418 998 407 938 185 658 
Bin 66: 445 871 654 197 713 930 134 
Bin 67: 977 162 225 528 843 
Bin 68: 120 221 248 98 919 45 108 
Bin 69: 679 963 703 669 616 79 
Bin 70: 745 906 342 340 578 236 775 
Bin 71: 180 546 961 628 139 88 670 
Bin 72: 632 9 102 164 830 
Bin 73: 361 429 130 422 885 884 
Bin 74: 811 972 924 36 696 156 181 794 155 921 245 
Bin 75: 732 734 911 264 733 
Bin 76: 89 344 612 450 80 739 
Bin 77: 712 646 456 278 12 889 551 533 
Bin 78: 480 69 71 957 265 378 331 
Bin 79: 408 447 509 179 68 167 252 685 
Bin 80: 817 815 778 43 595 
Bin 81: 360 419 537 918 932 959 766 
Bin 82: 92 160 635 319 730 433 247 
Bin 83: 805 105 927 421 481 741 
Bin 84: 322 183 380 789 354 428 202 
Bin 85: 943 29 991 82 568 627 594 309 
Bin 86: 488 614 834 514 213 424 33 
Bin 87: 311 365 122 652 787 194 206 
Bin 88: 61 634 427 702 591 656 
Bin 89: 891 763 905 962 491 314 644 620 
Bin 90: 149 975 625 737 472 511 647 359 
Bin 91: 759 987 166 494 86 269 
Bin 92: 137 847 711 617 650 931 822 
Bin 93: 863 70 949 877 557 520 462 339 
Bin 94: 257 140 947 64 984 131 209 
Bin 95: 901 549 482 10 405 584 436 
Bin 96: 198 882 466 883 455 356 689 
Bin 97: 2 946 346 351 893 49 952 
Bin 98: 152 34 771 195 37 747 
Bin 99: 643 233 781 501 671 223 207 
Bin 100: 348 373 83 249 343 718 458 254 
Bin 101: 649 256 58 624 589 243 485 870 
Bin 102: 412 387 545 55 826 935 329 
Bin 103: 755 299 453 377 934 
Bin 104: 780 764 90 297 11 67 5 
Bin 105: 165 641 112 226 965 25 
Bin 106: 692 397 141 292 610 133 860 
Bin 107: 274 128 146 430 872 449 599 
Bin 108: 541 512 368 24 276 244 717 950 144 
Bin 109: 389 469 95 250 639 994 
Bin 110: 543 522 979 513 967 32 
Bin 111: 779 678 856 760 403 869 217 
Bin 112: 576 570 136 953 279 116 
Bin 113: 375 731 939 773 401 93 
Bin 114: 313 289 642 995 974 
Bin 115: 888 325 569 633 820 832 
Bin 116: 699 675 668 587 577 417 390 
Bin 117: 801 768 448 174 399 
Bin 118: 559 709 672 258 192 473 
Bin 119: 237 161 13 127 878 298 350 
Bin 120: 81 176 171 23 896 544 
Bin 121: 795 170 151 106 719 611 
Bin 122: 502 846 701 623 694 626 
Bin 123: 438 907 516 204 813 391 
Bin 124: 104 99 894 797 85 663 853 
Bin 125: 912 767 770 471 294 902 
Bin 126: 985 266 554 913 295 915 
Bin 127: 383 277 457 235 900 229 988 850 
Bin 128: 676 868 600 148 175 201 
Bin 129: 463 272 41 970 303 270 532 
Bin 130: 296 461 287 107 574 14 880 26 
Bin 131: 441 505 706 184 302 636 
Bin 132: 824 154 558 76 324 746 224 
Bin 133: 40 531 812 791 75 754 27 606 100 
Bin 134: 603 933 273 743 608 21 121 735 
Bin 135: 334 648 682 50 114 
Bin 136: 619 993 793 432 208 827 423 
Bin 137: 567 440 498 686 454 
Bin 138: 371 814 459 173 744 113 
Bin 139: 56 388 895 631 738 586 52 73 
Bin 140: 969 65 218 575 499 724 867 483 
Bin 141: 367 945 937 187 866 519 434 172 
Bin 142: 16 573 942 263 917 807 
Bin 143: 444 828 504 857 77 191 690 
Bin 144: 693 1 761 602 19 
Bin 145: 609 914 563 839 916 261 358 
Bin 146: 364 330 305 286 203 804 193 
Bin 147: 876 553 227 376 831 
Bin 148: 251 750 119 936 842 231 976 
Bin 149: 748 790 769 310 774 
