# Objective: 87
# Time: 2.40221
# Feasible: 1
# Solution:
Bin 0: 448 311 318 301 70 439 404 
Bin 1: 209 83 401 347 155 
Bin 2: 350 464 396 335 121 351 231 
Bin 3: 452 78 90 313 38 141 
Bin 4: 488 443 412 112 69 289 
Bin 5: 127 222 316 422 194 74 
Bin 6: 2 372 164 25 81 62 208 386 
Bin 7: 328 490 430 294 84 60 80 
Bin 8: 319 479 238 211 411 447 73 41 421 
Bin 9: 102 405 478 472 498 40 
Bin 10: 49 53 196 14 390 376 314 
Bin 11: 149 160 144 343 433 75 
Bin 12: 302 140 138 283 369 
Bin 13: 243 137 387 168 96 475 324 
Bin 14: 104 39 469 252 143 
Bin 15: 480 250 52 329 68 
Bin 16: 118 101 449 0 285 440 487 
Bin 17: 276 61 17 424 221 
Bin 18: 399 334 193 362 466 92 402 
Bin 19: 20 382 207 150 344 457 361 131 
Bin 20: 191 391 352 214 441 205 
Bin 21: 416 299 259 26 385 187 467 34 
Bin 22: 320 397 460 3 339 
Bin 23: 438 308 353 185 417 215 315 
Bin 24: 67 482 381 109 110 111 271 
Bin 25: 427 12 432 85 425 365 
Bin 26: 442 349 72 444 337 47 224 
Bin 27: 292 269 423 392 106 260 473 
Bin 28: 296 35 230 142 32 333 
Bin 29: 456 274 220 19 371 270 458 190 
Bin 30: 197 65 284 219 366 247 
Bin 31: 495 115 28 50 186 223 227 
Bin 32: 184 418 257 56 379 
Bin 33: 428 306 378 477 79 57 
Bin 34: 317 323 206 357 228 189 30 
Bin 35: 163 459 288 232 483 
Bin 36: 254 419 240 499 244 248 429 182 
Bin 37: 298 200 437 8 494 157 291 
Bin 38: 242 268 87 435 172 170 
Bin 39: 491 33 198 210 192 152 
Bin 40: 153 165 1 136 167 66 345 
Bin 41: 98 218 367 151 398 471 280 
Bin 42: 162 235 415 413 97 451 11 414 154 
Bin 43: 174 373 82 395 18 88 
Bin 44: 177 277 258 173 470 226 
Bin 45: 486 462 436 322 103 255 
Bin 46: 266 332 342 158 27 326 
Bin 47: 122 453 199 59 263 
Bin 48: 119 123 364 325 13 321 
Bin 49: 43 489 346 175 492 225 203 
Bin 50: 310 179 113 135 330 454 
Bin 51: 262 356 105 51 484 286 305 
Bin 52: 278 212 134 383 45 171 
Bin 53: 202 147 139 403 394 393 
Bin 54: 146 91 341 71 55 407 370 
Bin 55: 410 89 358 434 282 354 
Bin 56: 249 331 267 233 279 
Bin 57: 6 468 377 181 246 156 
Bin 58: 217 116 293 107 132 
Bin 59: 256 22 312 77 290 145 
Bin 60: 307 264 406 496 363 408 229 
Bin 61: 24 183 239 15 237 180 
Bin 62: 204 21 355 76 338 400 
Bin 63: 29 384 93 37 16 148 234 
Bin 64: 58 46 117 48 95 
Bin 65: 388 374 455 281 360 251 9 
Bin 66: 133 241 114 380 63 245 
Bin 67: 287 176 359 297 
Bin 68: 128 108 445 7 36 
Bin 69: 166 461 130 446 431 
Bin 70: 201 161 178 375 54 327 
Bin 71: 273 474 169 
Bin 72: 124 409 
Bin 73: 295 44 450 272 275 336 
Bin 74: 389 463 10 99 195 
Bin 75: 465 236 64 31 253 126 
Bin 76: 120 42 485 
Bin 77: 4 497 368 481 309 
Bin 78: 493 216 213 340 
Bin 79: 94 426 
Bin 80: 86 265 
Bin 81: 261 348 5 
Bin 82: 188 303 100 
Bin 83: 125 300 304 
Bin 84: 129 420 23 
Bin 85: 159 
Bin 86: 476 
