# Objective: 19
# Time: 0.285715
# Feasible: 1
# Solution:
Bin 0: 110 105 22 93 46 2 27 61 
Bin 1: 5 42 112 31 78 92 
Bin 2: 111 98 25 82 81 47 68 
Bin 3: 97 1 75 77 116 40 
Bin 4: 11 34 91 74 32 
Bin 5: 73 79 30 19 107 
Bin 6: 99 12 54 16 69 90 114 41 0 95 
Bin 7: 119 37 56 26 6 87 80 
Bin 8: 63 3 45 21 70 
Bin 9: 23 89 35 86 51 8 48 4 
Bin 10: 50 62 115 14 88 57 
Bin 11: 96 15 9 33 17 28 
Bin 12: 10 55 100 94 49 102 109 
Bin 13: 39 53 118 29 38 113 
Bin 14: 64 106 20 59 7 85 
Bin 15: 104 52 117 66 67 103 84 
Bin 16: 60 65 44 24 18 108 
Bin 17: 71 13 43 58 36 72 
Bin 18: 76 83 101 
