# Objective: 20
# Time: 0.346808
# Feasible: 1
# Solution:
Bin 0: 9 19 7 52 74 106 
Bin 1: 59 29 42 21 13 1 
Bin 2: 68 61 32 30 65 118 82 
Bin 3: 51 41 10 28 63 67 88 
Bin 4: 108 75 55 99 37 105 25 
Bin 5: 48 64 31 76 16 26 
Bin 6: 100 90 98 23 50 24 
Bin 7: 102 70 14 20 62 119 6 36 
Bin 8: 72 56 38 3 109 103 
Bin 9: 60 73 8 92 47 107 
Bin 10: 54 113 81 97 101 87 
Bin 11: 49 58 115 80 84 114 
Bin 12: 95 96 46 5 22 
Bin 13: 110 44 85 111 33 79 117 
Bin 14: 45 18 112 15 57 66 
Bin 15: 69 34 78 39 86 
Bin 16: 89 83 93 4 77 91 
Bin 17: 17 12 11 0 116 53 
Bin 18: 43 104 71 40 94 27 35 
Bin 19: 2 
