# Objective: 191
# Time: 27.1568
# Feasible: 1
# Solution:
Bin 0: 557 665 281 513 879 630 45 118 
Bin 1: 13 810 149 755 234 971 
Bin 2: 652 25 472 839 641 
Bin 3: 310 396 100 772 
Bin 4: 843 998 835 623 127 875 278 496 
Bin 5: 570 150 72 522 699 
Bin 6: 209 88 896 68 982 710 333 
Bin 7: 406 257 593 465 744 17 
Bin 8: 624 186 716 782 611 103 
Bin 9: 504 592 57 488 660 957 483 
Bin 10: 549 778 523 136 939 447 
Bin 11: 526 881 783 637 532 895 779 571 
Bin 12: 0 759 261 262 12 501 351 
Bin 13: 263 563 607 977 241 802 695 
Bin 14: 647 367 356 684 321 636 
Bin 15: 926 951 130 492 387 
Bin 16: 720 531 309 184 586 421 
Bin 17: 448 952 594 567 883 
Bin 18: 560 459 756 73 909 645 
Bin 19: 69 620 340 800 644 
Bin 20: 919 580 311 327 283 171 761 
Bin 21: 6 474 240 562 987 
Bin 22: 204 27 499 408 189 738 115 
Bin 23: 588 992 609 156 
Bin 24: 748 41 491 252 823 411 
Bin 25: 690 651 120 514 911 877 506 101 
Bin 26: 826 23 291 954 179 
Bin 27: 921 219 840 275 264 432 
Bin 28: 556 1 717 825 444 811 605 
Bin 29: 335 790 65 145 409 880 928 
Bin 30: 638 457 658 527 303 784 
Bin 31: 137 500 292 232 467 960 
Bin 32: 246 587 254 704 99 771 
Bin 33: 564 540 649 159 226 434 50 
Bin 34: 713 30 267 792 899 14 273 700 
Bin 35: 19 918 865 294 853 617 
Bin 36: 295 200 728 591 228 968 
Bin 37: 125 183 793 980 415 615 78 
Bin 38: 342 861 202 231 193 929 
Bin 39: 729 386 481 
Bin 40: 418 933 169 871 11 
Bin 41: 966 190 745 95 722 
Bin 42: 486 642 537 582 785 602 693 
Bin 43: 612 389 659 996 725 239 107 
Bin 44: 924 656 249 90 669 598 
Bin 45: 975 336 224 575 206 53 973 413 106 104 646 
Bin 46: 289 476 891 466 512 530 
Bin 47: 205 353 520 678 98 548 
Bin 48: 250 671 714 546 66 
Bin 49: 15 470 64 92 737 814 286 
Bin 50: 111 682 773 869 473 862 495 
Bin 51: 225 867 511 831 394 806 616 764 
Bin 52: 858 147 701 110 758 905 410 347 
Bin 53: 52 828 498 702 349 768 715 
Bin 54: 339 727 874 77 299 797 181 510 
Bin 55: 848 794 32 407 102 964 851 
Bin 56: 165 161 894 126 827 
Bin 57: 943 742 983 176 265 799 412 
Bin 58: 915 402 160 528 923 197 
Bin 59: 194 325 698 109 795 730 
Bin 60: 40 997 276 786 157 
Bin 61: 677 247 718 931 489 629 
Bin 62: 978 870 965 970 
Bin 63: 83 553 497 128 484 
Bin 64: 816 697 740 941 956 117 362 
Bin 65: 422 369 936 81 307 462 676 751 142 
Bin 66: 812 360 680 581 503 431 541 
Bin 67: 67 961 319 74 679 852 538 
Bin 68: 692 55 358 544 833 
Bin 69: 550 888 352 280 995 9 781 993 
Bin 70: 552 938 747 524 134 195 723 
Bin 71: 743 318 910 703 313 450 855 
Bin 72: 419 822 
Bin 73: 639 707 54 949 451 876 
Bin 74: 300 214 913 479 441 724 218 
Bin 75: 711 198 227 370 621 428 
Bin 76: 217 354 856 284 248 124 688 
Bin 77: 917 258 154 573 244 
Bin 78: 635 916 287 969 568 
Bin 79: 268 3 196 85 981 515 566 774 
Bin 80: 807 178 749 395 893 469 
Bin 81: 253 577 631 990 788 135 
Bin 82: 251 430 399 482 689 454 
Bin 83: 175 942 487 634 709 2 
Bin 84: 505 144 972 187 222 844 5 
Bin 85: 208 902 565 24 670 
Bin 86: 180 654 388 478 986 985 
Bin 87: 363 974 312 377 845 525 
Bin 88: 458 212 872 934 719 657 82 
Bin 89: 535 380 920 215 731 908 
Bin 90: 927 705 606 
Bin 91: 317 162 338 596 375 601 114 
Bin 92: 613 393 809 850 463 
Bin 93: 502 989 955 220 721 762 859 456 
Bin 94: 726 878 153 803 255 
Bin 95: 509 203 643 892 129 789 628 
Bin 96: 71 355 632 868 
Bin 97: 326 158 94 392 452 424 
Bin 98: 461 988 337 696 210 
Bin 99: 650 572 259 423 962 
Bin 100: 22 438 603 675 
Bin 101: 935 485 376 133 324 906 
Bin 102: 122 836 59 542 121 4 
Bin 103: 976 683 866 305 846 403 791 
Bin 104: 348 429 813 297 372 
Bin 105: 543 662 547 132 664 343 493 854 
Bin 106: 681 750 266 925 361 138 
Bin 107: 221 804 
Bin 108: 769 824 
Bin 109: 271 29 368 46 152 517 382 
Bin 110: 443 907 732 622 
Bin 111: 999 625 320 766 417 
Bin 112: 168 798 28 
Bin 113: 817 435 551 904 
Bin 114: 334 841 436 426 
Bin 115: 655 739 213 539 18 687 164 
Bin 116: 277 236 296 857 7 112 
Bin 117: 837 882 708 365 48 36 610 
Bin 118: 884 51 274 614 166 
Bin 119: 39 819 886 947 199 
Bin 120: 331 233 43 
Bin 121: 640 404 79 521 
Bin 122: 167 897 58 96 151 706 
Bin 123: 123 322 61 950 401 364 559 
Bin 124: 471 672 508 898 477 26 
Bin 125: 143 945 940 20 31 663 16 60 
Bin 126: 191 35 91 400 442 
Bin 127: 490 433 390 
Bin 128: 371 141 627 889 765 
Bin 129: 290 416 216 608 
Bin 130: 585 235 959 994 139 97 
Bin 131: 49 752 359 494 70 
Bin 132: 323 201 829 753 
Bin 133: 341 922 223 932 379 
Bin 134: 439 648 529 901 75 569 873 
Bin 135: 346 667 414 238 93 849 345 
Bin 136: 445 256 38 188 674 
Bin 137: 173 113 
Bin 138: 269 146 590 76 946 
Bin 139: 555 344 545 
Bin 140: 767 383 
Bin 141: 87 108 574 329 37 
Bin 142: 42 775 140 691 734 963 
Bin 143: 298 242 302 746 554 
Bin 144: 243 185 237 446 864 
Bin 145: 626 306 398 
Bin 146: 44 330 619 425 801 777 
Bin 147: 741 579 10 953 282 984 
Bin 148: 584 420 958 673 890 391 
Bin 149: 260 887 86 453 8 116 
Bin 150: 967 385 131 666 384 914 
Bin 151: 56 464 272 558 
Bin 152: 830 694 314 805 
Bin 153: 301 304 760 818 685 
Bin 154: 518 378 
Bin 155: 820 315 821 34 
Bin 156: 480 163 63 733 712 885 
Bin 157: 838 211 33 455 155 
Bin 158: 357 475 80 815 516 661 
Bin 159: 373 440 860 600 653 332 686 776 787 
Bin 160: 316 174 381 
Bin 161: 780 172 148 
Bin 162: 536 293 84 979 
Bin 163: 937 119 597 350 
Bin 164: 507 912 736 
Bin 165: 288 576 47 
Bin 166: 604 308 21 
Bin 167: 595 796 105 583 
Bin 168: 668 405 170 207 534 
Bin 169: 930 847 
Bin 170: 328 
Bin 171: 279 770 
Bin 172: 948 
Bin 173: 808 561 
Bin 174: 62 437 
Bin 175: 397 89 
Bin 176: 519 903 177 182 230 229 
Bin 177: 633 991 
Bin 178: 449 460 
Bin 179: 366 832 270 
Bin 180: 763 427 834 192 
Bin 181: 842 
Bin 182: 944 
Bin 183: 374 863 
Bin 184: 285 757 468 578 900 599 
Bin 185: 245 
Bin 186: 533 
Bin 187: 589 
Bin 188: 735 
Bin 189: 618 
Bin 190: 754 
