# Objective: 47
# Time: 0.43396
# Feasible: 1
# Solution:
Bin 0: 201 83 182 167 73 70 
Bin 1: 149 191 137 122 32 156 93 
Bin 2: 180 113 101 116 66 148 238 129 
Bin 3: 150 107 97 21 174 23 58 7 
Bin 4: 140 144 131 231 63 
Bin 5: 103 213 179 52 86 22 239 
Bin 6: 178 136 205 35 105 161 192 177 
Bin 7: 55 54 209 29 226 115 125 90 
Bin 8: 108 210 80 72 26 30 221 
Bin 9: 89 147 53 118 61 46 
Bin 10: 128 123 69 76 176 188 225 
Bin 11: 153 60 139 223 27 14 67 
Bin 12: 133 95 28 243 41 120 
Bin 13: 99 222 4 88 214 224 234 
Bin 14: 169 141 51 10 19 246 
Bin 15: 40 184 6 249 164 233 
Bin 16: 230 36 106 37 74 206 146 38 
Bin 17: 110 132 248 236 157 119 199 94 
Bin 18: 159 158 229 42 81 56 
Bin 19: 193 154 240 194 200 
Bin 20: 143 242 47 1 59 218 241 
Bin 21: 65 12 111 160 165 235 183 
Bin 22: 68 197 71 185 155 135 189 25 
Bin 23: 212 15 3 207 142 
Bin 24: 64 170 244 152 34 186 124 
Bin 25: 173 78 151 166 84 13 
Bin 26: 104 245 163 43 16 18 
Bin 27: 220 98 2 31 5 190 175 
Bin 28: 11 232 48 109 8 
Bin 29: 187 211 33 
Bin 30: 130 50 
Bin 31: 126 57 215 112 9 85 
Bin 32: 62 45 24 134 171 
Bin 33: 145 49 117 204 138 92 
Bin 34: 198 100 202 203 
Bin 35: 82 181 17 227 195 77 
Bin 36: 96 0 121 219 
Bin 37: 217 247 20 
Bin 38: 237 168 172 
Bin 39: 87 162 39 75 
Bin 40: 216 102 79 
Bin 41: 91 114 
Bin 42: 208 
Bin 43: 196 
Bin 44: 127 
Bin 45: 228 
Bin 46: 44 
