# Objective: 75
# Time: 20.4149
# Feasible: 1
# Solution:
Bin 0: 100 318 382 135 432 406 485 235 
Bin 1: 15 232 426 419 59 264 362 182 
Bin 2: 132 353 311 6 282 167 350 
Bin 3: 367 371 228 450 341 48 183 
Bin 4: 497 308 459 14 127 337 286 
Bin 5: 96 436 363 411 336 
Bin 6: 471 107 159 364 340 259 
Bin 7: 49 222 482 69 10 206 
Bin 8: 11 67 208 381 189 168 125 
Bin 9: 395 76 156 410 468 360 
Bin 10: 162 64 140 82 8 130 
Bin 11: 203 487 55 35 454 58 413 
Bin 12: 220 141 266 24 2 351 142 209 
Bin 13: 217 188 131 111 23 22 
Bin 14: 51 492 278 31 134 105 262 176 
Bin 15: 70 138 243 386 86 195 144 155 219 
Bin 16: 435 357 486 227 157 178 
Bin 17: 57 444 437 310 304 237 17 254 
Bin 18: 81 333 201 424 98 90 
Bin 19: 366 388 38 361 163 41 315 233 
Bin 20: 384 295 427 197 28 202 191 265 
Bin 21: 63 190 68 385 32 451 110 247 
Bin 22: 231 334 421 379 121 244 50 
Bin 23: 331 466 147 128 324 484 
Bin 24: 87 205 164 251 199 207 483 
Bin 25: 354 277 91 464 250 
Bin 26: 216 343 446 306 84 33 
Bin 27: 369 224 122 258 402 291 404 
Bin 28: 299 473 438 273 460 499 
Bin 29: 283 34 218 305 114 186 192 
Bin 30: 496 453 290 21 314 148 
Bin 31: 307 452 133 289 449 93 
Bin 32: 92 180 323 346 301 383 136 
Bin 33: 327 152 0 88 239 165 54 
Bin 34: 376 270 12 309 263 498 
Bin 35: 317 345 335 302 276 472 
Bin 36: 71 26 365 230 328 226 102 
Bin 37: 440 150 145 303 298 396 20 
Bin 38: 153 288 285 470 126 380 
Bin 39: 161 434 200 271 274 
Bin 40: 7 348 116 281 66 174 
Bin 41: 198 124 65 172 179 61 481 
Bin 42: 74 488 377 279 474 16 261 
Bin 43: 416 397 405 30 339 60 
Bin 44: 221 268 56 119 241 45 77 175 
Bin 45: 139 478 443 418 240 5 
Bin 46: 320 342 272 212 325 108 
Bin 47: 171 284 185 494 223 479 
Bin 48: 463 19 359 177 97 332 430 448 439 
Bin 49: 117 158 44 313 225 143 414 
Bin 50: 425 118 101 113 1 490 
Bin 51: 257 112 417 80 99 
Bin 52: 255 43 491 368 358 
Bin 53: 13 372 83 193 467 120 
Bin 54: 429 287 238 27 62 461 
Bin 55: 347 215 407 375 236 
Bin 56: 187 18 352 400 408 166 149 
Bin 57: 275 75 445 403 441 391 
Bin 58: 204 374 390 370 326 256 245 
Bin 59: 458 344 72 378 355 
Bin 60: 194 297 462 252 495 160 
Bin 61: 338 103 394 42 412 37 465 
Bin 62: 36 29 169 106 9 399 3 316 52 170 
Bin 63: 249 293 296 442 229 4 253 349 
Bin 64: 210 248 356 330 151 184 329 292 
Bin 65: 319 40 213 401 173 154 
Bin 66: 109 294 234 129 321 433 393 47 447 
Bin 67: 146 89 392 389 181 242 
Bin 68: 25 46 423 476 422 115 489 196 
Bin 69: 104 123 373 420 415 493 246 
Bin 70: 269 409 214 85 475 267 428 480 
Bin 71: 280 39 455 53 312 387 137 
Bin 72: 78 95 457 469 94 
Bin 73: 300 260 211 322 456 
Bin 74: 73 398 477 79 431 
