# Objective: 147
# Time: 155.993
# Feasible: 1
# Solution:
Bin 0: 375 399 639 708 27 218 646 44 
Bin 1: 686 755 211 103 361 75 64 395 
Bin 2: 96 899 313 634 137 882 371 
Bin 3: 205 253 678 114 36 950 835 
Bin 4: 587 48 680 269 531 676 
Bin 5: 32 840 212 750 407 812 756 
Bin 6: 466 944 279 695 298 900 319 
Bin 7: 403 9 396 317 244 
Bin 8: 564 5 487 881 588 400 339 
Bin 9: 732 144 905 811 461 238 352 617 
Bin 10: 159 706 79 931 116 236 939 
Bin 11: 516 990 129 672 759 644 
Bin 12: 957 215 896 148 701 220 503 
Bin 13: 982 626 196 783 340 81 409 
Bin 14: 67 807 519 398 80 83 282 868 254 
Bin 15: 115 414 60 974 51 
Bin 16: 438 121 601 480 934 822 
Bin 17: 606 949 56 767 435 318 
Bin 18: 146 589 421 492 359 185 716 
Bin 19: 303 844 669 113 379 154 248 50 
Bin 20: 508 817 536 719 720 61 735 341 488 
Bin 21: 82 69 183 191 455 993 
Bin 22: 373 246 874 689 575 453 
Bin 23: 627 857 828 741 662 271 
Bin 24: 59 595 322 465 297 579 483 
Bin 25: 677 74 334 917 843 491 
Bin 26: 847 988 355 903 462 566 535 
Bin 27: 673 607 486 968 497 251 
Bin 28: 996 175 895 226 855 713 
Bin 29: 873 475 585 760 419 140 133 
Bin 30: 808 181 432 476 123 
Bin 31: 727 11 464 661 264 187 0 347 
Bin 32: 986 93 699 861 234 525 787 
Bin 33: 95 510 272 287 517 790 918 
Bin 34: 46 43 165 57 7 54 384 769 90 
Bin 35: 929 150 351 243 302 66 910 434 
Bin 36: 943 666 782 649 108 552 
Bin 37: 16 87 225 330 821 751 397 624 
Bin 38: 846 878 224 310 176 26 
Bin 39: 803 718 733 386 47 
Bin 40: 983 292 229 24 641 30 197 966 
Bin 41: 198 307 210 350 227 222 188 
Bin 42: 854 511 256 942 739 648 
Bin 43: 984 622 156 130 705 
Bin 44: 412 402 608 138 270 658 994 530 344 
Bin 45: 249 611 20 959 309 275 928 18 171 446 
Bin 46: 667 674 737 652 777 
Bin 47: 833 21 532 837 937 19 324 160 
Bin 48: 240 12 496 523 417 440 623 
Bin 49: 422 124 869 871 261 
Bin 50: 605 85 970 582 367 
Bin 51: 542 681 481 599 4 725 42 155 907 
Bin 52: 991 365 547 730 411 685 872 
Bin 53: 584 428 798 734 494 
Bin 54: 594 109 736 870 92 513 856 731 
Bin 55: 158 263 770 312 349 935 515 
Bin 56: 136 691 255 668 507 374 539 792 38 
Bin 57: 977 180 810 382 306 
Bin 58: 916 288 170 77 364 620 17 570 470 
Bin 59: 655 586 562 745 45 477 954 
Bin 60: 752 721 388 501 908 848 
Bin 61: 13 671 299 369 616 992 53 14 
Bin 62: 975 39 592 951 498 104 
Bin 63: 389 233 912 761 71 
Bin 64: 418 52 613 952 125 842 76 
Bin 65: 493 654 499 277 839 178 
Bin 66: 342 15 300 893 25 
Bin 67: 876 967 31 806 29 358 687 961 958 
Bin 68: 454 289 995 651 147 370 
Bin 69: 763 657 97 904 557 
Bin 70: 538 62 838 285 425 645 
Bin 71: 615 127 650 209 173 164 543 
Bin 72: 172 565 925 290 549 28 788 217 
Bin 73: 938 429 826 635 647 354 506 34 528 149 
Bin 74: 567 789 33 478 889 688 
Bin 75: 859 711 335 773 331 387 484 
Bin 76: 728 467 291 437 58 241 
Bin 77: 643 802 920 754 948 500 
Bin 78: 598 237 930 22 614 
Bin 79: 186 189 568 631 897 697 
Bin 80: 670 915 142 524 482 618 703 
Bin 81: 712 504 707 877 791 521 714 
Bin 82: 891 628 762 914 286 281 343 
Bin 83: 875 832 106 933 786 514 
Bin 84: 132 468 941 410 265 469 778 
Bin 85: 131 381 315 819 214 629 
Bin 86: 139 390 749 863 860 260 
Bin 87: 885 743 985 827 544 166 
Bin 88: 692 694 100 744 829 23 
Bin 89: 408 427 40 380 509 690 49 
Bin 90: 780 902 449 471 377 305 642 
Bin 91: 746 151 757 800 729 748 534 
Bin 92: 219 805 630 559 401 392 296 527 
Bin 93: 911 596 416 545 809 
Bin 94: 576 936 41 436 537 65 
Bin 95: 231 338 223 474 814 404 892 
Bin 96: 230 221 201 360 753 858 
Bin 97: 781 976 111 320 301 580 490 
Bin 98: 775 633 971 569 682 200 
Bin 99: 145 420 578 801 94 280 267 
Bin 100: 505 489 998 653 724 472 84 960 
Bin 101: 304 207 107 430 195 368 452 
Bin 102: 962 894 867 963 192 194 366 
Bin 103: 433 266 604 887 758 314 804 245 
Bin 104: 572 495 443 86 348 
Bin 105: 37 394 10 162 940 102 
Bin 106: 376 924 232 141 550 823 909 540 
Bin 107: 169 179 70 117 981 
Bin 108: 143 463 2 683 208 
Bin 109: 118 202 163 698 813 316 
Bin 110: 659 529 632 448 675 561 865 
Bin 111: 168 717 273 901 886 473 405 
Bin 112: 926 700 793 268 602 520 696 710 
Bin 113: 563 206 362 385 326 406 766 546 
Bin 114: 723 609 174 3 664 953 772 738 
Bin 115: 884 866 771 955 439 445 
Bin 116: 247 558 383 638 1 88 864 
Bin 117: 105 526 332 956 295 424 152 
Bin 118: 554 55 740 533 987 415 571 
Bin 119: 122 590 619 459 68 203 
Bin 120: 850 851 849 548 679 765 625 323 610 
Bin 121: 818 199 101 457 450 927 120 
Bin 122: 258 353 193 128 431 447 660 979 
Bin 123: 134 779 972 325 321 73 636 776 573 
Bin 124: 479 274 257 311 932 785 
Bin 125: 898 460 923 841 824 709 363 999 
Bin 126: 556 378 242 726 922 239 
Bin 127: 603 91 879 333 574 965 919 
Bin 128: 442 126 583 795 853 794 78 
Bin 129: 190 541 485 799 153 
Bin 130: 742 135 978 262 99 177 702 518 
Bin 131: 250 293 337 252 167 553 
Bin 132: 600 597 327 112 441 
Bin 133: 684 980 845 656 747 797 825 
Bin 134: 157 768 921 715 945 764 
Bin 135: 774 6 35 593 456 357 852 704 862 
Bin 136: 969 946 89 283 551 458 391 
Bin 137: 204 796 276 502 63 973 
Bin 138: 830 816 522 413 444 947 259 
Bin 139: 110 98 964 182 637 815 
Bin 140: 8 890 640 184 72 328 308 663 
Bin 141: 989 119 356 784 834 722 621 
Bin 142: 161 693 372 336 451 560 329 
Bin 143: 831 294 235 426 346 213 216 888 997 
Bin 144: 345 581 284 665 880 393 
Bin 145: 228 883 591 820 612 
Bin 146: 423 555 836 906 577 278 512 913 
