# Objective: 18
# Time: 0.284047
# Feasible: 1
# Solution:
Bin 0: 51 0 2 36 45 102 
Bin 1: 77 66 22 49 12 60 19 
Bin 2: 5 27 31 63 90 85 15 18 56 44 39 
Bin 3: 73 109 13 115 75 89 
Bin 4: 113 95 81 24 38 94 
Bin 5: 96 92 54 30 69 53 118 
Bin 6: 37 17 9 74 61 114 10 
Bin 7: 40 26 67 33 83 117 80 
Bin 8: 105 50 23 57 35 71 
Bin 9: 7 64 104 108 11 110 48 
Bin 10: 100 70 98 21 41 8 
Bin 11: 62 103 84 93 1 55 107 
Bin 12: 6 91 112 58 43 47 
Bin 13: 88 111 97 86 119 99 25 72 
Bin 14: 29 42 76 78 14 82 
Bin 15: 16 87 3 79 52 
Bin 16: 59 4 46 65 68 28 
Bin 17: 32 34 116 106 101 20 
