# Objective: 18
# Time: 0.238389
# Feasible: 1
# Solution:
Bin 0: 89 69 9 86 41 96 66 
Bin 1: 109 103 44 48 18 80 79 14 
Bin 2: 0 106 78 70 27 75 102 
Bin 3: 8 24 12 65 30 73 5 
Bin 4: 111 88 100 57 63 93 42 
Bin 5: 16 56 60 92 81 
Bin 6: 38 43 10 45 19 39 
Bin 7: 53 23 35 98 20 58 1 
Bin 8: 68 83 32 37 11 50 
Bin 9: 29 87 61 55 71 90 94 
Bin 10: 6 113 72 51 52 77 101 
Bin 11: 34 99 64 28 74 3 
Bin 12: 59 91 97 95 22 36 82 107 
Bin 13: 84 46 31 85 105 47 62 15 
Bin 14: 7 114 13 4 110 67 119 25 118 
Bin 15: 104 116 26 112 21 117 
Bin 16: 115 108 49 54 40 
Bin 17: 17 2 76 33 
