# Objective: 98
# Time: 2.3594
# Feasible: 1
# Solution:
Bin 0: 276 489 251 345 301 
Bin 1: 4 194 201 94 379 304 
Bin 2: 313 497 342 269 332 234 
Bin 3: 279 372 399 292 368 192 
Bin 4: 228 241 353 354 362 
Bin 5: 238 243 392 418 80 145 298 
Bin 6: 266 196 311 51 96 413 102 236 1 
Bin 7: 124 39 386 59 204 231 
Bin 8: 168 13 369 383 165 281 172 
Bin 9: 240 199 391 125 436 373 
Bin 10: 189 358 441 445 129 468 477 259 237 
Bin 11: 36 58 21 366 245 
Bin 12: 335 130 323 169 209 367 29 200 
Bin 13: 207 100 412 350 495 339 464 
Bin 14: 271 103 297 188 272 126 225 
Bin 15: 108 361 37 322 249 
Bin 16: 148 98 465 360 144 252 
Bin 17: 449 146 48 149 329 404 
Bin 18: 440 431 316 71 106 
Bin 19: 12 154 220 402 444 
Bin 20: 112 77 176 193 324 312 
Bin 21: 93 132 113 230 40 429 451 
Bin 22: 347 482 88 141 253 409 23 85 282 
Bin 23: 310 248 75 233 454 
Bin 24: 302 8 89 63 290 61 333 
Bin 25: 314 428 78 460 411 121 128 
Bin 26: 190 423 247 375 221 62 218 
Bin 27: 337 184 55 67 179 173 
Bin 28: 217 66 278 30 401 284 
Bin 29: 41 227 498 91 127 325 
Bin 30: 87 453 224 469 395 357 
Bin 31: 45 344 400 442 150 99 
Bin 32: 434 86 138 56 403 291 
Bin 33: 315 187 11 398 371 76 
Bin 34: 485 118 380 10 116 349 95 
Bin 35: 206 246 289 484 82 219 
Bin 36: 450 494 463 476 117 263 147 393 
Bin 37: 384 235 53 280 197 
Bin 38: 167 351 123 414 27 
Bin 39: 135 396 178 303 208 382 
Bin 40: 364 49 443 499 226 142 
Bin 41: 211 265 81 355 136 458 
Bin 42: 2 262 202 421 299 407 
Bin 43: 195 250 321 9 305 488 54 183 
Bin 44: 109 115 275 70 255 352 163 
Bin 45: 483 25 405 244 425 14 
Bin 46: 356 5 198 20 83 191 
Bin 47: 389 229 427 242 473 181 288 
Bin 48: 111 254 114 415 466 270 
Bin 49: 461 490 433 256 294 338 422 486 
Bin 50: 161 319 47 92 452 223 69 
Bin 51: 330 140 232 164 446 131 
Bin 52: 273 430 437 474 346 
Bin 53: 17 42 318 101 424 174 64 
Bin 54: 274 180 90 475 32 381 
Bin 55: 264 258 408 162 210 
Bin 56: 432 160 182 213 156 
Bin 57: 471 203 52 97 370 363 
Bin 58: 3 459 320 285 
Bin 59: 457 139 122 44 267 326 119 478 33 
Bin 60: 447 216 480 455 107 261 
Bin 61: 155 377 214 492 
Bin 62: 65 43 283 158 397 
Bin 63: 327 166 334 257 341 104 
Bin 64: 438 153 212 185 293 
Bin 65: 205 394 22 
Bin 66: 50 73 410 143 470 15 417 
Bin 67: 328 390 74 287 493 
Bin 68: 439 496 306 277 
Bin 69: 340 462 60 348 376 307 
Bin 70: 491 
Bin 71: 239 137 336 448 134 296 
Bin 72: 110 456 84 300 416 186 
Bin 73: 133 6 317 419 286 479 
Bin 74: 435 38 
Bin 75: 420 31 57 222 
Bin 76: 19 481 472 
Bin 77: 308 343 487 
Bin 78: 388 34 68 385 
Bin 79: 170 
Bin 80: 406 309 159 
Bin 81: 157 
Bin 82: 426 35 
Bin 83: 152 
Bin 84: 26 
Bin 85: 7 
Bin 86: 378 16 365 
Bin 87: 295 
Bin 88: 467 260 
Bin 89: 171 151 387 
Bin 90: 24 331 0 268 
Bin 91: 72 
Bin 92: 28 
Bin 93: 18 175 374 105 215 177 
Bin 94: 46 
Bin 95: 120 
Bin 96: 359 
Bin 97: 79 
