# Objective: 19
# Time: 0.355605
# Feasible: 1
# Solution:
Bin 0: 104 103 107 71 110 
Bin 1: 80 10 96 72 93 31 
Bin 2: 53 65 52 13 
Bin 3: 66 62 57 60 27 55 
Bin 4: 95 39 33 49 19 5 64 
Bin 5: 90 87 43 44 109 26 
Bin 6: 89 11 4 59 83 38 51 
Bin 7: 91 69 32 8 40 48 24 105 
Bin 8: 99 76 22 112 2 20 
Bin 9: 12 116 56 61 74 54 36 
Bin 10: 75 114 94 1 50 70 
Bin 11: 21 41 16 102 86 106 
Bin 12: 88 67 118 117 79 28 
Bin 13: 30 37 63 42 9 101 108 7 
Bin 14: 82 78 97 6 73 34 46 100 58 
Bin 15: 115 17 84 113 85 0 29 
Bin 16: 25 47 23 98 119 
Bin 17: 45 111 81 35 18 
Bin 18: 77 14 68 3 92 15 
