# Objective: 75
# Time: 19.8552
# Feasible: 1
# Solution:
Bin 0: 311 198 219 123 200 119 317 278 181 
Bin 1: 191 396 266 128 50 451 108 129 
Bin 2: 287 19 197 283 485 320 269 46 
Bin 3: 368 152 434 102 183 140 435 324 281 
Bin 4: 169 486 411 429 6 403 110 
Bin 5: 164 225 499 293 378 
Bin 6: 212 95 59 73 5 72 48 350 
Bin 7: 29 481 297 113 39 264 213 356 
Bin 8: 127 459 309 286 3 
Bin 9: 144 10 115 103 208 472 404 
Bin 10: 316 366 487 186 20 333 
Bin 11: 482 484 441 344 12 425 415 149 
Bin 12: 423 385 374 98 410 397 445 
Bin 13: 60 209 201 217 367 377 193 
Bin 14: 91 162 8 202 282 30 490 394 
Bin 15: 305 466 457 338 321 87 463 
Bin 16: 120 373 158 263 408 273 
Bin 17: 364 353 154 56 21 329 
Bin 18: 349 252 137 43 249 288 251 52 
Bin 19: 77 274 195 398 88 165 446 
Bin 20: 33 81 2 151 179 242 358 245 
Bin 21: 326 0 104 84 203 
Bin 22: 304 227 392 340 437 494 
Bin 23: 114 330 190 109 226 231 
Bin 24: 253 223 131 111 215 38 
Bin 25: 134 436 433 387 470 479 207 15 
Bin 26: 443 303 343 298 163 431 
Bin 27: 355 139 360 54 310 375 
Bin 28: 255 76 234 31 224 450 
Bin 29: 78 371 469 210 284 
Bin 30: 61 35 166 348 62 376 133 
Bin 31: 101 89 452 41 26 
Bin 32: 296 478 167 292 268 258 
Bin 33: 426 414 456 352 417 438 57 
Bin 34: 233 105 121 58 390 306 
Bin 35: 262 17 444 313 239 439 
Bin 36: 206 256 418 319 100 
Bin 37: 67 497 188 107 194 351 
Bin 38: 362 218 182 341 211 150 323 
Bin 39: 118 24 97 7 460 465 
Bin 40: 492 380 68 331 13 489 247 447 34 
Bin 41: 382 496 138 318 432 69 322 187 
Bin 42: 66 346 413 232 40 299 
Bin 43: 315 442 148 395 141 241 199 
Bin 44: 339 302 99 401 37 402 
Bin 45: 307 476 347 406 277 498 334 
Bin 46: 483 332 279 370 427 430 325 
Bin 47: 53 240 400 369 192 393 290 
Bin 48: 130 475 488 180 416 
Bin 49: 159 116 117 388 294 363 63 314 
Bin 50: 112 189 70 372 300 
Bin 51: 440 391 92 291 229 196 55 
Bin 52: 171 449 235 467 468 75 216 
Bin 53: 27 16 454 14 244 28 
Bin 54: 222 36 71 419 93 96 65 
Bin 55: 174 145 257 461 491 246 
Bin 56: 155 250 243 25 172 106 74 453 126 
Bin 57: 11 228 220 407 289 428 
Bin 58: 280 168 143 132 146 4 271 153 
Bin 59: 122 260 361 285 44 214 49 
Bin 60: 328 22 51 156 175 473 
Bin 61: 236 342 448 422 493 389 23 
Bin 62: 405 327 399 173 160 471 237 
Bin 63: 409 259 157 18 205 420 
Bin 64: 412 272 204 354 42 421 477 
Bin 65: 32 9 381 308 384 
Bin 66: 254 365 480 267 424 301 64 
Bin 67: 295 136 379 90 462 177 170 
Bin 68: 86 135 455 178 335 
Bin 69: 336 312 261 147 47 276 
Bin 70: 82 474 386 275 464 80 161 
Bin 71: 383 1 357 238 185 45 221 
Bin 72: 458 124 345 176 94 359 
Bin 73: 495 79 83 85 337 265 125 
Bin 74: 142 248 270 230 184 
