# Objective: 19
# Time: 0.281757
# Feasible: 1
# Solution:
Bin 0: 42 96 12 30 3 11 51 
Bin 1: 103 4 79 60 107 58 55 15 85 
Bin 2: 82 105 89 33 68 102 59 
Bin 3: 110 66 38 16 5 71 
Bin 4: 61 69 80 94 31 
Bin 5: 18 91 47 29 72 19 109 119 48 
Bin 6: 28 49 26 73 117 40 22 
Bin 7: 1 2 41 13 111 95 
Bin 8: 54 92 37 20 70 100 
Bin 9: 14 104 27 77 65 
Bin 10: 10 78 21 108 101 
Bin 11: 113 74 88 112 62 44 35 
Bin 12: 98 43 17 106 83 52 
Bin 13: 46 56 75 86 24 87 
Bin 14: 25 115 53 36 114 97 76 
Bin 15: 9 50 116 84 23 
Bin 16: 57 39 93 8 7 
Bin 17: 99 90 32 81 63 64 6 0 
Bin 18: 34 45 118 67 
