# Objective: 37
# Time: 2.39227
# Feasible: 1
# Solution:
Bin 0: 235 105 195 59 67 35 5 
Bin 1: 238 180 240 247 41 211 37 
Bin 2: 53 0 147 203 146 246 82 104 
Bin 3: 106 27 156 45 25 132 109 
Bin 4: 89 4 139 84 14 90 199 112 
Bin 5: 117 7 185 108 57 70 192 
Bin 6: 24 143 188 107 36 95 187 3 
Bin 7: 76 103 208 23 182 205 
Bin 8: 141 129 44 151 131 
Bin 9: 111 164 216 62 71 186 
Bin 10: 194 92 15 152 29 159 231 51 
Bin 11: 161 60 97 13 201 
Bin 12: 101 165 128 148 209 178 
Bin 13: 221 190 175 54 167 96 
Bin 14: 43 21 17 61 72 210 248 
Bin 15: 144 228 176 232 87 118 
Bin 16: 88 245 241 123 172 124 223 177 
Bin 17: 244 64 55 166 79 26 120 
Bin 18: 158 6 236 113 173 191 99 174 
Bin 19: 142 73 47 154 98 233 198 
Bin 20: 217 94 77 49 125 115 110 
Bin 21: 46 42 18 202 75 237 160 230 
Bin 22: 19 225 66 58 130 134 
Bin 23: 219 229 116 135 196 215 189 
Bin 24: 34 218 10 93 234 20 56 
Bin 25: 39 86 197 150 222 155 
Bin 26: 136 32 100 114 11 30 204 
Bin 27: 68 170 163 242 38 200 
Bin 28: 8 183 81 145 40 171 
Bin 29: 224 149 213 31 226 
Bin 30: 206 122 243 169 249 2 63 138 22 
Bin 31: 168 127 91 33 193 181 
Bin 32: 212 153 184 162 157 28 207 50 
Bin 33: 220 69 137 102 140 83 
Bin 34: 65 48 80 126 9 119 12 
Bin 35: 227 179 74 133 52 
Bin 36: 121 214 85 78 239 1 16 
