# Objective: 39
# Time: 2.55343
# Feasible: 1
# Solution:
Bin 0: 98 139 248 166 58 89 
Bin 1: 190 95 50 38 182 120 171 228 221 
Bin 2: 2 49 186 160 117 202 109 
Bin 3: 116 90 107 155 128 
Bin 4: 149 200 5 28 214 156 195 16 
Bin 5: 244 56 24 39 68 
Bin 6: 9 46 240 159 125 110 249 158 
Bin 7: 224 215 92 126 243 84 
Bin 8: 173 121 245 203 142 172 208 55 
Bin 9: 174 88 132 83 76 43 
Bin 10: 102 136 0 211 41 
Bin 11: 29 236 194 238 11 33 104 85 
Bin 12: 111 19 216 127 74 234 
Bin 13: 65 78 52 114 232 32 22 210 
Bin 14: 185 105 143 196 151 175 40 
Bin 15: 113 3 138 219 101 42 122 103 
Bin 16: 164 34 225 54 23 26 163 239 
Bin 17: 233 87 64 130 57 191 
Bin 18: 53 62 112 1 165 193 
Bin 19: 108 217 209 67 45 15 
Bin 20: 188 47 63 198 162 100 
Bin 21: 129 77 69 30 44 18 
Bin 22: 184 140 169 192 189 75 
Bin 23: 37 187 31 133 218 229 197 
Bin 24: 147 115 96 8 150 
Bin 25: 80 134 154 70 21 135 14 131 
Bin 26: 66 106 222 247 60 99 12 
Bin 27: 183 118 161 7 86 168 
Bin 28: 141 10 119 145 27 230 97 
Bin 29: 35 226 223 59 157 167 
Bin 30: 212 152 237 94 81 73 231 
Bin 31: 153 179 181 206 177 61 213 
Bin 32: 235 48 93 51 13 242 
Bin 33: 220 72 246 17 124 
Bin 34: 201 170 137 6 71 
Bin 35: 148 123 20 199 4 
Bin 36: 178 205 82 176 207 
Bin 37: 227 180 241 144 79 
Bin 38: 146 36 91 25 204 
