# Objective: 18
# Time: 0.406709
# Feasible: 1
# Solution:
Bin 0: 74 50 82 7 41 72 84 117 61 
Bin 1: 85 78 13 103 111 24 14 
Bin 2: 58 26 22 3 119 118 51 57 
Bin 3: 73 107 23 92 89 49 67 42 
Bin 4: 106 96 79 4 37 98 
Bin 5: 100 114 63 62 105 
Bin 6: 76 39 0 9 91 55 104 59 40 
Bin 7: 35 10 47 31 108 2 87 
Bin 8: 66 15 64 110 44 45 12 
Bin 9: 43 21 54 88 11 1 
Bin 10: 36 17 32 69 8 70 83 
Bin 11: 93 80 29 48 77 
Bin 12: 56 75 95 6 99 46 30 20 
Bin 13: 38 112 102 116 86 28 
Bin 14: 53 109 18 5 19 65 
Bin 15: 101 97 68 81 113 71 
Bin 16: 94 52 60 90 16 
Bin 17: 27 115 33 34 25 
