# Objective: 18
# Time: 0.268385
# Feasible: 1
# Solution:
Bin 0: 47 30 20 28 68 26 75 45 111 
Bin 1: 88 48 81 11 69 42 54 
Bin 2: 114 16 40 39 18 51 89 67 82 57 
Bin 3: 97 96 80 118 9 108 
Bin 4: 117 29 85 105 87 52 100 101 
Bin 5: 17 65 77 55 56 91 10 3 
Bin 6: 21 90 79 83 37 59 109 
Bin 7: 64 43 24 62 86 95 94 
Bin 8: 71 41 78 32 27 4 
Bin 9: 1 76 25 106 5 46 
Bin 10: 49 74 70 112 73 
Bin 11: 72 0 84 119 31 113 
Bin 12: 116 92 35 102 14 23 
Bin 13: 19 98 38 22 107 53 93 
Bin 14: 60 110 12 33 13 
Bin 15: 7 34 66 61 6 103 
Bin 16: 99 36 2 44 58 63 
Bin 17: 15 8 104 50 115 
