# Objective: 19
# Time: 0.20728
# Feasible: 1
# Solution:
Bin 0: 118 32 87 106 21 114 
Bin 1: 3 84 12 100 74 31 
Bin 2: 40 97 25 99 29 78 
Bin 3: 73 89 41 102 76 72 
Bin 4: 39 36 47 80 109 117 
Bin 5: 66 51 107 111 49 112 4 5 55 
Bin 6: 34 38 90 101 6 
Bin 7: 35 94 23 63 71 113 77 11 52 
Bin 8: 14 91 37 75 19 103 
Bin 9: 16 30 61 17 82 10 
Bin 10: 86 65 58 85 50 57 
Bin 11: 7 20 95 54 105 8 
Bin 12: 0 33 68 60 116 
Bin 13: 42 96 28 62 45 88 104 
Bin 14: 81 67 83 59 110 
Bin 15: 115 98 2 43 48 79 53 56 
Bin 16: 1 44 108 26 15 24 70 
Bin 17: 22 69 46 119 13 18 
Bin 18: 92 93 9 27 64 
