# Objective: 37
# Time: 2.53149
# Feasible: 1
# Solution:
Bin 0: 79 248 177 217 45 155 6 169 76 
Bin 1: 42 137 170 139 93 75 242 63 82 
Bin 2: 74 20 49 67 180 211 189 95 24 
Bin 3: 127 192 71 160 92 118 50 
Bin 4: 96 21 135 171 48 233 
Bin 5: 235 10 208 219 16 157 173 232 
Bin 6: 224 115 136 112 184 89 
Bin 7: 162 51 119 85 147 182 29 166 
Bin 8: 159 37 143 214 152 41 19 120 
Bin 9: 34 146 56 43 196 58 128 
Bin 10: 132 153 33 3 84 190 179 
Bin 11: 102 13 62 64 44 236 
Bin 12: 17 144 98 216 167 108 
Bin 13: 91 241 204 46 193 186 181 65 
Bin 14: 212 0 25 183 83 141 158 125 
Bin 15: 1 165 129 70 90 239 104 
Bin 16: 131 187 198 124 28 53 188 
Bin 17: 61 238 194 15 138 228 55 101 
Bin 18: 87 142 133 178 30 
Bin 19: 113 202 215 77 197 234 36 
Bin 20: 191 163 145 174 156 199 225 
Bin 21: 88 148 206 57 230 226 14 
Bin 22: 164 72 246 243 154 227 172 
Bin 23: 12 52 8 205 9 168 
Bin 24: 39 110 223 218 213 
Bin 25: 54 134 81 18 94 69 97 
Bin 26: 209 203 231 4 47 66 78 
Bin 27: 185 68 245 111 31 126 
Bin 28: 27 105 176 38 107 244 2 
Bin 29: 149 5 80 109 116 150 237 
Bin 30: 220 59 130 114 23 
Bin 31: 161 73 249 247 221 
Bin 32: 123 207 22 201 121 99 
Bin 33: 86 210 240 60 32 7 
Bin 34: 26 175 11 222 103 229 
Bin 35: 200 195 117 140 35 
Bin 36: 122 151 100 106 40 
