# Objective: 102
# Time: 1.19219
# Feasible: 1
# Solution:
Bin 0: 357 338 488 126 400 452 287 332 
Bin 1: 243 493 170 24 58 284 195 
Bin 2: 397 312 48 305 213 497 21 
Bin 3: 172 448 307 471 218 209 
Bin 4: 45 36 122 435 73 266 272 3 77 428 
Bin 5: 444 33 478 408 398 294 
Bin 6: 184 270 191 417 306 309 367 183 
Bin 7: 100 26 274 276 296 384 
Bin 8: 407 446 18 13 416 151 
Bin 9: 216 380 119 147 109 330 
Bin 10: 399 377 277 362 112 
Bin 11: 42 487 225 390 453 418 
Bin 12: 167 133 51 22 57 240 149 154 
Bin 13: 344 46 368 386 150 
Bin 14: 227 38 8 249 210 470 198 
Bin 15: 90 365 2 47 185 171 
Bin 16: 43 494 193 433 89 422 
Bin 17: 363 346 105 345 131 
Bin 18: 442 244 139 281 490 
Bin 19: 252 432 211 391 88 419 
Bin 20: 347 72 231 449 427 61 447 
Bin 21: 27 66 237 323 68 322 324 29 230 
Bin 22: 246 282 255 188 343 496 
Bin 23: 120 127 302 189 145 70 
Bin 24: 340 60 389 163 439 115 313 
Bin 25: 206 79 30 192 472 
Bin 26: 157 286 360 1 17 85 
Bin 27: 265 15 373 173 484 261 301 376 
Bin 28: 202 396 393 262 67 
Bin 29: 499 35 106 137 475 458 52 
Bin 30: 0 318 293 9 421 203 
Bin 31: 283 69 108 159 414 491 410 295 325 
Bin 32: 166 76 315 426 92 336 
Bin 33: 482 10 326 387 335 
Bin 34: 337 222 128 39 485 
Bin 35: 358 469 82 352 242 382 402 
Bin 36: 41 134 424 450 111 
Bin 37: 141 263 401 28 288 300 132 
Bin 38: 180 208 423 179 477 
Bin 39: 91 124 174 155 7 94 248 
Bin 40: 457 489 298 4 97 241 37 
Bin 41: 164 142 371 474 49 
Bin 42: 224 463 204 64 297 350 
Bin 43: 334 260 32 420 460 354 411 
Bin 44: 259 153 98 175 429 84 
Bin 45: 44 78 234 253 136 53 
Bin 46: 454 138 378 486 361 406 
Bin 47: 186 438 71 
Bin 48: 182 327 392 473 194 
Bin 49: 14 156 348 223 451 
Bin 50: 279 349 320 129 467 83 
Bin 51: 50 221 405 74 434 
Bin 52: 437 62 165 430 81 
Bin 53: 257 56 308 102 436 455 176 
Bin 54: 55 215 220 158 264 269 
Bin 55: 228 65 205 413 341 229 
Bin 56: 118 201 492 200 238 
Bin 57: 5 372 331 275 370 
Bin 58: 59 140 425 34 445 375 
Bin 59: 214 190 481 465 23 462 
Bin 60: 117 251 440 110 
Bin 61: 495 321 291 113 441 168 
Bin 62: 412 239 226 144 374 317 
Bin 63: 63 125 364 116 
Bin 64: 121 146 303 
Bin 65: 267 123 161 75 
Bin 66: 353 199 278 236 385 
Bin 67: 328 196 40 468 
Bin 68: 233 483 461 292 333 
Bin 69: 169 476 
Bin 70: 87 394 316 466 339 271 16 
Bin 71: 314 232 250 409 
Bin 72: 319 254 11 95 31 
Bin 73: 395 96 19 256 
Bin 74: 379 212 290 20 356 25 
Bin 75: 431 86 80 103 366 178 498 
Bin 76: 162 415 383 
Bin 77: 280 273 268 351 6 
Bin 78: 235 403 107 
Bin 79: 148 355 130 
Bin 80: 247 369 299 
Bin 81: 311 404 207 
Bin 82: 342 187 
Bin 83: 329 
Bin 84: 114 135 
Bin 85: 104 245 464 459 
Bin 86: 99 217 304 
Bin 87: 152 479 
Bin 88: 285 
Bin 89: 54 
Bin 90: 359 258 219 
Bin 91: 456 12 
Bin 92: 101 
Bin 93: 181 
Bin 94: 443 
Bin 95: 177 
Bin 96: 143 197 
Bin 97: 310 
Bin 98: 381 
Bin 99: 289 
Bin 100: 480 
Bin 101: 388 93 160 
