# Objective: 202
# Time: 14.826
# Feasible: 1
# Solution:
Bin 0: 37 527 531 955 320 142 764 
Bin 1: 540 443 86 77 76 686 867 
Bin 2: 793 125 630 928 459 294 588 597 
Bin 3: 605 632 822 59 388 234 
Bin 4: 638 336 665 217 189 238 965 
Bin 5: 286 354 321 696 591 735 
Bin 6: 213 682 14 561 158 529 997 
Bin 7: 733 900 842 619 324 826 381 
Bin 8: 830 538 711 562 761 
Bin 9: 641 899 258 300 111 984 
Bin 10: 241 858 112 944 548 469 
Bin 11: 670 326 675 253 314 813 
Bin 12: 973 657 742 976 926 285 104 877 
Bin 13: 235 442 574 940 296 968 367 
Bin 14: 907 365 159 259 532 389 519 290 274 
Bin 15: 386 974 491 679 952 128 
Bin 16: 935 707 139 777 726 855 
Bin 17: 465 589 337 277 94 
Bin 18: 716 452 140 162 621 767 485 
Bin 19: 583 313 821 191 52 551 264 932 96 
Bin 20: 860 170 792 372 150 211 513 
Bin 21: 795 785 921 712 348 565 
Bin 22: 853 385 169 945 510 
Bin 23: 988 987 330 528 378 173 636 
Bin 24: 801 920 514 423 809 498 
Bin 25: 46 800 697 617 628 698 
Bin 26: 18 371 57 501 957 171 202 581 
Bin 27: 475 38 474 595 399 817 377 
Bin 28: 25 559 45 913 756 206 123 0 
Bin 29: 395 396 401 187 533 814 
Bin 30: 705 910 236 714 732 609 
Bin 31: 546 505 118 964 304 
Bin 32: 355 470 521 65 552 791 833 
Bin 33: 215 6 925 80 727 12 431 
Bin 34: 569 896 978 447 662 893 406 852 
Bin 35: 48 43 919 463 101 715 
Bin 36: 390 311 433 869 148 
Bin 37: 702 107 841 541 943 906 
Bin 38: 486 167 602 972 382 195 
Bin 39: 69 845 407 176 100 868 
Bin 40: 784 834 994 435 781 457 
Bin 41: 108 765 946 391 859 
Bin 42: 725 61 693 763 570 180 237 
Bin 43: 536 664 229 318 537 882 
Bin 44: 622 901 914 766 789 333 201 
Bin 45: 661 66 980 312 184 
Bin 46: 759 688 924 762 489 736 
Bin 47: 476 576 227 729 534 309 347 
Bin 48: 147 198 289 962 409 359 790 
Bin 49: 166 923 454 990 32 
Bin 50: 637 808 430 81 316 446 
Bin 51: 419 2 135 172 397 905 577 
Bin 52: 960 776 881 953 449 730 
Bin 53: 656 599 155 672 23 564 157 854 
Bin 54: 329 824 802 19 39 242 511 780 
Bin 55: 233 331 31 146 350 480 
Bin 56: 200 225 601 451 700 
Bin 57: 416 133 640 616 635 916 95 
Bin 58: 721 164 269 335 787 479 
Bin 59: 625 224 299 174 567 709 
Bin 60: 649 267 545 484 414 782 60 
Bin 61: 684 575 620 393 634 437 
Bin 62: 596 163 87 466 820 420 
Bin 63: 230 996 827 958 614 379 
Bin 64: 831 544 380 937 425 209 504 
Bin 65: 603 55 520 606 961 812 
Bin 66: 981 340 8 718 22 71 364 
Bin 67: 704 839 539 752 327 301 811 
Bin 68: 743 651 175 248 239 
Bin 69: 720 106 891 482 804 566 
Bin 70: 642 652 851 818 68 
Bin 71: 103 84 204 412 5 810 
Bin 72: 593 843 105 54 109 403 805 
Bin 73: 948 557 168 873 655 497 773 840 218 
Bin 74: 507 261 3 942 862 231 
Bin 75: 660 357 884 72 156 582 
Bin 76: 394 496 458 744 525 34 500 
Bin 77: 426 526 265 97 590 49 
Bin 78: 246 260 11 647 429 547 342 
Bin 79: 243 244 939 815 918 9 902 
Bin 80: 226 137 343 460 798 
Bin 81: 141 29 677 102 255 
Bin 82: 220 723 737 648 861 
Bin 83: 779 207 598 27 806 584 
Bin 84: 160 404 91 587 30 271 
Bin 85: 592 56 208 366 273 441 
Bin 86: 249 963 352 400 113 251 
Bin 87: 250 604 863 302 897 219 659 467 
Bin 88: 613 886 573 98 646 494 550 70 
Bin 89: 439 522 653 578 358 692 197 885 
Bin 90: 912 185 740 134 
Bin 91: 63 909 685 560 126 
Bin 92: 127 639 993 755 796 
Bin 93: 689 895 671 252 600 556 530 623 
Bin 94: 421 360 188 287 493 461 
Bin 95: 317 691 738 16 985 938 481 
Bin 96: 270 875 53 85 306 161 992 384 
Bin 97: 563 722 193 502 73 223 
Bin 98: 518 177 959 615 713 281 
Bin 99: 890 322 78 580 645 
Bin 100: 794 876 929 212 411 
Bin 101: 228 745 857 47 362 232 
Bin 102: 383 346 741 
Bin 103: 917 554 4 186 585 986 
Bin 104: 438 114 450 132 699 495 221 880 
Bin 105: 307 203 669 415 
Bin 106: 838 387 472 701 708 50 
Bin 107: 892 846 644 7 608 970 739 
Bin 108: 490 325 398 951 51 308 967 
Bin 109: 15 825 977 610 434 99 
Bin 110: 245 121 199 298 471 240 74 
Bin 111: 26 750 254 
Bin 112: 353 122 402 927 844 455 149 453 488 
Bin 113: 136 266 654 771 835 
Bin 114: 344 144 643 375 428 
Bin 115: 807 444 772 
Bin 116: 58 949 
Bin 117: 517 971 786 568 618 
Bin 118: 120 36 280 432 292 
Bin 119: 509 888 870 966 908 
Bin 120: 315 749 152 356 283 719 866 319 370 
Bin 121: 67 339 883 263 
Bin 122: 751 88 508 788 683 
Bin 123: 17 181 436 579 758 
Bin 124: 478 345 543 42 542 
Bin 125: 731 611 93 291 
Bin 126: 462 690 90 
Bin 127: 75 417 373 
Bin 128: 878 
Bin 129: 650 516 930 418 778 477 
Bin 130: 904 703 553 64 44 
Bin 131: 864 931 506 138 116 
Bin 132: 279 282 295 989 1 998 894 
Bin 133: 82 969 183 
Bin 134: 915 376 272 681 524 
Bin 135: 728 760 676 341 535 
Bin 136: 523 413 499 934 153 
Bin 137: 332 933 571 216 694 117 
Bin 138: 110 
Bin 139: 405 903 194 
Bin 140: 179 663 368 594 936 445 
Bin 141: 503 889 222 334 196 129 668 
Bin 142: 305 887 349 205 768 
Bin 143: 837 757 361 687 89 847 
Bin 144: 303 190 848 991 874 262 
Bin 145: 747 178 21 941 293 
Bin 146: 492 
Bin 147: 310 33 753 832 35 
Bin 148: 850 979 
Bin 149: 154 995 512 79 
Bin 150: 836 214 
Bin 151: 828 673 374 
Bin 152: 629 555 783 667 
Bin 153: 872 748 
Bin 154: 210 769 775 
Bin 155: 947 695 983 724 
Bin 156: 257 10 427 
Bin 157: 62 631 624 823 
Bin 158: 192 369 879 28 
Bin 159: 284 898 871 456 999 83 627 
Bin 160: 151 658 911 464 
Bin 161: 338 734 
Bin 162: 746 483 
Bin 163: 803 710 131 165 424 
Bin 164: 143 
Bin 165: 678 680 633 717 612 
Bin 166: 20 448 
Bin 167: 363 666 422 
Bin 168: 247 41 
Bin 169: 558 572 
Bin 170: 323 115 586 288 
Bin 171: 799 954 865 92 
Bin 172: 849 268 
Bin 173: 408 
Bin 174: 119 956 275 
Bin 175: 487 829 
Bin 176: 24 182 276 
Bin 177: 328 440 
Bin 178: 797 
Bin 179: 922 
Bin 180: 256 124 
Bin 181: 515 
Bin 182: 297 
Bin 183: 410 392 
Bin 184: 982 626 
Bin 185: 950 
Bin 186: 145 
Bin 187: 819 
Bin 188: 13 468 
Bin 189: 816 351 
Bin 190: 674 706 
Bin 191: 770 
Bin 192: 774 
Bin 193: 549 
Bin 194: 754 
Bin 195: 607 
Bin 196: 473 
Bin 197: 40 
Bin 198: 130 
Bin 199: 278 
Bin 200: 856 
Bin 201: 975 
