# Objective: 19
# Time: 0.283758
# Feasible: 1
# Solution:
Bin 0: 60 36 84 25 118 80 115 
Bin 1: 29 72 53 30 40 28 97 
Bin 2: 46 111 35 31 23 
Bin 3: 71 34 112 88 69 59 20 
Bin 4: 41 47 85 63 96 7 8 
Bin 5: 16 50 66 57 100 75 
Bin 6: 18 108 101 61 78 106 56 27 
Bin 7: 0 1 58 113 77 87 99 54 
Bin 8: 95 90 52 42 32 49 6 
Bin 9: 2 93 103 114 48 82 102 
Bin 10: 13 3 17 12 64 
Bin 11: 21 14 44 33 105 98 55 
Bin 12: 74 11 91 79 70 38 
Bin 13: 45 83 104 24 92 109 19 
Bin 14: 89 94 107 68 116 
Bin 15: 73 39 4 15 26 37 
Bin 16: 81 67 43 76 5 
Bin 17: 22 65 110 86 9 
Bin 18: 51 117 62 119 10 
