# Objective: 19
# Time: 0.287825
# Feasible: 1
# Solution:
Bin 0: 16 106 30 47 92 35 117 
Bin 1: 60 6 5 113 18 76 94 34 
Bin 2: 73 119 105 72 99 
Bin 3: 12 70 4 8 74 33 23 88 
Bin 4: 89 24 2 27 58 66 
Bin 5: 46 108 28 36 100 64 
Bin 6: 10 56 41 67 21 87 
Bin 7: 102 61 118 116 1 40 
Bin 8: 42 68 52 78 83 59 
Bin 9: 95 85 80 90 13 84 
Bin 10: 11 109 15 82 54 49 26 
Bin 11: 20 44 32 77 110 55 
Bin 12: 111 39 98 81 14 53 29 
Bin 13: 104 48 65 45 69 112 
Bin 14: 38 63 57 37 107 97 
Bin 15: 7 86 62 25 19 
Bin 16: 17 91 71 93 114 22 101 3 
Bin 17: 0 43 96 51 9 75 31 
Bin 18: 50 103 115 79 
