# Objective: 20
# Time: 0.235144
# Feasible: 1
# Solution:
Bin 0: 58 57 8 1 114 119 54 
Bin 1: 112 20 26 90 100 81 29 
Bin 2: 62 19 66 10 0 39 
Bin 3: 50 109 43 67 36 87 79 
Bin 4: 72 38 74 37 88 5 
Bin 5: 86 21 113 28 32 107 97 
Bin 6: 61 105 68 77 2 94 
Bin 7: 33 99 70 75 48 27 95 
Bin 8: 16 76 6 40 49 42 
Bin 9: 80 3 59 82 18 35 110 93 
Bin 10: 9 47 60 45 89 7 
Bin 11: 108 53 51 115 111 117 
Bin 12: 92 64 85 65 55 4 
Bin 13: 13 24 15 22 106 56 
Bin 14: 46 11 31 91 63 41 84 
Bin 15: 83 98 17 12 102 
Bin 16: 116 103 73 71 96 118 
Bin 17: 52 44 25 101 
Bin 18: 34 78 14 69 23 30 
Bin 19: 104 
