# Objective: 22
# Time: 0.163592
# Feasible: 1
# Solution:
Bin 0: 21 40 68 35 42 56 
Bin 1: 12 5 44 80 47 100 73 63 
Bin 2: 69 65 31 114 95 55 
Bin 3: 115 66 19 62 108 36 
Bin 4: 28 53 103 2 17 77 76 
Bin 5: 78 90 70 22 74 75 54 
Bin 6: 6 113 26 13 37 85 
Bin 7: 25 118 49 27 99 8 
Bin 8: 89 51 91 93 61 18 
Bin 9: 96 112 34 84 58 15 
Bin 10: 38 20 72 119 64 67 101 
Bin 11: 105 97 109 46 
Bin 12: 9 7 102 0 116 
Bin 13: 94 104 111 24 52 45 
Bin 14: 83 1 57 82 14 59 88 
Bin 15: 30 107 81 32 79 
Bin 16: 3 92 29 33 41 
Bin 17: 87 50 11 71 110 
Bin 18: 117 86 98 
Bin 19: 39 43 
Bin 20: 106 60 4 48 16 10 
Bin 21: 23 
