# Objective: 85
# Time: 2.55573
# Feasible: 1
# Solution:
Bin 0: 355 86 482 317 26 15 
Bin 1: 181 17 154 235 12 356 231 179 467 
Bin 2: 147 466 480 281 472 
Bin 3: 484 16 232 192 421 6 474 
Bin 4: 303 198 334 277 374 
Bin 5: 48 328 50 352 367 340 411 1 
Bin 6: 496 185 420 308 189 321 341 
Bin 7: 288 9 261 266 397 153 
Bin 8: 454 92 407 103 191 27 
Bin 9: 309 269 471 81 73 488 409 11 
Bin 10: 162 326 497 91 257 405 
Bin 11: 459 217 187 216 144 342 
Bin 12: 177 428 98 208 72 170 271 
Bin 13: 224 272 453 458 306 485 209 47 394 295 
Bin 14: 215 424 194 400 250 105 
Bin 15: 106 180 145 99 361 111 109 
Bin 16: 148 479 256 307 40 211 456 
Bin 17: 35 363 419 238 468 449 97 174 
Bin 18: 304 122 492 88 253 
Bin 19: 169 430 90 260 418 291 475 385 
Bin 20: 14 33 116 310 438 
Bin 21: 141 299 247 229 463 239 119 
Bin 22: 196 203 322 135 282 63 
Bin 23: 387 41 71 107 74 161 51 433 
Bin 24: 360 254 190 461 386 373 381 
Bin 25: 120 206 171 311 252 462 332 
Bin 26: 349 343 464 93 408 233 4 392 
Bin 27: 382 395 240 19 487 110 
Bin 28: 443 499 437 225 113 396 452 460 
Bin 29: 167 270 414 78 302 391 213 
Bin 30: 157 379 350 406 346 376 
Bin 31: 166 276 123 131 368 42 331 
Bin 32: 95 493 365 375 293 423 
Bin 33: 66 104 364 13 354 57 137 
Bin 34: 441 402 267 244 251 294 
Bin 35: 61 286 384 193 477 432 
Bin 36: 265 202 146 199 280 101 445 
Bin 37: 5 495 125 289 305 62 
Bin 38: 151 245 369 175 223 22 316 347 
Bin 39: 274 422 10 130 18 448 
Bin 40: 134 451 301 410 205 136 
Bin 41: 258 201 319 325 388 7 121 
Bin 42: 156 219 129 132 124 46 417 163 
Bin 43: 279 389 440 330 337 112 218 435 
Bin 44: 263 197 133 117 494 172 401 
Bin 45: 476 3 283 210 378 37 
Bin 46: 142 152 436 227 444 
Bin 47: 186 366 242 234 178 290 296 447 329 
Bin 48: 403 262 70 220 182 312 429 
Bin 49: 399 327 184 60 313 
Bin 50: 393 31 160 49 404 324 102 
Bin 51: 478 398 491 353 155 278 
Bin 52: 434 28 56 159 59 412 344 127 
Bin 53: 200 284 292 357 68 333 
Bin 54: 470 446 94 115 314 370 
Bin 55: 149 431 457 77 150 53 
Bin 56: 139 34 358 323 164 29 255 
Bin 57: 80 82 498 108 23 246 204 
Bin 58: 248 489 241 297 228 230 
Bin 59: 320 273 226 58 338 114 
Bin 60: 214 427 222 348 96 138 
Bin 61: 84 275 21 85 362 24 45 
Bin 62: 118 383 212 89 455 336 
Bin 63: 465 481 143 221 380 173 
Bin 64: 450 439 285 413 65 69 
Bin 65: 490 264 76 359 372 
Bin 66: 300 100 268 43 176 168 20 
Bin 67: 87 188 128 345 30 
Bin 68: 415 259 67 335 52 195 339 
Bin 69: 249 425 64 351 8 236 
Bin 70: 390 426 36 83 183 
Bin 71: 44 54 2 
Bin 72: 79 486 
Bin 73: 298 158 39 377 
Bin 74: 318 0 32 
Bin 75: 243 287 
Bin 76: 442 315 
Bin 77: 165 
Bin 78: 75 126 371 483 469 473 140 
Bin 79: 25 
Bin 80: 55 
Bin 81: 416 
Bin 82: 207 
Bin 83: 38 
Bin 84: 237 
