# Objective: 206
# Time: 14.8663
# Feasible: 1
# Solution:
Bin 0: 541 945 946 748 209 364 528 293 68 
Bin 1: 342 517 372 531 634 375 893 
Bin 2: 114 557 505 602 43 554 913 
Bin 3: 278 203 698 352 668 653 
Bin 4: 178 735 494 222 947 643 118 
Bin 5: 180 648 657 244 934 
Bin 6: 158 863 274 825 827 489 
Bin 7: 12 311 620 304 153 727 
Bin 8: 199 133 127 56 561 535 
Bin 9: 394 291 803 548 798 83 711 16 
Bin 10: 902 894 732 616 404 99 749 
Bin 11: 485 794 850 398 790 66 19 
Bin 12: 900 295 911 931 367 78 
Bin 13: 473 961 10 772 789 92 
Bin 14: 544 216 225 5 929 
Bin 15: 636 708 359 857 739 411 
Bin 16: 431 926 614 339 598 979 859 47 
Bin 17: 82 270 656 860 877 
Bin 18: 256 119 590 351 194 378 58 
Bin 19: 985 744 143 970 847 921 705 
Bin 20: 663 686 899 506 185 247 885 670 
Bin 21: 388 393 534 138 111 126 763 
Bin 22: 988 446 672 290 91 
Bin 23: 884 197 230 386 556 883 103 
Bin 24: 747 932 581 989 943 464 
Bin 25: 252 874 340 496 328 605 267 
Bin 26: 999 469 513 725 124 356 600 
Bin 27: 720 156 421 223 414 40 
Bin 28: 903 481 861 32 129 654 
Bin 29: 41 420 181 140 224 387 
Bin 30: 649 195 354 257 826 646 312 
Bin 31: 990 174 904 161 625 106 427 461 207 408 
Bin 32: 514 122 810 169 28 165 
Bin 33: 837 540 9 132 484 596 
Bin 34: 62 482 760 745 829 
Bin 35: 253 117 503 160 269 442 123 
Bin 36: 836 477 703 77 249 516 150 
Bin 37: 907 474 936 615 964 
Bin 38: 512 46 916 864 38 
Bin 39: 508 755 879 828 738 125 373 
Bin 40: 867 157 193 188 520 792 
Bin 41: 343 429 258 459 495 635 
Bin 42: 276 806 835 149 871 560 
Bin 43: 18 537 281 192 674 802 
Bin 44: 30 761 183 515 641 937 
Bin 45: 468 858 925 601 782 34 331 565 
Bin 46: 962 382 573 303 905 399 
Bin 47: 935 218 171 631 994 731 822 
Bin 48: 460 400 974 757 392 
Bin 49: 166 914 965 89 448 
Bin 50: 538 37 873 997 570 887 519 
Bin 51: 536 983 562 813 110 
Bin 52: 39 909 251 889 390 273 74 
Bin 53: 716 833 455 360 655 821 
Bin 54: 845 289 679 807 59 231 
Bin 55: 804 539 627 275 940 268 348 
Bin 56: 154 664 912 589 337 24 
Bin 57: 493 467 700 486 136 558 
Bin 58: 215 15 592 338 313 566 246 329 
Bin 59: 389 960 840 33 841 793 
Bin 60: 691 433 743 638 88 524 
Bin 61: 107 854 105 141 608 
Bin 62: 882 753 525 120 529 418 783 292 
Bin 63: 451 121 447 796 170 741 
Bin 64: 229 345 706 779 730 201 
Bin 65: 604 344 220 567 977 428 176 630 
Bin 66: 689 978 776 288 922 
Bin 67: 264 710 584 621 65 137 
Bin 68: 723 591 726 984 918 326 
Bin 69: 332 717 57 396 762 164 667 
Bin 70: 692 791 266 957 530 
Bin 71: 968 365 17 817 412 204 335 
Bin 72: 952 198 797 832 379 271 771 875 
Bin 73: 381 86 29 26 368 
Bin 74: 102 955 622 49 283 785 
Bin 75: 690 839 939 618 309 282 151 
Bin 76: 697 818 426 892 
Bin 77: 302 341 758 187 279 
Bin 78: 722 795 623 831 719 45 280 
Bin 79: 130 112 571 210 353 583 430 714 
Bin 80: 944 950 189 834 347 
Bin 81: 876 155 666 853 
Bin 82: 179 878 815 915 593 93 736 
Bin 83: 297 814 688 816 897 678 314 
Bin 84: 318 500 707 284 454 
Bin 85: 676 55 906 488 696 172 
Bin 86: 357 607 682 
Bin 87: 11 549 680 48 109 144 
Bin 88: 51 502 701 949 963 702 824 
Bin 89: 221 100 786 
Bin 90: 458 350 424 3 799 511 784 
Bin 91: 612 764 543 577 196 322 371 128 
Bin 92: 308 986 380 991 
Bin 93: 880 116 996 665 521 
Bin 94: 211 647 
Bin 95: 980 998 361 587 846 
Bin 96: 811 938 235 773 709 
Bin 97: 457 243 844 409 820 
Bin 98: 242 870 729 167 298 476 
Bin 99: 417 728 640 217 212 718 
Bin 100: 908 470 287 781 67 213 675 
Bin 101: 325 445 830 22 752 346 
Bin 102: 241 778 296 
Bin 103: 384 299 366 31 740 555 
Bin 104: 248 370 942 245 146 
Bin 105: 639 569 662 462 349 
Bin 106: 80 941 650 660 890 405 
Bin 107: 219 805 559 694 
Bin 108: 397 115 336 948 
Bin 109: 60 881 552 801 0 
Bin 110: 843 259 64 173 580 98 
Bin 111: 320 330 684 96 586 501 
Bin 112: 518 81 7 644 619 967 
Bin 113: 42 777 901 294 888 
Bin 114: 163 891 208 611 553 319 
Bin 115: 131 617 260 866 478 699 
Bin 116: 233 992 507 838 
Bin 117: 677 14 50 35 930 2 301 
Bin 118: 419 236 768 856 374 
Bin 119: 704 285 316 226 475 
Bin 120: 492 526 61 626 425 228 191 
Bin 121: 959 865 407 579 
Bin 122: 87 597 395 982 533 
Bin 123: 849 765 449 
Bin 124: 1 377 263 323 695 545 
Bin 125: 113 134 788 576 355 79 334 
Bin 126: 84 362 148 436 69 
Bin 127: 595 465 809 681 
Bin 128: 812 956 733 6 848 
Bin 129: 547 487 240 
Bin 130: 550 927 175 920 44 317 606 
Bin 131: 599 145 205 
Bin 132: 401 21 444 232 450 
Bin 133: 72 568 651 993 
Bin 134: 886 20 671 97 27 750 
Bin 135: 767 438 
Bin 136: 190 13 661 737 
Bin 137: 234 823 413 687 452 
Bin 138: 780 734 928 585 324 272 
Bin 139: 255 186 75 
Bin 140: 307 73 321 759 237 
Bin 141: 402 439 310 71 
Bin 142: 924 441 363 574 895 
Bin 143: 434 391 923 969 
Bin 144: 975 480 971 
Bin 145: 327 108 954 85 
Bin 146: 669 724 862 624 
Bin 147: 305 
Bin 148: 463 479 423 852 182 
Bin 149: 652 250 712 896 101 52 
Bin 150: 358 532 437 933 808 976 
Bin 151: 693 713 239 286 
Bin 152: 546 981 
Bin 153: 200 522 
Bin 154: 958 498 25 152 
Bin 155: 851 953 
Bin 156: 135 168 159 973 
Bin 157: 8 142 
Bin 158: 491 415 633 
Bin 159: 483 443 261 440 227 
Bin 160: 53 673 306 76 383 466 
Bin 161: 456 90 966 582 
Bin 162: 774 972 
Bin 163: 184 54 
Bin 164: 594 769 872 206 995 4 
Bin 165: 642 766 610 510 497 
Bin 166: 628 262 
Bin 167: 416 588 177 453 609 
Bin 168: 603 95 523 
Bin 169: 917 910 509 
Bin 170: 369 277 632 63 
Bin 171: 715 
Bin 172: 504 629 
Bin 173: 542 645 
Bin 174: 742 
Bin 175: 406 
Bin 176: 422 683 898 
Bin 177: 333 202 238 254 
Bin 178: 800 490 770 
Bin 179: 787 
Bin 180: 23 94 
Bin 181: 551 472 564 
Bin 182: 563 139 300 410 
Bin 183: 575 721 471 
Bin 184: 432 754 
Bin 185: 746 
Bin 186: 951 
Bin 187: 658 775 315 
Bin 188: 819 578 
Bin 189: 265 403 868 499 
Bin 190: 376 
Bin 191: 751 
Bin 192: 869 
Bin 193: 685 842 
Bin 194: 637 
Bin 195: 527 
Bin 196: 435 162 987 385 919 147 
Bin 197: 572 
Bin 198: 104 
Bin 199: 214 
Bin 200: 36 
Bin 201: 613 
Bin 202: 70 
Bin 203: 756 
Bin 204: 855 
Bin 205: 659 
