# Objective: 19
# Time: 0.354074
# Feasible: 1
# Solution:
Bin 0: 9 99 87 37 57 77 82 
Bin 1: 107 46 5 108 56 
Bin 2: 13 52 20 105 116 76 114 
Bin 3: 21 70 26 98 67 62 
Bin 4: 29 88 0 115 101 18 90 
Bin 5: 8 48 38 39 68 54 59 
Bin 6: 10 6 44 12 42 66 78 
Bin 7: 96 85 19 94 53 100 
Bin 8: 25 51 103 58 102 33 
Bin 9: 64 17 22 41 16 2 80 
Bin 10: 11 61 83 93 111 43 
Bin 11: 40 89 79 36 30 49 106 
Bin 12: 110 65 1 86 73 45 
Bin 13: 119 117 69 28 23 15 24 109 
Bin 14: 104 34 32 113 14 35 
Bin 15: 50 118 4 27 81 72 92 
Bin 16: 71 95 91 75 31 84 
Bin 17: 60 3 7 55 47 
Bin 18: 97 112 63 74 
