# Objective: 18
# Time: 0.380917
# Feasible: 1
# Solution:
Bin 0: 78 52 113 25 36 57 29 
Bin 1: 6 18 102 56 51 16 34 60 
Bin 2: 8 35 93 40 69 72 39 77 
Bin 3: 44 76 21 33 92 
Bin 4: 105 99 74 84 100 20 
Bin 5: 28 23 68 64 45 85 26 
Bin 6: 10 116 22 110 0 
Bin 7: 75 1 94 14 101 119 
Bin 8: 63 118 114 82 67 9 103 
Bin 9: 50 42 13 24 111 87 80 90 73 
Bin 10: 95 115 62 46 106 88 89 32 
Bin 11: 70 3 54 98 97 
Bin 12: 86 30 2 4 117 27 12 
Bin 13: 53 112 43 5 38 71 
Bin 14: 107 81 17 61 31 37 
Bin 15: 19 11 83 41 79 15 
Bin 16: 55 104 65 59 48 109 66 47 7 
Bin 17: 108 58 96 91 49 
