# Objective: 149
# Time: 165.334
# Feasible: 1
# Solution:
Bin 0: 180 793 330 6 706 91 733 244 
Bin 1: 786 148 333 17 344 337 216 868 
Bin 2: 685 940 613 700 799 86 
Bin 3: 284 577 179 760 319 327 
Bin 4: 794 322 938 28 108 346 335 922 
Bin 5: 128 514 816 198 523 125 792 334 
Bin 6: 722 104 489 822 194 959 941 
Bin 7: 38 392 225 112 557 165 785 60 529 
Bin 8: 672 162 468 495 709 738 312 659 
Bin 9: 573 168 146 230 56 783 
Bin 10: 277 598 490 851 561 762 275 
Bin 11: 865 943 990 856 985 248 488 690 874 170 
Bin 12: 992 33 182 829 492 186 751 666 832 
Bin 13: 513 121 988 183 615 501 
Bin 14: 509 214 418 199 931 431 220 696 
Bin 15: 830 702 908 274 933 547 114 
Bin 16: 184 619 749 667 140 356 754 
Bin 17: 570 885 521 881 828 345 
Bin 18: 624 305 41 66 654 
Bin 19: 163 768 69 660 965 600 866 332 958 
Bin 20: 4 736 127 857 813 223 50 
Bin 21: 873 687 167 525 554 497 359 
Bin 22: 917 441 705 626 544 623 973 
Bin 23: 616 207 355 515 94 
Bin 24: 154 388 631 508 428 
Bin 25: 26 853 227 53 925 221 
Bin 26: 126 451 723 482 968 704 387 
Bin 27: 647 405 999 540 502 831 918 635 682 
Bin 28: 835 311 236 439 374 581 
Bin 29: 852 347 939 123 453 827 
Bin 30: 713 262 663 833 771 972 
Bin 31: 142 364 587 597 487 250 450 806 
Bin 32: 160 535 116 483 130 78 
Bin 33: 13 102 109 500 249 585 716 
Bin 34: 231 286 620 926 203 588 642 133 643 
Bin 35: 549 178 270 505 729 732 
Bin 36: 693 200 916 569 790 
Bin 37: 281 264 888 317 463 213 
Bin 38: 161 265 378 470 396 
Bin 39: 945 652 475 24 632 21 896 
Bin 40: 782 155 955 375 82 983 589 
Bin 41: 252 471 211 987 880 981 837 860 
Bin 42: 340 879 498 377 80 639 
Bin 43: 15 528 287 63 689 980 899 
Bin 44: 417 197 841 58 224 823 370 541 
Bin 45: 694 533 618 454 37 902 564 164 
Bin 46: 117 389 720 379 808 16 904 
Bin 47: 552 465 947 0 869 903 
Bin 48: 543 36 612 147 299 177 149 
Bin 49: 993 897 893 692 805 651 578 40 
Bin 50: 491 907 446 946 71 772 
Bin 51: 79 456 849 609 5 35 671 
Bin 52: 645 460 889 909 87 747 440 461 
Bin 53: 571 995 47 14 761 499 62 338 
Bin 54: 579 951 119 269 595 
Bin 55: 152 900 807 320 394 
Bin 56: 351 740 583 530 477 605 
Bin 57: 464 174 103 883 291 670 
Bin 58: 391 748 809 414 644 845 
Bin 59: 238 504 582 708 416 846 89 
Bin 60: 592 522 435 122 789 606 190 
Bin 61: 204 22 953 268 257 137 129 
Bin 62: 745 966 232 49 617 153 267 
Bin 63: 93 952 655 294 863 360 
Bin 64: 942 511 141 819 74 759 8 
Bin 65: 858 256 901 139 447 
Bin 66: 479 484 99 222 44 486 
Bin 67: 292 426 309 67 699 421 407 
Bin 68: 596 962 800 686 629 
Bin 69: 876 61 290 169 313 210 25 185 
Bin 70: 898 113 7 253 124 476 
Bin 71: 296 777 994 910 741 415 
Bin 72: 861 172 445 890 657 750 297 
Bin 73: 175 929 774 688 590 680 43 
Bin 74: 731 906 548 746 621 88 10 886 
Bin 75: 57 803 607 234 362 494 
Bin 76: 272 914 961 32 193 449 930 271 
Bin 77: 105 572 891 457 964 341 
Bin 78: 384 399 662 854 668 796 
Bin 79: 65 326 628 217 978 919 97 
Bin 80: 927 531 339 496 70 884 996 
Bin 81: 949 300 928 510 726 427 409 
Bin 82: 34 625 894 532 134 574 30 675 
Bin 83: 188 975 562 717 469 
Bin 84: 480 936 357 422 724 382 950 
Bin 85: 111 935 481 937 634 401 
Bin 86: 802 315 744 664 278 892 
Bin 87: 957 328 132 967 135 242 208 636 325 
Bin 88: 820 77 512 986 551 
Bin 89: 753 83 538 318 503 520 818 518 
Bin 90: 810 342 960 279 159 608 314 
Bin 91: 201 436 752 795 691 472 779 
Bin 92: 575 432 92 517 812 758 679 
Bin 93: 343 640 969 298 390 954 
Bin 94: 542 610 215 404 429 46 
Bin 95: 361 282 630 219 52 974 
Bin 96: 260 131 989 229 836 721 455 766 
Bin 97: 611 725 478 707 656 
Bin 98: 261 997 27 658 358 
Bin 99: 68 839 604 804 212 765 536 
Bin 100: 559 3 603 98 288 303 648 862 
Bin 101: 821 329 710 430 844 568 718 
Bin 102: 273 9 110 882 556 649 23 
Bin 103: 42 310 864 54 283 
Bin 104: 354 677 665 209 711 136 701 
Bin 105: 385 466 911 402 368 
Bin 106: 176 187 307 369 19 
Bin 107: 143 920 39 145 444 29 419 
Bin 108: 977 493 601 302 546 
Bin 109: 2 673 85 81 120 157 788 
Bin 110: 698 285 971 462 735 934 
Bin 111: 289 304 381 684 276 843 241 138 
Bin 112: 400 834 73 842 380 51 763 323 
Bin 113: 847 353 584 206 870 
Bin 114: 349 778 678 638 871 144 
Bin 115: 646 423 555 757 539 650 171 
Bin 116: 948 352 516 811 331 218 255 
Bin 117: 452 254 18 887 259 743 912 
Bin 118: 838 661 239 956 280 
Bin 119: 100 324 850 75 95 797 363 
Bin 120: 235 192 437 365 730 627 
Bin 121: 697 728 817 780 923 115 602 
Bin 122: 576 424 824 48 266 527 769 
Bin 123: 714 474 306 976 984 
Bin 124: 247 106 195 386 376 840 373 734 
Bin 125: 905 756 410 764 970 
Bin 126: 567 963 695 398 336 519 316 228 
Bin 127: 979 924 719 641 534 246 712 
Bin 128: 815 787 737 438 243 545 166 566 
Bin 129: 205 20 348 622 775 560 237 
Bin 130: 791 366 633 715 944 107 563 
Bin 131: 755 420 784 443 580 202 293 
Bin 132: 895 727 31 367 507 118 181 
Bin 133: 448 913 467 550 558 173 683 814 
Bin 134: 459 825 553 473 321 506 434 526 
Bin 135: 875 848 408 739 586 411 
Bin 136: 770 156 258 458 150 196 383 
Bin 137: 397 413 1 676 226 350 
Bin 138: 433 781 798 403 189 96 998 371 
Bin 139: 233 485 776 859 591 855 
Bin 140: 263 406 872 565 151 158 12 
Bin 141: 867 801 372 240 674 991 191 308 
Bin 142: 767 669 614 11 932 393 593 
Bin 143: 915 921 877 301 703 84 
Bin 144: 64 826 72 442 76 
Bin 145: 251 295 681 59 45 982 
Bin 146: 653 878 101 425 90 
Bin 147: 537 412 637 599 594 
Bin 148: 55 245 742 773 524 395 
