# Objective: 204
# Time: 10.6164
# Feasible: 1
# Solution:
Bin 0: 448 689 818 205 730 261 454 
Bin 1: 598 184 599 211 440 180 318 
Bin 2: 495 31 464 38 681 999 539 
Bin 3: 48 573 541 3 852 0 199 270 360 
Bin 4: 693 603 117 119 354 791 144 
Bin 5: 861 955 194 919 848 268 
Bin 6: 467 202 75 141 799 959 765 
Bin 7: 58 719 639 632 535 113 241 
Bin 8: 755 243 42 98 704 245 
Bin 9: 145 849 875 811 937 634 
Bin 10: 387 329 64 891 458 618 210 
Bin 11: 386 494 333 447 651 760 
Bin 12: 376 87 780 978 709 635 816 543 
Bin 13: 888 63 721 240 928 487 582 
Bin 14: 550 736 701 863 754 576 927 
Bin 15: 672 524 326 547 132 
Bin 16: 846 872 674 623 889 53 
Bin 17: 137 806 536 918 920 923 341 
Bin 18: 768 798 469 511 794 767 899 466 
Bin 19: 879 100 131 239 834 102 670 
Bin 20: 773 508 332 821 164 739 705 
Bin 21: 162 118 663 948 988 295 473 
Bin 22: 4 136 290 365 835 415 
Bin 23: 896 766 39 384 621 2 
Bin 24: 513 922 45 711 220 216 895 
Bin 25: 772 658 300 973 801 
Bin 26: 388 7 614 306 434 197 613 
Bin 27: 581 530 627 943 974 917 702 
Bin 28: 311 116 661 575 62 16 679 
Bin 29: 950 646 489 9 660 214 232 
Bin 30: 293 657 892 682 163 884 
Bin 31: 29 472 673 563 22 587 994 
Bin 32: 104 597 175 485 69 
Bin 33: 346 738 971 182 901 
Bin 34: 81 723 836 885 301 115 
Bin 35: 275 908 283 165 316 
Bin 36: 371 95 330 782 727 777 483 
Bin 37: 427 838 225 479 829 139 820 
Bin 38: 459 617 887 251 520 710 
Bin 39: 882 390 733 370 497 68 
Bin 40: 109 856 803 126 355 
Bin 41: 607 854 389 222 986 
Bin 42: 468 931 601 953 981 237 74 
Bin 43: 648 619 101 474 167 797 
Bin 44: 178 666 716 968 99 
Bin 45: 337 844 439 461 335 331 285 291 
Bin 46: 615 958 516 993 138 698 841 
Bin 47: 80 192 60 425 748 588 
Bin 48: 932 348 878 785 886 
Bin 49: 636 775 864 956 324 894 638 
Bin 50: 612 655 76 807 796 426 310 
Bin 51: 358 982 553 832 288 
Bin 52: 589 298 609 492 749 957 
Bin 53: 254 975 814 413 121 
Bin 54: 200 90 303 437 305 406 229 
Bin 55: 946 984 28 737 692 824 822 653 915 
Bin 56: 858 694 930 578 408 368 
Bin 57: 260 420 123 567 279 345 361 
Bin 58: 488 725 228 871 616 783 
Bin 59: 842 238 555 667 159 221 
Bin 60: 286 523 52 401 526 529 631 
Bin 61: 416 561 850 712 761 114 50 
Bin 62: 267 630 913 
Bin 63: 675 325 129 611 912 510 183 
Bin 64: 512 215 110 903 813 862 
Bin 65: 281 731 10 987 77 
Bin 66: 964 122 47 462 357 431 715 
Bin 67: 177 71 585 352 
Bin 68: 347 302 845 218 259 521 399 
Bin 69: 548 27 683 372 142 
Bin 70: 500 734 745 383 253 12 641 
Bin 71: 226 231 831 534 902 421 
Bin 72: 92 881 991 486 545 
Bin 73: 252 741 793 708 532 
Bin 74: 8 435 299 5 980 744 
Bin 75: 696 364 687 519 70 230 942 
Bin 76: 770 382 776 89 746 
Bin 77: 72 640 188 277 722 938 
Bin 78: 350 482 584 32 924 916 
Bin 79: 637 307 577 499 729 531 235 
Bin 80: 1 837 83 678 893 527 
Bin 81: 537 158 30 962 
Bin 82: 591 992 833 314 671 19 327 151 
Bin 83: 859 951 605 313 172 477 
Bin 84: 564 186 714 433 265 168 
Bin 85: 320 315 876 41 246 525 
Bin 86: 726 742 395 276 600 
Bin 87: 255 409 377 43 234 
Bin 88: 292 579 976 825 419 
Bin 89: 642 907 152 868 334 256 
Bin 90: 319 594 203 929 108 250 
Bin 91: 985 593 758 690 266 149 26 604 
Bin 92: 128 926 643 453 505 960 
Bin 93: 662 134 422 224 855 771 
Bin 94: 620 751 954 451 786 460 11 
Bin 95: 312 779 54 59 
Bin 96: 560 995 654 949 73 
Bin 97: 713 125 17 33 870 174 
Bin 98: 756 227 25 150 759 622 
Bin 99: 626 934 223 
Bin 100: 366 471 443 724 743 571 
Bin 101: 506 79 445 86 
Bin 102: 699 947 391 812 309 156 
Bin 103: 204 105 40 869 342 647 
Bin 104: 438 983 405 728 
Bin 105: 747 784 82 304 688 
Bin 106: 407 349 763 430 
Bin 107: 664 436 753 217 522 608 23 
Bin 108: 583 94 247 
Bin 109: 209 363 557 853 
Bin 110: 294 441 269 586 480 61 44 
Bin 111: 287 880 969 665 189 
Bin 112: 193 909 476 166 410 
Bin 113: 652 606 514 442 21 181 
Bin 114: 107 262 385 795 206 
Bin 115: 356 423 6 133 
Bin 116: 906 677 146 649 
Bin 117: 827 840 804 517 130 
Bin 118: 757 997 874 910 
Bin 119: 56 996 764 802 198 518 
Bin 120: 628 55 826 509 828 515 
Bin 121: 179 190 590 504 257 
Bin 122: 272 339 396 424 249 274 668 
Bin 123: 289 322 417 669 491 
Bin 124: 463 830 595 273 700 328 800 
Bin 125: 873 718 106 
Bin 126: 169 213 781 91 
Bin 127: 111 321 914 656 35 867 
Bin 128: 890 191 
Bin 129: 112 568 528 
Bin 130: 393 625 503 263 36 
Bin 131: 695 367 552 624 248 
Bin 132: 740 592 67 
Bin 133: 195 542 787 676 789 
Bin 134: 750 374 428 540 
Bin 135: 478 392 979 684 465 148 
Bin 136: 549 933 160 898 570 
Bin 137: 839 78 819 444 343 
Bin 138: 945 847 732 153 
Bin 139: 157 501 88 905 
Bin 140: 706 397 809 340 24 
Bin 141: 284 572 860 498 546 
Bin 142: 703 353 402 897 941 633 
Bin 143: 966 554 140 496 493 429 
Bin 144: 258 735 574 883 135 792 
Bin 145: 170 490 967 154 
Bin 146: 569 34 344 236 
Bin 147: 817 717 
Bin 148: 558 566 219 398 
Bin 149: 449 866 97 
Bin 150: 185 120 
Bin 151: 308 752 278 
Bin 152: 475 935 
Bin 153: 233 244 369 538 680 
Bin 154: 297 124 282 851 921 
Bin 155: 961 14 280 904 
Bin 156: 533 404 596 602 242 
Bin 157: 990 296 
Bin 158: 808 484 645 173 
Bin 159: 375 373 338 452 774 
Bin 160: 65 778 629 650 412 
Bin 161: 446 610 
Bin 162: 84 559 972 
Bin 163: 400 963 
Bin 164: 103 323 762 989 
Bin 165: 336 769 
Bin 166: 788 952 20 707 176 351 
Bin 167: 37 
Bin 168: 790 940 843 
Bin 169: 96 155 720 
Bin 170: 965 691 
Bin 171: 659 379 127 644 580 
Bin 172: 414 
Bin 173: 686 815 359 810 
Bin 174: 970 13 455 
Bin 175: 944 147 143 
Bin 176: 57 
Bin 177: 977 
Bin 178: 171 317 403 
Bin 179: 865 
Bin 180: 378 46 212 394 823 
Bin 181: 93 381 362 
Bin 182: 939 161 457 
Bin 183: 418 556 565 502 
Bin 184: 187 697 432 207 877 857 
Bin 185: 18 
Bin 186: 470 
Bin 187: 685 
Bin 188: 208 481 
Bin 189: 51 911 
Bin 190: 936 380 
Bin 191: 411 551 
Bin 192: 544 
Bin 193: 456 85 
Bin 194: 450 
Bin 195: 15 
Bin 196: 49 805 196 
Bin 197: 66 
Bin 198: 264 
Bin 199: 998 925 
Bin 200: 900 
Bin 201: 507 
Bin 202: 271 201 
Bin 203: 562 
