# Objective: 77
# Time: 18.5529
# Feasible: 1
# Solution:
Bin 0: 54 336 165 255 225 36 
Bin 1: 420 256 352 223 358 
Bin 2: 123 202 341 386 33 270 
Bin 3: 446 276 415 356 50 363 345 
Bin 4: 55 58 18 12 332 
Bin 5: 465 466 173 349 299 481 67 
Bin 6: 198 191 355 388 362 469 435 284 
Bin 7: 188 432 120 91 145 241 
Bin 8: 72 143 417 409 273 372 318 153 
Bin 9: 31 339 323 161 320 199 
Bin 10: 428 317 319 378 61 347 
Bin 11: 338 296 62 150 451 429 
Bin 12: 185 474 172 69 134 310 
Bin 13: 56 132 461 351 201 249 73 324 
Bin 14: 245 204 190 260 328 105 
Bin 15: 453 321 176 261 487 396 212 477 
Bin 16: 354 101 119 52 46 
Bin 17: 397 65 151 106 471 383 152 111 
Bin 18: 286 467 272 234 85 495 228 
Bin 19: 459 458 216 124 269 148 136 
Bin 20: 243 86 392 447 315 298 353 264 93 
Bin 21: 168 288 441 327 167 19 
Bin 22: 464 335 25 407 419 196 
Bin 23: 30 42 337 226 158 292 403 
Bin 24: 43 94 74 89 282 259 427 
Bin 25: 247 211 26 20 126 63 416 
Bin 26: 325 311 307 359 68 346 157 393 
Bin 27: 425 40 171 488 380 139 285 326 
Bin 28: 219 104 290 166 7 116 
Bin 29: 470 421 15 238 366 
Bin 30: 342 423 303 208 102 468 0 
Bin 31: 493 462 221 103 239 88 133 
Bin 32: 205 253 314 371 155 246 
Bin 33: 71 454 1 180 391 330 
Bin 34: 117 125 412 394 97 127 
Bin 35: 364 382 279 399 302 110 398 
Bin 36: 400 183 60 189 405 
Bin 37: 11 295 81 445 357 258 194 77 
Bin 38: 463 389 59 426 214 
Bin 39: 491 449 437 331 128 
Bin 40: 438 95 489 129 455 177 
Bin 41: 322 297 4 156 294 154 452 
Bin 42: 37 215 379 6 64 387 
Bin 43: 82 224 444 348 414 45 
Bin 44: 460 442 9 360 289 137 
Bin 45: 413 240 76 121 16 8 13 
Bin 46: 182 147 402 34 118 434 
Bin 47: 135 277 14 278 274 112 306 
Bin 48: 257 99 206 3 169 49 
Bin 49: 316 482 70 232 235 497 411 28 146 
Bin 50: 79 57 39 486 229 443 499 
Bin 51: 27 140 478 410 479 333 
Bin 52: 38 244 252 448 485 178 475 98 
Bin 53: 207 406 265 192 384 301 
Bin 54: 483 75 267 162 23 210 179 
Bin 55: 184 213 108 10 433 375 
Bin 56: 138 218 251 369 281 142 96 
Bin 57: 266 170 439 53 374 66 368 
Bin 58: 480 293 84 163 44 130 
Bin 59: 233 78 47 344 203 484 
Bin 60: 231 248 114 200 160 376 
Bin 61: 24 334 404 254 87 329 
Bin 62: 227 390 436 187 304 230 83 
Bin 63: 385 472 237 275 430 
Bin 64: 144 395 473 271 361 268 
Bin 65: 32 490 100 159 373 350 175 
Bin 66: 280 456 113 122 440 17 367 450 
Bin 67: 222 131 422 283 365 
Bin 68: 492 197 418 309 431 401 
Bin 69: 220 424 408 250 181 312 2 195 
Bin 70: 174 305 494 377 41 
Bin 71: 287 291 80 115 193 242 370 141 
Bin 72: 109 381 90 51 35 22 48 
Bin 73: 308 340 457 217 236 
Bin 74: 164 29 476 313 498 
Bin 75: 186 107 343 300 496 262 263 
Bin 76: 21 149 209 5 92 
