# Objective: 17
# Time: 0.426179
# Feasible: 1
# Solution:
Bin 0: 62 104 18 86 88 23 100 
Bin 1: 73 56 42 77 98 107 
Bin 2: 110 60 65 114 83 117 81 84 13 
Bin 3: 85 11 93 8 80 16 9 5 57 
Bin 4: 111 43 0 96 101 89 64 91 24 
Bin 5: 41 94 72 76 50 38 97 
Bin 6: 14 35 51 95 28 115 34 70 
Bin 7: 1 113 105 119 10 15 6 20 4 
Bin 8: 102 82 59 36 58 19 32 
Bin 9: 7 66 40 63 99 12 78 
Bin 10: 61 45 39 116 68 53 109 
Bin 11: 112 108 46 48 92 3 22 
Bin 12: 90 54 55 17 30 29 
Bin 13: 75 25 26 74 27 103 31 
Bin 14: 52 71 69 87 49 
Bin 15: 47 118 21 67 
Bin 16: 106 37 44 33 2 79 
