# Objective: 45
# Time: 0.379564
# Feasible: 1
# Solution:
Bin 0: 154 103 208 61 139 201 87 246 
Bin 1: 151 190 2 39 234 70 
Bin 2: 225 159 122 71 126 153 
Bin 3: 78 179 77 249 163 
Bin 4: 98 202 189 123 148 180 35 
Bin 5: 144 214 68 38 220 197 241 
Bin 6: 161 114 165 29 17 99 172 
Bin 7: 54 204 13 152 125 45 
Bin 8: 20 90 30 62 72 
Bin 9: 85 232 235 40 224 221 156 
Bin 10: 52 245 84 223 222 
Bin 11: 194 26 91 120 24 100 
Bin 12: 63 195 175 42 102 
Bin 13: 127 136 124 53 145 79 48 
Bin 14: 73 8 104 247 177 160 
Bin 15: 18 217 215 209 142 9 16 
Bin 16: 57 117 116 7 41 210 168 49 
Bin 17: 244 158 242 230 150 192 94 
Bin 18: 133 74 51 108 65 95 176 
Bin 19: 43 37 112 10 92 89 15 
Bin 20: 111 140 101 186 171 185 
Bin 21: 5 228 196 6 14 132 
Bin 22: 237 1 3 82 239 149 
Bin 23: 19 21 58 131 183 240 188 
Bin 24: 118 69 212 243 137 167 213 119 
Bin 25: 56 181 199 33 174 31 138 135 
Bin 26: 193 121 59 22 
Bin 27: 187 76 81 226 47 44 
Bin 28: 83 219 157 207 50 147 
Bin 29: 23 28 4 200 0 211 
Bin 30: 173 109 80 134 
Bin 31: 86 110 46 66 198 130 231 
Bin 32: 216 88 25 143 229 164 
Bin 33: 36 96 34 128 
Bin 34: 162 248 
Bin 35: 115 169 113 191 146 67 60 
Bin 36: 203 178 
Bin 37: 64 236 27 107 227 97 
Bin 38: 11 218 106 182 206 
Bin 39: 233 141 93 
Bin 40: 155 129 
Bin 41: 105 
Bin 42: 184 12 238 55 
Bin 43: 166 32 170 
Bin 44: 205 75 
