# Objective: 39
# Time: 2.48679
# Feasible: 1
# Solution:
Bin 0: 223 246 122 19 242 3 
Bin 1: 9 164 192 57 213 79 75 163 
Bin 2: 83 56 140 143 240 207 
Bin 3: 67 43 96 115 5 222 
Bin 4: 130 228 168 110 86 201 118 113 
Bin 5: 210 225 34 193 196 189 160 
Bin 6: 166 173 36 188 125 215 
Bin 7: 230 133 233 151 127 157 
Bin 8: 98 226 208 245 119 107 116 136 
Bin 9: 217 72 102 59 33 26 212 
Bin 10: 149 47 84 71 49 15 129 200 
Bin 11: 238 35 224 216 40 
Bin 12: 156 51 142 199 234 169 183 
Bin 13: 227 21 243 106 23 2 99 
Bin 14: 206 68 239 90 64 50 139 
Bin 15: 229 17 66 7 211 100 74 
Bin 16: 39 70 123 153 247 
Bin 17: 184 42 205 219 172 197 109 
Bin 18: 159 91 126 155 249 29 45 
Bin 19: 105 209 214 161 185 16 176 
Bin 20: 111 92 38 174 73 182 58 180 
Bin 21: 195 94 48 55 128 135 37 
Bin 22: 144 190 198 65 24 241 
Bin 23: 53 146 202 81 175 95 
Bin 24: 77 14 121 218 179 148 203 
Bin 25: 27 44 221 69 60 
Bin 26: 1 30 154 132 177 108 
Bin 27: 248 204 117 78 32 147 
Bin 28: 10 12 167 137 31 124 
Bin 29: 120 236 80 186 220 158 237 
Bin 30: 87 76 141 41 61 
Bin 31: 187 152 13 46 178 194 
Bin 32: 22 181 162 88 97 
Bin 33: 28 150 165 232 85 
Bin 34: 6 89 112 244 114 63 
Bin 35: 62 103 134 25 145 235 52 
Bin 36: 82 138 171 8 4 131 
Bin 37: 54 18 0 231 101 
Bin 38: 93 104 170 191 11 20 
