# Objective: 197
# Time: 9.08235
# Feasible: 1
# Solution:
Bin 0: 40 174 655 320 309 
Bin 1: 817 699 453 598 918 142 508 75 
Bin 2: 510 152 734 983 941 450 676 872 522 
Bin 3: 184 233 854 643 356 108 
Bin 4: 217 265 992 50 18 
Bin 5: 895 496 237 266 163 
Bin 6: 135 905 938 404 253 613 
Bin 7: 796 288 966 168 867 603 
Bin 8: 765 561 963 499 257 483 555 303 
Bin 9: 810 9 588 609 109 488 
Bin 10: 726 937 409 384 690 48 955 
Bin 11: 848 562 770 396 335 299 
Bin 12: 28 166 569 636 592 933 664 500 
Bin 13: 697 953 735 294 956 536 161 
Bin 14: 85 804 54 382 746 209 
Bin 15: 863 100 880 369 832 803 974 778 
Bin 16: 22 14 105 116 519 894 250 
Bin 17: 672 34 752 670 371 
Bin 18: 408 45 535 527 223 
Bin 19: 331 730 892 494 600 679 
Bin 20: 102 683 192 472 440 
Bin 21: 869 88 132 271 840 
Bin 22: 703 677 868 762 516 610 
Bin 23: 531 923 139 925 188 622 911 
Bin 24: 280 215 358 232 279 728 809 
Bin 25: 888 612 473 807 400 651 967 936 
Bin 26: 553 189 248 463 202 459 594 
Bin 27: 79 428 587 364 305 969 
Bin 28: 62 794 426 605 667 951 368 
Bin 29: 344 386 849 201 788 
Bin 30: 411 790 66 448 333 
Bin 31: 46 993 421 795 876 491 580 
Bin 32: 278 565 947 874 355 172 101 
Bin 33: 260 444 366 599 637 
Bin 34: 365 634 942 486 329 836 883 
Bin 35: 185 595 805 218 84 822 903 576 882 
Bin 36: 754 897 42 317 
Bin 37: 546 780 193 489 194 873 262 
Bin 38: 124 277 474 681 319 591 
Bin 39: 829 492 835 137 191 909 92 16 
Bin 40: 949 866 249 549 878 422 996 
Bin 41: 687 74 572 856 316 406 
Bin 42: 449 960 32 560 721 776 
Bin 43: 695 973 995 921 693 476 
Bin 44: 844 285 23 639 744 733 263 932 381 
Bin 45: 763 80 678 19 821 586 417 
Bin 46: 438 244 169 387 717 
Bin 47: 321 945 180 267 542 327 987 
Bin 48: 501 175 251 847 743 528 568 
Bin 49: 596 435 948 783 682 
Bin 50: 347 78 984 691 71 0 927 418 
Bin 51: 813 378 461 392 414 90 908 
Bin 52: 745 434 208 361 328 606 
Bin 53: 635 65 959 470 935 642 
Bin 54: 589 164 907 663 503 228 150 
Bin 55: 307 376 222 115 31 296 506 106 
Bin 56: 44 407 767 957 980 431 
Bin 57: 225 402 950 6 559 713 
Bin 58: 36 177 696 741 684 442 
Bin 59: 138 226 511 571 654 808 719 850 391 943 370 
Bin 60: 750 95 289 239 
Bin 61: 99 646 964 891 631 886 
Bin 62: 306 229 114 210 24 190 
Bin 63: 702 308 70 786 502 
Bin 64: 246 538 52 799 820 557 198 126 
Bin 65: 416 206 706 551 178 430 
Bin 66: 842 857 673 235 443 
Bin 67: 352 841 934 207 68 
Bin 68: 261 119 131 716 69 825 
Bin 69: 340 397 478 20 310 
Bin 70: 301 156 186 723 107 524 
Bin 71: 585 240 82 29 117 275 60 806 
Bin 72: 245 231 220 76 313 
Bin 73: 597 487 454 661 514 
Bin 74: 989 630 846 377 98 701 
Bin 75: 199 675 219 787 944 130 
Bin 76: 349 113 530 133 300 
Bin 77: 297 227 760 861 541 83 304 390 
Bin 78: 885 457 707 656 616 293 
Bin 79: 53 640 784 103 757 523 641 
Bin 80: 451 350 471 196 
Bin 81: 912 477 128 452 720 692 652 961 
Bin 82: 552 608 602 372 540 410 
Bin 83: 162 15 962 579 627 213 467 852 
Bin 84: 985 429 314 793 398 424 
Bin 85: 475 465 25 724 224 910 
Bin 86: 740 518 626 686 705 
Bin 87: 855 346 619 904 792 12 326 
Bin 88: 742 789 657 1 318 773 
Bin 89: 291 877 689 504 140 
Bin 90: 374 922 436 2 729 460 
Bin 91: 632 811 160 425 768 141 819 
Bin 92: 181 834 862 373 272 898 455 
Bin 93: 843 845 221 153 302 629 
Bin 94: 458 624 830 
Bin 95: 165 5 826 480 753 56 462 
Bin 96: 727 197 415 481 931 276 781 
Bin 97: 273 284 979 383 363 
Bin 98: 940 758 797 737 800 
Bin 99: 94 96 315 994 747 638 
Bin 100: 529 322 171 958 779 
Bin 101: 513 688 464 182 812 479 
Bin 102: 203 236 255 893 338 357 827 
Bin 103: 563 403 405 547 900 
Bin 104: 615 917 607 332 151 176 889 
Bin 105: 59 623 379 149 493 497 802 
Bin 106: 445 952 621 533 252 148 
Bin 107: 179 274 774 270 
Bin 108: 543 158 791 
Bin 109: 751 399 833 136 469 112 
Bin 110: 669 72 899 58 256 437 
Bin 111: 971 761 91 749 212 738 
Bin 112: 860 243 581 159 359 954 
Bin 113: 389 620 247 583 127 
Bin 114: 647 286 517 
Bin 115: 999 423 8 853 708 
Bin 116: 521 393 43 242 64 816 49 
Bin 117: 456 39 63 851 37 709 93 
Bin 118: 195 11 380 362 41 
Bin 119: 367 420 348 145 35 
Bin 120: 534 775 570 167 674 104 298 
Bin 121: 798 446 
Bin 122: 312 170 714 566 110 659 986 
Bin 123: 887 17 129 896 
Bin 124: 234 427 
Bin 125: 901 38 507 
Bin 126: 125 902 725 593 81 
Bin 127: 295 939 633 351 617 975 147 718 
Bin 128: 433 920 341 211 342 509 
Bin 129: 258 505 671 118 736 339 748 
Bin 130: 413 567 121 254 759 618 
Bin 131: 173 582 
Bin 132: 532 354 
Bin 133: 292 711 722 482 
Bin 134: 755 154 668 628 890 
Bin 135: 498 766 200 698 334 
Bin 136: 323 777 859 575 870 
Bin 137: 548 111 879 926 875 30 
Bin 138: 4 73 913 268 756 466 515 
Bin 139: 648 55 972 
Bin 140: 814 881 
Bin 141: 611 970 343 769 
Bin 142: 526 914 924 
Bin 143: 782 537 
Bin 144: 10 831 7 
Bin 145: 919 337 27 353 
Bin 146: 330 26 412 
Bin 147: 739 388 906 77 
Bin 148: 785 13 
Bin 149: 666 564 419 47 
Bin 150: 662 815 731 823 214 
Bin 151: 282 578 715 865 
Bin 152: 930 539 33 990 604 544 
Bin 153: 556 57 525 929 653 644 
Bin 154: 385 394 650 
Bin 155: 241 324 61 520 
Bin 156: 157 3 360 
Bin 157: 87 824 21 
Bin 158: 915 545 67 771 
Bin 159: 204 858 155 484 
Bin 160: 981 439 287 658 732 51 290 
Bin 161: 146 801 187 946 665 
Bin 162: 134 660 884 144 485 
Bin 163: 554 336 645 86 183 
Bin 164: 700 916 550 97 
Bin 165: 259 988 441 991 
Bin 166: 447 838 997 573 577 
Bin 167: 283 977 558 
Bin 168: 238 
Bin 169: 584 968 
Bin 170: 395 764 614 871 978 
Bin 171: 828 216 
Bin 172: 490 
Bin 173: 976 120 230 
Bin 174: 325 264 
Bin 175: 837 269 
Bin 176: 998 
Bin 177: 495 
Bin 178: 710 345 
Bin 179: 680 
Bin 180: 649 839 625 
Bin 181: 311 704 
Bin 182: 694 
Bin 183: 401 143 982 
Bin 184: 965 
Bin 185: 468 864 
Bin 186: 512 89 772 
Bin 187: 928 
Bin 188: 818 712 
Bin 189: 590 
Bin 190: 281 
Bin 191: 205 574 
Bin 192: 432 
Bin 193: 375 
Bin 194: 123 685 
Bin 195: 601 
Bin 196: 122 
