# Objective: 37
# Time: 2.48372
# Feasible: 1
# Solution:
Bin 0: 190 118 95 194 111 93 46 211 83 
Bin 1: 75 21 225 220 25 
Bin 2: 180 157 115 70 13 204 
Bin 3: 92 249 189 137 69 99 
Bin 4: 193 144 159 36 48 103 163 19 
Bin 5: 17 0 20 47 177 12 
Bin 6: 29 102 238 175 72 57 55 208 
Bin 7: 206 82 191 18 127 160 169 241 212 
Bin 8: 230 232 170 88 116 105 123 94 27 164 
Bin 9: 186 4 197 188 139 5 142 
Bin 10: 87 112 58 78 233 161 168 
Bin 11: 205 81 172 240 147 
Bin 12: 119 86 198 33 65 59 143 110 
Bin 13: 50 7 184 133 181 236 131 85 146 
Bin 14: 196 98 173 130 44 202 52 150 
Bin 15: 199 23 10 80 89 42 141 207 
Bin 16: 62 246 245 91 167 114 218 
Bin 17: 67 242 215 101 124 140 
Bin 18: 148 96 11 30 201 109 
Bin 19: 154 234 223 152 31 40 
Bin 20: 79 107 128 185 15 54 6 
Bin 21: 16 37 122 77 63 187 
Bin 22: 2 229 76 38 100 
Bin 23: 216 213 108 34 209 24 219 
Bin 24: 182 106 39 41 174 247 
Bin 25: 200 45 14 227 1 
Bin 26: 113 90 166 244 235 192 183 
Bin 27: 104 203 179 129 228 217 3 
Bin 28: 226 74 214 53 51 28 
Bin 29: 145 210 171 73 136 178 
Bin 30: 231 117 158 176 222 132 
Bin 31: 195 138 26 8 156 224 49 61 
Bin 32: 135 64 22 237 243 121 35 
Bin 33: 125 56 32 97 134 239 151 
Bin 34: 221 149 71 126 120 
Bin 35: 43 165 68 155 84 
Bin 36: 248 162 153 66 9 60 
