# Objective: 75
# Time: 15.5205
# Feasible: 1
# Solution:
Bin 0: 32 352 79 314 247 335 63 
Bin 1: 337 435 107 164 317 481 273 
Bin 2: 64 271 345 126 261 296 
Bin 3: 14 398 372 5 416 403 48 248 448 
Bin 4: 360 80 459 367 136 303 361 254 279 
Bin 5: 477 230 51 338 13 147 268 371 
Bin 6: 332 471 450 375 41 319 276 
Bin 7: 444 61 309 210 167 489 
Bin 8: 130 236 57 87 197 376 140 
Bin 9: 60 289 259 149 464 169 291 
Bin 10: 298 214 179 409 427 366 
Bin 11: 92 73 265 75 119 112 
Bin 12: 38 460 2 258 106 114 237 396 
Bin 13: 100 480 348 390 386 370 
Bin 14: 240 422 304 286 98 263 421 238 373 277 
Bin 15: 58 407 353 68 213 
Bin 16: 410 148 198 479 445 293 146 
Bin 17: 347 25 249 368 207 
Bin 18: 342 156 157 465 329 
Bin 19: 313 26 406 102 196 278 404 
Bin 20: 96 468 15 388 117 
Bin 21: 185 393 12 201 434 178 143 
Bin 22: 160 108 325 252 436 327 378 219 
Bin 23: 187 483 275 150 443 470 182 47 
Bin 24: 81 339 31 229 272 497 487 
Bin 25: 340 218 499 9 194 133 104 
Bin 26: 305 433 124 472 383 300 
Bin 27: 311 281 155 451 3 190 488 294 
Bin 28: 397 256 415 93 97 
Bin 29: 222 316 324 282 239 228 
Bin 30: 59 195 262 447 94 440 
Bin 31: 494 152 495 387 496 10 
Bin 32: 425 308 299 380 151 19 55 
Bin 33: 165 174 251 35 204 306 175 
Bin 34: 176 186 37 86 69 72 454 118 
Bin 35: 457 188 417 159 88 
Bin 36: 312 452 66 446 333 85 350 358 
Bin 37: 74 379 243 20 128 482 39 181 429 
Bin 38: 343 184 34 36 267 431 
Bin 39: 394 374 326 369 357 250 
Bin 40: 177 29 120 123 44 125 8 284 
Bin 41: 45 384 400 458 40 449 
Bin 42: 235 365 330 260 224 121 359 424 
Bin 43: 166 221 62 216 241 492 307 7 
Bin 44: 439 473 233 33 283 414 
Bin 45: 395 206 301 110 50 141 391 
Bin 46: 322 223 135 54 341 413 52 
Bin 47: 270 172 200 53 402 
Bin 48: 153 22 145 132 392 199 0 
Bin 49: 288 6 127 28 246 70 109 95 
Bin 50: 67 349 355 346 463 426 
Bin 51: 116 17 191 334 491 131 
Bin 52: 49 336 411 71 323 356 362 16 
Bin 53: 122 490 99 442 89 441 83 
Bin 54: 315 253 363 138 474 321 139 
Bin 55: 257 389 493 234 211 129 462 255 
Bin 56: 354 170 192 287 226 
Bin 57: 381 46 173 331 209 84 
Bin 58: 455 310 297 244 412 
Bin 59: 23 232 423 161 456 466 
Bin 60: 220 30 101 217 484 420 418 
Bin 61: 382 432 264 205 171 162 134 163 351 
Bin 62: 227 27 189 103 320 
Bin 63: 428 405 193 115 203 475 467 
Bin 64: 78 154 91 285 142 377 
Bin 65: 144 113 231 385 318 
Bin 66: 478 408 269 419 18 105 
Bin 67: 399 292 212 344 438 77 485 
Bin 68: 225 1 208 158 137 90 111 
Bin 69: 82 65 290 24 215 11 328 
Bin 70: 183 180 42 274 266 295 
Bin 71: 302 56 430 245 4 
Bin 72: 202 469 280 43 242 437 
Bin 73: 486 498 21 76 364 
Bin 74: 168 453 401 461 476 
