# Objective: 39
# Time: 2.06303
# Feasible: 1
# Solution:
Bin 0: 248 223 25 192 62 153 
Bin 1: 211 174 44 78 53 
Bin 2: 144 109 54 230 163 203 11 
Bin 3: 185 209 228 89 104 19 198 149 
Bin 4: 102 81 184 51 47 96 
Bin 5: 7 39 98 222 117 
Bin 6: 214 215 60 179 1 
Bin 7: 150 30 112 208 50 46 164 65 
Bin 8: 80 224 186 91 121 227 145 76 
Bin 9: 115 125 66 201 41 
Bin 10: 57 235 142 181 79 58 55 27 
Bin 11: 75 246 147 196 159 162 
Bin 12: 241 194 219 132 190 
Bin 13: 38 0 136 45 191 182 
Bin 14: 220 140 180 92 197 
Bin 15: 168 229 141 161 31 120 72 
Bin 16: 127 187 213 48 193 243 
Bin 17: 118 225 73 231 67 12 249 156 178 
Bin 18: 95 217 87 110 240 90 32 
Bin 19: 200 103 3 85 15 245 
Bin 20: 8 170 199 212 74 126 177 
Bin 21: 234 49 17 33 4 18 
Bin 22: 247 189 139 119 204 146 172 
Bin 23: 232 101 116 35 69 207 
Bin 24: 154 152 52 63 34 148 124 130 
Bin 25: 239 70 37 43 216 83 
Bin 26: 21 88 64 226 166 167 
Bin 27: 82 111 195 123 134 42 183 
Bin 28: 122 71 138 23 206 6 22 
Bin 29: 175 158 169 131 13 59 14 68 
Bin 30: 61 29 176 113 151 210 
Bin 31: 244 99 133 2 165 
Bin 32: 128 237 20 56 24 
Bin 33: 114 100 107 106 242 40 
Bin 34: 5 94 77 97 157 86 
Bin 35: 143 93 108 173 155 105 36 
Bin 36: 137 9 202 16 218 233 188 
Bin 37: 221 135 236 205 171 84 
Bin 38: 129 238 10 160 28 26 
