# Objective: 74
# Time: 17.4233
# Feasible: 1
# Solution:
Bin 0: 360 475 333 488 82 427 88 146 299 280 
Bin 1: 451 256 429 190 231 330 123 
Bin 2: 297 258 164 408 275 159 278 64 181 
Bin 3: 313 87 277 49 453 2 370 
Bin 4: 242 209 150 194 193 338 279 431 
Bin 5: 99 348 65 365 316 114 5 
Bin 6: 325 310 286 499 16 345 
Bin 7: 402 312 361 122 69 388 
Bin 8: 450 466 411 148 60 
Bin 9: 377 494 62 381 35 72 
Bin 10: 70 255 489 437 171 240 412 
Bin 11: 38 226 344 401 157 246 169 
Bin 12: 14 341 407 392 224 493 191 
Bin 13: 57 182 45 387 29 
Bin 14: 269 468 86 304 132 
Bin 15: 470 404 363 478 134 227 
Bin 16: 380 28 472 414 138 
Bin 17: 486 127 355 446 398 419 206 202 18 311 
Bin 18: 374 395 458 238 94 385 195 
Bin 19: 85 406 149 216 257 66 315 
Bin 20: 396 449 42 301 136 351 430 241 
Bin 21: 210 170 331 56 295 400 192 
Bin 22: 399 214 445 36 322 
Bin 23: 84 247 204 97 203 142 
Bin 24: 59 383 129 283 448 23 
Bin 25: 477 442 308 285 440 50 
Bin 26: 213 67 172 51 177 
Bin 27: 343 376 198 143 130 186 291 137 7 
Bin 28: 106 460 133 463 220 34 
Bin 29: 296 357 428 112 496 46 175 73 
Bin 30: 81 349 371 403 153 368 53 
Bin 31: 391 173 184 487 239 410 409 
Bin 32: 212 48 416 473 37 22 95 
Bin 33: 289 92 417 93 366 267 
Bin 34: 469 152 394 426 115 375 
Bin 35: 337 15 438 482 120 166 163 
Bin 36: 199 390 237 259 336 
Bin 37: 328 274 497 100 77 179 
Bin 38: 253 302 41 378 484 456 145 
Bin 39: 140 229 425 215 393 245 
Bin 40: 261 113 332 382 144 340 121 
Bin 41: 300 183 78 423 27 471 161 
Bin 42: 222 236 104 462 40 270 
Bin 43: 180 44 353 32 160 350 303 
Bin 44: 109 384 47 479 90 447 288 284 201 
Bin 45: 483 91 244 167 75 61 55 
Bin 46: 265 250 317 262 200 39 307 131 
Bin 47: 339 415 461 434 162 342 347 346 80 
Bin 48: 125 249 464 329 359 235 126 481 
Bin 49: 176 102 254 20 282 379 452 
Bin 50: 196 165 465 476 305 335 52 273 
Bin 51: 420 264 455 293 491 21 105 
Bin 52: 207 309 219 435 135 189 151 
Bin 53: 432 454 110 89 187 156 4 422 
Bin 54: 217 320 128 298 3 372 11 439 
Bin 55: 356 397 324 474 230 139 
Bin 56: 83 232 63 334 292 228 168 495 
Bin 57: 443 433 457 174 485 31 
Bin 58: 252 294 74 281 314 111 
Bin 59: 154 26 155 319 98 118 
Bin 60: 373 290 306 25 117 24 116 10 
Bin 61: 251 362 1 418 271 
Bin 62: 9 386 223 185 30 103 141 
Bin 63: 243 76 19 364 8 79 498 
Bin 64: 218 272 323 321 318 234 
Bin 65: 68 101 178 108 421 158 492 
Bin 66: 424 0 327 266 211 268 436 490 
Bin 67: 367 326 147 233 205 
Bin 68: 12 459 358 352 119 
Bin 69: 480 276 107 441 124 389 43 
Bin 70: 6 58 13 221 197 413 405 
Bin 71: 354 17 287 54 467 369 
Bin 72: 208 444 96 248 263 
Bin 73: 188 33 225 260 71 
