# Objective: 19
# Time: 0.303683
# Feasible: 1
# Solution:
Bin 0: 117 74 68 98 109 80 63 25 
Bin 1: 34 10 55 46 1 45 
Bin 2: 40 43 72 41 94 81 4 
Bin 3: 107 54 59 47 51 35 
Bin 4: 77 42 26 24 95 66 69 87 
Bin 5: 70 36 110 2 53 27 30 
Bin 6: 96 12 22 48 44 37 20 
Bin 7: 119 103 56 6 114 118 82 
Bin 8: 50 19 105 38 15 93 
Bin 9: 64 9 0 113 91 92 18 
Bin 10: 5 100 29 52 97 
Bin 11: 60 108 85 89 13 23 67 84 
Bin 12: 11 28 33 75 88 57 
Bin 13: 39 61 7 32 58 90 21 
Bin 14: 99 106 31 79 3 
Bin 15: 112 78 8 83 49 16 
Bin 16: 104 86 116 115 73 62 
Bin 17: 71 65 111 17 14 
Bin 18: 101 76 102 
