# Objective: 75
# Time: 17.1157
# Feasible: 1
# Solution:
Bin 0: 314 337 210 100 412 488 363 
Bin 1: 213 34 85 239 463 245 172 135 
Bin 2: 491 457 182 229 41 97 180 408 
Bin 3: 425 13 442 441 288 160 329 241 
Bin 4: 374 419 23 141 137 268 278 69 
Bin 5: 177 336 247 66 351 315 321 
Bin 6: 98 165 499 174 219 302 125 
Bin 7: 6 117 326 147 234 48 107 309 
Bin 8: 195 80 110 57 54 143 204 295 
Bin 9: 414 328 298 480 267 75 173 155 
Bin 10: 345 388 421 121 407 467 
Bin 11: 235 324 370 355 250 
Bin 12: 323 331 25 58 133 238 64 
Bin 13: 375 215 410 306 483 109 
Bin 14: 446 477 479 89 494 146 448 
Bin 15: 440 273 68 208 3 263 455 186 
Bin 16: 108 284 93 84 191 378 383 
Bin 17: 450 402 418 153 357 
Bin 18: 366 443 95 29 161 205 
Bin 19: 277 276 454 269 102 11 111 
Bin 20: 385 225 203 53 14 26 365 
Bin 21: 218 265 258 293 216 118 43 224 393 
Bin 22: 91 211 304 252 344 384 
Bin 23: 495 426 28 332 291 399 82 310 
Bin 24: 128 227 115 335 0 179 37 
Bin 25: 260 280 221 86 492 32 
Bin 26: 397 468 228 462 327 436 
Bin 27: 207 308 145 429 489 262 
Bin 28: 254 475 476 148 354 190 364 
Bin 29: 214 176 44 242 139 217 
Bin 30: 164 348 472 346 434 447 
Bin 31: 74 322 39 352 376 428 
Bin 32: 382 42 432 461 272 349 
Bin 33: 256 71 391 312 151 347 
Bin 34: 456 270 236 36 394 88 
Bin 35: 116 60 230 169 138 38 339 430 
Bin 36: 67 62 94 401 377 356 
Bin 37: 439 496 453 90 199 212 45 
Bin 38: 320 31 163 381 12 134 
Bin 39: 266 78 289 189 317 400 171 
Bin 40: 129 22 76 405 481 413 19 380 
Bin 41: 299 56 166 1 63 
Bin 42: 16 433 73 283 126 311 
Bin 43: 144 478 243 183 458 132 498 167 
Bin 44: 21 435 33 240 9 490 
Bin 45: 59 292 470 27 120 233 459 362 
Bin 46: 333 7 359 285 96 152 
Bin 47: 187 275 261 319 192 15 209 
Bin 48: 403 20 305 368 386 35 77 420 
Bin 49: 114 406 194 350 417 40 
Bin 50: 372 387 281 422 423 316 231 474 
Bin 51: 198 338 222 159 72 
Bin 52: 424 81 184 313 206 65 249 
Bin 53: 140 460 8 404 178 279 487 343 
Bin 54: 10 253 389 157 130 237 185 
Bin 55: 220 188 307 469 485 101 
Bin 56: 154 112 92 286 106 158 
Bin 57: 296 104 340 55 264 2 18 
Bin 58: 431 200 127 471 464 
Bin 59: 47 274 449 122 4 251 
Bin 60: 360 452 325 301 17 379 202 342 170 
Bin 61: 196 427 318 392 52 49 415 
Bin 62: 124 119 223 70 136 451 
Bin 63: 282 248 493 257 411 201 87 
Bin 64: 193 156 294 482 303 
Bin 65: 290 255 142 271 226 46 175 
Bin 66: 297 371 390 409 30 369 
Bin 67: 232 398 83 181 396 5 
Bin 68: 150 330 497 361 367 341 
Bin 69: 465 259 149 24 197 444 353 
Bin 70: 334 484 61 416 99 
Bin 71: 123 168 437 246 103 50 300 
Bin 72: 473 162 113 105 244 373 
Bin 73: 51 287 438 79 466 
Bin 74: 358 131 445 486 395 
