# Objective: 18
# Time: 0.286229
# Feasible: 1
# Solution:
Bin 0: 29 60 53 68 16 32 45 
Bin 1: 94 27 106 12 13 99 48 28 67 
Bin 2: 114 6 57 50 9 78 108 111 
Bin 3: 17 102 89 70 59 75 3 65 77 
Bin 4: 81 58 69 100 7 92 
Bin 5: 116 2 25 86 0 93 
Bin 6: 30 14 38 90 55 47 115 
Bin 7: 51 19 35 85 8 18 63 
Bin 8: 88 44 4 5 66 31 
Bin 9: 71 107 83 73 56 95 74 103 
Bin 10: 64 119 101 11 46 79 
Bin 11: 117 39 33 82 98 110 
Bin 12: 72 80 62 43 112 34 109 
Bin 13: 61 49 15 40 54 23 
Bin 14: 87 42 20 22 26 118 
Bin 15: 1 84 52 24 104 105 96 
Bin 16: 21 113 36 37 76 
Bin 17: 97 91 41 10 
