# Objective: 38
# Time: 2.50573
# Feasible: 1
# Solution:
Bin 0: 196 176 248 193 22 95 113 152 77 
Bin 1: 204 18 157 244 109 201 158 
Bin 2: 239 191 192 84 50 53 225 246 
Bin 3: 30 214 65 227 102 64 162 
Bin 4: 221 89 115 69 123 17 134 6 104 
Bin 5: 156 97 117 131 34 153 
Bin 6: 55 135 36 229 145 78 
Bin 7: 47 231 68 67 129 137 
Bin 8: 186 141 4 136 142 29 
Bin 9: 159 200 217 241 0 112 174 14 
Bin 10: 24 94 233 124 181 
Bin 11: 210 81 37 92 32 25 170 
Bin 12: 48 209 40 2 173 
Bin 13: 12 167 122 79 130 
Bin 14: 107 63 232 208 146 108 
Bin 15: 235 245 49 169 164 13 218 72 182 
Bin 16: 11 230 168 120 70 99 
Bin 17: 20 236 132 45 215 161 93 
Bin 18: 39 226 177 138 1 238 147 206 
Bin 19: 216 19 87 86 220 118 
Bin 20: 188 33 247 7 179 43 175 
Bin 21: 178 16 155 149 185 125 211 
Bin 22: 82 59 143 10 148 76 114 
Bin 23: 57 71 66 151 166 198 165 116 237 
Bin 24: 73 144 90 91 150 127 
Bin 25: 249 189 85 121 31 171 
Bin 26: 88 8 100 106 197 139 119 
Bin 27: 195 199 42 105 228 
Bin 28: 3 154 219 224 180 
Bin 29: 80 101 35 194 133 110 5 
Bin 30: 126 234 243 41 111 96 
Bin 31: 103 61 56 27 190 128 172 
Bin 32: 160 51 183 9 44 207 
Bin 33: 52 28 60 26 140 75 
Bin 34: 58 187 23 202 46 240 
Bin 35: 62 212 163 223 242 
Bin 36: 203 15 83 205 74 38 
Bin 37: 54 213 98 222 184 21 
