# Objective: 205
# Time: 17.4886
# Feasible: 1
# Solution:
Bin 0: 303 967 646 65 271 269 
Bin 1: 401 289 249 353 976 504 950 173 
Bin 2: 539 751 569 238 224 244 580 
Bin 3: 658 213 25 486 8 35 548 
Bin 4: 446 37 462 901 660 94 76 201 
Bin 5: 617 368 439 115 72 855 
Bin 6: 800 584 349 134 218 679 
Bin 7: 744 622 692 296 13 301 463 87 
Bin 8: 408 939 897 382 913 907 475 
Bin 9: 586 958 254 458 300 310 284 
Bin 10: 934 354 565 892 899 145 595 882 83 
Bin 11: 444 405 457 102 256 26 912 551 
Bin 12: 858 29 396 829 969 104 716 546 
Bin 13: 58 557 718 766 324 936 
Bin 14: 146 299 994 42 109 975 
Bin 15: 960 925 999 418 795 
Bin 16: 593 759 923 704 31 
Bin 17: 162 488 172 143 222 655 
Bin 18: 527 849 325 693 326 477 138 
Bin 19: 611 886 954 378 455 721 
Bin 20: 292 821 511 140 6 355 
Bin 21: 808 840 248 43 
Bin 22: 832 567 79 63 154 316 
Bin 23: 250 854 120 668 503 
Bin 24: 322 157 390 900 69 
Bin 25: 898 291 9 581 203 163 
Bin 26: 616 867 426 726 828 209 
Bin 27: 604 742 371 441 842 251 
Bin 28: 851 48 440 862 60 955 119 
Bin 29: 364 853 413 864 476 735 
Bin 30: 18 438 537 872 649 620 630 470 769 
Bin 31: 214 38 724 979 865 406 429 754 
Bin 32: 103 377 921 639 352 425 
Bin 33: 903 719 206 311 7 211 519 
Bin 34: 621 414 49 968 538 379 156 
Bin 35: 737 515 370 749 885 653 888 
Bin 36: 136 358 190 17 55 302 
Bin 37: 237 176 130 456 528 589 
Bin 38: 610 447 986 342 74 531 775 572 
Bin 39: 92 404 384 675 513 495 
Bin 40: 770 661 321 110 578 
Bin 41: 185 587 259 108 715 627 669 
Bin 42: 53 122 28 376 223 
Bin 43: 191 796 909 361 187 85 
Bin 44: 793 40 443 782 606 
Bin 45: 725 665 703 397 552 824 
Bin 46: 633 822 350 684 212 541 
Bin 47: 963 520 570 590 451 16 142 281 205 
Bin 48: 818 943 220 343 421 
Bin 49: 298 170 227 288 204 330 479 
Bin 50: 970 160 883 588 563 
Bin 51: 797 331 194 308 561 930 
Bin 52: 772 990 263 52 169 
Bin 53: 534 582 487 941 906 525 
Bin 54: 989 571 798 501 554 
Bin 55: 966 362 278 945 99 640 436 756 914 522 
Bin 56: 485 332 230 266 493 706 550 
Bin 57: 141 153 351 984 764 723 863 530 977 
Bin 58: 847 804 801 395 415 
Bin 59: 998 991 66 231 694 833 839 255 
Bin 60: 179 360 383 612 363 
Bin 61: 526 
Bin 62: 911 461 385 54 799 650 
Bin 63: 556 240 167 763 915 
Bin 64: 481 996 468 731 600 
Bin 65: 676 928 149 707 375 507 613 
Bin 66: 738 305 471 133 262 946 
Bin 67: 118 111 680 178 346 823 
Bin 68: 845 690 388 667 193 398 893 
Bin 69: 137 502 491 509 500 997 
Bin 70: 916 420 339 95 233 
Bin 71: 625 701 779 982 786 944 
Bin 72: 597 937 558 59 642 993 739 467 
Bin 73: 896 21 686 564 728 89 
Bin 74: 198 135 225 245 
Bin 75: 12 856 344 781 
Bin 76: 980 285 905 424 367 
Bin 77: 0 978 61 434 
Bin 78: 474 623 181 722 27 711 792 
Bin 79: 96 743 615 497 334 336 129 
Bin 80: 626 857 700 319 962 884 200 124 780 
Bin 81: 235 180 
Bin 82: 568 784 152 878 202 852 
Bin 83: 961 257 416 736 837 50 635 219 
Bin 84: 77 510 294 239 585 645 758 
Bin 85: 195 932 216 410 276 106 773 
Bin 86: 767 670 861 671 
Bin 87: 323 234 139 532 576 938 815 
Bin 88: 356 399 309 516 290 514 
Bin 89: 983 14 777 956 435 727 
Bin 90: 826 806 814 246 953 957 24 
Bin 91: 750 114 274 972 484 
Bin 92: 517 328 553 529 386 881 127 472 
Bin 93: 682 91 592 3 423 
Bin 94: 641 699 293 805 753 272 
Bin 95: 33 380 445 287 933 677 691 
Bin 96: 869 747 337 809 270 810 393 
Bin 97: 705 908 820 196 673 483 411 599 
Bin 98: 265 787 327 73 
Bin 99: 150 674 866 663 768 708 
Bin 100: 387 689 841 78 
Bin 101: 98 791 624 609 594 
Bin 102: 148 84 910 
Bin 103: 657 698 207 
Bin 104: 317 659 598 562 802 
Bin 105: 394 442 
Bin 106: 67 151 165 834 282 5 175 
Bin 107: 75 790 
Bin 108: 920 757 126 965 
Bin 109: 258 788 312 827 720 
Bin 110: 15 182 631 490 732 859 
Bin 111: 951 101 277 381 345 891 652 
Bin 112: 374 981 
Bin 113: 279 752 166 304 838 813 
Bin 114: 533 710 559 192 
Bin 115: 478 314 131 603 
Bin 116: 46 158 
Bin 117: 168 90 927 
Bin 118: 918 333 307 82 313 260 560 
Bin 119: 448 643 697 261 
Bin 120: 36 10 372 717 712 985 654 
Bin 121: 286 748 177 264 
Bin 122: 819 596 437 545 
Bin 123: 335 466 678 816 2 
Bin 124: 51 947 183 297 159 
Bin 125: 407 232 846 116 128 
Bin 126: 555 696 295 521 217 741 
Bin 127: 30 147 97 41 619 
Bin 128: 417 459 895 
Bin 129: 734 329 464 
Bin 130: 959 811 373 524 634 
Bin 131: 579 949 431 19 687 
Bin 132: 685 988 402 171 940 902 
Bin 133: 273 774 803 
Bin 134: 57 453 412 23 
Bin 135: 210 662 81 917 
Bin 136: 252 241 789 113 607 369 
Bin 137: 761 628 267 320 253 280 
Bin 138: 39 460 121 
Bin 139: 542 489 469 618 
Bin 140: 226 904 973 221 830 45 
Bin 141: 132 974 409 812 880 506 473 
Bin 142: 518 681 275 942 
Bin 143: 498 765 
Bin 144: 499 112 771 432 877 243 
Bin 145: 247 86 32 125 
Bin 146: 695 123 807 536 
Bin 147: 189 348 315 174 879 785 637 
Bin 148: 365 874 71 608 357 
Bin 149: 236 318 648 876 
Bin 150: 419 601 971 155 964 817 
Bin 151: 836 549 860 100 776 
Bin 152: 574 20 428 
Bin 153: 56 922 268 651 449 
Bin 154: 605 873 543 480 465 
Bin 155: 164 647 184 591 340 
Bin 156: 755 512 875 359 
Bin 157: 573 577 523 547 540 
Bin 158: 544 760 
Bin 159: 935 952 430 709 
Bin 160: 11 987 
Bin 161: 729 482 583 
Bin 162: 389 161 93 
Bin 163: 644 746 
Bin 164: 844 70 843 
Bin 165: 762 338 835 783 1 664 
Bin 166: 894 452 
Bin 167: 80 4 
Bin 168: 931 197 602 926 
Bin 169: 825 391 666 422 
Bin 170: 629 632 713 
Bin 171: 672 636 
Bin 172: 688 105 
Bin 173: 117 566 
Bin 174: 34 
Bin 175: 995 714 
Bin 176: 229 
Bin 177: 924 22 948 
Bin 178: 919 868 62 454 107 870 
Bin 179: 508 575 683 740 992 
Bin 180: 208 887 
Bin 181: 47 
Bin 182: 427 306 
Bin 183: 505 188 
Bin 184: 871 890 
Bin 185: 144 638 64 
Bin 186: 341 494 733 
Bin 187: 242 778 68 
Bin 188: 433 535 794 215 
Bin 189: 929 745 88 889 
Bin 190: 44 656 
Bin 191: 730 
Bin 192: 403 347 
Bin 193: 848 199 
Bin 194: 186 
Bin 195: 831 
Bin 196: 283 
Bin 197: 614 
Bin 198: 702 228 
Bin 199: 496 
Bin 200: 492 
Bin 201: 400 850 
Bin 202: 392 
Bin 203: 450 
Bin 204: 366 
