# Objective: 150
# Time: 34.6711
# Feasible: 1
# Solution:
Bin 0: 203 471 628 78 991 141 
Bin 1: 529 451 340 946 76 
Bin 2: 692 148 968 599 584 804 784 142 
Bin 3: 279 217 701 403 608 374 687 837 907 862 
Bin 4: 129 955 977 294 366 16 
Bin 5: 109 832 314 731 518 681 581 
Bin 6: 700 971 470 992 792 
Bin 7: 781 489 912 350 268 165 
Bin 8: 123 297 739 128 710 145 817 986 705 
Bin 9: 995 975 462 486 406 46 355 405 900 607 
Bin 10: 960 378 764 721 885 917 
Bin 11: 204 782 152 506 854 382 206 180 
Bin 12: 555 755 161 454 35 663 952 505 
Bin 13: 587 627 300 593 539 795 
Bin 14: 609 618 199 210 770 
Bin 15: 908 262 828 337 187 
Bin 16: 636 877 442 660 540 949 4 
Bin 17: 221 816 275 170 871 901 194 
Bin 18: 712 283 136 467 709 800 
Bin 19: 570 416 214 476 789 
Bin 20: 360 99 468 614 690 830 
Bin 21: 962 809 404 3 400 559 668 859 63 
Bin 22: 610 438 875 339 280 617 
Bin 23: 967 858 127 826 111 650 375 463 748 
Bin 24: 223 654 106 342 936 27 503 33 
Bin 25: 173 373 840 460 452 408 655 
Bin 26: 857 410 652 846 98 478 
Bin 27: 450 137 954 370 351 474 698 
Bin 28: 391 182 588 865 973 131 
Bin 29: 566 188 101 124 213 
Bin 30: 143 754 548 572 517 779 
Bin 31: 985 153 665 500 228 341 
Bin 32: 504 820 171 330 602 247 445 
Bin 33: 205 423 284 491 237 222 
Bin 34: 876 520 425 421 814 395 
Bin 35: 392 794 293 347 849 575 
Bin 36: 904 672 44 980 514 574 430 365 357 
Bin 37: 443 74 762 989 530 708 553 
Bin 38: 45 26 911 497 714 673 
Bin 39: 444 730 861 254 825 571 
Bin 40: 757 886 176 933 227 560 95 192 
Bin 41: 198 671 863 765 157 631 
Bin 42: 282 245 345 564 532 519 856 768 
Bin 43: 774 682 737 852 177 133 66 
Bin 44: 362 495 216 699 253 522 869 
Bin 45: 990 958 434 756 117 622 446 763 
Bin 46: 290 62 361 393 831 94 264 507 
Bin 47: 697 158 621 600 935 596 411 
Bin 48: 729 313 623 576 159 475 934 
Bin 49: 740 812 838 808 256 868 
Bin 50: 269 806 102 634 36 689 335 
Bin 51: 226 845 906 144 67 525 895 218 110 
Bin 52: 543 738 597 523 637 231 639 945 695 
Bin 53: 984 15 458 948 453 927 558 
Bin 54: 815 381 843 557 727 91 61 926 
Bin 55: 112 477 42 151 191 823 943 
Bin 56: 73 317 715 488 9 693 855 
Bin 57: 951 263 138 183 162 983 
Bin 58: 372 624 646 80 929 200 959 
Bin 59: 417 386 685 431 119 246 924 
Bin 60: 702 725 359 38 987 348 481 741 
Bin 61: 285 677 469 379 799 464 19 41 
Bin 62: 356 49 616 415 512 472 
Bin 63: 551 235 232 8 527 369 384 
Bin 64: 252 905 534 595 544 818 683 
Bin 65: 950 326 388 824 296 678 496 315 
Bin 66: 718 30 643 11 874 328 835 
Bin 67: 336 533 803 819 511 
Bin 68: 970 277 625 83 531 
Bin 69: 723 829 50 821 870 307 691 
Bin 70: 670 13 892 569 163 758 
Bin 71: 667 766 788 146 577 435 674 
Bin 72: 580 881 298 619 239 516 107 556 
Bin 73: 669 424 882 25 866 118 193 440 928 
Bin 74: 422 760 996 349 96 920 771 
Bin 75: 524 189 813 93 902 680 
Bin 76: 679 134 427 664 60 606 579 
Bin 77: 521 601 113 185 47 72 396 
Bin 78: 898 429 554 919 258 319 401 
Bin 79: 850 34 909 590 888 921 
Bin 80: 749 23 174 179 632 278 783 
Bin 81: 140 703 90 717 638 796 
Bin 82: 457 591 777 89 542 547 309 
Bin 83: 605 750 662 648 459 
Bin 84: 480 484 338 707 97 104 
Bin 85: 851 377 675 889 999 785 
Bin 86: 966 251 860 735 304 
Bin 87: 166 732 611 178 20 306 343 
Bin 88: 398 880 82 48 419 441 21 
Bin 89: 939 448 853 891 676 64 
Bin 90: 742 957 333 661 776 626 483 
Bin 91: 271 29 412 641 716 
Bin 92: 720 964 301 594 747 433 
Bin 93: 890 65 224 620 164 696 633 528 
Bin 94: 257 24 418 414 899 114 937 
Bin 95: 276 997 420 331 586 
Bin 96: 867 233 615 84 312 
Bin 97: 736 17 432 993 385 
Bin 98: 841 286 455 409 363 546 567 
Bin 99: 288 659 447 922 55 367 915 229 
Bin 100: 947 479 473 291 535 54 848 321 
Bin 101: 988 407 14 120 332 364 
Bin 102: 303 545 244 550 160 272 399 
Bin 103: 836 549 658 786 931 77 938 358 
Bin 104: 302 834 310 121 397 842 
Bin 105: 787 810 562 515 266 195 686 
Bin 106: 801 465 43 775 249 352 
Bin 107: 108 402 169 563 493 10 456 925 944 320 
Bin 108: 265 132 368 839 267 413 953 
Bin 109: 647 68 130 52 649 380 85 
Bin 110: 883 887 394 666 32 879 
Bin 111: 186 234 371 273 604 743 
Bin 112: 982 116 59 292 751 498 31 878 526 
Bin 113: 466 744 772 449 202 71 651 
Bin 114: 956 884 37 274 92 
Bin 115: 822 250 961 225 58 79 
Bin 116: 561 793 207 243 346 541 
Bin 117: 353 656 248 893 719 
Bin 118: 259 802 487 998 1 387 39 724 
Bin 119: 436 156 492 630 100 175 311 805 
Bin 120: 568 87 172 122 316 
Bin 121: 270 139 688 913 103 585 219 323 299 
Bin 122: 501 914 790 105 508 733 53 287 
Bin 123: 629 6 753 981 181 242 
Bin 124: 115 147 932 383 308 
Bin 125: 722 125 734 942 167 439 797 
Bin 126: 974 767 69 437 56 196 
Bin 127: 979 81 873 640 190 644 
Bin 128: 965 583 552 807 40 573 
Bin 129: 154 426 260 778 578 
Bin 130: 212 896 811 88 184 389 
Bin 131: 211 903 327 238 798 208 
Bin 132: 897 759 711 324 972 209 
Bin 133: 390 657 220 51 215 
Bin 134: 135 354 57 994 230 940 
Bin 135: 745 255 613 509 589 872 
Bin 136: 75 923 780 241 334 
Bin 137: 645 485 502 22 197 0 565 
Bin 138: 969 592 510 2 70 773 305 
Bin 139: 726 635 603 12 582 
Bin 140: 428 168 537 752 827 
Bin 141: 536 930 653 864 490 
Bin 142: 318 847 791 598 344 706 
Bin 143: 694 963 704 642 916 918 
Bin 144: 612 976 289 126 538 150 
Bin 145: 261 5 844 236 769 761 376 295 
Bin 146: 201 7 329 910 833 240 499 322 
Bin 147: 494 281 461 482 978 684 728 
Bin 148: 155 86 28 713 894 
Bin 149: 325 941 149 513 746 18 
