# Objective: 39
# Time: 2.58534
# Feasible: 1
# Solution:
Bin 0: 42 98 72 186 104 234 
Bin 1: 145 185 117 249 178 22 168 239 
Bin 2: 125 198 236 197 47 6 
Bin 3: 88 124 146 23 103 204 111 
Bin 4: 154 34 59 50 144 166 65 215 
Bin 5: 96 90 122 67 126 202 60 84 19 
Bin 6: 94 113 195 102 54 196 167 
Bin 7: 174 51 156 137 12 191 87 
Bin 8: 99 31 44 200 73 
Bin 9: 183 232 119 199 120 57 93 211 216 
Bin 10: 218 194 56 155 18 
Bin 11: 28 123 142 32 188 58 131 
Bin 12: 246 70 116 136 115 76 5 
Bin 13: 7 89 181 14 221 118 
Bin 14: 36 41 160 180 133 171 106 
Bin 15: 201 203 148 15 182 48 
Bin 16: 69 86 24 151 134 170 
Bin 17: 105 229 164 109 207 110 
Bin 18: 163 159 187 153 112 129 
Bin 19: 68 161 212 227 16 225 245 235 49 
Bin 20: 107 192 55 21 30 
Bin 21: 95 27 193 100 152 130 4 
Bin 22: 228 223 139 82 210 248 63 
Bin 23: 20 97 79 240 75 
Bin 24: 189 83 162 52 1 43 40 
Bin 25: 208 140 157 81 226 220 230 
Bin 26: 219 35 85 205 169 37 74 
Bin 27: 175 138 241 127 108 149 222 238 
Bin 28: 10 46 92 242 2 
Bin 29: 62 78 26 13 38 61 
Bin 30: 33 231 177 190 214 213 172 
Bin 31: 77 132 80 244 247 
Bin 32: 173 158 121 3 217 
Bin 33: 8 9 179 66 39 
Bin 34: 209 11 29 224 243 
Bin 35: 114 176 135 0 101 
Bin 36: 141 143 25 237 91 17 64 45 
Bin 37: 184 206 233 150 165 
Bin 38: 71 128 53 147 
