# Objective: 101
# Time: 2.26621
# Feasible: 1
# Solution:
Bin 0: 104 441 140 387 13 356 168 382 
Bin 1: 27 219 138 85 426 244 124 338 159 355 
Bin 2: 395 446 33 429 80 452 108 
Bin 3: 345 343 239 128 167 
Bin 4: 329 122 361 371 123 322 20 
Bin 5: 157 88 464 394 438 475 
Bin 6: 388 86 213 317 237 40 77 22 23 304 
Bin 7: 294 92 51 115 309 262 358 209 
Bin 8: 260 109 462 400 66 407 
Bin 9: 214 377 390 165 193 
Bin 10: 121 305 149 251 306 440 282 
Bin 11: 56 208 201 145 26 353 48 
Bin 12: 202 231 70 418 102 278 430 
Bin 13: 379 373 403 331 497 
Bin 14: 118 195 106 332 47 365 144 256 
Bin 15: 233 191 38 94 402 472 173 316 203 
Bin 16: 285 103 127 404 324 421 
Bin 17: 182 204 463 16 451 274 
Bin 18: 248 236 320 457 238 
Bin 19: 311 474 380 349 29 416 
Bin 20: 265 95 487 370 369 375 160 
Bin 21: 495 34 10 276 97 178 435 
Bin 22: 456 391 389 25 28 484 98 
Bin 23: 100 232 84 491 107 300 258 432 298 
Bin 24: 54 473 4 312 293 110 
Bin 25: 431 53 494 185 188 76 111 15 
Bin 26: 344 150 284 308 139 450 447 
Bin 27: 335 427 471 148 433 
Bin 28: 227 49 346 419 408 455 
Bin 29: 91 459 205 461 496 36 296 
Bin 30: 137 57 263 301 267 71 
Bin 31: 216 336 352 39 422 24 
Bin 32: 279 176 129 112 490 
Bin 33: 437 73 190 465 207 
Bin 34: 152 498 220 7 392 323 272 230 
Bin 35: 90 226 406 17 485 
Bin 36: 443 37 65 436 476 68 411 
Bin 37: 181 171 96 225 275 
Bin 38: 63 477 372 212 445 229 
Bin 39: 246 147 483 439 196 154 131 
Bin 40: 240 132 211 89 325 367 99 
Bin 41: 259 327 217 64 290 268 
Bin 42: 42 255 318 449 2 8 
Bin 43: 87 81 136 116 199 366 
Bin 44: 334 341 271 425 78 434 
Bin 45: 235 119 362 401 479 198 197 
Bin 46: 151 350 453 289 315 
Bin 47: 247 292 330 254 72 
Bin 48: 412 30 385 74 245 
Bin 49: 184 9 448 113 266 313 478 
Bin 50: 241 333 321 69 1 454 467 
Bin 51: 117 398 125 469 360 
Bin 52: 319 75 393 374 58 19 221 
Bin 53: 480 423 179 488 428 
Bin 54: 399 133 11 384 192 187 420 
Bin 55: 164 153 297 468 6 458 130 
Bin 56: 186 183 492 424 470 
Bin 57: 257 105 383 249 295 489 409 
Bin 58: 180 215 376 158 460 326 
Bin 59: 413 264 281 21 5 93 
Bin 60: 206 82 52 414 242 218 
Bin 61: 210 61 286 396 381 339 
Bin 62: 337 18 
Bin 63: 120 288 135 493 
Bin 64: 177 234 466 
Bin 65: 340 134 31 46 35 
Bin 66: 310 67 299 405 415 
Bin 67: 283 
Bin 68: 14 174 189 481 486 
Bin 69: 253 175 44 261 45 
Bin 70: 397 364 417 60 161 
Bin 71: 224 351 155 146 273 
Bin 72: 172 410 3 348 32 194 
Bin 73: 55 
Bin 74: 363 354 291 
Bin 75: 444 142 
Bin 76: 141 163 83 
Bin 77: 499 
Bin 78: 314 170 
Bin 79: 114 
Bin 80: 59 
Bin 81: 50 378 307 12 
Bin 82: 62 162 
Bin 83: 0 287 
Bin 84: 223 386 156 359 
Bin 85: 347 277 303 
Bin 86: 342 368 270 
Bin 87: 126 79 
Bin 88: 482 222 
Bin 89: 328 357 
Bin 90: 41 
Bin 91: 101 200 250 
Bin 92: 43 
Bin 93: 143 269 
Bin 94: 166 
Bin 95: 243 302 
Bin 96: 442 
Bin 97: 280 
Bin 98: 169 
Bin 99: 228 
Bin 100: 252 
