# Objective: 22
# Time: 0.175935
# Feasible: 1
# Solution:
Bin 0: 111 114 32 108 110 
Bin 1: 92 21 68 13 86 43 
Bin 2: 83 77 45 22 20 95 69 104 
Bin 3: 6 39 96 93 5 
Bin 4: 82 55 9 17 54 105 
Bin 5: 31 100 46 40 78 62 14 
Bin 6: 99 119 85 72 8 
Bin 7: 115 11 64 19 38 
Bin 8: 61 57 15 91 79 70 80 89 
Bin 9: 48 16 10 4 35 2 106 
Bin 10: 97 107 116 33 56 
Bin 11: 23 47 112 24 102 90 84 44 
Bin 12: 30 94 71 73 50 
Bin 13: 7 26 41 76 67 101 27 42 
Bin 14: 3 12 37 118 36 66 
Bin 15: 58 18 25 75 0 109 
Bin 16: 113 117 52 49 81 
Bin 17: 87 74 103 51 
Bin 18: 1 34 63 60 88 
Bin 19: 28 53 
Bin 20: 65 59 98 
Bin 21: 29 
