# Objective: 148
# Time: 193.344
# Feasible: 1
# Solution:
Bin 0: 618 193 872 67 951 709 780 
Bin 1: 201 747 218 263 725 
Bin 2: 270 313 184 130 289 79 
Bin 3: 939 204 30 143 531 230 
Bin 4: 808 393 781 31 141 
Bin 5: 126 352 697 770 118 579 
Bin 6: 916 959 65 171 792 668 306 
Bin 7: 995 597 206 821 414 784 304 
Bin 8: 424 323 366 479 749 101 
Bin 9: 449 170 547 180 541 674 182 947 835 215 
Bin 10: 967 463 797 416 358 637 55 48 
Bin 11: 566 736 386 249 19 856 581 288 
Bin 12: 290 555 641 260 999 369 735 646 
Bin 13: 117 74 94 297 966 769 281 
Bin 14: 862 454 702 638 507 
Bin 15: 836 550 422 248 46 330 85 909 928 
Bin 16: 978 84 764 190 106 173 643 889 
Bin 17: 181 380 655 502 518 633 
Bin 18: 446 161 221 699 415 813 
Bin 19: 165 712 419 459 209 746 456 
Bin 20: 357 732 0 824 373 489 56 
Bin 21: 704 706 705 940 147 499 
Bin 22: 937 411 900 701 149 252 605 958 179 
Bin 23: 60 239 295 962 152 307 309 
Bin 24: 910 22 485 465 136 196 595 
Bin 25: 562 466 857 658 787 841 
Bin 26: 879 611 902 980 812 124 
Bin 27: 10 146 495 231 659 647 232 
Bin 28: 45 849 912 220 11 110 826 
Bin 29: 698 523 635 834 873 630 
Bin 30: 59 997 785 861 464 656 
Bin 31: 39 948 460 167 728 298 188 322 
Bin 32: 500 622 123 546 932 389 175 
Bin 33: 62 979 391 301 274 216 
Bin 34: 730 933 163 86 634 430 
Bin 35: 908 918 679 598 739 794 300 557 716 
Bin 36: 278 952 938 169 817 111 402 378 
Bin 37: 486 137 236 786 837 245 168 
Bin 38: 733 865 651 987 810 790 455 
Bin 39: 662 212 724 614 816 77 14 680 442 
Bin 40: 556 128 994 729 68 452 219 
Bin 41: 9 627 405 64 445 522 367 107 
Bin 42: 348 76 359 134 121 545 
Bin 43: 848 558 125 33 853 
Bin 44: 200 975 82 342 762 462 47 
Bin 45: 863 604 936 202 843 528 436 
Bin 46: 363 223 901 823 603 
Bin 47: 895 494 447 615 628 399 788 
Bin 48: 505 28 610 678 883 87 191 
Bin 49: 561 70 943 376 525 104 384 
Bin 50: 42 242 798 475 282 365 
Bin 51: 954 927 755 623 225 390 269 
Bin 52: 915 461 553 427 881 444 768 
Bin 53: 324 580 594 228 885 208 871 
Bin 54: 477 539 214 577 109 
Bin 55: 408 142 572 761 538 73 
Bin 56: 884 371 41 132 1 404 255 431 
Bin 57: 100 53 251 276 432 807 420 294 524 
Bin 58: 284 27 264 832 707 241 760 131 
Bin 59: 178 956 387 870 756 869 259 153 
Bin 60: 847 8 757 98 591 887 650 
Bin 61: 783 759 886 133 99 
Bin 62: 496 645 588 336 800 957 
Bin 63: 629 57 536 483 911 63 
Bin 64: 537 254 267 681 139 368 
Bin 65: 815 907 819 379 960 308 183 
Bin 66: 675 469 112 805 487 273 261 
Bin 67: 6 35 148 237 529 
Bin 68: 949 996 718 517 382 293 683 
Bin 69: 105 946 484 174 620 
Bin 70: 693 778 443 326 116 
Bin 71: 804 974 926 606 592 950 493 350 
Bin 72: 748 998 684 392 925 695 
Bin 73: 766 426 16 640 691 981 568 
Bin 74: 235 543 210 92 720 639 135 108 
Bin 75: 166 38 159 256 315 498 356 972 
Bin 76: 799 160 593 632 150 207 771 381 642 
Bin 77: 803 535 575 552 917 468 570 
Bin 78: 976 898 551 332 777 240 686 920 331 428 
Bin 79: 689 21 347 583 875 625 988 
Bin 80: 305 238 434 596 779 410 636 
Bin 81: 963 796 246 15 867 325 440 164 914 
Bin 82: 809 563 589 690 590 435 776 291 713 
Bin 83: 649 652 23 115 767 119 197 
Bin 84: 818 353 838 403 138 154 
Bin 85: 665 763 758 412 328 54 
Bin 86: 480 953 945 560 955 351 648 
Bin 87: 941 753 719 103 129 855 612 
Bin 88: 573 737 473 292 478 338 
Bin 89: 989 516 310 750 672 533 
Bin 90: 299 417 333 388 192 621 
Bin 91: 644 833 899 831 476 385 
Bin 92: 685 227 286 888 624 69 80 
Bin 93: 224 734 185 340 199 362 122 682 
Bin 94: 319 631 312 355 673 600 
Bin 95: 860 335 176 262 7 
Bin 96: 217 934 754 448 3 619 657 
Bin 97: 343 437 744 195 303 897 272 
Bin 98: 554 513 864 268 671 26 726 
Bin 99: 413 81 894 226 893 
Bin 100: 337 205 450 398 738 151 361 
Bin 101: 820 578 521 587 497 
Bin 102: 279 203 844 868 96 653 608 811 
Bin 103: 95 692 29 394 508 364 
Bin 104: 320 882 512 961 51 481 534 
Bin 105: 277 602 613 311 482 772 187 
Bin 106: 827 247 609 145 971 
Bin 107: 851 846 992 527 400 576 
Bin 108: 982 75 852 287 842 234 510 
Bin 109: 715 859 406 24 37 327 
Bin 110: 339 349 664 727 700 97 
Bin 111: 984 890 977 72 993 921 
Bin 112: 514 506 511 585 89 360 742 
Bin 113: 120 470 542 519 488 708 
Bin 114: 354 58 564 302 745 90 
Bin 115: 968 688 973 544 793 52 970 
Bin 116: 265 18 775 906 501 280 930 113 
Bin 117: 669 569 878 931 40 806 409 904 
Bin 118: 584 425 676 829 854 317 
Bin 119: 903 774 874 876 773 526 905 
Bin 120: 283 582 250 374 401 919 574 13 189 
Bin 121: 599 156 969 25 801 66 20 677 
Bin 122: 91 458 490 661 944 271 
Bin 123: 244 935 43 717 892 258 
Bin 124: 172 607 344 321 866 383 157 
Bin 125: 395 429 71 782 439 346 144 795 
Bin 126: 50 964 451 266 626 617 2 
Bin 127: 880 407 441 341 114 548 723 5 
Bin 128: 83 714 194 828 752 687 229 34 
Bin 129: 965 467 504 559 751 253 
Bin 130: 814 765 567 421 791 472 942 
Bin 131: 990 822 530 314 158 
Bin 132: 986 991 616 36 666 438 
Bin 133: 285 102 396 571 858 654 722 
Bin 134: 924 670 520 694 44 
Bin 135: 850 471 703 503 711 457 
Bin 136: 177 929 186 88 155 839 491 
Bin 137: 845 423 78 731 316 257 
Bin 138: 233 198 601 721 275 586 985 127 896 
Bin 139: 32 433 983 891 515 222 162 
Bin 140: 877 372 802 211 453 
Bin 141: 4 49 840 743 345 
Bin 142: 532 296 710 789 418 12 
Bin 143: 474 509 741 660 565 213 913 
Bin 144: 61 17 329 825 492 
Bin 145: 667 922 397 334 93 663 318 140 
Bin 146: 740 540 923 370 696 
Bin 147: 243 830 375 549 377 
