# Objective: 77
# Time: 15.346
# Feasible: 1
# Solution:
Bin 0: 479 348 470 134 230 167 131 
Bin 1: 401 116 440 254 284 346 450 49 465 
Bin 2: 71 405 77 129 458 258 
Bin 3: 123 188 339 355 190 
Bin 4: 241 469 7 51 329 253 54 
Bin 5: 360 157 122 394 249 262 144 
Bin 6: 422 390 214 23 75 97 408 
Bin 7: 42 268 74 203 40 324 466 447 
Bin 8: 121 206 433 213 400 
Bin 9: 493 269 72 330 175 142 256 
Bin 10: 96 280 55 413 105 218 445 
Bin 11: 0 130 146 499 76 38 350 120 
Bin 12: 423 171 438 148 111 344 
Bin 13: 353 233 79 378 434 
Bin 14: 386 460 347 2 216 102 288 315 
Bin 15: 115 393 427 321 304 229 381 287 
Bin 16: 260 484 448 478 409 265 
Bin 17: 156 368 124 407 384 64 33 481 
Bin 18: 454 189 244 451 292 404 298 
Bin 19: 487 290 373 410 173 191 421 13 
Bin 20: 185 178 363 494 243 328 126 107 
Bin 21: 331 385 322 182 17 338 
Bin 22: 267 397 78 86 43 291 
Bin 23: 223 151 125 464 176 4 
Bin 24: 52 192 27 455 320 73 66 162 
Bin 25: 164 37 412 143 414 
Bin 26: 100 396 61 285 8 252 36 
Bin 27: 275 211 127 87 371 18 
Bin 28: 225 106 92 351 219 
Bin 29: 266 152 56 15 306 279 443 
Bin 30: 334 343 323 10 336 419 
Bin 31: 153 109 420 250 307 310 357 
Bin 32: 442 9 119 128 108 426 
Bin 33: 217 340 349 248 12 317 
Bin 34: 309 48 70 361 20 486 276 383 
Bin 35: 221 32 228 435 424 264 294 239 242 
Bin 36: 139 226 210 101 416 439 68 
Bin 37: 145 165 476 364 417 60 
Bin 38: 313 198 449 303 118 
Bin 39: 62 272 238 467 457 
Bin 40: 231 453 114 278 205 366 
Bin 41: 220 209 403 251 67 200 
Bin 42: 47 332 26 271 58 135 
Bin 43: 94 495 456 234 491 296 161 474 
Bin 44: 99 359 472 274 155 
Bin 45: 475 208 212 1 30 259 283 
Bin 46: 240 34 245 406 496 
Bin 47: 316 281 204 98 169 356 224 
Bin 48: 297 335 358 436 289 375 166 
Bin 49: 311 431 93 362 136 83 
Bin 50: 65 159 222 485 3 382 140 273 
Bin 51: 374 402 163 186 103 391 21 
Bin 52: 19 207 41 50 282 299 
Bin 53: 117 112 354 319 158 365 
Bin 54: 46 483 89 201 377 
Bin 55: 415 380 488 133 232 376 247 
Bin 56: 301 174 392 57 149 
Bin 57: 379 430 63 257 202 177 
Bin 58: 286 387 399 308 489 110 429 
Bin 59: 411 482 461 168 141 327 
Bin 60: 318 277 370 326 69 95 
Bin 61: 492 132 25 437 389 345 
Bin 62: 490 263 147 14 462 
Bin 63: 480 16 333 497 80 425 255 
Bin 64: 459 170 237 91 398 
Bin 65: 5 468 215 235 180 463 81 
Bin 66: 300 446 53 498 270 432 194 372 
Bin 67: 444 418 246 138 187 59 
Bin 68: 305 154 341 39 44 473 
Bin 69: 199 160 150 197 293 181 29 
Bin 70: 428 24 35 184 195 11 
Bin 71: 193 388 261 369 45 172 90 
Bin 72: 22 84 441 367 113 
Bin 73: 85 314 196 179 477 82 
Bin 74: 137 325 28 395 471 227 452 295 
Bin 75: 236 302 88 183 342 352 
Bin 76: 337 104 31 6 312 
