# Objective: 20
# Time: 0.246353
# Feasible: 1
# Solution:
Bin 0: 73 54 20 93 100 49 
Bin 1: 19 43 50 103 57 76 
Bin 2: 109 24 45 75 62 86 
Bin 3: 23 1 51 117 77 18 
Bin 4: 10 40 87 113 28 29 0 108 
Bin 5: 115 34 71 63 32 102 84 
Bin 6: 107 74 33 11 53 114 67 
Bin 7: 116 47 17 79 85 112 
Bin 8: 95 91 36 70 66 90 
Bin 9: 25 99 101 61 30 92 3 60 
Bin 10: 13 56 14 55 52 111 
Bin 11: 118 59 7 4 12 
Bin 12: 2 39 22 106 21 
Bin 13: 110 41 80 96 8 64 
Bin 14: 72 82 15 68 98 5 
Bin 15: 69 94 97 89 35 119 27 46 37 
Bin 16: 65 42 6 31 78 26 9 
Bin 17: 105 83 88 81 
Bin 18: 16 38 44 48 58 
Bin 19: 104 
