# Objective: 75
# Time: 16.0661
# Feasible: 1
# Solution:
Bin 0: 358 208 256 200 57 279 40 
Bin 1: 176 418 228 468 150 435 263 
Bin 2: 498 76 19 362 217 412 413 
Bin 3: 85 286 83 225 300 41 
Bin 4: 148 147 246 38 338 39 84 
Bin 5: 170 444 434 122 321 327 
Bin 6: 313 329 371 351 133 311 
Bin 7: 295 375 298 0 342 467 226 
Bin 8: 484 422 423 34 237 115 
Bin 9: 308 480 409 424 285 106 331 25 332 
Bin 10: 466 47 23 408 140 368 192 136 
Bin 11: 154 462 268 442 380 194 348 491 
Bin 12: 252 406 221 384 482 216 255 
Bin 13: 248 294 318 267 159 497 
Bin 14: 142 14 27 309 180 
Bin 15: 272 304 433 353 490 53 
Bin 16: 15 4 314 58 402 201 
Bin 17: 282 125 363 149 370 461 73 
Bin 18: 171 352 80 486 292 306 
Bin 19: 355 203 239 139 445 
Bin 20: 61 275 108 356 94 399 
Bin 21: 174 493 441 470 281 29 42 207 112 
Bin 22: 101 264 238 99 105 151 
Bin 23: 46 86 247 307 28 131 
Bin 24: 209 118 322 138 30 135 213 
Bin 25: 184 495 253 59 452 229 245 
Bin 26: 241 158 230 492 270 51 291 266 
Bin 27: 88 457 183 65 163 141 146 404 
Bin 28: 31 283 235 373 92 44 
Bin 29: 81 68 152 374 465 6 128 
Bin 30: 464 24 190 91 134 440 277 
Bin 31: 383 1 357 186 398 64 448 
Bin 32: 155 143 156 354 315 447 69 
Bin 33: 438 336 234 254 369 335 324 
Bin 34: 32 48 316 161 297 166 339 407 
Bin 35: 218 392 60 167 488 13 419 388 116 
Bin 36: 107 436 243 367 449 185 425 
Bin 37: 333 227 172 43 403 389 476 
Bin 38: 199 193 414 325 381 479 157 
Bin 39: 305 259 343 9 427 
Bin 40: 11 45 360 310 2 483 450 
Bin 41: 289 35 97 249 496 50 21 
Bin 42: 242 7 350 126 195 16 489 
Bin 43: 459 33 347 82 54 211 113 
Bin 44: 471 5 95 110 346 191 
Bin 45: 132 215 432 429 430 284 
Bin 46: 400 175 273 334 485 391 
Bin 47: 377 330 378 71 394 129 317 
Bin 48: 236 463 262 173 77 439 382 
Bin 49: 271 205 55 219 36 341 379 
Bin 50: 288 224 202 251 390 393 98 114 411 
Bin 51: 395 417 387 250 117 240 124 269 265 
Bin 52: 169 160 67 280 359 52 260 
Bin 53: 70 244 220 478 75 326 
Bin 54: 79 123 415 89 344 87 
Bin 55: 345 214 49 410 469 401 
Bin 56: 103 168 302 100 385 426 3 
Bin 57: 487 198 453 210 319 454 
Bin 58: 320 499 197 102 397 204 349 
Bin 59: 206 78 460 93 104 10 
Bin 60: 153 328 274 177 165 366 
Bin 61: 196 127 473 475 22 
Bin 62: 26 437 12 431 257 301 162 
Bin 63: 233 421 121 278 299 258 130 
Bin 64: 63 137 232 290 364 72 451 
Bin 65: 428 474 119 212 386 56 287 
Bin 66: 472 456 416 18 145 
Bin 67: 323 494 481 376 396 111 
Bin 68: 144 178 372 361 66 187 
Bin 69: 261 276 179 62 188 109 
Bin 70: 455 458 90 20 17 420 
Bin 71: 96 120 74 365 296 181 446 
Bin 72: 443 8 340 37 231 
Bin 73: 303 405 337 312 222 223 
Bin 74: 189 477 164 293 182 
