# Objective: 75
# Time: 21.2668
# Feasible: 1
# Solution:
Bin 0: 313 229 31 486 244 90 440 
Bin 1: 386 242 291 391 155 163 280 
Bin 2: 271 290 219 460 409 166 108 322 497 
Bin 3: 103 335 268 362 26 261 479 141 
Bin 4: 304 29 281 80 483 360 17 410 
Bin 5: 408 188 490 378 347 245 488 
Bin 6: 453 249 102 265 30 89 207 
Bin 7: 16 339 160 158 60 10 227 445 
Bin 8: 401 383 426 197 399 24 316 
Bin 9: 25 194 260 250 297 449 
Bin 10: 6 448 328 61 4 341 477 
Bin 11: 167 319 184 256 172 52 454 279 
Bin 12: 498 49 321 235 65 
Bin 13: 165 405 34 247 329 92 127 
Bin 14: 266 3 390 189 419 171 81 380 
Bin 15: 444 437 204 59 455 282 147 
Bin 16: 364 37 354 236 82 11 
Bin 17: 98 417 394 36 114 301 
Bin 18: 238 311 254 485 109 66 35 241 27 337 
Bin 19: 243 345 375 343 382 395 
Bin 20: 200 451 342 121 475 367 
Bin 21: 7 277 22 32 85 187 
Bin 22: 73 176 23 164 5 88 
Bin 23: 338 58 64 495 77 125 
Bin 24: 357 201 435 68 159 433 
Bin 25: 84 130 182 402 327 462 
Bin 26: 348 388 344 174 423 156 
Bin 27: 389 350 169 312 285 381 
Bin 28: 333 193 276 415 474 
Bin 29: 135 179 289 86 133 0 209 434 
Bin 30: 99 39 71 118 70 
Bin 31: 278 257 20 208 113 232 370 
Bin 32: 96 325 239 9 178 267 269 473 
Bin 33: 216 499 463 237 106 309 429 480 
Bin 34: 255 258 57 78 366 123 
Bin 35: 129 298 240 2 466 100 42 
Bin 36: 18 351 286 195 443 14 376 314 
Bin 37: 120 482 210 432 105 353 191 
Bin 38: 493 177 46 422 140 76 226 97 374 
Bin 39: 491 471 355 441 206 63 
Bin 40: 270 331 310 124 51 
Bin 41: 112 263 111 487 67 387 
Bin 42: 334 21 181 218 83 420 385 
Bin 43: 107 436 151 116 138 318 
Bin 44: 87 93 214 489 170 145 472 393 12 
Bin 45: 19 161 425 283 302 356 
Bin 46: 221 492 469 62 494 346 
Bin 47: 407 293 478 292 456 481 131 
Bin 48: 198 372 110 287 358 199 
Bin 49: 317 307 264 224 185 252 430 
Bin 50: 47 203 173 91 168 332 396 447 
Bin 51: 253 416 404 398 461 294 180 
Bin 52: 246 427 305 446 139 442 457 
Bin 53: 72 397 144 154 95 136 
Bin 54: 418 288 211 428 142 400 368 
Bin 55: 54 352 230 192 74 349 300 43 
Bin 56: 412 295 33 275 231 
Bin 57: 53 101 150 414 233 262 217 
Bin 58: 470 132 15 496 484 
Bin 59: 222 439 384 205 452 465 
Bin 60: 476 403 175 117 126 450 148 
Bin 61: 284 55 149 134 464 359 202 
Bin 62: 363 79 228 306 162 
Bin 63: 40 326 308 324 296 413 8 459 
Bin 64: 50 190 320 152 69 259 157 
Bin 65: 213 94 183 220 45 315 
Bin 66: 143 365 153 379 104 340 
Bin 67: 251 303 128 438 369 
Bin 68: 272 431 223 38 215 377 
Bin 69: 248 274 336 299 137 
Bin 70: 146 1 44 186 225 28 
Bin 71: 373 392 411 119 323 
Bin 72: 196 13 361 122 406 421 115 
Bin 73: 371 467 424 48 234 56 468 
Bin 74: 41 458 212 75 330 273 
