# Objective: 96
# Time: 3.40386
# Feasible: 1
# Solution:
Bin 0: 21 52 192 156 94 476 308 
Bin 1: 15 58 70 252 46 294 427 
Bin 2: 348 191 140 399 434 373 470 456 56 
Bin 3: 167 446 231 370 351 
Bin 4: 286 212 369 257 310 118 
Bin 5: 108 403 57 280 244 394 199 
Bin 6: 304 67 382 452 225 181 146 302 429 200 
Bin 7: 75 468 264 379 165 413 141 
Bin 8: 202 182 136 463 266 469 
Bin 9: 332 138 221 323 462 269 366 312 
Bin 10: 194 20 362 367 206 292 198 
Bin 11: 325 414 107 133 69 424 10 99 
Bin 12: 343 119 390 471 131 208 374 
Bin 13: 415 327 128 114 81 499 363 
Bin 14: 147 243 82 421 218 4 
Bin 15: 126 345 65 416 40 472 
Bin 16: 354 339 61 223 384 
Bin 17: 63 437 297 115 116 216 24 
Bin 18: 455 381 163 175 473 227 172 
Bin 19: 2 288 453 183 490 474 272 
Bin 20: 109 31 29 284 106 380 480 282 
Bin 21: 72 404 53 317 96 482 98 
Bin 22: 117 460 493 400 142 300 161 232 
Bin 23: 17 176 159 447 270 153 
Bin 24: 357 450 477 13 361 487 49 
Bin 25: 143 9 44 389 298 88 392 291 
Bin 26: 260 90 412 444 3 37 32 
Bin 27: 154 409 111 349 419 158 
Bin 28: 263 261 466 135 129 
Bin 29: 335 268 372 281 454 48 
Bin 30: 215 488 180 274 105 210 
Bin 31: 64 296 209 285 170 
Bin 32: 258 496 377 196 211 27 101 
Bin 33: 179 201 234 449 289 
Bin 34: 364 186 443 313 229 333 
Bin 35: 393 139 478 203 458 93 76 1 
Bin 36: 467 255 418 86 486 245 
Bin 37: 246 124 51 330 177 60 
Bin 38: 417 405 387 251 426 222 84 
Bin 39: 41 8 385 336 230 428 305 262 
Bin 40: 0 318 356 226 401 83 
Bin 41: 494 123 344 267 398 130 495 457 
Bin 42: 78 134 240 410 174 253 
Bin 43: 102 168 402 287 122 127 
Bin 44: 320 235 148 329 
Bin 45: 254 224 448 18 54 164 195 
Bin 46: 26 360 184 436 91 
Bin 47: 303 481 190 219 185 150 
Bin 48: 36 319 187 228 30 265 
Bin 49: 110 459 422 383 247 277 
Bin 50: 104 97 28 342 
Bin 51: 307 112 484 259 80 423 346 
Bin 52: 250 306 340 237 293 256 275 
Bin 53: 331 73 248 433 461 
Bin 54: 334 205 11 479 71 407 188 
Bin 55: 350 485 62 173 464 358 465 55 
Bin 56: 43 149 151 171 
Bin 57: 204 68 337 311 25 89 
Bin 58: 23 144 368 314 430 
Bin 59: 85 66 376 59 220 
Bin 60: 100 214 347 411 
Bin 61: 33 120 113 42 442 
Bin 62: 420 197 103 408 
Bin 63: 14 440 
Bin 64: 125 155 
Bin 65: 121 162 378 
Bin 66: 239 87 431 445 326 451 290 5 
Bin 67: 77 22 396 35 438 74 
Bin 68: 491 6 
Bin 69: 79 47 
Bin 70: 19 397 178 
Bin 71: 406 16 
Bin 72: 50 145 160 278 
Bin 73: 137 375 489 12 
Bin 74: 322 249 242 315 193 
Bin 75: 435 341 236 365 441 371 497 
Bin 76: 152 498 309 92 
Bin 77: 273 301 34 233 
Bin 78: 352 324 316 45 
Bin 79: 283 483 
Bin 80: 355 386 321 391 217 
Bin 81: 241 388 
Bin 82: 166 276 
Bin 83: 271 492 
Bin 84: 299 295 475 
Bin 85: 157 95 
Bin 86: 338 432 39 395 
Bin 87: 279 132 
Bin 88: 189 425 169 
Bin 89: 207 
Bin 90: 353 
Bin 91: 359 
Bin 92: 328 213 
Bin 93: 38 7 
Bin 94: 439 
Bin 95: 238 
