# Objective: 38
# Time: 2.48222
# Feasible: 1
# Solution:
Bin 0: 215 88 195 52 222 226 31 
Bin 1: 23 203 18 80 12 119 244 99 
Bin 2: 142 39 149 159 36 
Bin 3: 74 188 67 206 162 115 16 
Bin 4: 78 108 90 157 8 201 14 83 134 
Bin 5: 232 229 146 209 64 25 26 
Bin 6: 218 147 238 164 155 111 43 
Bin 7: 175 167 79 224 38 100 
Bin 8: 62 56 2 231 150 
Bin 9: 5 202 172 135 216 13 133 
Bin 10: 212 205 77 240 214 47 
Bin 11: 217 22 37 228 143 151 
Bin 12: 183 44 177 191 199 204 117 
Bin 13: 154 197 126 208 174 171 
Bin 14: 158 223 107 180 118 
Bin 15: 161 82 95 20 179 246 
Bin 16: 123 57 30 59 15 93 
Bin 17: 239 104 28 211 4 6 169 168 76 
Bin 18: 153 148 141 132 245 138 221 112 
Bin 19: 50 70 210 220 185 69 113 
Bin 20: 29 145 72 92 247 3 17 
Bin 21: 96 101 194 49 114 176 
Bin 22: 98 106 53 48 192 129 140 84 
Bin 23: 19 71 230 186 63 160 
Bin 24: 166 109 152 40 27 45 225 184 
Bin 25: 127 200 137 178 242 21 9 173 
Bin 26: 87 7 198 219 182 11 237 
Bin 27: 73 207 213 41 75 
Bin 28: 97 103 61 46 124 34 
Bin 29: 189 121 116 227 136 233 130 
Bin 30: 0 139 81 86 65 187 
Bin 31: 42 55 94 110 91 
Bin 32: 35 234 248 193 128 32 68 
Bin 33: 85 10 181 51 196 125 
Bin 34: 1 102 33 190 122 165 235 144 
Bin 35: 120 58 170 24 60 243 
Bin 36: 156 105 54 131 249 
Bin 37: 241 163 66 89 236 
