# Objective: 75
# Time: 16.1663
# Feasible: 1
# Solution:
Bin 0: 260 70 301 10 432 248 50 210 438 283 
Bin 1: 165 49 73 437 445 29 370 224 229 37 
Bin 2: 399 341 303 108 15 122 
Bin 3: 92 211 38 416 21 313 
Bin 4: 35 444 468 281 157 338 
Bin 5: 109 302 499 392 80 409 110 333 452 
Bin 6: 113 56 91 375 481 343 
Bin 7: 369 187 362 190 156 460 
Bin 8: 296 146 153 246 266 389 175 
Bin 9: 287 215 294 308 429 
Bin 10: 51 136 317 133 47 243 363 382 169 85 
Bin 11: 327 263 87 129 43 44 265 359 171 346 147 
Bin 12: 427 484 241 276 242 162 
Bin 13: 436 453 388 101 292 174 
Bin 14: 280 285 446 82 252 102 59 
Bin 15: 200 337 489 5 496 41 
Bin 16: 119 99 2 291 158 448 487 
Bin 17: 345 33 52 184 493 356 306 
Bin 18: 455 244 84 251 69 398 
Bin 19: 268 476 264 13 418 426 166 
Bin 20: 143 9 11 478 277 105 30 185 262 
Bin 21: 203 98 126 449 462 76 189 293 137 
Bin 22: 100 421 172 319 273 
Bin 23: 383 45 498 20 94 480 75 
Bin 24: 401 304 90 366 183 115 
Bin 25: 428 32 141 207 393 
Bin 26: 148 26 159 48 142 40 
Bin 27: 214 131 8 440 176 188 367 
Bin 28: 275 155 173 83 231 67 450 
Bin 29: 381 404 42 150 191 400 218 
Bin 30: 355 288 390 443 451 284 86 
Bin 31: 387 320 72 74 240 365 325 199 
Bin 32: 470 152 27 238 180 
Bin 33: 132 106 430 491 360 65 267 
Bin 34: 121 348 233 441 127 485 378 
Bin 35: 96 447 309 258 245 201 167 128 
Bin 36: 463 239 377 297 384 
Bin 37: 435 473 396 212 19 
Bin 38: 221 420 379 46 414 134 234 469 95 454 
Bin 39: 385 497 88 349 149 
Bin 40: 422 182 278 4 61 259 202 
Bin 41: 28 315 371 145 335 336 181 
Bin 42: 130 353 347 486 170 230 
Bin 43: 89 206 269 361 329 64 
Bin 44: 140 394 397 216 339 323 
Bin 45: 289 257 81 419 3 412 311 
Bin 46: 411 316 324 177 0 124 495 
Bin 47: 97 193 415 250 330 123 
Bin 48: 25 402 300 236 31 
Bin 49: 310 58 342 458 461 
Bin 50: 328 63 192 340 198 326 
Bin 51: 272 352 23 286 474 290 194 483 
Bin 52: 125 118 471 237 405 344 270 408 274 
Bin 53: 477 226 331 351 186 79 
Bin 54: 222 18 282 34 439 299 179 
Bin 55: 424 391 107 321 261 219 
Bin 56: 24 111 472 350 395 
Bin 57: 298 112 144 488 307 482 
Bin 58: 334 93 54 357 36 223 
Bin 59: 433 209 71 217 1 114 151 
Bin 60: 232 442 376 271 204 295 
Bin 61: 117 457 425 17 68 
Bin 62: 39 490 253 492 178 254 135 255 
Bin 63: 66 62 7 163 279 374 368 380 
Bin 64: 407 208 116 249 431 358 
Bin 65: 322 154 205 256 220 354 
Bin 66: 467 196 318 12 417 197 225 403 423 
Bin 67: 22 161 364 57 16 
Bin 68: 77 138 228 6 465 332 60 
Bin 69: 168 195 459 406 413 373 314 164 227 
Bin 70: 479 386 78 456 55 
Bin 71: 312 235 104 466 53 103 
Bin 72: 475 372 213 305 247 
Bin 73: 14 494 120 139 160 
Bin 74: 410 434 464 
