# Objective: 37
# Time: 1.25071
# Feasible: 1
# Solution:
Bin 0: 39 142 128 112 26 156 183 38 
Bin 1: 18 110 108 69 248 227 60 118 
Bin 2: 0 14 229 93 81 17 48 67 
Bin 3: 24 6 49 106 235 59 78 217 
Bin 4: 43 63 158 247 22 192 164 
Bin 5: 171 77 2 167 234 163 139 44 
Bin 6: 195 245 66 12 141 34 134 
Bin 7: 84 214 240 40 117 
Bin 8: 80 4 45 157 226 232 114 104 73 
Bin 9: 145 223 228 152 159 203 82 
Bin 10: 172 111 150 36 237 113 
Bin 11: 222 137 3 190 9 189 42 
Bin 12: 29 148 16 105 210 166 123 
Bin 13: 86 196 41 100 124 74 101 
Bin 14: 132 76 186 205 215 7 
Bin 15: 20 138 28 70 65 239 136 8 
Bin 16: 52 32 233 198 97 87 
Bin 17: 53 175 122 27 236 
Bin 18: 15 238 127 140 213 115 209 
Bin 19: 54 13 23 33 207 181 
Bin 20: 11 176 31 55 185 241 218 
Bin 21: 72 99 161 94 178 
Bin 22: 71 197 201 88 168 151 61 62 
Bin 23: 244 224 208 126 146 46 
Bin 24: 193 206 184 179 125 212 121 
Bin 25: 25 220 83 225 231 91 102 
Bin 26: 57 58 230 119 68 194 147 
Bin 27: 199 35 204 249 5 211 
Bin 28: 162 191 135 103 64 173 130 
Bin 29: 116 89 221 202 143 
Bin 30: 182 30 219 96 75 1 
Bin 31: 144 50 169 120 79 243 188 
Bin 32: 129 95 170 155 92 
Bin 33: 246 160 154 47 109 10 174 180 90 
Bin 34: 19 165 37 200 21 242 
Bin 35: 216 153 98 56 107 149 133 
Bin 36: 85 177 131 187 51 
