# Objective: 152
# Time: 201.703
# Feasible: 1
# Solution:
Bin 0: 226 536 141 341 186 518 510 776 
Bin 1: 184 740 135 7 612 232 216 85 
Bin 2: 888 970 927 581 387 105 
Bin 3: 551 457 12 586 263 
Bin 4: 984 201 967 353 312 685 443 
Bin 5: 107 898 633 140 662 933 
Bin 6: 828 873 607 56 148 648 
Bin 7: 736 274 545 233 855 376 
Bin 8: 991 463 496 897 764 803 490 800 728 
Bin 9: 124 266 485 123 589 860 450 
Bin 10: 242 398 165 35 978 887 
Bin 11: 469 79 409 867 121 630 538 294 
Bin 12: 708 229 768 840 177 975 
Bin 13: 996 940 985 995 565 912 
Bin 14: 278 211 947 601 130 158 758 
Bin 15: 420 937 584 909 206 832 
Bin 16: 501 842 172 142 51 876 327 706 
Bin 17: 715 416 582 45 284 779 879 796 739 
Bin 18: 986 356 775 271 385 687 
Bin 19: 50 421 32 243 178 414 213 722 690 
Bin 20: 132 419 21 772 472 562 
Bin 21: 280 296 567 239 108 934 
Bin 22: 979 926 704 843 5 941 962 
Bin 23: 994 481 218 691 219 44 157 
Bin 24: 240 473 169 765 464 
Bin 25: 891 351 231 381 439 
Bin 26: 282 425 70 34 133 471 
Bin 27: 597 373 771 380 716 160 
Bin 28: 804 814 823 270 318 976 400 
Bin 29: 517 187 847 28 990 576 427 684 
Bin 30: 445 23 308 337 71 
Bin 31: 434 189 615 872 731 120 
Bin 32: 593 540 204 732 988 789 603 
Bin 33: 848 668 61 441 548 865 150 
Bin 34: 683 657 717 480 405 679 
Bin 35: 913 577 631 72 896 
Bin 36: 67 418 902 129 119 
Bin 37: 375 19 835 110 188 383 82 
Bin 38: 196 932 834 963 260 660 
Bin 39: 924 727 310 756 672 220 745 
Bin 40: 328 642 805 811 104 546 938 
Bin 41: 598 711 315 519 455 798 451 
Bin 42: 861 42 428 950 983 11 253 
Bin 43: 448 30 476 377 742 424 185 402 
Bin 44: 99 537 625 131 86 568 705 553 
Bin 45: 959 1 512 33 707 816 
Bin 46: 637 930 526 817 247 
Bin 47: 163 332 646 103 379 127 
Bin 48: 862 966 793 453 298 714 154 
Bin 49: 599 719 138 431 365 729 77 
Bin 50: 144 554 269 265 791 833 74 
Bin 51: 217 149 971 521 543 723 366 
Bin 52: 528 766 757 224 214 486 810 388 
Bin 53: 750 372 394 830 255 935 767 
Bin 54: 354 369 202 948 125 557 638 368 
Bin 55: 655 183 611 397 549 361 313 164 
Bin 56: 60 945 259 500 925 523 
Bin 57: 145 951 91 370 738 812 
Bin 58: 237 333 227 770 525 
Bin 59: 73 737 956 137 442 228 
Bin 60: 467 530 871 98 407 
Bin 61: 919 234 413 845 262 699 
Bin 62: 516 489 874 595 47 730 
Bin 63: 773 664 465 170 910 
Bin 64: 128 389 695 578 734 591 
Bin 65: 620 920 651 529 689 155 440 
Bin 66: 916 205 514 606 335 257 
Bin 67: 688 973 915 826 281 
Bin 68: 190 511 762 677 647 329 
Bin 69: 444 506 868 311 304 726 477 
Bin 70: 279 960 555 159 869 870 
Bin 71: 693 484 384 339 785 900 113 
Bin 72: 965 198 692 825 291 813 
Bin 73: 392 97 709 610 344 614 
Bin 74: 724 806 364 989 283 
Bin 75: 340 199 982 261 236 24 22 
Bin 76: 176 542 146 675 68 914 
Bin 77: 504 535 992 115 857 844 
Bin 78: 782 560 411 533 635 838 795 901 
Bin 79: 899 180 839 46 632 126 
Bin 80: 822 36 864 396 928 498 
Bin 81: 334 100 460 524 507 40 343 69 746 753 
Bin 82: 809 102 143 479 53 325 681 207 303 
Bin 83: 309 895 846 175 342 433 466 
Bin 84: 430 703 587 499 889 944 619 718 
Bin 85: 287 173 191 84 181 10 609 939 
Bin 86: 774 831 629 362 854 331 461 
Bin 87: 639 151 999 221 37 859 907 652 
Bin 88: 475 288 602 20 267 997 
Bin 89: 212 949 256 998 43 572 235 
Bin 90: 713 222 760 585 292 147 
Bin 91: 566 359 783 408 680 563 
Bin 92: 136 550 906 943 710 661 306 627 
Bin 93: 858 244 468 112 26 355 580 
Bin 94: 401 531 286 415 62 437 720 
Bin 95: 509 208 640 569 161 673 316 
Bin 96: 558 820 210 532 544 654 
Bin 97: 503 755 209 374 777 134 
Bin 98: 76 794 168 58 459 166 
Bin 99: 686 741 391 515 903 
Bin 100: 968 197 27 670 382 403 628 152 694 225 
Bin 101: 317 139 456 390 2 378 
Bin 102: 778 784 853 0 462 880 878 658 483 
Bin 103: 792 881 4 735 626 837 
Bin 104: 15 787 322 314 194 605 106 
Bin 105: 513 302 399 650 6 478 
Bin 106: 321 969 592 621 352 
Bin 107: 981 696 285 613 95 961 527 
Bin 108: 14 922 300 17 583 39 88 608 
Bin 109: 31 277 799 955 665 203 725 
Bin 110: 251 761 653 446 856 600 
Bin 111: 65 323 547 252 491 824 
Bin 112: 492 447 700 435 852 
Bin 113: 117 643 470 645 958 
Bin 114: 167 571 759 769 698 954 
Bin 115: 109 299 539 307 763 215 
Bin 116: 25 641 829 616 575 474 
Bin 117: 674 863 122 404 617 254 917 
Bin 118: 682 295 393 497 676 348 882 
Bin 119: 821 748 59 80 52 957 649 
Bin 120: 520 49 797 449 78 
Bin 121: 918 75 754 952 493 345 
Bin 122: 849 508 850 541 289 
Bin 123: 667 744 666 18 552 349 
Bin 124: 751 570 89 179 636 454 
Bin 125: 936 432 618 367 594 195 893 
Bin 126: 386 964 276 827 111 534 13 929 
Bin 127: 702 101 596 564 412 38 320 
Bin 128: 747 87 743 494 908 733 153 
Bin 129: 264 987 894 644 426 66 9 841 48 
Bin 130: 57 818 90 305 890 29 905 248 
Bin 131: 974 423 946 807 156 81 942 
Bin 132: 238 701 836 8 357 92 656 721 116 
Bin 133: 360 886 487 851 246 406 
Bin 134: 162 590 573 588 697 436 
Bin 135: 273 3 604 324 268 752 659 
Bin 136: 815 346 749 808 371 911 93 
Bin 137: 417 249 200 875 495 781 458 96 
Bin 138: 931 452 663 245 258 953 
Bin 139: 114 338 624 623 326 94 
Bin 140: 350 819 182 293 877 
Bin 141: 250 634 972 678 502 118 
Bin 142: 192 63 559 904 556 41 
Bin 143: 363 297 358 336 884 786 
Bin 144: 802 301 223 83 993 438 
Bin 145: 54 980 892 230 395 64 522 
Bin 146: 790 866 422 885 193 883 
Bin 147: 429 977 921 319 801 16 
Bin 148: 410 579 55 669 171 
Bin 149: 241 574 712 488 788 174 561 
Bin 150: 272 780 482 275 505 330 
Bin 151: 622 290 923 347 671 
