# Objective: 75
# Time: 14.7575
# Feasible: 1
# Solution:
Bin 0: 63 214 47 231 381 48 60 210 325 
Bin 1: 150 45 87 498 349 201 399 
Bin 2: 20 194 466 6 224 314 493 462 485 
Bin 3: 140 67 200 467 221 29 165 473 
Bin 4: 254 21 4 142 196 337 19 
Bin 5: 370 258 342 16 273 151 443 
Bin 6: 282 131 450 487 198 160 346 
Bin 7: 419 286 50 294 460 52 230 
Bin 8: 453 334 448 417 408 302 
Bin 9: 262 33 72 0 348 
Bin 10: 215 298 229 97 35 8 
Bin 11: 14 105 78 22 347 259 
Bin 12: 114 116 452 271 426 303 108 
Bin 13: 178 193 216 100 129 84 316 
Bin 14: 470 13 475 228 300 11 
Bin 15: 204 459 454 167 394 499 423 
Bin 16: 494 313 239 255 410 
Bin 17: 267 429 243 251 39 9 111 
Bin 18: 486 283 195 132 227 312 
Bin 19: 82 5 352 37 265 442 290 
Bin 20: 249 99 119 226 495 
Bin 21: 133 15 368 433 331 172 
Bin 22: 491 36 250 424 270 220 336 
Bin 23: 268 397 380 199 245 69 46 
Bin 24: 238 209 192 162 123 135 95 
Bin 25: 319 409 138 482 490 55 363 
Bin 26: 205 405 115 412 232 43 90 
Bin 27: 141 157 203 403 86 24 126 463 
Bin 28: 117 134 465 323 112 284 240 
Bin 29: 451 280 476 57 469 
Bin 30: 401 301 438 124 365 164 236 185 
Bin 31: 68 360 179 375 59 339 225 445 
Bin 32: 440 276 455 49 447 479 
Bin 33: 477 148 305 435 66 492 253 
Bin 34: 18 478 42 176 173 77 
Bin 35: 427 260 272 208 320 436 213 
Bin 36: 393 161 353 420 44 474 
Bin 37: 431 170 241 391 139 
Bin 38: 81 158 83 153 7 321 147 
Bin 39: 378 32 65 345 125 30 256 449 376 
Bin 40: 269 471 10 388 441 439 
Bin 41: 64 53 332 395 291 121 
Bin 42: 23 248 184 264 2 343 306 
Bin 43: 17 484 79 396 297 182 
Bin 44: 458 183 461 457 144 
Bin 45: 446 263 234 351 357 94 91 377 
Bin 46: 1 384 310 422 110 421 
Bin 47: 61 400 261 425 217 177 222 
Bin 48: 366 329 26 356 362 128 304 
Bin 49: 180 75 175 71 152 187 
Bin 50: 181 406 340 330 130 285 154 413 
Bin 51: 416 364 335 120 235 
Bin 52: 430 315 31 186 354 
Bin 53: 279 318 257 189 40 344 414 
Bin 54: 341 374 390 328 385 247 
Bin 55: 159 402 106 54 359 168 
Bin 56: 38 488 56 163 296 207 
Bin 57: 324 92 404 497 464 299 
Bin 58: 472 41 136 379 350 25 
Bin 59: 211 277 361 93 489 252 292 
Bin 60: 73 202 107 197 103 415 190 
Bin 61: 127 398 70 88 171 371 373 85 80 
Bin 62: 169 206 338 275 326 113 407 
Bin 63: 369 58 242 386 327 432 295 
Bin 64: 244 367 137 333 281 98 274 3 
Bin 65: 387 317 383 278 289 233 
Bin 66: 74 12 392 143 62 118 174 437 
Bin 67: 287 51 266 293 27 309 496 
Bin 68: 480 308 483 481 191 76 418 
Bin 69: 218 89 355 372 34 96 389 
Bin 70: 219 109 322 382 223 246 237 
Bin 71: 146 444 104 122 145 311 28 
Bin 72: 411 156 212 149 434 468 
Bin 73: 188 456 102 428 155 
Bin 74: 288 101 358 166 307 
