# Objective: 78
# Time: 11.53
# Feasible: 1
# Solution:
Bin 0: 19 67 244 243 134 306 442 
Bin 1: 41 389 314 376 100 
Bin 2: 129 396 128 401 38 494 
Bin 3: 7 163 220 86 59 264 169 363 
Bin 4: 99 434 387 216 270 28 288 
Bin 5: 123 305 87 358 206 261 
Bin 6: 171 362 359 42 256 258 
Bin 7: 345 177 298 354 463 
Bin 8: 406 147 388 135 118 
Bin 9: 36 217 294 274 374 200 187 
Bin 10: 469 107 120 68 2 127 64 458 62 
Bin 11: 496 197 292 90 167 214 234 105 1 
Bin 12: 431 255 12 125 182 126 
Bin 13: 56 245 452 353 290 93 
Bin 14: 300 323 205 101 371 437 
Bin 15: 82 428 235 25 145 302 69 
Bin 16: 27 331 425 215 37 400 
Bin 17: 380 251 348 355 133 201 155 
Bin 18: 4 480 239 321 405 
Bin 19: 124 432 364 326 311 10 284 392 
Bin 20: 238 407 497 76 429 229 183 
Bin 21: 454 204 188 296 281 132 
Bin 22: 394 498 357 395 492 94 
Bin 23: 322 415 154 275 381 377 
Bin 24: 79 277 301 484 21 
Bin 25: 202 332 350 43 158 307 115 11 
Bin 26: 190 237 74 31 218 
Bin 27: 15 208 450 159 231 259 459 199 
Bin 28: 340 212 39 45 33 404 468 
Bin 29: 403 121 146 209 233 263 
Bin 30: 84 242 410 271 286 390 
Bin 31: 223 411 157 48 130 315 
Bin 32: 102 485 424 203 228 32 435 427 
Bin 33: 230 55 438 260 342 210 285 
Bin 34: 443 402 44 40 211 391 487 
Bin 35: 491 246 153 156 335 122 178 198 
Bin 36: 196 474 80 104 185 151 
Bin 37: 46 471 276 142 47 30 249 
Bin 38: 409 34 451 297 439 162 
Bin 39: 236 309 114 221 328 398 
Bin 40: 113 303 278 489 71 456 241 
Bin 41: 318 0 386 131 472 
Bin 42: 112 186 72 57 289 373 
Bin 43: 248 165 375 51 5 479 111 192 
Bin 44: 422 78 6 103 179 75 
Bin 45: 247 35 170 81 352 
Bin 46: 287 346 219 54 475 24 481 
Bin 47: 368 384 418 347 317 26 446 
Bin 48: 184 310 96 444 195 88 
Bin 49: 413 13 194 436 273 423 20 482 
Bin 50: 58 119 467 141 383 23 393 
Bin 51: 106 140 382 499 440 66 207 344 
Bin 52: 308 97 53 268 408 117 495 92 
Bin 53: 313 227 252 262 379 
Bin 54: 325 361 291 486 420 254 164 
Bin 55: 320 414 279 108 453 461 176 
Bin 56: 175 457 399 173 372 63 152 
Bin 57: 419 166 22 349 265 
Bin 58: 138 280 257 327 397 
Bin 59: 16 253 149 150 412 370 426 
Bin 60: 462 378 225 172 160 
Bin 61: 337 191 330 293 181 98 266 9 
Bin 62: 29 226 95 14 283 
Bin 63: 18 460 417 232 416 324 336 445 
Bin 64: 430 144 488 17 356 478 8 224 
Bin 65: 490 441 483 465 385 
Bin 66: 267 139 60 360 448 85 
Bin 67: 334 116 466 77 421 464 455 161 369 
Bin 68: 109 282 148 329 143 250 
Bin 69: 110 213 83 473 339 
Bin 70: 65 319 180 137 3 89 
Bin 71: 50 470 91 189 52 272 
Bin 72: 312 136 295 61 73 240 
Bin 73: 476 70 316 366 493 
Bin 74: 449 447 269 333 299 477 
Bin 75: 193 222 338 351 49 343 304 
Bin 76: 365 433 168 341 
Bin 77: 367 174 
