# Objective: 18
# Time: 0.409309
# Feasible: 1
# Solution:
Bin 0: 47 40 118 22 112 94 30 3 
Bin 1: 33 35 73 0 93 
Bin 2: 5 115 6 95 21 56 29 82 
Bin 3: 2 88 79 68 100 
Bin 4: 114 108 71 9 116 91 11 
Bin 5: 67 54 23 99 111 89 44 61 69 
Bin 6: 62 37 78 55 42 64 31 66 
Bin 7: 72 70 106 45 17 39 84 
Bin 8: 76 4 13 8 119 10 43 75 
Bin 9: 48 1 109 38 53 
Bin 10: 87 25 117 49 12 57 
Bin 11: 50 46 101 104 103 15 60 
Bin 12: 105 16 83 74 92 
Bin 13: 81 77 18 51 59 110 7 97 58 
Bin 14: 102 24 26 85 96 28 
Bin 15: 19 90 27 65 34 
Bin 16: 20 32 14 107 63 
Bin 17: 52 80 113 98 36 41 86 
