# Objective: 19
# Time: 0.356066
# Feasible: 1
# Solution:
Bin 0: 36 100 43 50 35 71 99 
Bin 1: 81 79 5 39 15 73 
Bin 2: 34 25 92 8 116 119 
Bin 3: 22 55 60 47 114 56 
Bin 4: 49 69 0 82 118 102 17 
Bin 5: 20 77 113 91 53 74 
Bin 6: 26 27 57 78 70 108 
Bin 7: 89 106 24 29 94 96 9 59 
Bin 8: 117 107 42 62 90 80 16 
Bin 9: 44 48 23 66 3 
Bin 10: 1 6 67 7 28 40 
Bin 11: 46 54 38 104 12 30 115 61 
Bin 12: 86 32 68 19 88 101 105 58 
Bin 13: 85 45 11 87 97 2 72 
Bin 14: 103 65 83 51 18 
Bin 15: 52 63 76 64 110 112 
Bin 16: 98 84 33 4 13 109 
Bin 17: 37 21 111 31 95 
Bin 18: 93 41 14 75 10 
