# Objective: 148
# Time: 185.35
# Feasible: 1
# Solution:
Bin 0: 967 917 603 608 758 796 792 
Bin 1: 307 294 141 285 733 547 256 308 
Bin 2: 928 169 16 552 371 55 122 545 
Bin 3: 789 743 287 43 998 760 650 78 
Bin 4: 887 200 901 960 662 206 
Bin 5: 460 607 23 569 97 116 315 
Bin 6: 128 332 987 657 783 615 124 
Bin 7: 750 734 76 84 577 339 402 
Bin 8: 617 868 29 978 973 680 648 671 347 
Bin 9: 310 806 11 718 401 239 598 44 867 
Bin 10: 299 664 244 990 563 107 
Bin 11: 771 100 19 704 775 349 34 582 447 
Bin 12: 117 847 738 360 87 674 742 
Bin 13: 457 405 827 462 836 851 710 
Bin 14: 988 188 446 689 353 659 443 
Bin 15: 658 912 192 979 790 
Bin 16: 722 81 568 966 483 752 491 570 
Bin 17: 729 185 321 974 640 528 375 590 
Bin 18: 368 147 641 136 448 
Bin 19: 13 404 295 566 245 853 
Bin 20: 73 424 475 575 898 233 516 
Bin 21: 30 833 326 816 717 947 
Bin 22: 878 841 89 751 291 445 501 
Bin 23: 423 77 784 314 113 2 208 159 
Bin 24: 554 705 832 498 284 197 269 
Bin 25: 444 723 997 624 572 154 509 
Bin 26: 860 772 795 953 274 388 520 
Bin 27: 818 556 149 635 492 428 
Bin 28: 454 513 655 1 340 54 45 
Bin 29: 749 121 944 872 205 418 
Bin 30: 801 719 370 434 189 884 970 983 
Bin 31: 915 333 859 362 699 688 
Bin 32: 510 964 51 103 234 82 976 821 
Bin 33: 843 376 828 36 927 481 730 224 
Bin 34: 507 880 986 762 677 325 765 
Bin 35: 669 963 573 477 109 
Bin 36: 803 304 458 776 755 874 286 
Bin 37: 342 500 741 711 943 774 906 
Bin 38: 272 318 335 591 672 56 59 
Bin 39: 247 355 257 935 850 805 921 
Bin 40: 702 696 421 594 3 834 
Bin 41: 897 996 133 918 7 66 
Bin 42: 634 780 812 39 496 794 455 779 
Bin 43: 12 377 221 207 155 715 636 
Bin 44: 387 873 468 484 456 324 22 409 
Bin 45: 529 453 844 824 899 829 37 
Bin 46: 378 922 252 267 980 919 290 127 
Bin 47: 886 369 363 469 85 250 911 
Bin 48: 243 708 33 204 237 627 260 
Bin 49: 319 652 300 407 92 682 716 5 629 489 
Bin 50: 882 40 938 939 190 474 
Bin 51: 152 731 422 426 262 345 356 338 
Bin 52: 800 533 334 526 215 18 724 
Bin 53: 597 558 191 95 35 665 679 
Bin 54: 478 275 174 686 798 846 177 
Bin 55: 485 366 68 389 517 209 392 649 
Bin 56: 166 766 571 364 258 541 
Bin 57: 861 842 823 767 313 337 646 
Bin 58: 373 663 312 351 86 637 856 544 14 
Bin 59: 220 193 931 557 182 
Bin 60: 845 713 230 60 981 
Bin 61: 628 862 123 289 372 
Bin 62: 797 815 683 913 548 184 885 
Bin 63: 693 574 467 555 309 727 612 
Bin 64: 698 940 863 199 90 
Bin 65: 296 384 537 930 589 748 
Bin 66: 358 761 920 214 725 137 499 
Bin 67: 437 278 96 924 390 
Bin 68: 700 694 611 357 150 263 
Bin 69: 348 183 63 431 80 410 675 
Bin 70: 616 619 129 486 656 579 
Bin 71: 916 969 703 968 524 543 744 292 322 
Bin 72: 0 975 518 645 433 26 
Bin 73: 955 21 994 251 336 530 459 
Bin 74: 222 8 10 808 826 
Bin 75: 561 814 503 140 170 965 440 
Bin 76: 302 25 515 540 223 726 280 
Bin 77: 130 950 578 346 989 249 367 
Bin 78: 521 506 866 114 328 949 855 180 238 
Bin 79: 620 323 218 255 721 31 670 203 
Bin 80: 581 892 653 770 865 476 660 553 
Bin 81: 57 905 601 864 523 435 451 
Bin 82: 158 494 933 265 427 982 
Bin 83: 654 173 160 936 112 910 
Bin 84: 75 235 781 527 732 
Bin 85: 992 301 778 473 676 881 
Bin 86: 253 549 999 942 685 178 
Bin 87: 379 551 737 587 236 
Bin 88: 739 586 542 229 461 908 562 
Bin 89: 785 4 135 984 951 151 219 
Bin 90: 142 825 604 464 810 735 
Bin 91: 877 941 813 869 914 945 497 
Bin 92: 495 786 596 858 621 143 630 
Bin 93: 276 668 179 759 807 
Bin 94: 164 643 439 764 583 777 633 241 
Bin 95: 210 6 452 99 819 64 
Bin 96: 900 926 111 438 408 400 157 
Bin 97: 162 929 382 535 359 168 
Bin 98: 838 466 131 91 195 32 
Bin 99: 374 893 602 695 62 754 
Bin 100: 488 226 560 991 329 
Bin 101: 854 787 240 565 631 576 259 70 
Bin 102: 279 985 871 27 225 588 493 
Bin 103: 714 909 350 403 331 958 904 146 791 
Bin 104: 678 585 632 482 171 470 161 449 
Bin 105: 297 316 736 65 416 110 344 
Bin 106: 58 212 201 393 626 52 
Bin 107: 613 231 242 282 15 317 
Bin 108: 954 9 398 472 187 720 651 
Bin 109: 148 593 411 20 248 522 380 
Bin 110: 932 661 144 666 471 567 430 330 
Bin 111: 270 514 894 817 610 432 
Bin 112: 167 508 993 957 420 365 896 639 
Bin 113: 809 692 740 119 606 93 213 
Bin 114: 505 667 115 959 747 83 
Bin 115: 227 352 546 995 756 266 837 
Bin 116: 595 153 126 293 956 937 925 
Bin 117: 436 216 261 196 550 306 531 134 
Bin 118: 745 94 202 895 690 487 
Bin 119: 465 395 419 463 709 48 831 
Bin 120: 172 971 684 163 822 406 
Bin 121: 283 972 385 281 67 830 769 
Bin 122: 691 532 381 876 512 903 504 
Bin 123: 104 132 870 802 268 622 232 
Bin 124: 618 539 480 186 415 
Bin 125: 890 728 625 396 534 835 298 614 
Bin 126: 580 391 441 361 592 907 609 701 175 
Bin 127: 788 88 687 417 852 605 961 
Bin 128: 394 61 305 891 934 902 
Bin 129: 50 948 753 217 923 108 69 271 
Bin 130: 118 125 490 47 442 
Bin 131: 584 450 46 883 105 
Bin 132: 71 638 397 106 17 962 
Bin 133: 538 763 38 623 811 98 746 
Bin 134: 889 303 525 311 327 341 
Bin 135: 194 24 277 211 399 
Bin 136: 139 502 712 647 101 
Bin 137: 697 102 793 840 120 414 
Bin 138: 74 479 264 354 946 559 
Bin 139: 706 564 875 181 519 320 
Bin 140: 599 53 413 849 72 768 642 
Bin 141: 536 228 28 673 707 952 
Bin 142: 288 820 977 782 511 79 
Bin 143: 42 156 857 254 429 799 
Bin 144: 246 773 757 879 412 176 
Bin 145: 848 644 198 839 383 49 681 
Bin 146: 41 343 386 273 600 888 
Bin 147: 804 425 145 138 165 
