# Objective: 19
# Time: 0.327453
# Feasible: 1
# Solution:
Bin 0: 119 61 56 84 59 45 49 6 
Bin 1: 64 0 116 51 44 52 68 18 
Bin 2: 96 85 46 47 36 95 
Bin 3: 99 91 82 16 118 37 79 
Bin 4: 40 7 113 13 117 103 62 
Bin 5: 60 102 105 78 109 58 22 
Bin 6: 25 19 4 77 2 26 27 
Bin 7: 71 114 81 90 48 14 80 
Bin 8: 110 33 74 5 75 42 
Bin 9: 11 20 86 100 70 65 
Bin 10: 76 1 83 94 55 89 
Bin 11: 32 106 41 28 88 69 
Bin 12: 39 23 8 31 34 87 12 
Bin 13: 98 9 112 108 17 15 
Bin 14: 104 43 53 107 66 38 
Bin 15: 101 30 72 63 97 
Bin 16: 10 21 29 54 57 35 
Bin 17: 50 24 115 73 
Bin 18: 3 67 93 92 111 
