# Objective: 19
# Time: 0.252087
# Feasible: 1
# Solution:
Bin 0: 9 73 46 80 45 111 70 
Bin 1: 119 101 75 50 33 
Bin 2: 32 8 97 115 77 66 52 116 
Bin 3: 90 53 110 71 12 57 
Bin 4: 62 49 91 2 104 100 41 
Bin 5: 21 3 54 96 51 10 
Bin 6: 37 5 61 30 82 44 
Bin 7: 86 35 22 88 78 11 117 
Bin 8: 99 105 27 84 17 7 112 
Bin 9: 6 69 28 16 85 4 
Bin 10: 26 103 47 64 1 87 
Bin 11: 76 55 31 108 58 67 
Bin 12: 42 48 95 94 20 36 18 
Bin 13: 79 13 109 38 15 106 
Bin 14: 107 40 98 59 0 
Bin 15: 118 114 24 93 72 14 
Bin 16: 19 92 43 68 65 56 63 113 
Bin 17: 39 25 74 60 23 
Bin 18: 29 102 83 81 89 34 
