# Objective: 19
# Time: 0.36075
# Feasible: 1
# Solution:
Bin 0: 55 15 24 18 36 8 31 
Bin 1: 5 48 33 32 76 
Bin 2: 23 65 7 79 80 
Bin 3: 3 64 108 91 59 10 28 
Bin 4: 57 4 43 71 88 1 
Bin 5: 61 74 97 14 112 58 41 101 
Bin 6: 46 93 44 35 54 100 69 
Bin 7: 98 96 83 27 90 117 89 
Bin 8: 52 47 110 113 63 82 
Bin 9: 37 17 50 106 53 114 92 
Bin 10: 84 39 77 66 26 22 
Bin 11: 30 25 103 118 29 109 
Bin 12: 94 99 67 16 73 12 115 
Bin 13: 105 62 9 6 102 51 40 
Bin 14: 0 78 34 95 13 42 86 
Bin 15: 19 11 111 70 75 
Bin 16: 104 21 116 107 81 
Bin 17: 119 87 49 20 45 
Bin 18: 56 2 85 38 60 68 72 
