# Objective: 18
# Time: 0.141618
# Feasible: 1
# Solution:
Bin 0: 40 54 107 26 75 74 69 70 101 
Bin 1: 27 110 29 49 84 
Bin 2: 118 113 78 11 25 44 
Bin 3: 0 86 79 30 57 36 105 
Bin 4: 15 39 65 37 89 83 
Bin 5: 19 115 72 66 98 34 
Bin 6: 3 53 102 87 117 12 90 109 
Bin 7: 111 16 96 68 73 103 
Bin 8: 108 8 17 67 50 9 41 
Bin 9: 56 4 46 22 61 6 13 
Bin 10: 85 24 14 112 94 43 35 
Bin 11: 116 47 59 7 99 
Bin 12: 104 114 71 52 51 63 20 58 
Bin 13: 23 88 2 10 93 64 97 100 
Bin 14: 32 91 45 31 92 81 
Bin 15: 95 60 119 21 62 82 
Bin 16: 18 1 28 106 33 48 55 
Bin 17: 5 76 80 77 38 42 
