# Objective: 37
# Time: 2.635
# Feasible: 1
# Solution:
Bin 0: 155 157 26 43 232 6 70 79 227 
Bin 1: 237 56 120 249 231 86 106 
Bin 2: 223 173 145 93 242 189 179 125 85 
Bin 3: 4 244 166 183 68 
Bin 4: 72 98 229 12 3 230 
Bin 5: 135 177 198 1 22 114 
Bin 6: 208 51 32 92 209 54 
Bin 7: 172 112 31 111 17 201 
Bin 8: 29 180 99 169 40 132 192 153 7 
Bin 9: 122 44 109 59 90 131 
Bin 10: 124 218 97 0 246 62 83 
Bin 11: 123 174 167 165 42 25 107 221 188 
Bin 12: 13 57 196 133 225 184 138 152 
Bin 13: 168 248 35 193 203 94 16 87 
Bin 14: 186 61 200 24 119 240 210 
Bin 15: 154 15 214 243 77 80 55 96 2 
Bin 16: 176 161 162 191 236 146 211 
Bin 17: 9 33 46 185 147 34 47 
Bin 18: 142 220 235 170 195 
Bin 19: 8 205 129 41 36 104 60 
Bin 20: 158 212 118 181 95 38 143 89 30 
Bin 21: 82 18 100 213 67 141 105 
Bin 22: 76 136 53 241 10 11 215 
Bin 23: 88 103 27 199 121 190 
Bin 24: 239 144 204 130 175 187 
Bin 25: 101 115 226 219 28 151 
Bin 26: 75 73 228 148 217 
Bin 27: 20 126 160 84 69 202 81 206 
Bin 28: 156 91 127 116 139 52 150 63 
Bin 29: 247 178 164 110 233 
Bin 30: 216 14 163 224 39 
Bin 31: 45 66 71 159 137 113 49 
Bin 32: 64 171 234 108 78 238 
Bin 33: 21 74 102 19 140 
Bin 34: 149 48 194 5 222 
Bin 35: 50 58 245 23 117 
Bin 36: 134 182 128 65 37 207 197 
