# Objective: 76
# Time: 16.4125
# Feasible: 1
# Solution:
Bin 0: 408 463 126 7 139 337 
Bin 1: 378 91 89 39 282 97 
Bin 2: 470 161 171 291 449 365 
Bin 3: 301 115 109 247 154 87 
Bin 4: 15 288 454 198 64 45 196 222 359 
Bin 5: 213 104 476 379 413 
Bin 6: 156 394 473 116 150 450 
Bin 7: 43 229 1 396 446 192 
Bin 8: 101 397 98 67 10 358 
Bin 9: 496 392 50 393 21 137 
Bin 10: 444 165 410 182 178 177 343 
Bin 11: 68 225 32 441 381 243 317 341 433 
Bin 12: 188 175 86 297 395 73 420 
Bin 13: 348 112 385 439 290 330 
Bin 14: 457 48 9 212 57 380 276 427 254 
Bin 15: 482 128 494 217 275 155 390 340 
Bin 16: 409 110 199 342 77 159 
Bin 17: 354 308 372 17 249 334 111 
Bin 18: 135 293 377 56 200 239 233 
Bin 19: 211 23 306 141 5 299 
Bin 20: 66 262 302 124 320 452 93 8 
Bin 21: 347 108 215 278 458 326 329 
Bin 22: 174 49 123 133 273 315 190 
Bin 23: 311 221 319 185 294 333 
Bin 24: 12 357 448 218 28 478 76 
Bin 25: 125 416 492 487 335 255 193 
Bin 26: 99 355 35 376 489 
Bin 27: 246 474 423 350 37 
Bin 28: 227 332 118 495 130 316 94 204 
Bin 29: 371 274 493 201 223 153 
Bin 30: 144 216 142 187 386 208 455 
Bin 31: 469 415 485 46 16 242 404 
Bin 32: 40 462 277 272 26 127 328 375 
Bin 33: 168 466 186 313 405 
Bin 34: 230 147 244 426 44 280 436 
Bin 35: 389 36 257 453 460 498 
Bin 36: 207 240 401 195 163 138 54 
Bin 37: 210 314 113 253 75 364 
Bin 38: 451 202 351 256 428 367 
Bin 39: 143 241 102 369 424 167 
Bin 40: 84 459 322 71 96 356 467 146 
Bin 41: 421 488 191 384 349 121 
Bin 42: 430 41 61 105 479 
Bin 43: 484 194 228 209 145 
Bin 44: 152 183 345 368 327 
Bin 45: 189 148 92 336 162 6 100 
Bin 46: 260 0 79 52 418 234 480 
Bin 47: 232 284 374 431 406 286 323 305 173 
Bin 48: 499 14 106 419 307 440 63 245 
Bin 49: 465 310 304 250 437 88 
Bin 50: 303 72 464 442 140 
Bin 51: 103 80 388 134 360 486 
Bin 52: 20 309 169 231 81 344 497 
Bin 53: 281 70 259 83 407 
Bin 54: 158 170 30 85 456 176 
Bin 55: 166 184 42 22 300 224 279 
Bin 56: 338 411 117 265 292 
Bin 57: 179 65 432 266 261 62 69 414 
Bin 58: 383 429 331 197 160 31 107 
Bin 59: 361 387 289 11 399 263 114 412 
Bin 60: 373 238 149 398 318 472 13 59 
Bin 61: 324 236 172 60 206 483 122 370 
Bin 62: 27 461 151 491 295 
Bin 63: 53 237 129 298 477 443 58 
Bin 64: 120 132 264 95 180 181 33 136 
Bin 65: 403 90 339 490 422 4 267 
Bin 66: 82 3 248 363 312 220 
Bin 67: 287 471 353 51 78 
Bin 68: 445 271 352 475 235 362 251 435 
Bin 69: 258 402 131 214 283 425 
Bin 70: 38 468 19 119 74 252 438 164 
Bin 71: 2 25 55 391 296 203 
Bin 72: 366 447 481 400 382 226 29 
Bin 73: 321 285 157 34 269 205 
Bin 74: 270 417 325 18 434 
Bin 75: 219 268 346 47 24 
