# Objective: 20
# Time: 0.217454
# Feasible: 1
# Solution:
Bin 0: 73 119 70 100 49 26 79 
Bin 1: 66 11 91 81 65 15 42 
Bin 2: 118 2 22 94 93 36 5 
Bin 3: 24 23 27 101 72 86 45 
Bin 4: 107 43 85 10 8 9 
Bin 5: 16 68 20 48 113 
Bin 6: 116 114 78 71 60 21 
Bin 7: 83 47 103 1 12 
Bin 8: 87 52 17 44 88 
Bin 9: 115 31 64 41 74 
Bin 10: 7 38 102 108 33 67 28 
Bin 11: 69 96 46 99 56 53 40 
Bin 12: 95 29 84 76 117 35 
Bin 13: 110 105 37 89 30 111 75 32 
Bin 14: 90 54 39 14 25 50 
Bin 15: 104 106 58 3 6 112 
Bin 16: 51 63 18 80 4 59 
Bin 17: 13 61 109 82 92 19 
Bin 18: 57 97 34 55 98 
Bin 19: 62 0 77 
