# Objective: 150
# Time: 187.341
# Feasible: 1
# Solution:
Bin 0: 904 533 291 811 143 870 445 464 
Bin 1: 154 648 997 635 130 526 235 
Bin 2: 14 535 337 510 641 688 95 338 437 
Bin 3: 855 777 59 909 860 384 924 584 292 
Bin 4: 171 557 271 959 209 155 11 
Bin 5: 751 385 327 850 106 29 205 
Bin 6: 820 679 595 54 978 183 323 
Bin 7: 361 332 966 840 883 498 424 558 
Bin 8: 812 231 781 407 462 261 298 981 
Bin 9: 990 713 508 328 129 42 
Bin 10: 915 487 752 438 91 7 
Bin 11: 576 987 844 795 554 
Bin 12: 759 223 693 900 107 836 613 905 
Bin 13: 20 490 742 577 660 733 982 
Bin 14: 932 670 923 244 48 21 450 949 
Bin 15: 995 76 359 756 181 818 222 216 725 
Bin 16: 258 745 264 142 757 265 
Bin 17: 944 893 767 552 49 532 529 
Bin 18: 229 269 720 910 373 566 515 
Bin 19: 519 849 194 132 803 694 316 935 
Bin 20: 307 226 210 187 16 284 
Bin 21: 739 565 94 718 522 371 
Bin 22: 876 195 986 215 945 239 173 
Bin 23: 153 505 289 99 946 386 
Bin 24: 841 225 406 440 415 63 405 
Bin 25: 452 364 807 12 304 339 540 434 
Bin 26: 861 455 512 169 696 257 869 
Bin 27: 983 716 480 901 119 98 
Bin 28: 317 544 137 992 74 120 
Bin 29: 652 79 428 100 701 
Bin 30: 829 647 447 75 380 892 334 
Bin 31: 513 973 755 826 161 185 268 30 
Bin 32: 197 311 299 530 695 
Bin 33: 605 553 764 104 179 
Bin 34: 313 473 585 644 543 
Bin 35: 160 278 499 277 191 956 496 34 
Bin 36: 178 916 420 517 939 
Bin 37: 123 864 842 288 782 921 706 
Bin 38: 765 953 863 121 208 36 207 886 
Bin 39: 835 110 591 845 180 451 189 
Bin 40: 645 667 308 62 341 889 597 430 
Bin 41: 458 103 175 38 636 606 
Bin 42: 369 722 426 322 144 8 964 
Bin 43: 111 357 58 731 423 896 773 789 637 971 
Bin 44: 714 500 783 202 353 331 
Bin 45: 536 378 929 962 441 245 880 961 
Bin 46: 329 596 131 801 967 561 272 
Bin 47: 333 955 979 573 950 800 653 201 
Bin 48: 19 320 976 920 627 410 199 
Bin 49: 466 200 715 395 724 218 459 704 
Bin 50: 581 586 293 539 969 680 813 669 88 396 
Bin 51: 609 471 449 809 50 502 397 
Bin 52: 867 252 555 295 763 116 832 
Bin 53: 414 382 998 620 349 738 429 
Bin 54: 182 51 898 672 402 416 
Bin 55: 301 711 796 28 872 601 453 
Bin 56: 518 253 933 262 478 46 134 
Bin 57: 354 691 352 267 619 683 282 
Bin 58: 164 578 477 593 730 114 
Bin 59: 251 117 390 422 474 559 489 
Bin 60: 105 824 634 2 330 469 615 
Bin 61: 888 346 296 443 23 927 
Bin 62: 702 608 57 391 442 1 
Bin 63: 61 774 456 495 659 392 
Bin 64: 44 646 26 221 425 22 485 
Bin 65: 631 654 370 492 741 673 999 
Bin 66: 93 488 523 810 516 682 
Bin 67: 582 67 727 580 242 852 760 
Bin 68: 657 895 930 188 546 735 250 362 
Bin 69: 401 629 176 224 947 355 
Bin 70: 89 633 230 638 204 240 35 
Bin 71: 723 859 350 993 572 206 825 260 
Bin 72: 925 379 275 747 681 928 
Bin 73: 302 398 167 639 274 
Bin 74: 616 651 994 664 618 875 256 
Bin 75: 851 873 18 831 996 
Bin 76: 770 387 71 828 309 
Bin 77: 822 314 707 797 82 550 708 
Bin 78: 703 922 833 871 431 249 
Bin 79: 712 732 837 125 736 771 479 
Bin 80: 481 136 866 124 376 827 408 413 
Bin 81: 25 848 172 78 729 
Bin 82: 214 662 418 53 217 775 315 467 
Bin 83: 388 10 853 375 792 146 203 
Bin 84: 528 778 788 286 17 400 
Bin 85: 374 156 165 766 64 297 
Bin 86: 232 45 668 482 389 698 65 
Bin 87: 806 347 152 780 60 938 710 
Bin 88: 70 432 149 484 363 166 
Bin 89: 476 365 903 412 649 279 417 
Bin 90: 907 303 661 980 66 340 
Bin 91: 213 857 600 521 804 
Bin 92: 9 598 55 772 985 435 
Bin 93: 776 300 336 177 460 
Bin 94: 960 448 24 306 319 816 663 
Bin 95: 685 372 666 97 37 118 115 
Bin 96: 568 758 684 846 799 854 
Bin 97: 246 433 150 193 220 805 
Bin 98: 970 808 936 72 769 
Bin 99: 814 847 570 894 626 
Bin 100: 52 630 133 603 560 858 
Bin 101: 39 556 549 843 138 
Bin 102: 92 348 726 617 623 411 
Bin 103: 674 537 575 112 579 671 
Bin 104: 931 475 13 170 377 785 748 
Bin 105: 567 198 524 228 345 
Bin 106: 823 73 856 744 594 977 958 
Bin 107: 192 874 436 501 77 394 
Bin 108: 538 890 934 877 266 642 650 
Bin 109: 991 227 534 545 366 247 571 
Bin 110: 321 655 839 914 625 882 196 
Bin 111: 493 211 212 838 174 162 
Bin 112: 761 940 15 465 665 90 878 879 
Bin 113: 254 525 972 897 69 219 
Bin 114: 457 470 122 468 497 
Bin 115: 190 312 574 273 139 
Bin 116: 283 280 186 520 3 108 699 
Bin 117: 393 310 690 509 937 184 686 
Bin 118: 753 270 943 717 86 790 675 
Bin 119: 865 719 96 721 527 589 
Bin 120: 590 787 700 409 692 912 918 33 891 
Bin 121: 942 141 821 819 968 794 294 
Bin 122: 677 887 551 360 439 0 
Bin 123: 768 791 743 290 68 658 754 740 952 
Bin 124: 798 113 989 884 494 243 151 
Bin 125: 562 793 259 948 621 344 965 
Bin 126: 343 762 367 750 834 583 
Bin 127: 383 491 868 234 802 531 963 326 548 
Bin 128: 335 917 454 737 241 
Bin 129: 815 899 101 504 446 102 
Bin 130: 611 483 599 906 908 157 
Bin 131: 305 147 126 697 5 419 6 
Bin 132: 263 541 351 80 281 689 514 
Bin 133: 542 81 614 862 511 984 128 238 779 
Bin 134: 954 486 318 951 709 368 786 
Bin 135: 84 56 109 140 746 236 237 
Bin 136: 941 233 911 902 404 643 403 506 
Bin 137: 47 564 163 705 563 381 587 640 
Bin 138: 324 248 43 4 678 
Bin 139: 656 687 40 926 507 
Bin 140: 87 427 461 83 285 399 817 
Bin 141: 592 287 885 881 988 342 
Bin 142: 32 276 356 31 85 913 919 
Bin 143: 784 734 676 127 604 
Bin 144: 463 159 588 622 607 
Bin 145: 830 602 41 444 728 
Bin 146: 358 974 158 610 503 
Bin 147: 145 612 27 975 957 628 
Bin 148: 325 472 547 421 569 135 749 
Bin 149: 632 255 168 148 624 
