# Objective: 37
# Time: 2.21533
# Feasible: 1
# Solution:
Bin 0: 180 171 245 63 209 187 1 66 
Bin 1: 9 211 35 47 60 240 167 123 
Bin 2: 243 41 10 65 142 72 132 247 
Bin 3: 140 130 202 141 113 11 103 
Bin 4: 12 105 121 138 192 152 114 110 
Bin 5: 115 44 178 56 70 90 217 191 
Bin 6: 89 62 15 13 37 97 108 241 
Bin 7: 186 20 117 58 19 238 91 39 
Bin 8: 112 149 222 248 146 170 
Bin 9: 227 163 164 151 131 246 175 210 
Bin 10: 5 50 99 216 231 139 169 218 
Bin 11: 107 181 197 198 176 225 193 
Bin 12: 196 104 61 161 106 46 95 48 
Bin 13: 14 236 88 159 118 83 22 30 
Bin 14: 128 52 230 31 249 207 160 148 129 
Bin 15: 17 21 223 24 172 
Bin 16: 43 212 26 74 145 
Bin 17: 156 92 162 195 219 214 18 109 
Bin 18: 32 45 137 111 235 174 
Bin 19: 16 234 221 184 28 
Bin 20: 77 84 208 86 215 157 179 
Bin 21: 190 64 40 136 27 25 189 
Bin 22: 78 182 220 98 144 177 93 
Bin 23: 203 79 165 71 213 
Bin 24: 135 119 126 127 42 143 205 
Bin 25: 158 232 29 2 120 
Bin 26: 200 81 7 153 80 85 53 
Bin 27: 34 185 229 69 155 
Bin 28: 228 133 59 49 101 233 
Bin 29: 168 116 94 68 201 224 206 0 
Bin 30: 36 87 134 67 57 8 102 
Bin 31: 122 55 54 194 4 6 51 
Bin 32: 166 239 150 237 242 124 
Bin 33: 204 3 38 183 76 
Bin 34: 96 147 154 226 244 
Bin 35: 73 199 23 188 33 
Bin 36: 173 125 75 100 82 
