# Objective: 84
# Time: 5.34598
# Feasible: 1
# Solution:
Bin 0: 291 29 374 106 198 62 
Bin 1: 327 111 173 2 288 
Bin 2: 205 239 422 255 351 265 356 110 
Bin 3: 142 389 153 269 366 437 241 464 91 
Bin 4: 478 468 0 302 395 86 
Bin 5: 290 144 407 364 105 97 411 114 
Bin 6: 249 10 408 426 176 160 
Bin 7: 157 68 384 477 497 146 429 
Bin 8: 309 324 278 272 418 383 373 
Bin 9: 187 17 483 338 47 56 284 295 
Bin 10: 465 34 313 161 353 125 
Bin 11: 484 376 273 286 189 271 
Bin 12: 335 434 398 449 129 292 323 341 405 
Bin 13: 202 82 98 287 498 299 81 166 
Bin 14: 442 466 60 199 355 218 
Bin 15: 403 310 460 450 49 107 211 474 
Bin 16: 99 354 261 6 378 346 490 
Bin 17: 38 128 414 206 435 42 94 
Bin 18: 43 267 472 402 66 93 311 
Bin 19: 167 448 52 18 451 332 486 
Bin 20: 258 380 352 182 444 3 65 275 
Bin 21: 134 117 259 143 85 235 453 
Bin 22: 304 11 70 21 424 53 421 
Bin 23: 416 447 343 23 467 401 172 
Bin 24: 274 485 251 494 463 358 
Bin 25: 215 16 350 27 12 221 
Bin 26: 496 475 33 229 438 375 
Bin 27: 25 336 417 413 132 190 216 1 
Bin 28: 55 394 203 499 277 456 391 
Bin 29: 476 191 103 130 461 75 
Bin 30: 196 297 192 74 314 268 491 
Bin 31: 237 308 40 119 210 168 
Bin 32: 223 26 136 224 230 48 340 
Bin 33: 360 58 24 254 220 15 19 
Bin 34: 54 410 135 45 294 381 201 
Bin 35: 279 428 145 344 163 227 252 
Bin 36: 454 180 184 46 333 492 457 
Bin 37: 207 183 334 96 440 
Bin 38: 156 452 195 67 412 329 113 8 
Bin 39: 177 51 281 293 365 234 171 
Bin 40: 487 124 371 28 471 148 
Bin 41: 120 433 92 397 35 404 388 
Bin 42: 399 253 194 77 87 
Bin 43: 393 316 276 431 213 390 
Bin 44: 169 121 41 204 493 197 71 
Bin 45: 263 240 377 185 367 400 
Bin 46: 368 131 9 14 489 427 
Bin 47: 5 100 420 159 104 244 73 
Bin 48: 44 283 13 112 214 330 432 
Bin 49: 242 347 140 458 83 301 369 222 
Bin 50: 141 312 233 178 370 102 174 
Bin 51: 392 228 298 64 88 246 262 
Bin 52: 439 296 209 337 138 179 232 
Bin 53: 118 307 409 488 326 90 
Bin 54: 149 69 289 76 22 137 133 
Bin 55: 459 101 264 217 151 89 109 
Bin 56: 36 155 396 446 63 266 37 
Bin 57: 162 325 225 78 445 385 
Bin 58: 147 208 479 305 7 
Bin 59: 139 226 306 328 152 386 362 
Bin 60: 357 116 406 300 123 
Bin 61: 441 339 322 282 348 462 
Bin 62: 443 59 345 250 150 50 
Bin 63: 320 175 423 331 127 115 419 164 
Bin 64: 481 482 379 260 32 
Bin 65: 243 247 256 361 321 455 108 
Bin 66: 436 170 30 317 72 
Bin 67: 79 257 57 212 319 
Bin 68: 158 430 39 
Bin 69: 181 342 480 31 236 4 238 
Bin 70: 303 154 495 20 126 
Bin 71: 248 372 359 188 270 
Bin 72: 84 
Bin 73: 470 349 193 
Bin 74: 363 415 245 231 425 
Bin 75: 95 315 
Bin 76: 165 
Bin 77: 219 122 61 285 
Bin 78: 200 
Bin 79: 80 
Bin 80: 387 
Bin 81: 473 469 280 186 
Bin 82: 318 
Bin 83: 382 
