# Objective: 47
# Time: 0.447932
# Feasible: 1
# Solution:
Bin 0: 62 50 101 234 107 40 
Bin 1: 26 231 104 124 38 141 152 226 
Bin 2: 71 167 51 7 192 82 225 113 77 22 
Bin 3: 55 70 112 249 3 153 67 
Bin 4: 39 100 246 186 4 224 
Bin 5: 208 136 8 194 46 74 177 239 135 
Bin 6: 133 90 69 105 108 48 
Bin 7: 169 30 47 10 157 93 
Bin 8: 94 118 148 58 122 197 72 228 
Bin 9: 198 128 123 158 131 210 
Bin 10: 214 42 199 98 223 95 
Bin 11: 73 35 41 232 189 37 36 
Bin 12: 241 5 87 191 143 144 175 
Bin 13: 170 1 111 160 200 65 221 
Bin 14: 178 45 164 220 125 78 182 88 
Bin 15: 240 168 66 32 27 52 
Bin 16: 159 20 16 18 19 155 
Bin 17: 97 245 181 156 180 137 23 
Bin 18: 248 53 166 138 235 213 
Bin 19: 121 209 84 206 154 
Bin 20: 130 2 13 139 83 184 
Bin 21: 193 146 114 237 15 21 
Bin 22: 216 34 243 219 165 211 
Bin 23: 80 161 28 85 127 96 92 
Bin 24: 126 106 205 63 183 176 
Bin 25: 142 244 54 99 60 
Bin 26: 145 24 201 233 109 
Bin 27: 204 174 196 203 185 
Bin 28: 11 12 56 29 172 14 
Bin 29: 140 76 151 129 147 
Bin 30: 229 163 
Bin 31: 188 162 9 49 
Bin 32: 134 222 247 25 79 59 
Bin 33: 150 102 33 6 57 207 
Bin 34: 44 31 
Bin 35: 64 238 103 190 132 195 
Bin 36: 179 119 115 202 0 117 81 
Bin 37: 215 149 
Bin 38: 187 17 171 
Bin 39: 230 
Bin 40: 89 227 43 110 
Bin 41: 218 242 236 86 212 61 
Bin 42: 91 120 
Bin 43: 217 
Bin 44: 68 116 
Bin 45: 75 
Bin 46: 173 
