# Objective: 18
# Time: 0.27023
# Feasible: 1
# Solution:
Bin 0: 107 101 65 69 16 36 62 48 
Bin 1: 44 99 29 70 23 97 63 
Bin 2: 113 17 6 87 104 112 84 
Bin 3: 73 51 8 56 43 80 59 
Bin 4: 26 54 89 111 91 14 
Bin 5: 74 13 116 15 55 64 
Bin 6: 94 71 105 114 22 0 
Bin 7: 96 109 41 33 75 5 4 
Bin 8: 12 7 119 50 40 18 
Bin 9: 58 77 92 27 1 25 11 
Bin 10: 95 117 90 68 60 49 
Bin 11: 83 81 115 78 100 106 76 
Bin 12: 82 42 46 38 10 57 67 3 45 
Bin 13: 88 110 66 102 108 34 
Bin 14: 52 28 21 32 61 20 31 
Bin 15: 24 118 85 93 86 
Bin 16: 103 30 47 19 2 37 9 
Bin 17: 72 79 35 39 98 53 
