# Objective: 19
# Time: 0.340762
# Feasible: 1
# Solution:
Bin 0: 72 53 88 35 58 10 96 
Bin 1: 95 106 44 42 18 111 
Bin 2: 103 109 14 76 65 30 36 
Bin 3: 7 59 52 114 97 94 
Bin 4: 116 61 15 49 26 85 
Bin 5: 92 31 99 77 21 87 24 
Bin 6: 57 6 70 67 8 60 37 46 
Bin 7: 25 93 79 0 55 86 98 
Bin 8: 69 54 71 112 78 23 32 
Bin 9: 107 43 28 47 19 113 
Bin 10: 5 11 12 74 82 16 
Bin 11: 51 80 64 84 56 63 
Bin 12: 62 50 118 4 40 75 119 
Bin 13: 100 34 45 101 105 
Bin 14: 13 89 38 91 81 117 
Bin 15: 83 9 22 20 102 1 
Bin 16: 110 33 41 29 48 115 
Bin 17: 104 17 90 39 3 
Bin 18: 2 68 27 73 66 108 
