# Objective: 38
# Time: 2.3827
# Feasible: 1
# Solution:
Bin 0: 237 233 71 62 32 67 176 128 
Bin 1: 42 146 94 139 59 
Bin 2: 19 91 109 4 186 101 
Bin 3: 236 73 185 96 215 173 
Bin 4: 84 119 204 178 209 120 167 
Bin 5: 163 45 27 40 98 187 108 
Bin 6: 68 3 195 135 183 125 
Bin 7: 227 154 228 151 69 15 
Bin 8: 157 82 9 238 247 118 77 172 
Bin 9: 137 81 218 166 5 7 197 
Bin 10: 244 124 64 112 246 39 230 80 
Bin 11: 191 131 145 107 130 115 
Bin 12: 165 159 136 188 207 142 18 
Bin 13: 48 174 88 222 106 144 182 241 164 
Bin 14: 111 83 26 161 20 52 
Bin 15: 235 89 225 242 103 133 11 
Bin 16: 153 210 121 104 75 12 211 
Bin 17: 46 2 223 30 199 
Bin 18: 162 193 224 155 171 113 175 214 
Bin 19: 60 28 74 105 220 245 
Bin 20: 87 202 213 248 65 198 
Bin 21: 226 221 156 47 180 206 
Bin 22: 179 203 78 44 50 13 
Bin 23: 212 143 92 97 54 
Bin 24: 90 17 240 184 72 129 243 170 
Bin 25: 239 95 116 99 63 34 61 148 
Bin 26: 168 192 232 8 49 181 
Bin 27: 70 56 10 25 196 169 
Bin 28: 249 234 200 152 160 229 216 
Bin 29: 122 123 76 190 117 86 53 79 6 
Bin 30: 24 141 22 208 126 
Bin 31: 217 132 85 158 36 
Bin 32: 57 16 134 127 51 29 
Bin 33: 189 0 177 14 100 38 205 
Bin 34: 150 114 138 1 23 140 21 
Bin 35: 31 102 201 93 35 41 
Bin 36: 55 43 110 66 231 219 
Bin 37: 147 37 194 58 33 149 
