# Objective: 76
# Time: 16.462
# Feasible: 1
# Solution:
Bin 0: 129 290 296 73 388 276 171 370 431 
Bin 1: 359 222 353 291 254 488 443 59 
Bin 2: 320 236 452 168 79 440 
Bin 3: 275 293 248 131 15 94 365 
Bin 4: 228 381 330 50 108 411 77 
Bin 5: 68 321 265 42 252 
Bin 6: 132 25 251 444 279 423 
Bin 7: 190 158 328 300 64 268 327 
Bin 8: 203 418 345 2 367 
Bin 9: 137 372 277 479 63 310 301 
Bin 10: 458 438 386 80 241 471 
Bin 11: 400 156 29 35 32 315 305 
Bin 12: 214 58 262 16 23 336 191 150 163 8 
Bin 13: 467 309 468 238 451 311 
Bin 14: 62 144 231 52 114 141 364 
Bin 15: 128 430 76 323 53 192 96 406 26 
Bin 16: 123 474 71 145 209 366 
Bin 17: 494 83 166 4 181 294 
Bin 18: 148 54 14 354 399 441 385 
Bin 19: 360 286 178 464 120 450 
Bin 20: 27 134 491 373 233 485 
Bin 21: 456 3 318 419 259 107 
Bin 22: 409 1 139 91 12 335 
Bin 23: 466 421 395 408 174 392 20 
Bin 24: 287 403 447 70 65 195 239 492 
Bin 25: 49 368 350 361 153 
Bin 26: 325 396 281 387 57 481 100 
Bin 27: 432 302 33 377 495 106 258 
Bin 28: 490 165 11 244 453 362 249 
Bin 29: 122 200 196 496 356 250 428 
Bin 30: 407 412 180 263 97 67 69 436 
Bin 31: 218 448 347 449 230 433 185 75 
Bin 32: 48 105 380 215 182 160 22 
Bin 33: 499 266 298 179 297 31 
Bin 34: 394 34 95 473 393 346 189 
Bin 35: 99 44 0 424 202 308 333 201 
Bin 36: 9 429 482 326 197 299 162 157 
Bin 37: 341 374 72 486 391 454 475 285 
Bin 38: 10 478 417 237 149 414 142 416 435 
Bin 39: 113 74 457 463 118 
Bin 40: 121 398 184 229 124 384 119 
Bin 41: 344 167 17 183 437 127 420 
Bin 42: 316 133 405 154 206 89 376 
Bin 43: 307 382 46 194 322 30 173 
Bin 44: 216 24 116 355 349 
Bin 45: 47 85 235 177 427 198 401 
Bin 46: 489 269 442 86 19 332 
Bin 47: 40 126 104 188 159 280 
Bin 48: 21 246 208 324 212 112 
Bin 49: 270 169 240 242 37 28 
Bin 50: 283 102 379 426 111 227 146 
Bin 51: 273 43 186 404 331 460 337 465 
Bin 52: 147 402 140 253 211 
Bin 53: 220 143 61 92 410 340 
Bin 54: 55 125 459 363 170 
Bin 55: 288 455 210 295 446 314 
Bin 56: 469 272 213 303 378 
Bin 57: 422 484 351 78 51 
Bin 58: 267 87 261 176 232 
Bin 59: 130 5 343 278 480 90 39 
Bin 60: 375 6 339 257 161 193 
Bin 61: 103 81 289 243 164 487 204 
Bin 62: 483 462 224 152 93 18 247 
Bin 63: 175 371 256 84 45 225 397 
Bin 64: 413 383 304 317 199 389 66 
Bin 65: 271 284 38 207 221 117 
Bin 66: 110 352 245 357 477 
Bin 67: 274 338 136 187 172 434 
Bin 68: 312 155 88 493 445 7 56 60 
Bin 69: 13 497 498 306 101 
Bin 70: 282 334 439 260 313 151 
Bin 71: 135 109 82 369 255 472 234 
Bin 72: 219 292 358 205 461 264 425 138 
Bin 73: 476 98 226 41 329 
Bin 74: 415 470 217 319 115 
Bin 75: 342 36 223 348 390 
