# Objective: 150
# Time: 154.814
# Feasible: 1
# Solution:
Bin 0: 494 284 152 778 606 11 236 321 
Bin 1: 732 694 748 757 762 649 14 968 
Bin 2: 785 552 517 83 695 17 94 
Bin 3: 127 65 663 453 937 399 690 763 
Bin 4: 885 233 799 351 902 656 
Bin 5: 593 75 213 813 682 
Bin 6: 930 960 362 661 999 
Bin 7: 139 403 277 756 854 2 987 246 
Bin 8: 625 270 783 547 71 126 615 
Bin 9: 735 721 418 794 840 136 445 782 
Bin 10: 10 452 980 965 945 914 197 
Bin 11: 345 333 771 710 602 155 789 
Bin 12: 819 428 496 171 696 896 715 
Bin 13: 322 382 657 509 904 736 
Bin 14: 98 488 258 859 499 740 839 
Bin 15: 479 9 641 505 779 482 
Bin 16: 632 66 91 40 33 309 
Bin 17: 633 252 943 93 179 250 788 
Bin 18: 760 342 149 330 304 200 117 
Bin 19: 361 291 172 888 720 883 528 
Bin 20: 470 876 550 6 895 180 247 221 3 
Bin 21: 741 976 989 46 877 972 375 0 
Bin 22: 56 34 834 675 764 860 472 
Bin 23: 341 645 446 296 992 808 
Bin 24: 354 209 165 199 761 
Bin 25: 546 927 459 230 640 147 324 
Bin 26: 366 568 43 676 893 
Bin 27: 347 266 881 880 457 
Bin 28: 464 473 598 122 600 286 767 
Bin 29: 829 609 408 884 12 61 521 
Bin 30: 229 655 191 705 935 38 
Bin 31: 241 812 666 55 599 500 
Bin 32: 775 447 871 455 357 559 833 283 
Bin 33: 512 873 503 67 352 267 511 
Bin 34: 940 294 140 154 816 906 
Bin 35: 787 981 387 160 99 647 371 
Bin 36: 864 110 412 297 802 
Bin 37: 766 275 796 397 628 689 271 
Bin 38: 581 175 629 961 82 866 228 619 
Bin 39: 156 620 998 648 416 336 534 703 
Bin 40: 158 538 551 48 484 898 432 272 
Bin 41: 601 582 751 414 90 603 899 
Bin 42: 343 338 594 279 217 932 614 
Bin 43: 939 542 105 29 456 426 400 
Bin 44: 847 378 401 54 45 265 587 
Bin 45: 744 800 419 618 781 287 677 
Bin 46: 280 394 186 242 51 369 944 
Bin 47: 153 774 951 169 243 565 990 
Bin 48: 144 370 359 211 349 626 591 
Bin 49: 610 396 81 526 114 718 653 469 
Bin 50: 583 693 326 709 138 168 
Bin 51: 685 487 313 571 222 281 254 
Bin 52: 804 531 307 580 306 964 704 
Bin 53: 443 312 846 539 405 460 524 
Bin 54: 908 178 220 406 942 862 
Bin 55: 529 934 993 329 530 516 731 
Bin 56: 477 218 911 687 691 892 489 383 956 
Bin 57: 260 84 533 381 212 325 654 
Bin 58: 936 953 520 508 825 807 
Bin 59: 123 379 713 367 754 360 182 
Bin 60: 933 466 769 631 786 
Bin 61: 109 355 556 557 795 925 164 
Bin 62: 548 577 717 658 823 912 70 
Bin 63: 335 320 894 949 730 420 
Bin 64: 706 195 39 427 818 
Bin 65: 569 350 120 389 305 237 433 118 
Bin 66: 746 688 166 259 4 346 
Bin 67: 334 698 712 203 955 790 
Bin 68: 231 921 798 435 686 903 
Bin 69: 978 997 95 585 438 
Bin 70: 830 476 635 858 163 522 564 493 667 
Bin 71: 491 390 678 31 395 194 60 
Bin 72: 952 837 227 692 192 
Bin 73: 380 826 276 922 295 915 15 
Bin 74: 77 451 492 339 58 697 437 588 
Bin 75: 407 268 226 636 584 216 
Bin 76: 507 971 910 592 558 88 
Bin 77: 450 959 510 650 69 327 210 274 
Bin 78: 201 941 724 25 78 660 863 151 
Bin 79: 674 424 143 86 671 719 747 
Bin 80: 440 711 561 513 553 
Bin 81: 608 480 21 16 975 104 365 
Bin 82: 820 947 37 215 668 
Bin 83: 317 35 560 916 573 664 434 
Bin 84: 441 739 261 193 238 133 514 50 
Bin 85: 253 19 616 392 806 861 
Bin 86: 24 905 518 982 393 728 47 
Bin 87: 137 828 146 189 319 89 928 777 
Bin 88: 337 363 73 900 617 845 
Bin 89: 176 621 235 368 590 332 
Bin 90: 595 541 174 471 53 
Bin 91: 356 852 467 57 974 891 
Bin 92: 285 177 831 646 973 232 377 
Bin 93: 292 135 963 773 59 340 
Bin 94: 278 669 18 130 8 244 
Bin 95: 917 919 849 255 801 624 404 
Bin 96: 540 853 791 683 607 185 995 
Bin 97: 299 579 886 22 308 803 316 578 
Bin 98: 575 293 415 187 208 5 931 
Bin 99: 810 969 855 413 132 323 
Bin 100: 734 96 188 567 344 611 702 
Bin 101: 627 483 673 612 549 749 596 722 
Bin 102: 752 150 701 643 755 131 248 
Bin 103: 817 331 991 597 909 465 
Bin 104: 652 700 962 454 729 745 
Bin 105: 797 792 589 85 957 
Bin 106: 461 495 239 814 727 303 448 
Bin 107: 204 125 822 714 954 497 
Bin 108: 501 780 32 523 442 183 
Bin 109: 872 190 41 23 841 
Bin 110: 856 388 776 574 865 878 515 63 
Bin 111: 805 425 887 121 52 827 348 699 
Bin 112: 148 554 302 889 198 181 
Bin 113: 431 824 793 743 737 7 
Bin 114: 318 288 966 986 74 76 145 398 
Bin 115: 124 328 502 842 765 770 49 
Bin 116: 988 364 134 44 314 300 562 315 28 
Bin 117: 353 214 87 901 384 103 723 423 
Bin 118: 984 811 141 926 637 269 563 
Bin 119: 458 301 249 162 42 1 544 
Bin 120: 622 897 68 750 525 848 
Bin 121: 205 184 449 613 64 167 
Bin 122: 310 634 97 234 759 374 
Bin 123: 535 758 72 282 913 430 726 
Bin 124: 224 924 967 918 219 605 100 867 462 
Bin 125: 838 890 421 161 681 112 
Bin 126: 108 257 768 733 391 851 
Bin 127: 20 623 651 26 868 402 485 474 
Bin 128: 409 30 263 566 809 
Bin 129: 958 107 240 815 832 115 79 
Bin 130: 870 116 630 996 707 463 202 
Bin 131: 429 844 439 836 113 
Bin 132: 206 298 923 290 106 
Bin 133: 875 373 506 708 119 644 
Bin 134: 444 262 857 977 950 
Bin 135: 670 358 251 920 938 376 882 639 
Bin 136: 256 662 738 411 604 536 264 
Bin 137: 532 642 142 874 129 
Bin 138: 576 545 835 36 684 679 
Bin 139: 527 948 223 907 985 570 
Bin 140: 311 586 273 638 101 
Bin 141: 372 519 173 385 478 
Bin 142: 753 13 422 436 102 468 742 
Bin 143: 207 716 225 946 983 970 772 
Bin 144: 170 486 410 979 725 475 157 
Bin 145: 481 784 289 821 659 111 62 
Bin 146: 490 843 929 555 386 27 
Bin 147: 498 665 196 869 543 159 879 
Bin 148: 994 672 504 80 417 537 
Bin 149: 680 572 245 850 128 92 
