# Objective: 38
# Time: 2.42252
# Feasible: 1
# Solution:
Bin 0: 62 182 237 33 110 187 193 
Bin 1: 232 130 150 24 238 177 234 
Bin 2: 212 90 213 201 106 4 243 
Bin 3: 209 195 181 23 245 166 1 
Bin 4: 13 66 128 169 178 225 59 
Bin 5: 29 164 174 101 208 233 221 
Bin 6: 161 136 81 64 32 215 94 204 10 116 
Bin 7: 219 60 171 139 217 155 80 
Bin 8: 36 239 97 18 91 244 38 183 
Bin 9: 63 227 16 39 113 71 44 
Bin 10: 175 223 144 51 93 61 
Bin 11: 148 121 241 133 191 
Bin 12: 157 109 151 88 15 25 26 69 
Bin 13: 108 55 28 70 196 92 7 
Bin 14: 229 45 3 47 31 102 
Bin 15: 2 211 124 119 160 118 
Bin 16: 30 192 35 72 76 73 180 37 
Bin 17: 205 235 207 149 114 224 117 
Bin 18: 140 0 167 142 126 104 154 
Bin 19: 210 40 58 173 14 236 
Bin 20: 82 185 190 153 86 197 
Bin 21: 115 247 100 184 112 78 
Bin 22: 46 48 138 179 43 152 
Bin 23: 200 147 68 11 12 87 
Bin 24: 202 19 5 165 189 96 176 
Bin 25: 143 67 98 53 22 
Bin 26: 21 41 77 65 75 57 105 
Bin 27: 246 20 226 170 206 9 
Bin 28: 203 168 242 218 103 
Bin 29: 230 120 214 17 141 74 
Bin 30: 122 56 198 111 49 84 199 
Bin 31: 188 34 228 6 220 132 
Bin 32: 131 127 52 95 85 248 172 159 
Bin 33: 27 163 137 162 222 145 
Bin 34: 50 83 54 129 99 135 
Bin 35: 240 146 158 42 231 156 8 
Bin 36: 125 249 194 79 216 
Bin 37: 186 107 134 89 123 
