# Objective: 17
# Time: 0.416945
# Feasible: 1
# Solution:
Bin 0: 52 83 22 74 63 82 73 102 
Bin 1: 13 110 34 38 50 101 53 
Bin 2: 27 45 117 112 57 46 96 26 113 80 111 
Bin 3: 44 37 64 8 70 66 
Bin 4: 109 92 81 40 28 65 
Bin 5: 60 36 84 42 90 56 35 
Bin 6: 115 1 7 12 114 59 107 119 
Bin 7: 10 118 5 77 29 3 105 43 93 
Bin 8: 94 48 39 106 100 116 9 
Bin 9: 76 11 69 87 85 79 99 15 
Bin 10: 30 24 54 31 104 4 95 98 
Bin 11: 75 33 91 2 18 6 78 
Bin 12: 68 14 49 23 86 
Bin 13: 19 72 103 58 89 0 55 
Bin 14: 21 51 67 32 62 
Bin 15: 47 41 17 108 97 
Bin 16: 71 61 88 20 25 16 
