# Objective: 39
# Time: 2.10419
# Feasible: 1
# Solution:
Bin 0: 241 55 121 115 12 239 227 50 
Bin 1: 185 38 72 97 33 32 236 29 
Bin 2: 150 14 46 240 166 237 152 
Bin 3: 64 221 132 5 140 58 
Bin 4: 131 49 129 54 196 23 
Bin 5: 242 194 198 63 205 235 107 
Bin 6: 143 127 189 2 106 157 231 
Bin 7: 78 191 134 169 95 70 
Bin 8: 65 35 213 48 36 20 
Bin 9: 117 45 93 211 108 136 
Bin 10: 66 118 89 47 246 18 
Bin 11: 244 124 220 162 210 
Bin 12: 163 184 249 126 214 28 
Bin 13: 141 105 9 52 111 167 25 225 
Bin 14: 233 149 15 26 92 208 74 
Bin 15: 8 228 31 17 201 125 
Bin 16: 216 0 77 16 43 62 238 
Bin 17: 192 168 41 176 219 1 
Bin 18: 73 187 80 161 172 27 
Bin 19: 183 203 230 100 61 247 145 
Bin 20: 156 104 113 232 96 190 122 
Bin 21: 224 75 109 147 178 42 
Bin 22: 39 188 195 182 82 4 94 
Bin 23: 133 148 138 212 85 200 186 
Bin 24: 7 60 56 137 71 142 
Bin 25: 197 101 144 174 44 158 37 34 
Bin 26: 180 209 112 248 69 90 130 
Bin 27: 234 53 98 223 135 
Bin 28: 217 207 116 177 87 245 
Bin 29: 146 119 19 88 193 153 165 
Bin 30: 154 81 139 22 21 128 
Bin 31: 243 11 151 114 171 123 175 
Bin 32: 110 160 59 199 30 206 179 
Bin 33: 84 86 83 155 99 
Bin 34: 68 181 229 222 202 57 
Bin 35: 51 10 67 204 159 218 3 
Bin 36: 173 103 79 91 
Bin 37: 13 6 215 170 120 226 
Bin 38: 24 164 102 76 40 
