# Objective: 19
# Time: 0.35096
# Feasible: 1
# Solution:
Bin 0: 32 83 72 21 100 81 114 
Bin 1: 37 11 22 110 51 
Bin 2: 108 87 0 91 14 82 98 101 69 
Bin 3: 64 56 49 46 35 118 115 
Bin 4: 99 73 116 48 9 54 4 
Bin 5: 60 71 38 61 111 40 
Bin 6: 67 36 106 43 3 25 
Bin 7: 57 58 27 117 75 109 19 
Bin 8: 10 31 2 105 80 13 
Bin 9: 113 96 59 107 88 95 34 
Bin 10: 17 93 79 86 16 
Bin 11: 119 30 29 90 8 1 39 
Bin 12: 74 102 112 53 55 78 42 92 
Bin 13: 28 47 63 24 33 85 84 
Bin 14: 52 68 103 70 97 
Bin 15: 41 65 45 50 76 
Bin 16: 94 15 62 5 23 
Bin 17: 66 18 12 26 104 
Bin 18: 89 77 7 44 6 20 
