# Objective: 39
# Time: 1.87255
# Feasible: 1
# Solution:
Bin 0: 240 85 185 172 212 181 83 234 112 
Bin 1: 9 30 111 173 32 
Bin 2: 88 135 102 187 182 73 76 
Bin 3: 114 165 243 40 103 45 
Bin 4: 122 146 12 195 126 203 143 
Bin 5: 235 6 59 207 149 44 241 
Bin 6: 150 153 139 155 120 236 231 
Bin 7: 10 72 164 192 90 200 13 145 
Bin 8: 147 42 157 144 35 
Bin 9: 43 33 226 74 116 86 238 228 14 
Bin 10: 5 196 218 242 142 110 
Bin 11: 99 11 51 98 104 25 65 
Bin 12: 151 117 219 125 119 
Bin 13: 4 169 244 138 248 66 205 
Bin 14: 28 109 179 60 27 19 166 199 
Bin 15: 128 134 29 70 57 183 
Bin 16: 3 123 156 80 58 93 229 
Bin 17: 180 39 245 127 222 171 52 
Bin 18: 118 21 75 211 54 175 160 
Bin 19: 217 16 176 71 0 81 178 
Bin 20: 163 233 189 78 24 
Bin 21: 168 34 100 79 121 94 
Bin 22: 17 47 247 97 223 
Bin 23: 174 209 62 227 130 177 232 
Bin 24: 105 18 206 159 237 
Bin 25: 38 239 221 152 84 
Bin 26: 201 15 1 213 186 
Bin 27: 194 20 167 162 148 141 
Bin 28: 48 41 69 115 191 
Bin 29: 55 37 95 249 61 26 225 
Bin 30: 63 204 56 31 68 22 
Bin 31: 7 133 131 23 91 129 
Bin 32: 184 193 89 106 46 82 
Bin 33: 216 246 77 64 8 
Bin 34: 137 215 124 87 210 2 170 
Bin 35: 108 154 188 208 197 132 96 230 158 
Bin 36: 53 161 198 220 49 67 
Bin 37: 92 140 190 202 36 107 
Bin 38: 50 101 224 113 136 214 
