# Objective: 37
# Time: 2.35691
# Feasible: 1
# Solution:
Bin 0: 226 220 105 21 82 98 92 169 
Bin 1: 125 145 54 135 139 180 187 219 
Bin 2: 60 90 55 100 65 63 79 214 96 
Bin 3: 45 152 141 140 11 46 200 
Bin 4: 10 17 43 29 15 229 117 
Bin 5: 23 204 165 233 175 72 
Bin 6: 112 235 102 35 211 151 14 
Bin 7: 128 121 87 67 155 160 124 9 
Bin 8: 110 221 116 212 166 93 85 70 
Bin 9: 83 171 134 154 208 42 241 115 
Bin 10: 16 97 4 224 53 186 223 
Bin 11: 59 49 86 217 162 188 136 194 6 
Bin 12: 183 25 75 56 244 19 
Bin 13: 196 129 176 248 191 74 
Bin 14: 227 34 18 163 207 
Bin 15: 202 108 245 144 130 76 247 
Bin 16: 22 66 231 150 28 158 
Bin 17: 118 174 181 104 114 131 167 153 
Bin 18: 64 199 106 170 84 197 243 
Bin 19: 127 57 177 185 26 44 156 
Bin 20: 50 190 99 40 94 20 218 
Bin 21: 61 168 12 89 119 147 
Bin 22: 237 143 78 203 161 101 222 0 225 
Bin 23: 230 5 126 3 137 201 
Bin 24: 32 149 157 236 179 172 
Bin 25: 107 51 173 184 120 111 138 
Bin 26: 146 206 193 7 164 142 
Bin 27: 13 58 103 198 238 47 52 
Bin 28: 192 189 91 77 242 215 30 
Bin 29: 240 69 1 27 210 216 81 
Bin 30: 133 2 38 122 209 68 123 
Bin 31: 246 228 195 232 88 39 
Bin 32: 41 234 36 80 73 
Bin 33: 178 249 205 8 62 
Bin 34: 31 182 109 71 213 
Bin 35: 95 239 37 48 24 
Bin 36: 33 132 113 159 148 
