# Objective: 38
# Time: 1.14335
# Feasible: 1
# Solution:
Bin 0: 88 165 166 193 64 39 
Bin 1: 185 172 215 8 23 25 113 41 
Bin 2: 121 107 203 244 80 76 
Bin 3: 227 3 155 190 32 214 26 170 
Bin 4: 6 241 123 174 178 112 182 
Bin 5: 69 133 237 14 119 67 57 93 195 
Bin 6: 20 161 221 11 233 124 56 
Bin 7: 229 24 51 239 37 169 
Bin 8: 179 137 108 230 90 110 
Bin 9: 156 247 191 222 58 68 
Bin 10: 146 183 135 21 120 85 65 
Bin 11: 223 141 200 173 116 52 138 
Bin 12: 188 168 109 117 94 55 
Bin 13: 186 187 196 71 15 81 45 206 
Bin 14: 210 128 46 122 33 238 
Bin 15: 204 197 36 234 189 224 171 
Bin 16: 118 167 157 42 147 136 
Bin 17: 209 60 84 29 236 181 59 205 
Bin 18: 152 87 158 19 47 5 
Bin 19: 220 145 95 78 144 243 
Bin 20: 180 153 49 248 7 70 
Bin 21: 105 27 38 61 62 43 
Bin 22: 91 231 82 202 77 72 208 
Bin 23: 184 199 207 235 216 177 9 63 
Bin 24: 40 198 134 213 54 163 73 
Bin 25: 219 114 201 83 228 48 
Bin 26: 176 103 92 242 22 
Bin 27: 106 130 127 35 154 4 16 218 
Bin 28: 2 86 74 249 104 159 10 
Bin 29: 149 125 28 79 75 97 132 225 
Bin 30: 13 98 212 18 126 
Bin 31: 140 66 139 175 96 162 
Bin 32: 89 131 115 101 12 164 
Bin 33: 142 34 232 151 31 102 
Bin 34: 246 194 100 192 1 30 
Bin 35: 211 99 245 0 143 
Bin 36: 217 111 240 148 50 
Bin 37: 150 17 129 53 160 226 44 
