# Objective: 19
# Time: 0.146381
# Feasible: 1
# Solution:
Bin 0: 98 106 40 45 94 83 
Bin 1: 112 105 43 12 13 62 82 
Bin 2: 104 66 31 11 67 76 88 
Bin 3: 27 33 60 44 72 23 5 
Bin 4: 24 18 101 116 69 79 97 
Bin 5: 35 78 42 75 8 
Bin 6: 15 102 48 85 118 80 0 
Bin 7: 25 28 96 64 91 49 114 
Bin 8: 84 36 47 52 32 46 51 
Bin 9: 7 63 21 10 92 58 
Bin 10: 68 39 108 71 26 95 30 
Bin 11: 70 65 90 89 34 56 
Bin 12: 57 29 115 119 6 14 109 
Bin 13: 54 111 110 2 93 
Bin 14: 4 41 19 117 113 50 81 
Bin 15: 20 59 3 103 9 22 16 
Bin 16: 77 17 73 107 53 74 
Bin 17: 99 87 38 86 37 1 
Bin 18: 55 61 100 
