# Objective: 87
# Time: 2.25963
# Feasible: 1
# Solution:
Bin 0: 52 323 94 66 331 271 55 446 333 
Bin 1: 202 321 250 312 160 396 
Bin 2: 49 233 366 44 463 378 
Bin 3: 54 163 489 101 369 460 
Bin 4: 58 492 74 130 346 351 
Bin 5: 421 78 79 188 246 97 
Bin 6: 388 478 109 192 195 63 
Bin 7: 427 326 299 80 95 198 111 286 
Bin 8: 480 309 405 325 
Bin 9: 243 108 293 322 473 110 274 
Bin 10: 328 279 92 345 84 471 185 
Bin 11: 25 146 189 498 290 270 37 
Bin 12: 459 104 90 34 190 375 
Bin 13: 241 194 410 482 468 280 
Bin 14: 495 319 199 100 187 223 234 
Bin 15: 426 170 256 469 50 
Bin 16: 149 60 70 334 236 387 71 
Bin 17: 164 218 232 68 261 399 
Bin 18: 166 344 56 154 132 467 409 
Bin 19: 488 259 112 443 251 200 239 
Bin 20: 336 452 477 355 59 363 57 
Bin 21: 120 407 431 156 22 481 415 
Bin 22: 4 16 114 147 445 
Bin 23: 386 324 45 371 425 221 176 
Bin 24: 127 360 412 483 151 496 215 
Bin 25: 184 12 474 180 136 
Bin 26: 254 209 338 179 89 304 420 
Bin 27: 6 393 27 353 379 213 
Bin 28: 64 457 418 106 36 161 30 
Bin 29: 133 461 411 208 361 341 240 447 
Bin 30: 276 367 193 75 365 96 227 
Bin 31: 121 268 15 17 402 178 310 
Bin 32: 486 390 277 289 142 364 
Bin 33: 416 216 8 383 196 175 
Bin 34: 217 144 291 432 337 158 
Bin 35: 125 370 24 484 382 267 105 
Bin 36: 148 354 272 207 377 238 439 
Bin 37: 67 135 42 77 248 53 339 
Bin 38: 262 33 308 397 35 165 
Bin 39: 287 32 300 301 
Bin 40: 159 455 362 88 245 359 
Bin 41: 320 404 332 297 497 222 26 
Bin 42: 39 13 72 252 46 141 
Bin 43: 122 422 303 152 436 400 381 414 
Bin 44: 212 307 231 230 413 406 
Bin 45: 128 330 11 99 103 203 
Bin 46: 265 374 21 1 172 61 
Bin 47: 491 372 285 419 219 391 385 
Bin 48: 177 435 31 117 305 264 376 
Bin 49: 465 358 93 29 292 472 260 
Bin 50: 438 257 258 7 315 
Bin 51: 118 226 9 255 295 205 113 
Bin 52: 119 0 450 145 263 169 
Bin 53: 456 220 434 5 85 490 
Bin 54: 298 137 401 314 18 139 171 
Bin 55: 249 433 228 123 3 91 
Bin 56: 278 23 316 347 494 394 224 
Bin 57: 162 81 466 458 10 86 40 
Bin 58: 348 327 464 462 430 485 
Bin 59: 428 335 65 475 87 275 
Bin 60: 373 210 493 116 28 
Bin 61: 157 343 253 389 186 150 
Bin 62: 153 138 470 454 206 247 
Bin 63: 102 76 115 229 134 131 408 
Bin 64: 155 82 281 392 352 288 
Bin 65: 83 448 225 318 168 451 
Bin 66: 317 19 282 356 403 424 143 
Bin 67: 98 357 294 380 313 181 
Bin 68: 197 51 444 342 69 487 
Bin 69: 242 440 211 182 237 429 311 417 38 
Bin 70: 20 437 329 349 499 
Bin 71: 129 235 395 453 244 
Bin 72: 43 47 14 269 
Bin 73: 302 
Bin 74: 173 273 284 441 
Bin 75: 174 449 48 41 
Bin 76: 183 167 
Bin 77: 296 340 126 368 423 62 
Bin 78: 140 479 306 73 107 
Bin 79: 124 
Bin 80: 476 283 
Bin 81: 204 
Bin 82: 191 2 214 398 384 
Bin 83: 266 
Bin 84: 442 
Bin 85: 350 
Bin 86: 201 
