# Objective: 18
# Time: 0.227023
# Feasible: 1
# Solution:
Bin 0: 79 17 14 33 44 104 96 28 76 11 
Bin 1: 20 81 40 75 108 60 
Bin 2: 34 64 15 66 59 37 
Bin 3: 73 47 84 45 100 43 6 
Bin 4: 113 8 18 85 112 
Bin 5: 111 65 80 78 93 107 3 
Bin 6: 42 118 68 13 101 97 
Bin 7: 26 71 94 58 92 74 
Bin 8: 7 109 116 32 57 117 87 
Bin 9: 95 1 115 70 39 67 16 35 
Bin 10: 62 23 46 41 119 105 
Bin 11: 72 98 36 69 77 25 
Bin 12: 24 86 110 54 49 9 
Bin 13: 52 56 38 21 2 106 
Bin 14: 103 30 19 114 48 99 51 
Bin 15: 50 89 12 90 63 27 4 
Bin 16: 61 31 82 88 29 0 10 
Bin 17: 83 22 55 5 53 102 91 
