# Objective: 149
# Time: 161.566
# Feasible: 1
# Solution:
Bin 0: 510 98 214 753 44 546 29 586 190 
Bin 1: 731 336 790 929 507 221 43 37 
Bin 2: 199 901 938 528 80 870 529 
Bin 3: 979 648 156 415 297 46 729 
Bin 4: 64 696 860 467 926 108 624 
Bin 5: 670 641 560 559 681 655 488 602 
Bin 6: 71 673 554 42 130 596 805 868 
Bin 7: 936 538 519 270 742 726 151 96 
Bin 8: 323 359 781 222 506 637 367 601 
Bin 9: 159 355 678 258 338 741 776 
Bin 10: 827 206 107 237 11 909 593 341 495 
Bin 11: 824 904 292 114 961 649 919 947 
Bin 12: 187 595 266 152 181 250 
Bin 13: 183 54 758 337 282 
Bin 14: 861 958 112 131 847 208 652 
Bin 15: 274 590 831 591 174 233 
Bin 16: 589 485 419 920 311 763 354 
Bin 17: 145 501 383 897 849 550 
Bin 18: 262 448 845 727 276 48 210 
Bin 19: 264 937 823 963 119 530 
Bin 20: 944 15 531 308 164 672 50 
Bin 21: 942 197 905 620 999 927 664 
Bin 22: 350 635 439 654 807 
Bin 23: 463 434 231 303 418 251 793 990 
Bin 24: 864 751 621 837 60 113 
Bin 25: 452 900 423 511 426 453 815 
Bin 26: 810 536 791 123 733 343 283 205 
Bin 27: 67 644 255 89 386 950 249 
Bin 28: 570 300 951 126 14 10 633 371 
Bin 29: 361 685 372 911 820 638 
Bin 30: 817 457 472 62 188 567 
Bin 31: 97 401 348 508 330 896 
Bin 32: 694 320 317 245 737 588 
Bin 33: 572 148 656 24 522 136 
Bin 34: 480 263 217 639 553 224 370 587 
Bin 35: 878 175 736 773 438 578 129 
Bin 36: 875 429 977 568 640 189 
Bin 37: 740 949 57 535 2 829 930 
Bin 38: 254 571 307 952 333 185 
Bin 39: 704 59 610 985 666 658 746 51 584 
Bin 40: 458 825 755 412 30 153 966 
Bin 41: 441 347 219 99 628 81 324 
Bin 42: 193 576 279 642 446 752 6 
Bin 43: 996 468 581 859 157 
Bin 44: 818 970 77 933 267 874 
Bin 45: 738 459 455 310 705 430 
Bin 46: 120 393 331 819 713 
Bin 47: 964 651 293 381 56 425 766 
Bin 48: 948 813 365 533 690 356 52 225 
Bin 49: 414 513 688 13 492 228 284 
Bin 50: 797 490 787 218 239 
Bin 51: 70 523 465 235 573 707 65 
Bin 52: 991 90 162 196 675 143 735 
Bin 53: 962 960 543 871 366 172 679 
Bin 54: 259 155 315 923 941 313 
Bin 55: 957 848 335 4 809 544 327 
Bin 56: 866 100 92 779 139 
Bin 57: 295 88 410 973 855 325 138 
Bin 58: 843 618 464 551 417 839 16 79 
Bin 59: 38 631 808 346 133 360 427 124 
Bin 60: 428 709 619 883 890 724 268 
Bin 61: 561 684 657 728 302 154 692 
Bin 62: 494 306 102 288 852 667 922 
Bin 63: 671 271 332 121 505 659 
Bin 64: 66 816 451 833 569 443 83 32 203 
Bin 65: 879 41 290 712 585 981 406 512 
Bin 66: 935 660 95 170 304 69 444 314 
Bin 67: 58 462 693 26 946 608 392 
Bin 68: 402 475 55 632 209 
Bin 69: 230 594 433 105 863 384 
Bin 70: 715 450 611 710 87 368 906 
Bin 71: 305 665 669 25 821 86 717 
Bin 72: 147 968 885 76 556 165 
Bin 73: 400 141 449 380 9 376 760 
Bin 74: 800 799 301 794 980 499 732 
Bin 75: 7 625 149 167 844 912 524 
Bin 76: 351 240 299 872 767 0 61 913 
Bin 77: 146 328 440 812 289 984 85 
Bin 78: 278 903 184 272 477 484 
Bin 79: 680 876 192 391 583 128 
Bin 80: 782 23 873 8 832 395 668 
Bin 81: 247 436 725 526 757 754 403 
Bin 82: 925 248 939 398 447 830 
Bin 83: 244 140 40 802 127 
Bin 84: 385 407 721 982 340 676 
Bin 85: 68 75 504 19 387 992 
Bin 86: 39 476 786 552 27 321 374 
Bin 87: 362 771 158 893 928 997 503 
Bin 88: 20 432 636 103 772 764 72 
Bin 89: 213 613 298 720 509 176 719 
Bin 90: 420 582 888 106 396 828 375 988 
Bin 91: 822 226 780 722 93 769 
Bin 92: 117 785 357 702 227 179 
Bin 93: 82 777 789 460 558 413 
Bin 94: 967 202 910 399 537 854 
Bin 95: 993 723 881 454 697 889 647 
Bin 96: 397 646 118 339 908 686 
Bin 97: 486 47 943 739 500 976 
Bin 98: 687 125 598 850 296 
Bin 99: 542 498 683 898 788 369 
Bin 100: 487 765 880 316 442 390 182 796 408 
Bin 101: 622 604 236 562 916 35 
Bin 102: 515 478 986 104 695 309 
Bin 103: 917 481 965 783 629 394 
Bin 104: 606 532 674 33 422 661 
Bin 105: 242 887 3 471 609 915 983 865 
Bin 106: 246 474 798 497 269 
Bin 107: 699 322 479 257 954 91 987 
Bin 108: 867 411 84 461 907 682 
Bin 109: 277 959 597 840 603 469 491 388 
Bin 110: 223 580 34 998 902 689 489 
Bin 111: 931 342 345 914 466 229 49 109 
Bin 112: 435 972 256 862 470 137 600 775 
Bin 113: 28 971 216 273 801 389 318 
Bin 114: 617 516 616 286 643 592 645 
Bin 115: 934 424 627 211 774 
Bin 116: 718 521 703 353 382 882 
Bin 117: 918 36 795 520 750 116 605 
Bin 118: 363 178 171 834 134 135 21 634 
Bin 119: 846 518 756 826 101 
Bin 120: 74 191 899 527 663 234 409 180 
Bin 121: 804 166 514 630 745 12 
Bin 122: 716 291 364 994 856 806 
Bin 123: 238 564 851 653 344 150 280 
Bin 124: 473 445 853 349 204 842 
Bin 125: 575 784 281 252 169 502 379 
Bin 126: 294 548 493 599 762 623 
Bin 127: 177 924 677 626 110 496 978 186 
Bin 128: 792 650 207 698 835 886 
Bin 129: 378 540 232 708 955 700 201 541 
Bin 130: 73 275 5 287 711 115 352 
Bin 131: 260 714 549 932 358 373 
Bin 132: 547 22 892 319 748 45 
Bin 133: 144 431 995 969 195 
Bin 134: 814 574 111 421 132 241 
Bin 135: 615 691 701 838 53 747 517 437 
Bin 136: 566 253 539 534 662 63 734 884 
Bin 137: 17 768 200 545 869 1 
Bin 138: 557 730 161 841 404 243 198 
Bin 139: 334 168 770 215 483 
Bin 140: 212 94 173 945 160 525 940 
Bin 141: 377 778 989 877 894 565 
Bin 142: 194 405 953 895 285 749 261 163 761 
Bin 143: 122 759 607 142 555 743 811 
Bin 144: 857 18 706 614 956 744 
Bin 145: 579 921 612 482 836 
Bin 146: 974 265 858 78 312 
Bin 147: 416 975 326 31 577 891 
Bin 148: 803 329 456 563 220 
