# Objective: 203
# Time: 24.4311
# Feasible: 1
# Solution:
Bin 0: 323 490 905 675 495 461 
Bin 1: 706 83 505 557 373 848 515 
Bin 2: 998 656 981 836 339 660 421 
Bin 3: 475 69 77 234 916 511 
Bin 4: 134 502 138 969 388 989 401 228 
Bin 5: 990 390 253 379 68 290 574 
Bin 6: 696 763 448 471 391 531 698 439 
Bin 7: 456 324 777 465 300 518 161 
Bin 8: 817 720 838 680 541 54 227 
Bin 9: 207 58 210 948 201 274 935 
Bin 10: 726 334 261 577 168 
Bin 11: 170 301 22 508 530 276 853 556 
Bin 12: 773 629 197 793 891 729 
Bin 13: 512 230 650 857 489 97 780 242 
Bin 14: 451 474 354 825 549 665 774 835 
Bin 15: 827 724 697 33 681 455 
Bin 16: 311 452 9 840 608 91 
Bin 17: 900 924 247 624 719 131 
Bin 18: 754 141 794 29 895 
Bin 19: 636 442 352 256 164 159 482 
Bin 20: 66 114 359 394 565 435 876 605 
Bin 21: 337 854 627 671 246 
Bin 22: 648 516 144 265 273 75 257 98 
Bin 23: 882 87 894 805 175 5 
Bin 24: 686 497 408 995 82 907 
Bin 25: 111 332 313 791 278 775 
Bin 26: 57 318 833 119 843 590 649 335 
Bin 27: 416 934 596 881 34 803 
Bin 28: 208 563 409 514 30 367 
Bin 29: 581 765 420 709 357 784 700 340 142 483 633 
Bin 30: 157 425 864 718 244 181 24 
Bin 31: 238 23 852 921 962 789 899 902 275 
Bin 32: 500 160 469 363 443 554 
Bin 33: 407 971 0 429 799 580 571 
Bin 34: 287 189 613 399 983 553 
Bin 35: 187 130 832 771 975 625 155 
Bin 36: 662 115 570 35 481 
Bin 37: 4 745 43 527 94 926 105 
Bin 38: 664 996 202 849 412 897 678 
Bin 39: 846 237 355 126 579 212 117 47 
Bin 40: 350 666 991 802 778 397 
Bin 41: 652 152 106 413 692 887 
Bin 42: 249 59 551 994 790 298 360 
Bin 43: 336 576 42 885 493 810 
Bin 44: 687 712 284 310 149 930 884 542 
Bin 45: 890 738 746 125 847 880 918 
Bin 46: 630 668 417 906 609 863 760 21 
Bin 47: 837 348 540 178 
Bin 48: 271 173 124 776 526 
Bin 49: 513 38 434 830 831 993 
Bin 50: 768 122 344 426 539 217 841 
Bin 51: 92 525 241 231 871 288 466 
Bin 52: 788 727 663 361 423 714 
Bin 53: 243 521 127 721 460 102 387 997 
Bin 54: 762 910 728 444 104 
Bin 55: 685 722 377 89 767 223 510 988 
Bin 56: 145 41 19 868 437 834 
Bin 57: 537 60 622 453 701 943 133 398 
Bin 58: 950 10 942 952 797 809 250 
Bin 59: 564 485 677 925 586 302 
Bin 60: 770 50 800 798 76 405 
Bin 61: 968 248 496 31 48 73 
Bin 62: 312 730 74 545 182 
Bin 63: 260 872 90 503 723 
Bin 64: 970 71 166 14 3 445 
Bin 65: 972 129 661 785 867 414 403 
Bin 66: 932 44 196 815 333 787 309 
Bin 67: 37 844 734 342 139 63 956 
Bin 68: 626 116 937 428 594 343 
Bin 69: 858 748 611 509 259 578 
Bin 70: 375 592 215 341 306 949 711 
Bin 71: 1 329 492 951 759 535 
Bin 72: 985 372 679 330 154 
Bin 73: 659 874 632 28 670 135 
Bin 74: 252 704 820 643 795 923 
Bin 75: 346 933 796 349 875 
Bin 76: 112 595 213 140 447 941 
Bin 77: 861 158 640 927 40 79 
Bin 78: 620 218 694 824 538 11 889 912 
Bin 79: 305 199 634 982 606 699 
Bin 80: 589 743 979 419 862 100 
Bin 81: 8 188 251 88 291 
Bin 82: 560 623 940 690 220 385 
Bin 83: 179 395 186 752 567 992 
Bin 84: 109 960 53 176 136 522 
Bin 85: 936 214 304 588 402 812 
Bin 86: 818 85 781 684 458 406 
Bin 87: 478 327 384 120 317 
Bin 88: 804 321 955 366 813 657 735 
Bin 89: 49 566 751 739 494 70 
Bin 90: 463 710 282 517 454 931 928 
Bin 91: 371 959 621 986 262 36 
Bin 92: 961 811 62 183 976 
Bin 93: 966 368 174 12 749 
Bin 94: 628 602 524 893 
Bin 95: 965 229 268 584 901 392 
Bin 96: 783 639 883 292 645 
Bin 97: 56 819 203 987 315 967 
Bin 98: 488 908 383 280 635 
Bin 99: 945 431 172 682 601 473 856 
Bin 100: 459 766 534 
Bin 101: 18 2 457 638 
Bin 102: 550 814 436 519 504 
Bin 103: 612 279 737 198 674 32 
Bin 104: 946 529 479 604 528 898 
Bin 105: 299 600 568 72 476 807 
Bin 106: 842 769 156 732 163 
Bin 107: 865 64 184 25 
Bin 108: 180 546 587 314 984 999 146 646 303 427 702 381 
Bin 109: 418 644 631 101 615 224 786 
Bin 110: 873 190 491 
Bin 111: 703 296 108 851 
Bin 112: 839 283 7 913 
Bin 113: 468 307 963 973 325 
Bin 114: 255 658 761 498 
Bin 115: 740 845 669 99 67 736 
Bin 116: 297 236 95 547 782 370 78 
Bin 117: 879 915 920 
Bin 118: 233 194 221 
Bin 119: 185 150 582 
Bin 120: 944 806 958 
Bin 121: 506 543 870 673 191 616 
Bin 122: 386 27 422 326 345 
Bin 123: 15 26 167 
Bin 124: 51 6 593 744 410 52 
Bin 125: 755 911 113 380 269 
Bin 126: 376 823 123 573 245 
Bin 127: 637 165 147 338 
Bin 128: 464 828 572 277 
Bin 129: 264 16 121 
Bin 130: 378 618 708 415 353 205 
Bin 131: 65 239 382 389 
Bin 132: 607 433 110 
Bin 133: 400 855 219 143 
Bin 134: 964 316 647 523 953 585 
Bin 135: 747 235 
Bin 136: 446 404 
Bin 137: 583 430 20 
Bin 138: 655 914 599 486 45 929 757 
Bin 139: 533 688 501 
Bin 140: 939 536 877 374 441 222 552 
Bin 141: 204 55 148 717 
Bin 142: 393 39 86 792 
Bin 143: 859 211 295 860 
Bin 144: 267 758 919 365 707 
Bin 145: 293 
Bin 146: 294 331 364 892 
Bin 147: 266 462 938 13 319 619 
Bin 148: 693 328 575 617 667 
Bin 149: 200 653 903 922 216 
Bin 150: 281 850 322 472 263 978 
Bin 151: 169 742 232 
Bin 152: 96 
Bin 153: 162 598 
Bin 154: 695 484 676 
Bin 155: 750 957 
Bin 156: 93 118 225 691 
Bin 157: 470 153 597 
Bin 158: 356 610 886 559 
Bin 159: 544 
Bin 160: 289 477 
Bin 161: 254 947 61 555 
Bin 162: 358 
Bin 163: 896 
Bin 164: 977 240 715 603 829 801 
Bin 165: 285 716 689 904 177 764 725 
Bin 166: 888 731 
Bin 167: 672 651 
Bin 168: 128 654 
Bin 169: 209 917 683 614 532 
Bin 170: 272 741 779 878 954 822 396 
Bin 171: 705 320 641 
Bin 172: 438 
Bin 173: 440 561 
Bin 174: 558 821 46 
Bin 175: 772 362 816 
Bin 176: 548 424 
Bin 177: 308 
Bin 178: 569 
Bin 179: 980 351 132 195 
Bin 180: 84 
Bin 181: 909 80 
Bin 182: 869 826 107 
Bin 183: 591 17 270 480 206 369 753 
Bin 184: 642 
Bin 185: 137 
Bin 186: 432 151 866 520 499 226 
Bin 187: 192 193 
Bin 188: 347 
Bin 189: 467 
Bin 190: 733 286 
Bin 191: 103 
Bin 192: 713 487 
Bin 193: 808 
Bin 194: 258 
Bin 195: 450 
Bin 196: 974 562 
Bin 197: 411 
Bin 198: 449 
Bin 199: 171 
Bin 200: 81 
Bin 201: 756 
Bin 202: 507 
