# Objective: 37
# Time: 2.32711
# Feasible: 1
# Solution:
Bin 0: 240 51 87 237 248 145 182 144 
Bin 1: 7 125 172 228 142 59 161 
Bin 2: 171 84 96 226 98 2 169 
Bin 3: 69 43 200 151 217 149 78 91 
Bin 4: 82 198 100 154 208 155 22 209 
Bin 5: 229 108 40 47 76 29 79 135 50 
Bin 6: 212 83 224 5 56 89 
Bin 7: 183 31 136 129 196 
Bin 8: 68 242 12 55 32 170 204 202 26 115 
Bin 9: 66 14 189 186 24 60 104 
Bin 10: 63 36 80 216 215 
Bin 11: 123 35 245 92 105 137 
Bin 12: 101 190 131 57 168 17 
Bin 13: 64 218 197 150 146 241 97 187 
Bin 14: 174 234 236 191 34 
Bin 15: 0 148 77 6 232 147 162 180 120 
Bin 16: 247 1 44 194 201 246 124 
Bin 17: 230 58 141 222 181 61 
Bin 18: 205 239 116 243 223 220 
Bin 19: 122 113 72 153 117 184 
Bin 20: 4 74 179 45 86 106 221 
Bin 21: 165 38 90 210 114 152 178 
Bin 22: 39 65 46 103 173 112 49 
Bin 23: 159 235 81 157 25 19 21 28 185 
Bin 24: 143 233 176 138 3 54 163 
Bin 25: 73 8 53 207 62 164 
Bin 26: 213 214 67 99 109 244 
Bin 27: 41 111 126 9 192 134 119 
Bin 28: 30 206 160 94 188 158 
Bin 29: 18 75 167 166 33 95 
Bin 30: 249 42 140 20 199 15 71 
Bin 31: 227 121 107 219 48 195 
Bin 32: 52 156 203 225 118 70 11 102 175 
Bin 33: 127 88 133 139 231 
Bin 34: 10 27 211 37 130 
Bin 35: 23 132 238 177 110 
Bin 36: 16 85 128 193 13 93 
