# Objective: 18
# Time: 0.244445
# Feasible: 1
# Solution:
Bin 0: 87 112 48 29 116 90 
Bin 1: 49 93 18 21 54 95 11 
Bin 2: 77 81 7 85 27 107 
Bin 3: 88 106 110 37 105 91 84 
Bin 4: 68 111 28 64 1 
Bin 5: 66 8 118 86 115 72 
Bin 6: 42 109 99 75 3 92 
Bin 7: 65 12 22 71 16 62 32 
Bin 8: 50 117 82 63 98 41 9 
Bin 9: 61 33 23 5 24 44 
Bin 10: 103 102 2 119 51 104 19 36 
Bin 11: 58 78 74 57 97 100 56 14 35 
Bin 12: 52 10 59 94 53 80 47 4 
Bin 13: 96 114 40 31 6 0 79 
Bin 14: 73 34 13 45 39 
Bin 15: 60 101 113 20 17 15 76 
Bin 16: 89 30 25 43 26 46 67 
Bin 17: 70 38 108 69 55 83 
