# Objective: 18
# Time: 0.383371
# Feasible: 1
# Solution:
Bin 0: 84 41 82 114 59 5 63 
Bin 1: 35 81 67 8 51 117 97 
Bin 2: 19 86 46 40 49 73 6 91 52 
Bin 3: 17 44 111 45 9 87 13 116 18 
Bin 4: 101 64 32 94 98 1 89 
Bin 5: 57 54 36 24 22 77 
Bin 6: 10 30 70 83 95 69 48 
Bin 7: 62 79 106 11 42 7 21 75 
Bin 8: 31 112 55 103 3 109 58 16 
Bin 9: 4 0 88 104 26 50 85 
Bin 10: 72 74 39 43 61 56 99 53 
Bin 11: 78 113 108 12 102 
Bin 12: 38 2 115 92 34 
Bin 13: 76 68 80 33 29 
Bin 14: 110 23 65 100 14 66 
Bin 15: 107 71 90 60 47 37 
Bin 16: 25 105 28 96 27 
Bin 17: 15 93 118 20 119 
