# Objective: 150
# Time: 165.356
# Feasible: 1
# Solution:
Bin 0: 230 769 716 730 237 866 603 
Bin 1: 908 189 732 667 65 251 
Bin 2: 926 293 558 246 369 370 615 438 
Bin 3: 240 869 747 745 146 196 643 
Bin 4: 277 318 261 660 582 
Bin 5: 395 321 219 721 834 812 476 
Bin 6: 778 101 113 319 421 416 
Bin 7: 649 32 622 176 699 704 809 
Bin 8: 851 105 154 272 290 130 
Bin 9: 73 738 59 162 597 133 214 66 
Bin 10: 488 665 685 397 442 413 594 
Bin 11: 756 885 127 608 780 265 502 
Bin 12: 352 631 358 570 726 
Bin 13: 529 412 140 648 414 
Bin 14: 980 535 709 330 335 341 907 737 
Bin 15: 731 361 297 823 632 830 883 775 232 
Bin 16: 35 197 249 919 818 52 688 58 
Bin 17: 432 956 527 382 509 740 
Bin 18: 784 973 181 171 510 166 947 60 64 
Bin 19: 300 408 447 95 243 163 972 
Bin 20: 800 485 964 288 627 420 930 
Bin 21: 538 28 480 271 380 870 
Bin 22: 88 641 943 435 932 892 
Bin 23: 528 291 27 567 847 314 
Bin 24: 253 410 419 581 83 482 566 
Bin 25: 185 703 997 493 605 
Bin 26: 402 702 436 391 30 544 472 
Bin 27: 727 458 193 958 86 591 467 
Bin 28: 19 662 898 687 635 971 
Bin 29: 464 426 120 155 933 4 
Bin 30: 98 967 160 371 600 904 720 
Bin 31: 215 681 72 298 711 325 825 
Bin 32: 132 259 283 248 115 
Bin 33: 403 614 793 483 501 556 840 355 
Bin 34: 526 961 187 698 873 891 405 346 826 
Bin 35: 979 394 205 134 611 
Bin 36: 914 929 684 36 773 630 158 
Bin 37: 927 169 175 506 659 68 51 204 
Bin 38: 354 473 63 987 886 142 143 822 846 
Bin 39: 728 150 67 537 989 751 
Bin 40: 749 906 400 5 639 41 863 6 
Bin 41: 884 301 390 758 589 
Bin 42: 441 188 422 21 661 269 
Bin 43: 915 348 650 239 306 837 84 
Bin 44: 180 479 644 625 725 267 141 772 
Bin 45: 788 811 722 995 690 960 247 
Bin 46: 555 945 801 590 372 576 
Bin 47: 125 129 910 455 377 880 302 315 
Bin 48: 183 122 172 216 819 
Bin 49: 295 984 928 37 224 368 985 612 
Bin 50: 872 250 602 806 920 953 46 
Bin 51: 466 104 282 835 289 305 
Bin 52: 147 918 682 546 521 677 
Bin 53: 383 443 109 717 393 679 
Bin 54: 580 935 90 353 292 828 47 360 
Bin 55: 783 116 975 596 516 280 776 729 89 364 862 
Bin 56: 481 858 797 77 601 713 270 329 
Bin 57: 489 326 978 765 411 415 
Bin 58: 952 469 785 839 144 107 190 577 
Bin 59: 857 16 617 810 724 
Bin 60: 689 388 887 515 136 110 624 334 
Bin 61: 686 507 491 487 748 80 81 
Bin 62: 786 587 619 921 790 645 902 
Bin 63: 674 937 1 868 384 752 954 396 
Bin 64: 157 174 279 22 629 474 307 
Bin 65: 583 853 816 913 696 167 427 
Bin 66: 966 462 564 855 536 999 324 
Bin 67: 896 936 340 177 114 604 585 
Bin 68: 285 149 789 211 48 495 218 
Bin 69: 877 771 715 478 328 808 683 761 
Bin 70: 50 795 859 206 70 93 339 278 
Bin 71: 990 124 85 543 636 815 343 762 322 
Bin 72: 245 569 82 452 55 103 96 430 
Bin 73: 963 750 299 925 138 900 3 
Bin 74: 137 241 351 386 678 378 260 
Bin 75: 560 621 255 61 0 331 209 
Bin 76: 531 672 229 342 666 944 
Bin 77: 948 539 217 165 833 496 281 705 
Bin 78: 381 434 350 575 512 865 
Bin 79: 238 231 655 854 344 723 273 170 
Bin 80: 470 565 345 13 451 838 563 
Bin 81: 757 848 934 457 513 
Bin 82: 746 97 710 161 802 212 584 
Bin 83: 40 327 817 844 194 152 707 
Bin 84: 99 829 29 11 347 
Bin 85: 14 437 804 23 530 379 31 
Bin 86: 57 782 993 557 781 168 
Bin 87: 942 252 398 366 541 
Bin 88: 45 764 79 982 917 595 
Bin 89: 787 233 126 824 244 256 263 10 
Bin 90: 755 634 821 598 242 
Bin 91: 545 304 208 424 274 949 
Bin 92: 440 78 207 191 549 117 475 406 
Bin 93: 988 425 523 701 924 864 820 
Bin 94: 881 159 871 554 879 640 456 
Bin 95: 173 697 499 26 428 592 
Bin 96: 670 477 401 609 976 
Bin 97: 901 831 899 735 692 651 647 559 
Bin 98: 983 968 20 498 856 759 712 
Bin 99: 561 276 362 417 799 448 739 
Bin 100: 574 718 254 450 578 
Bin 101: 33 221 102 813 586 642 
Bin 102: 131 490 151 74 228 258 454 286 
Bin 103: 633 92 332 791 850 
Bin 104: 779 192 874 517 794 550 
Bin 105: 53 653 638 673 333 532 220 520 
Bin 106: 736 349 974 599 156 814 
Bin 107: 691 359 998 486 588 777 25 323 
Bin 108: 996 714 693 911 525 460 268 317 504 
Bin 109: 970 336 461 552 950 
Bin 110: 849 626 894 616 700 
Bin 111: 375 878 275 148 562 392 492 
Bin 112: 235 743 875 100 547 754 
Bin 113: 656 423 654 34 939 676 
Bin 114: 534 955 572 533 459 
Bin 115: 579 841 803 741 76 
Bin 116: 607 484 8 593 845 202 573 860 
Bin 117: 38 923 959 49 623 
Bin 118: 767 946 106 387 337 
Bin 119: 91 680 94 385 309 657 
Bin 120: 24 861 128 977 287 568 
Bin 121: 62 121 992 706 56 446 637 
Bin 122: 111 119 182 916 931 882 890 
Bin 123: 213 42 178 522 294 365 
Bin 124: 768 2 695 694 620 511 
Bin 125: 312 733 210 571 827 
Bin 126: 262 893 912 962 763 792 284 
Bin 127: 897 836 468 613 744 922 
Bin 128: 198 471 652 548 310 
Bin 129: 628 112 663 494 303 664 108 708 
Bin 130: 969 203 389 311 514 374 44 
Bin 131: 503 201 296 431 179 905 266 981 
Bin 132: 606 7 742 909 164 139 75 
Bin 133: 123 227 222 994 668 453 
Bin 134: 12 338 796 367 87 
Bin 135: 542 356 867 766 445 
Bin 136: 843 508 195 889 753 118 184 399 
Bin 137: 200 940 433 225 524 
Bin 138: 669 938 770 760 439 449 842 
Bin 139: 553 199 145 895 805 15 223 505 
Bin 140: 264 540 357 965 236 832 465 
Bin 141: 316 376 418 373 71 
Bin 142: 774 675 500 671 409 852 320 
Bin 143: 135 404 658 257 407 313 308 941 
Bin 144: 719 54 444 429 234 
Bin 145: 551 991 646 226 610 
Bin 146: 69 734 986 888 518 618 
Bin 147: 807 903 519 186 43 363 
Bin 148: 957 463 9 798 17 
Bin 149: 39 497 876 951 153 18 
