# Objective: 150
# Time: 160.465
# Feasible: 1
# Solution:
Bin 0: 387 338 16 968 551 689 439 
Bin 1: 400 385 155 789 649 690 396 288 571 
Bin 2: 176 145 478 740 508 
Bin 3: 296 412 558 847 638 722 756 
Bin 4: 127 991 835 90 616 237 
Bin 5: 154 38 998 970 811 437 
Bin 6: 425 974 352 692 891 680 980 
Bin 7: 105 961 917 10 858 420 901 
Bin 8: 366 44 473 414 211 161 467 
Bin 9: 139 98 844 881 294 
Bin 10: 897 505 986 255 122 382 
Bin 11: 599 585 100 215 484 235 
Bin 12: 462 676 426 927 783 
Bin 13: 695 933 720 469 169 304 483 
Bin 14: 89 890 779 374 564 49 531 455 
Bin 15: 19 182 383 444 704 
Bin 16: 409 939 947 496 832 915 707 
Bin 17: 448 47 267 163 489 224 
Bin 18: 679 196 216 746 242 252 523 978 
Bin 19: 977 20 434 180 427 724 330 147 33 
Bin 20: 944 543 72 445 737 
Bin 21: 245 999 610 208 184 825 590 436 647 
Bin 22: 517 230 768 627 181 441 
Bin 23: 347 929 792 525 989 326 735 
Bin 24: 643 516 361 433 388 542 406 307 
Bin 25: 923 966 926 560 295 
Bin 26: 428 499 30 617 964 146 99 
Bin 27: 957 860 493 342 401 630 
Bin 28: 337 959 975 979 596 544 
Bin 29: 713 468 765 587 41 728 132 
Bin 30: 731 141 431 66 166 945 866 410 
Bin 31: 395 318 852 904 416 948 0 
Bin 32: 27 992 259 84 397 65 870 
Bin 33: 115 477 626 733 636 717 
Bin 34: 972 782 464 360 415 533 59 438 
Bin 35: 405 882 984 675 269 604 50 
Bin 36: 592 73 727 526 863 263 591 
Bin 37: 846 802 701 117 547 879 
Bin 38: 895 162 685 413 730 77 938 518 900 
Bin 39: 925 193 423 546 603 729 
Bin 40: 537 417 202 883 799 
Bin 41: 419 213 910 736 236 651 
Bin 42: 7 150 911 536 694 197 
Bin 43: 386 290 85 815 826 619 422 
Bin 44: 138 774 218 68 800 165 
Bin 45: 681 116 589 313 532 856 644 
Bin 46: 287 333 168 113 529 491 742 572 
Bin 47: 665 411 987 389 660 684 
Bin 48: 575 341 394 325 315 24 
Bin 49: 896 188 226 380 345 
Bin 50: 561 285 302 949 580 812 
Bin 51: 217 177 91 376 64 813 167 305 
Bin 52: 670 40 506 710 918 714 
Bin 53: 793 565 346 453 317 
Bin 54: 171 140 709 343 827 880 276 
Bin 55: 36 52 114 334 121 892 522 
Bin 56: 257 993 757 509 35 671 372 
Bin 57: 876 153 633 358 371 
Bin 58: 958 221 487 490 31 806 703 
Bin 59: 994 648 864 884 271 973 
Bin 60: 712 212 667 843 291 239 
Bin 61: 228 432 274 110 683 174 
Bin 62: 301 476 303 538 921 408 381 
Bin 63: 474 293 908 794 312 273 985 15 
Bin 64: 628 848 363 586 463 119 265 
Bin 65: 39 134 539 602 795 129 
Bin 66: 639 266 92 78 952 584 101 
Bin 67: 922 583 574 932 965 550 
Bin 68: 156 359 172 421 805 507 158 
Bin 69: 666 136 641 321 331 621 144 316 
Bin 70: 657 492 324 886 862 488 824 
Bin 71: 157 530 816 691 192 637 928 
Bin 72: 452 502 43 894 495 42 674 187 
Bin 73: 336 200 861 699 893 348 767 
Bin 74: 719 149 340 81 817 829 
Bin 75: 194 300 905 540 781 362 51 430 
Bin 76: 133 615 751 545 837 859 653 
Bin 77: 716 323 503 54 281 97 914 
Bin 78: 554 577 87 206 983 67 96 
Bin 79: 686 306 788 272 356 790 822 
Bin 80: 70 634 595 605 645 377 
Bin 81: 567 309 83 3 612 655 
Bin 82: 461 857 256 284 524 504 955 
Bin 83: 996 429 459 480 451 600 
Bin 84: 662 930 990 261 205 967 322 435 
Bin 85: 934 370 456 367 913 867 
Bin 86: 32 2 22 131 622 
Bin 87: 351 833 597 297 126 941 29 332 
Bin 88: 240 924 521 693 278 778 775 75 
Bin 89: 865 758 743 520 292 797 669 754 
Bin 90: 329 112 249 299 706 527 
Bin 91: 593 874 559 738 821 63 58 995 
Bin 92: 631 460 635 553 152 250 
Bin 93: 624 772 734 872 652 
Bin 94: 128 557 868 752 258 919 607 878 
Bin 95: 241 672 814 26 404 298 854 
Bin 96: 851 440 254 885 875 935 510 
Bin 97: 486 899 446 828 378 594 253 
Bin 98: 142 118 598 61 906 53 450 
Bin 99: 210 801 18 123 613 327 840 
Bin 100: 755 807 71 353 170 465 
Bin 101: 804 23 60 195 390 310 57 
Bin 102: 568 838 787 106 466 513 
Bin 103: 220 189 515 260 151 
Bin 104: 747 808 582 223 482 
Bin 105: 320 912 556 780 625 
Bin 106: 80 268 762 164 373 850 608 
Bin 107: 13 481 238 950 458 785 
Bin 108: 199 62 721 726 869 614 541 
Bin 109: 687 954 750 839 403 697 784 
Bin 110: 798 262 889 566 971 357 698 
Bin 111: 570 677 178 479 796 
Bin 112: 442 9 286 654 909 982 143 
Bin 113: 650 103 898 407 135 581 640 
Bin 114: 104 219 744 186 887 125 
Bin 115: 711 723 853 988 745 606 528 976 
Bin 116: 17 766 696 549 771 500 962 688 
Bin 117: 658 579 715 563 576 471 931 335 
Bin 118: 454 601 849 349 204 588 
Bin 119: 831 764 246 11 678 
Bin 120: 888 328 79 951 319 398 
Bin 121: 379 562 663 494 741 552 
Bin 122: 5 120 107 214 646 668 183 12 418 48 
Bin 123: 818 791 705 277 384 501 244 902 
Bin 124: 82 76 803 834 447 611 
Bin 125: 248 943 308 842 773 475 618 247 
Bin 126: 873 907 763 95 279 700 
Bin 127: 109 877 777 225 175 392 207 
Bin 128: 519 159 836 25 642 555 969 
Bin 129: 855 264 21 14 535 809 311 
Bin 130: 179 830 960 981 28 
Bin 131: 102 424 841 190 632 
Bin 132: 283 760 963 130 275 512 124 
Bin 133: 251 718 369 514 820 498 
Bin 134: 569 920 534 732 702 472 573 
Bin 135: 6 661 354 548 270 69 903 
Bin 136: 344 623 111 314 936 209 289 
Bin 137: 93 45 46 786 234 511 402 769 203 
Bin 138: 664 365 160 871 56 88 350 222 282 940 
Bin 139: 749 74 137 55 232 443 198 
Bin 140: 810 470 280 759 673 
Bin 141: 753 94 497 364 656 
Bin 142: 375 243 185 399 845 942 37 997 
Bin 143: 355 823 148 34 1 953 
Bin 144: 449 748 457 609 86 
Bin 145: 946 339 776 108 391 229 368 
Bin 146: 739 578 629 227 937 659 
Bin 147: 956 485 4 708 8 201 819 725 
Bin 148: 916 393 173 231 620 
Bin 149: 191 770 761 682 233 
