# Objective: 19
# Time: 0.255639
# Feasible: 1
# Solution:
Bin 0: 90 88 36 92 32 89 
Bin 1: 76 93 79 23 115 31 4 
Bin 2: 8 39 9 83 55 
Bin 3: 101 1 47 94 97 52 24 
Bin 4: 27 13 46 78 49 96 104 
Bin 5: 69 51 108 99 85 105 
Bin 6: 40 38 72 112 107 
Bin 7: 110 102 73 113 65 103 5 17 
Bin 8: 28 95 14 54 15 16 
Bin 9: 0 2 58 75 42 7 
Bin 10: 3 53 33 21 106 117 18 
Bin 11: 118 59 64 56 57 48 111 
Bin 12: 61 11 45 6 20 
Bin 13: 81 12 35 82 29 70 
Bin 14: 66 84 25 62 87 86 
Bin 15: 114 68 26 116 41 30 80 
Bin 16: 44 71 91 98 119 109 
Bin 17: 34 74 37 10 67 22 
Bin 18: 19 50 43 77 100 63 60 
