# Objective: 18
# Time: 0.270126
# Feasible: 1
# Solution:
Bin 0: 84 47 80 96 5 97 64 116 
Bin 1: 28 113 94 38 31 10 44 
Bin 2: 71 91 103 68 77 30 102 
Bin 3: 83 69 100 78 66 50 41 
Bin 4: 6 76 17 32 81 
Bin 5: 60 101 88 34 82 39 65 108 
Bin 6: 22 58 114 27 90 45 23 52 72 
Bin 7: 111 35 74 51 73 112 
Bin 8: 79 25 8 110 12 93 106 
Bin 9: 9 92 15 104 20 46 
Bin 10: 0 14 105 37 56 21 
Bin 11: 49 98 36 53 3 43 
Bin 12: 85 1 95 7 67 26 63 117 
Bin 13: 16 99 70 24 119 
Bin 14: 109 87 62 107 19 18 61 
Bin 15: 115 11 42 4 33 48 
Bin 16: 40 118 57 59 86 75 89 
Bin 17: 13 2 55 29 54 
