# Objective: 74
# Time: 10.4767
# Feasible: 1
# Solution:
Bin 0: 317 182 322 371 65 64 59 
Bin 1: 106 4 166 486 425 257 488 15 
Bin 2: 485 284 29 223 91 130 80 
Bin 3: 157 0 249 292 445 226 123 
Bin 4: 207 392 7 57 446 62 219 
Bin 5: 301 230 387 2 171 408 313 
Bin 6: 339 466 235 88 54 499 296 
Bin 7: 276 186 191 190 367 326 438 
Bin 8: 185 465 460 273 132 161 
Bin 9: 241 208 155 452 360 
Bin 10: 289 163 108 388 495 287 72 
Bin 11: 484 349 262 168 368 370 58 118 
Bin 12: 361 76 306 43 111 492 
Bin 13: 282 384 325 272 451 265 389 
Bin 14: 66 172 83 27 450 159 131 
Bin 15: 391 110 69 407 375 498 78 194 22 
Bin 16: 82 21 218 119 363 25 280 
Bin 17: 203 356 234 124 493 433 
Bin 18: 274 278 497 478 48 423 487 
Bin 19: 269 239 74 374 281 366 
Bin 20: 38 358 454 97 184 42 202 369 
Bin 21: 494 47 86 491 33 114 413 343 
Bin 22: 125 250 75 209 99 315 93 
Bin 23: 6 92 383 397 133 458 
Bin 24: 217 482 455 214 56 13 95 41 167 
Bin 25: 337 288 216 355 302 256 382 264 
Bin 26: 295 335 310 198 267 364 338 
Bin 27: 412 456 175 32 379 104 164 399 
Bin 28: 261 36 134 188 459 
Bin 29: 440 394 441 224 14 245 55 
Bin 30: 418 238 149 341 140 160 
Bin 31: 210 312 442 141 332 275 496 
Bin 32: 205 84 260 286 40 117 
Bin 33: 490 283 61 381 144 270 147 
Bin 34: 126 479 429 100 169 220 
Bin 35: 136 316 462 385 11 
Bin 36: 237 411 129 154 37 170 
Bin 37: 109 467 386 121 46 23 
Bin 38: 380 314 120 327 251 
Bin 39: 330 148 481 447 378 26 357 
Bin 40: 483 318 215 101 173 443 
Bin 41: 420 24 39 145 231 347 415 475 
Bin 42: 405 77 138 404 67 279 85 436 307 193 396 
Bin 43: 432 320 50 290 401 271 453 
Bin 44: 435 431 9 181 400 351 45 
Bin 45: 49 422 373 176 298 299 51 
Bin 46: 248 354 393 434 195 221 305 
Bin 47: 309 200 165 103 293 468 
Bin 48: 28 153 377 472 359 
Bin 49: 398 96 300 376 417 143 
Bin 50: 150 346 323 365 430 16 
Bin 51: 189 266 225 233 255 254 
Bin 52: 259 30 71 5 1 12 
Bin 53: 474 476 73 228 34 
Bin 54: 53 94 277 240 213 308 258 
Bin 55: 232 406 180 463 199 416 
Bin 56: 334 437 35 253 229 448 427 
Bin 57: 196 146 179 473 206 105 372 342 107 439 
Bin 58: 311 52 464 60 162 31 471 414 
Bin 59: 304 158 90 243 340 187 
Bin 60: 19 122 17 457 211 139 328 
Bin 61: 8 18 294 324 115 419 178 127 285 
Bin 62: 390 291 331 63 151 242 
Bin 63: 444 402 303 477 236 449 
Bin 64: 421 222 128 362 348 212 
Bin 65: 174 183 247 470 89 102 
Bin 66: 319 424 409 297 428 81 116 
Bin 67: 489 336 426 333 156 192 
Bin 68: 268 44 252 410 344 135 68 
Bin 69: 469 3 227 329 10 87 142 
Bin 70: 204 197 20 480 201 152 
Bin 71: 137 395 246 461 321 403 352 
Bin 72: 345 112 263 353 113 70 
Bin 73: 79 350 98 244 177 
