# Objective: 18
# Time: 0.23673
# Feasible: 1
# Solution:
Bin 0: 75 84 106 15 108 33 44 37 
Bin 1: 78 111 21 49 79 107 
Bin 2: 92 62 72 3 39 43 
Bin 3: 55 31 1 52 116 20 81 
Bin 4: 94 30 74 117 65 109 101 
Bin 5: 47 99 112 88 24 
Bin 6: 113 115 100 97 66 35 9 
Bin 7: 29 32 28 89 23 83 
Bin 8: 77 68 40 91 95 0 
Bin 9: 118 87 34 60 76 114 63 
Bin 10: 73 110 119 26 82 64 53 
Bin 11: 104 41 51 56 98 70 58 86 
Bin 12: 42 69 17 14 19 12 
Bin 13: 27 11 80 93 7 71 5 
Bin 14: 45 54 50 36 105 85 90 38 
Bin 15: 18 4 2 61 48 13 16 
Bin 16: 96 57 46 8 59 
Bin 17: 102 22 67 25 103 10 6 
