# Objective: 76
# Time: 17.6218
# Feasible: 1
# Solution:
Bin 0: 169 377 132 237 201 317 426 428 354 400 
Bin 1: 110 272 434 38 411 444 
Bin 2: 18 44 191 399 284 356 324 71 387 
Bin 3: 456 147 164 108 286 94 49 371 
Bin 4: 427 207 16 369 144 78 93 332 
Bin 5: 401 1 468 412 395 42 336 
Bin 6: 424 116 425 206 293 118 308 
Bin 7: 479 474 255 329 47 
Bin 8: 381 149 95 300 45 117 30 
Bin 9: 244 187 77 229 19 307 129 
Bin 10: 451 115 14 351 179 
Bin 11: 104 360 397 353 315 217 85 
Bin 12: 405 290 340 372 80 232 445 142 
Bin 13: 486 326 383 22 390 367 485 
Bin 14: 136 51 309 10 380 195 376 421 59 
Bin 15: 248 416 296 34 363 281 
Bin 16: 236 394 166 275 263 278 15 
Bin 17: 37 208 4 193 242 478 63 312 
Bin 18: 342 357 470 331 240 
Bin 19: 430 151 211 101 498 
Bin 20: 111 313 9 112 341 389 
Bin 21: 210 337 54 180 346 359 130 196 7 
Bin 22: 123 345 303 344 288 472 
Bin 23: 203 420 161 298 494 239 
Bin 24: 124 192 163 325 26 449 419 137 204 
Bin 25: 29 69 295 347 113 
Bin 26: 429 443 3 259 398 165 
Bin 27: 318 100 109 27 167 343 32 
Bin 28: 252 265 289 291 223 
Bin 29: 283 457 181 384 477 105 271 
Bin 30: 89 262 466 70 138 157 
Bin 31: 152 241 442 475 65 50 
Bin 32: 62 464 366 159 102 148 487 189 
Bin 33: 373 5 251 184 150 198 311 
Bin 34: 497 358 200 87 194 81 
Bin 35: 393 266 433 323 495 460 386 23 280 
Bin 36: 268 439 91 245 489 
Bin 37: 230 258 327 334 83 53 
Bin 38: 379 299 493 119 140 82 
Bin 39: 199 39 297 160 438 86 
Bin 40: 46 247 365 250 423 
Bin 41: 31 103 202 432 234 407 
Bin 42: 216 213 219 450 225 
Bin 43: 173 469 145 106 84 261 330 
Bin 44: 185 417 177 35 2 408 
Bin 45: 209 459 153 431 60 388 0 
Bin 46: 68 476 368 374 282 440 224 
Bin 47: 294 256 127 418 473 370 446 
Bin 48: 13 335 133 482 435 490 253 
Bin 49: 186 350 285 328 66 
Bin 50: 378 79 61 355 269 188 
Bin 51: 338 21 17 197 76 238 52 
Bin 52: 171 228 183 154 415 98 
Bin 53: 306 320 55 273 212 264 
Bin 54: 226 135 8 64 452 279 158 73 
Bin 55: 488 406 48 11 260 182 97 40 
Bin 56: 499 143 107 361 56 339 6 447 
Bin 57: 403 190 222 465 455 162 
Bin 58: 413 349 88 396 128 
Bin 59: 215 467 20 249 214 67 
Bin 60: 402 375 120 481 453 
Bin 61: 235 437 170 121 496 382 
Bin 62: 414 25 333 205 24 404 314 175 254 
Bin 63: 43 90 270 178 218 28 243 
Bin 64: 174 310 319 267 72 
Bin 65: 292 96 172 257 364 126 
Bin 66: 134 305 176 41 463 
Bin 67: 301 274 316 471 491 
Bin 68: 36 246 92 220 322 
Bin 69: 122 139 321 409 221 
Bin 70: 58 483 287 362 99 458 304 
Bin 71: 131 277 75 441 12 492 33 
Bin 72: 422 348 114 436 410 227 155 392 
Bin 73: 302 231 146 462 454 480 276 233 74 
Bin 74: 125 141 385 57 448 391 
Bin 75: 156 352 168 461 484 
