# Objective: 19
# Time: 0.370357
# Feasible: 1
# Solution:
Bin 0: 7 59 17 93 89 0 101 
Bin 1: 48 107 11 74 64 49 
Bin 2: 88 29 58 110 32 97 114 34 
Bin 3: 60 41 79 50 4 96 
Bin 4: 40 24 84 77 73 47 42 62 
Bin 5: 51 12 53 16 5 
Bin 6: 109 108 95 92 10 72 105 118 
Bin 7: 38 100 23 117 1 44 85 
Bin 8: 27 90 80 14 54 98 21 
Bin 9: 70 86 13 76 
Bin 10: 94 57 26 22 91 
Bin 11: 18 15 78 82 71 8 56 
Bin 12: 46 55 102 9 75 20 87 
Bin 13: 19 103 6 83 81 3 106 
Bin 14: 119 69 61 112 115 67 
Bin 15: 52 39 2 43 30 35 
Bin 16: 111 116 65 25 36 
Bin 17: 113 37 33 45 66 
Bin 18: 28 31 63 99 68 104 
