# Objective: 148
# Time: 179.504
# Feasible: 1
# Solution:
Bin 0: 220 973 144 330 600 881 289 
Bin 1: 292 546 683 202 440 402 39 
Bin 2: 872 762 263 958 194 243 668 
Bin 3: 4 552 558 879 571 98 843 
Bin 4: 344 808 468 899 541 834 709 
Bin 5: 860 652 911 895 124 179 
Bin 6: 171 594 142 105 121 271 
Bin 7: 892 884 733 328 672 915 85 753 856 
Bin 8: 638 922 570 618 613 14 
Bin 9: 247 761 276 483 256 824 
Bin 10: 443 599 938 670 61 108 792 
Bin 11: 107 455 132 190 903 207 629 63 
Bin 12: 814 96 479 784 429 628 835 
Bin 13: 227 372 70 93 793 114 367 73 
Bin 14: 982 296 526 165 577 
Bin 15: 708 636 331 502 231 597 17 
Bin 16: 707 819 680 482 464 65 480 338 775 
Bin 17: 688 848 316 310 889 986 
Bin 18: 438 887 807 964 696 158 
Bin 19: 910 574 503 195 894 280 645 
Bin 20: 981 704 841 300 839 956 487 677 354 
Bin 21: 79 148 317 880 95 
Bin 22: 756 335 478 49 785 978 450 
Bin 23: 838 403 869 420 660 303 855 
Bin 24: 156 272 605 825 426 863 994 654 
Bin 25: 918 452 747 427 56 376 560 
Bin 26: 192 12 742 735 405 823 665 
Bin 27: 465 946 130 407 593 283 905 
Bin 28: 267 755 846 539 159 0 205 
Bin 29: 679 361 726 254 697 375 196 788 
Bin 30: 693 745 466 212 111 886 
Bin 31: 343 497 802 811 798 952 435 
Bin 32: 587 961 984 54 69 606 
Bin 33: 706 155 687 215 66 780 323 743 821 
Bin 34: 218 532 609 588 514 
Bin 35: 749 822 923 295 853 
Bin 36: 692 501 694 717 816 291 
Bin 37: 29 499 265 959 625 439 651 356 166 
Bin 38: 91 326 998 341 960 366 896 449 769 
Bin 39: 712 917 746 2 8 378 947 42 
Bin 40: 101 997 119 273 332 550 
Bin 41: 779 752 377 154 927 634 919 765 
Bin 42: 445 277 575 875 134 150 933 140 
Bin 43: 345 989 383 644 787 293 
Bin 44: 255 274 86 100 698 199 
Bin 45: 58 399 37 486 778 355 650 
Bin 46: 22 431 940 68 803 453 891 
Bin 47: 379 129 3 861 999 684 339 
Bin 48: 669 987 11 210 72 864 113 
Bin 49: 152 847 509 695 607 551 
Bin 50: 120 832 862 92 648 967 898 
Bin 51: 380 582 993 562 885 433 566 
Bin 52: 953 773 287 374 417 871 794 667 
Bin 53: 110 827 322 485 90 229 308 
Bin 54: 396 689 764 9 935 568 
Bin 55: 902 392 352 83 180 309 
Bin 56: 203 675 671 567 874 690 820 241 411 797 
Bin 57: 251 470 724 716 941 883 448 170 
Bin 58: 456 867 473 772 806 422 141 
Bin 59: 988 81 676 544 572 334 966 
Bin 60: 385 713 590 228 222 117 
Bin 61: 990 925 845 342 321 
Bin 62: 430 21 945 434 262 760 324 682 
Bin 63: 519 78 257 136 15 314 611 
Bin 64: 318 167 581 559 561 
Bin 65: 139 185 284 830 351 804 52 
Bin 66: 333 710 458 307 16 258 
Bin 67: 278 346 386 741 153 576 
Bin 68: 400 275 890 173 413 703 
Bin 69: 415 601 204 763 663 851 240 340 
Bin 70: 528 230 518 647 795 949 857 
Bin 71: 437 401 226 123 236 
Bin 72: 211 103 523 244 206 
Bin 73: 169 315 836 536 48 955 20 
Bin 74: 622 238 642 604 969 653 
Bin 75: 32 234 789 507 294 893 
Bin 76: 336 80 781 252 451 616 
Bin 77: 556 965 924 175 297 555 191 
Bin 78: 658 759 261 35 912 168 
Bin 79: 41 214 542 492 685 432 632 
Bin 80: 996 513 398 934 472 732 
Bin 81: 363 932 624 476 937 320 
Bin 82: 809 992 213 412 744 301 494 776 
Bin 83: 279 46 842 184 656 516 298 511 
Bin 84: 50 369 146 564 84 282 23 
Bin 85: 700 393 388 253 553 985 
Bin 86: 800 82 655 950 731 521 1 721 
Bin 87: 666 728 527 529 585 659 489 
Bin 88: 538 531 866 51 549 537 612 89 26 
Bin 89: 595 325 133 859 467 109 40 
Bin 90: 94 381 975 770 488 177 
Bin 91: 424 362 462 245 285 469 771 
Bin 92: 286 60 25 112 360 
Bin 93: 850 719 662 248 250 727 
Bin 94: 208 337 30 477 311 
Bin 95: 586 495 373 127 27 268 545 
Bin 96: 395 573 183 589 729 189 19 491 
Bin 97: 674 161 686 145 436 102 232 554 
Bin 98: 442 44 370 699 45 200 768 
Bin 99: 181 926 943 702 163 
Bin 100: 34 319 897 193 799 617 701 723 
Bin 101: 209 57 942 627 475 266 
Bin 102: 299 389 878 327 783 767 983 
Bin 103: 410 151 623 391 474 722 162 957 
Bin 104: 974 901 971 522 313 740 734 
Bin 105: 414 730 260 75 980 
Bin 106: 805 831 972 569 547 849 348 
Bin 107: 512 106 304 264 976 306 635 921 197 
Bin 108: 673 387 828 715 900 904 290 
Bin 109: 76 739 359 833 598 178 
Bin 110: 928 610 463 786 349 758 18 
Bin 111: 876 223 506 737 812 493 88 
Bin 112: 520 409 810 657 390 447 630 
Bin 113: 454 977 97 510 67 368 
Bin 114: 135 233 31 661 64 160 13 
Bin 115: 907 991 157 754 172 55 77 
Bin 116: 384 498 353 852 858 641 757 540 
Bin 117: 71 138 535 137 908 239 5 639 
Bin 118: 481 620 269 637 28 705 187 
Bin 119: 496 614 718 565 122 840 873 
Bin 120: 563 643 913 446 441 920 408 
Bin 121: 962 357 837 738 237 909 583 929 
Bin 122: 460 608 916 358 425 615 87 
Bin 123: 182 603 691 931 948 418 
Bin 124: 444 592 720 524 534 968 484 796 
Bin 125: 579 774 347 914 815 868 877 
Bin 126: 147 777 508 59 47 
Bin 127: 970 364 24 312 350 621 
Bin 128: 259 602 128 578 74 365 
Bin 129: 580 143 591 548 711 10 844 219 198 
Bin 130: 954 125 382 766 53 782 
Bin 131: 99 406 505 930 246 186 164 
Bin 132: 818 500 33 854 515 416 
Bin 133: 329 517 490 640 633 428 225 36 
Bin 134: 149 557 419 751 216 
Bin 135: 649 423 790 188 813 
Bin 136: 664 963 750 888 288 584 
Bin 137: 104 543 397 459 979 631 939 
Bin 138: 461 394 174 681 944 201 
Bin 139: 714 221 995 817 471 38 
Bin 140: 131 826 176 951 504 748 
Bin 141: 882 249 525 646 936 736 
Bin 142: 596 305 217 118 235 
Bin 143: 533 281 242 7 302 43 
Bin 144: 530 865 791 224 725 678 
Bin 145: 404 626 906 421 116 
Bin 146: 457 870 619 371 115 829 
Bin 147: 6 270 62 801 126 
