# Objective: 19
# Time: 0.253169
# Feasible: 1
# Solution:
Bin 0: 30 16 23 56 76 87 
Bin 1: 50 64 25 33 96 74 40 
Bin 2: 60 4 70 103 111 3 
Bin 3: 51 27 13 94 119 36 104 
Bin 4: 35 19 75 66 5 
Bin 5: 109 71 28 38 8 26 115 44 
Bin 6: 108 82 92 29 46 61 22 
Bin 7: 14 81 18 110 43 17 
Bin 8: 42 97 68 69 31 55 
Bin 9: 41 48 79 98 67 114 
Bin 10: 90 1 53 34 49 2 
Bin 11: 54 101 102 57 84 105 15 
Bin 12: 85 112 93 59 78 91 
Bin 13: 58 6 0 113 88 
Bin 14: 65 73 21 116 20 9 
Bin 15: 72 47 99 11 7 24 
Bin 16: 117 12 89 95 106 80 
Bin 17: 32 37 83 77 10 52 86 
Bin 18: 62 63 107 100 39 118 45 
