# Objective: 22
# Time: 0.232502
# Feasible: 1
# Solution:
Bin 0: 88 67 90 107 60 96 18 
Bin 1: 12 5 84 8 55 47 2 29 101 
Bin 2: 79 100 31 28 75 50 
Bin 3: 116 54 78 114 66 
Bin 4: 117 49 108 113 63 
Bin 5: 109 53 30 39 26 
Bin 6: 21 22 87 52 56 68 
Bin 7: 89 91 71 20 57 112 14 92 98 
Bin 8: 82 25 27 51 97 95 24 
Bin 9: 35 80 111 83 38 41 
Bin 10: 36 64 3 69 9 
Bin 11: 46 13 59 86 11 
Bin 12: 74 110 73 6 
Bin 13: 1 65 42 70 81 15 
Bin 14: 93 37 99 44 76 19 
Bin 15: 23 34 103 62 17 119 
Bin 16: 105 85 94 58 0 
Bin 17: 32 104 115 118 43 
Bin 18: 40 61 102 33 
Bin 19: 72 106 10 16 4 48 
Bin 20: 77 7 
Bin 21: 45 
