# Objective: 43
# Time: 0.895762
# Feasible: 1
# Solution:
Bin 0: 113 234 194 177 29 224 
Bin 1: 7 127 237 213 30 
Bin 2: 219 249 53 185 101 135 203 190 
Bin 3: 238 14 156 86 98 19 152 128 
Bin 4: 61 3 58 26 191 70 204 217 5 
Bin 5: 202 66 63 51 87 160 12 
Bin 6: 132 169 64 82 60 210 
Bin 7: 71 157 80 232 159 188 239 
Bin 8: 147 69 90 142 56 35 
Bin 9: 81 75 15 225 221 144 195 
Bin 10: 103 106 32 100 55 124 
Bin 11: 197 16 143 41 226 91 115 227 
Bin 12: 10 72 2 84 59 99 163 
Bin 13: 205 27 145 50 182 141 162 154 
Bin 14: 65 123 117 170 78 57 93 4 
Bin 15: 222 199 184 108 85 236 42 176 110 165 
Bin 16: 139 174 120 212 0 193 17 
Bin 17: 13 187 171 9 218 173 
Bin 18: 180 172 181 167 208 20 45 
Bin 19: 246 34 138 52 104 
Bin 20: 233 112 230 175 178 62 107 47 
Bin 21: 223 67 151 247 36 209 89 
Bin 22: 74 38 186 231 6 95 11 111 
Bin 23: 118 31 220 119 122 148 
Bin 24: 129 137 244 245 109 76 153 
Bin 25: 164 158 43 28 150 37 8 73 
Bin 26: 1 149 44 189 166 102 
Bin 27: 121 240 21 40 161 
Bin 28: 23 94 179 49 206 46 
Bin 29: 83 201 146 216 229 22 
Bin 30: 97 39 136 140 48 
Bin 31: 88 18 155 114 196 241 
Bin 32: 243 68 134 183 242 24 
Bin 33: 211 126 207 192 
Bin 34: 77 116 92 33 
Bin 35: 79 214 130 125 105 
Bin 36: 168 25 
Bin 37: 198 
Bin 38: 215 235 96 228 
Bin 39: 131 54 
Bin 40: 248 
Bin 41: 200 
Bin 42: 133 
