# Objective: 19
# Time: 0.227823
# Feasible: 1
# Solution:
Bin 0: 20 113 24 25 104 111 33 
Bin 1: 35 41 108 27 99 97 95 
Bin 2: 40 4 61 46 56 52 13 44 
Bin 3: 75 74 119 1 22 110 57 
Bin 4: 16 81 60 30 115 
Bin 5: 96 70 62 79 54 93 
Bin 6: 10 102 72 103 91 3 
Bin 7: 114 26 23 37 31 64 17 
Bin 8: 29 36 80 8 65 89 43 
Bin 9: 12 71 94 118 47 
Bin 10: 38 67 82 86 84 100 
Bin 11: 77 63 5 32 109 49 106 19 
Bin 12: 101 55 39 90 98 18 
Bin 13: 105 116 92 117 45 7 15 
Bin 14: 58 73 11 2 6 0 
Bin 15: 66 107 88 83 87 51 
Bin 16: 48 76 59 78 34 
Bin 17: 50 9 85 53 69 
Bin 18: 112 14 42 21 68 28 
