# Objective: 76
# Time: 15.7347
# Feasible: 1
# Solution:
Bin 0: 156 417 271 429 475 437 
Bin 1: 327 458 474 253 265 185 353 
Bin 2: 382 324 235 49 411 62 247 454 28 
Bin 3: 195 461 488 272 214 368 
Bin 4: 331 273 435 21 20 45 220 286 
Bin 5: 98 285 107 243 109 359 
Bin 6: 493 323 157 127 499 138 141 
Bin 7: 430 288 205 130 300 465 
Bin 8: 34 197 311 83 39 202 
Bin 9: 332 51 326 219 177 77 451 
Bin 10: 134 428 364 232 87 349 436 441 405 
Bin 11: 343 266 352 322 172 267 432 
Bin 12: 424 168 320 397 497 236 
Bin 13: 498 422 312 386 47 10 462 
Bin 14: 216 121 468 3 415 298 40 
Bin 15: 406 122 313 133 434 
Bin 16: 307 303 58 268 169 
Bin 17: 150 86 215 315 478 387 
Bin 18: 293 277 280 338 256 
Bin 19: 149 165 425 158 155 314 218 
Bin 20: 317 111 341 116 472 238 410 
Bin 21: 294 394 367 94 296 
Bin 22: 479 464 258 63 72 379 
Bin 23: 123 487 217 459 207 496 
Bin 24: 250 360 190 159 255 35 170 
Bin 25: 438 433 114 78 421 65 117 
Bin 26: 95 241 191 101 284 164 
Bin 27: 339 494 283 70 1 30 135 
Bin 28: 142 53 356 16 124 56 
Bin 29: 143 309 75 337 125 187 263 194 
Bin 30: 176 470 113 178 455 325 
Bin 31: 31 26 22 231 104 361 244 330 
Bin 32: 399 110 347 375 19 377 106 
Bin 33: 175 495 340 261 126 73 180 
Bin 34: 259 299 36 90 128 
Bin 35: 152 140 120 227 41 252 
Bin 36: 374 188 412 389 420 151 
Bin 37: 233 15 290 456 226 355 390 208 
Bin 38: 490 189 485 270 295 426 484 92 
Bin 39: 376 99 60 108 419 453 350 402 
Bin 40: 278 469 392 291 2 221 52 147 418 
Bin 41: 477 463 440 318 17 378 186 452 
Bin 42: 196 431 12 297 24 
Bin 43: 64 42 82 160 210 276 384 466 
Bin 44: 310 100 245 492 443 448 
Bin 45: 370 414 480 449 167 249 
Bin 46: 85 460 225 179 174 204 
Bin 47: 305 118 102 13 71 223 
Bin 48: 336 395 373 482 446 363 403 
Bin 49: 445 80 423 328 105 38 393 
Bin 50: 153 96 46 491 381 48 447 
Bin 51: 0 93 279 4 89 6 166 50 181 
Bin 52: 409 239 483 91 14 237 
Bin 53: 346 457 240 362 206 
Bin 54: 366 287 444 8 302 184 
Bin 55: 131 476 489 329 471 229 289 
Bin 56: 400 334 396 171 61 
Bin 57: 37 319 88 112 136 348 
Bin 58: 316 408 246 212 144 154 
Bin 59: 486 385 481 81 301 59 162 
Bin 60: 203 161 371 103 292 242 380 
Bin 61: 183 44 209 473 115 391 74 
Bin 62: 11 18 342 193 358 321 201 
Bin 63: 251 66 264 139 173 344 
Bin 64: 7 404 308 97 119 129 
Bin 65: 199 354 9 68 27 211 
Bin 66: 234 200 450 33 275 29 281 
Bin 67: 260 304 248 148 222 137 
Bin 68: 413 365 182 54 282 67 69 
Bin 69: 132 76 32 228 333 43 
Bin 70: 57 84 79 274 192 357 383 
Bin 71: 55 163 369 254 224 306 427 145 467 
Bin 72: 257 372 401 442 146 5 
Bin 73: 213 407 25 335 388 
Bin 74: 345 23 416 269 351 
Bin 75: 230 439 398 262 198 
