# Objective: 193
# Time: 21.2884
# Feasible: 1
# Solution:
Bin 0: 274 137 230 981 882 855 
Bin 1: 884 318 283 807 492 890 556 
Bin 2: 795 758 252 251 913 217 
Bin 3: 351 961 790 14 978 52 984 697 
Bin 4: 158 47 991 531 185 679 644 
Bin 5: 192 393 481 458 821 647 425 
Bin 6: 689 723 763 245 468 594 288 
Bin 7: 602 811 703 621 24 313 
Bin 8: 585 833 814 798 165 471 44 
Bin 9: 370 993 794 278 394 34 693 98 
Bin 10: 308 235 502 666 500 843 977 639 
Bin 11: 692 751 897 489 120 107 645 310 
Bin 12: 237 658 119 586 168 559 
Bin 13: 63 83 270 282 15 829 896 
Bin 14: 74 517 785 20 662 976 96 
Bin 15: 918 990 781 783 87 175 
Bin 16: 111 700 950 345 931 796 197 
Bin 17: 226 361 71 298 233 979 
Bin 18: 281 597 306 893 699 558 
Bin 19: 881 569 391 641 969 
Bin 20: 75 624 400 224 722 476 
Bin 21: 412 612 771 389 58 776 
Bin 22: 22 285 825 777 6 562 208 275 
Bin 23: 874 262 402 18 732 317 
Bin 24: 346 526 16 949 333 
Bin 25: 204 176 932 974 234 
Bin 26: 82 684 220 648 343 581 
Bin 27: 633 886 273 629 701 328 184 940 
Bin 28: 615 937 996 213 359 353 
Bin 29: 749 21 241 139 253 261 255 149 484 
Bin 30: 824 339 538 830 530 432 590 
Bin 31: 708 552 167 460 985 199 426 
Bin 32: 27 428 145 445 802 
Bin 33: 303 174 53 28 515 512 
Bin 34: 169 33 450 66 150 730 600 
Bin 35: 7 81 124 593 495 791 
Bin 36: 959 715 676 734 801 
Bin 37: 975 409 153 384 901 350 
Bin 38: 160 205 866 573 164 870 
Bin 39: 568 582 737 39 314 50 846 
Bin 40: 982 983 710 242 854 236 904 
Bin 41: 617 433 129 431 319 454 
Bin 42: 116 646 17 417 858 440 
Bin 43: 196 478 626 767 45 486 577 
Bin 44: 533 583 223 942 232 548 
Bin 45: 355 311 748 455 840 920 140 
Bin 46: 352 611 719 839 279 903 960 
Bin 47: 750 179 561 574 446 939 420 
Bin 48: 271 48 375 638 520 329 
Bin 49: 532 54 589 448 334 576 686 
Bin 50: 121 403 130 636 326 109 891 724 
Bin 51: 539 456 519 779 601 211 605 
Bin 52: 46 424 635 5 862 712 
Bin 53: 70 547 673 764 358 607 625 
Bin 54: 297 497 739 953 396 592 718 
Bin 55: 945 354 335 86 61 760 659 
Bin 56: 416 789 817 1 493 57 
Bin 57: 598 835 923 247 616 73 60 148 
Bin 58: 364 892 356 419 856 385 479 
Bin 59: 675 853 736 878 94 
Bin 60: 475 141 772 704 43 
Bin 61: 67 523 571 410 917 408 627 
Bin 62: 332 529 902 302 848 59 845 
Bin 63: 363 89 836 444 383 823 
Bin 64: 728 828 125 392 499 330 
Bin 65: 746 323 347 955 368 320 
Bin 66: 156 926 873 2 943 374 
Bin 67: 144 713 41 422 929 382 
Bin 68: 65 472 575 883 849 640 819 
Bin 69: 490 579 741 427 914 405 
Bin 70: 987 806 209 260 177 618 
Bin 71: 467 154 42 865 867 266 808 
Bin 72: 948 793 181 947 784 965 
Bin 73: 842 143 99 114 
Bin 74: 286 194 632 249 80 753 
Bin 75: 315 117 754 642 0 683 
Bin 76: 946 980 97 462 287 215 188 
Bin 77: 487 844 37 812 371 831 
Bin 78: 227 894 720 414 859 941 
Bin 79: 299 721 134 909 725 411 580 
Bin 80: 187 578 623 652 231 373 
Bin 81: 322 988 429 229 113 685 788 
Bin 82: 501 102 
Bin 83: 461 480 738 747 875 280 
Bin 84: 29 522 852 541 372 742 498 
Bin 85: 421 690 864 186 656 
Bin 86: 10 136 628 545 933 952 604 
Bin 87: 944 309 815 731 250 563 
Bin 88: 435 340 110 905 62 804 
Bin 89: 225 803 510 357 25 989 
Bin 90: 123 876 390 847 457 744 
Bin 91: 664 518 198 337 928 436 657 
Bin 92: 916 395 550 680 826 885 924 863 
Bin 93: 377 459 178 681 695 805 995 
Bin 94: 622 189 534 816 962 166 557 
Bin 95: 248 296 443 398 437 
Bin 96: 485 91 780 381 537 68 650 51 
Bin 97: 3 850 919 668 463 132 551 
Bin 98: 23 832 603 895 514 64 
Bin 99: 449 244 503 544 246 430 
Bin 100: 386 324 84 706 992 956 
Bin 101: 12 986 934 26 898 505 637 
Bin 102: 759 56 191 871 4 155 
Bin 103: 122 528 210 218 951 757 
Bin 104: 418 729 212 294 799 
Bin 105: 307 85 970 77 889 365 
Bin 106: 473 35 860 872 8 195 
Bin 107: 222 606 810 792 243 
Bin 108: 36 555 584 
Bin 109: 608 507 304 128 257 399 
Bin 110: 397 30 834 610 591 470 38 
Bin 111: 466 441 263 101 954 360 
Bin 112: 655 660 240 957 524 
Bin 113: 413 127 820 513 100 
Bin 114: 138 888 630 549 762 146 
Bin 115: 698 915 404 19 868 516 782 787 
Bin 116: 452 906 570 972 696 966 151 214 
Bin 117: 707 349 292 162 588 877 327 
Bin 118: 219 543 595 822 651 
Bin 119: 527 672 238 76 786 90 
Bin 120: 677 344 841 938 838 79 869 
Bin 121: 32 172 173 614 
Bin 122: 688 13 964 157 
Bin 123: 899 711 474 171 407 661 170 
Bin 124: 800 504 482 106 496 447 
Bin 125: 379 
Bin 126: 667 378 442 
Bin 127: 765 55 305 
Bin 128: 691 289 401 587 161 
Bin 129: 9 643 193 206 727 228 
Bin 130: 494 775 682 609 159 
Bin 131: 649 183 341 182 745 267 
Bin 132: 997 78 321 967 778 276 
Bin 133: 907 434 619 239 525 
Bin 134: 135 851 336 774 935 694 
Bin 135: 925 599 180 506 362 
Bin 136: 536 142 653 423 202 930 
Bin 137: 546 439 387 491 837 
Bin 138: 152 254 331 761 
Bin 139: 126 769 469 115 
Bin 140: 631 272 415 
Bin 141: 477 813 564 998 290 
Bin 142: 133 770 95 465 
Bin 143: 714 511 535 716 268 
Bin 144: 827 69 118 203 293 
Bin 145: 103 613 488 216 200 
Bin 146: 911 259 380 
Bin 147: 880 105 312 
Bin 148: 971 620 879 900 147 670 325 
Bin 149: 705 773 338 
Bin 150: 809 542 438 
Bin 151: 797 301 743 
Bin 152: 554 756 316 509 
Bin 153: 634 163 654 766 
Bin 154: 342 256 560 367 
Bin 155: 300 936 284 
Bin 156: 671 11 207 818 566 
Bin 157: 755 999 768 265 451 
Bin 158: 596 
Bin 159: 40 221 348 908 
Bin 160: 973 752 
Bin 161: 687 31 740 678 104 
Bin 162: 406 910 
Bin 163: 269 994 
Bin 164: 709 376 861 
Bin 165: 887 
Bin 166: 49 968 112 
Bin 167: 72 717 674 
Bin 168: 567 483 
Bin 169: 553 264 93 369 388 
Bin 170: 88 366 665 131 
Bin 171: 572 453 702 
Bin 172: 912 190 857 540 
Bin 173: 508 
Bin 174: 201 
Bin 175: 295 
Bin 176: 258 108 
Bin 177: 958 
Bin 178: 464 
Bin 179: 663 
Bin 180: 927 
Bin 181: 277 
Bin 182: 733 
Bin 183: 726 
Bin 184: 921 
Bin 185: 521 
Bin 186: 92 
Bin 187: 669 
Bin 188: 291 
Bin 189: 735 
Bin 190: 565 
Bin 191: 922 
Bin 192: 963 
