# Objective: 75
# Time: 18.1238
# Feasible: 1
# Solution:
Bin 0: 64 359 421 297 204 151 313 
Bin 1: 157 497 332 229 270 425 374 
Bin 2: 304 279 384 442 226 453 160 249 57 
Bin 3: 358 182 207 164 234 4 
Bin 4: 438 66 349 420 166 266 268 364 
Bin 5: 300 105 15 147 460 233 402 28 
Bin 6: 495 280 467 317 235 183 
Bin 7: 85 238 27 53 144 22 149 21 
Bin 8: 493 2 107 459 443 54 91 221 
Bin 9: 174 486 133 351 422 403 239 
Bin 10: 153 172 298 296 241 114 455 
Bin 11: 388 25 24 223 92 473 320 
Bin 12: 461 176 246 49 48 352 379 20 
Bin 13: 492 179 36 216 419 186 448 248 
Bin 14: 370 439 95 326 327 
Bin 15: 51 281 285 329 328 340 117 
Bin 16: 116 124 132 477 277 
Bin 17: 324 409 480 399 415 269 191 68 60 488 
Bin 18: 431 361 258 62 278 63 
Bin 19: 77 158 163 325 3 496 463 
Bin 20: 213 30 17 14 98 
Bin 21: 37 88 267 377 469 196 
Bin 22: 138 29 284 483 260 81 
Bin 23: 292 275 309 177 131 294 
Bin 24: 13 119 429 74 206 389 440 
Bin 25: 339 150 93 414 427 302 494 
Bin 26: 167 437 253 255 365 311 
Bin 27: 408 301 456 357 366 394 
Bin 28: 83 9 71 154 47 391 
Bin 29: 219 371 148 272 58 12 82 380 
Bin 30: 322 263 489 464 401 159 265 
Bin 31: 97 446 165 435 33 104 41 
Bin 32: 299 99 341 314 210 189 
Bin 33: 250 273 228 367 121 108 
Bin 34: 244 69 295 231 181 200 
Bin 35: 475 458 90 8 227 187 169 
Bin 36: 140 318 330 444 452 254 
Bin 37: 393 184 472 424 426 416 245 451 
Bin 38: 193 122 350 7 188 145 
Bin 39: 10 232 490 146 342 190 19 354 454 
Bin 40: 44 79 161 362 192 355 199 276 
Bin 41: 0 449 78 215 336 479 
Bin 42: 73 335 70 222 303 
Bin 43: 240 283 289 110 137 385 
Bin 44: 471 376 372 43 337 259 310 
Bin 45: 274 155 18 32 434 293 
Bin 46: 120 87 348 106 203 485 387 236 
Bin 47: 345 476 257 168 237 80 170 
Bin 48: 413 308 220 282 319 217 134 
Bin 49: 468 101 23 321 224 123 441 115 
Bin 50: 369 195 397 197 305 286 445 
Bin 51: 470 306 381 5 218 
Bin 52: 433 111 291 323 243 333 
Bin 53: 407 430 230 135 410 432 478 52 
Bin 54: 466 212 491 142 406 457 38 202 
Bin 55: 484 412 262 201 346 
Bin 56: 94 386 39 378 344 
Bin 57: 129 103 287 211 26 102 312 
Bin 58: 368 113 373 118 428 356 
Bin 59: 288 127 383 225 242 
Bin 60: 353 214 162 392 404 76 61 
Bin 61: 96 143 175 198 499 126 109 136 
Bin 62: 194 417 450 59 141 
Bin 63: 46 205 84 465 89 130 
Bin 64: 261 338 35 400 180 375 498 
Bin 65: 75 390 11 6 447 316 139 264 
Bin 66: 411 171 1 156 
Bin 67: 290 256 396 487 86 16 
Bin 68: 405 112 45 363 252 423 
Bin 69: 398 34 436 307 125 42 
Bin 70: 208 31 185 55 247 347 
Bin 71: 343 50 67 251 474 395 100 209 
Bin 72: 72 40 462 178 271 382 481 
Bin 73: 65 482 315 334 360 
Bin 74: 152 128 331 173 418 56 
