# Objective: 22
# Time: 0.1366
# Feasible: 1
# Solution:
Bin 0: 23 30 75 34 74 
Bin 1: 115 82 55 111 67 118 13 
Bin 2: 29 95 104 112 22 103 81 100 90 
Bin 3: 40 83 2 35 15 66 93 
Bin 4: 54 107 78 85 42 12 
Bin 5: 38 50 17 79 119 
Bin 6: 92 68 8 9 110 36 62 
Bin 7: 88 57 116 14 11 0 91 
Bin 8: 65 27 98 19 18 5 1 
Bin 9: 32 21 76 31 20 37 44 
Bin 10: 45 3 102 49 71 101 
Bin 11: 89 77 86 6 80 25 64 
Bin 12: 58 63 72 84 43 
Bin 13: 87 109 70 94 53 
Bin 14: 99 113 105 56 51 
Bin 15: 117 96 61 24 33 
Bin 16: 52 73 41 69 
Bin 17: 97 59 108 114 
Bin 18: 39 47 46 26 
Bin 19: 48 60 106 10 4 16 
Bin 20: 28 
Bin 21: 7 
