# Objective: 17
# Time: 0.377386
# Feasible: 1
# Solution:
Bin 0: 51 68 26 106 117 2 108 
Bin 1: 65 89 64 21 49 96 1 28 
Bin 2: 30 41 18 29 34 19 63 59 
Bin 3: 69 99 36 13 14 37 52 
Bin 4: 12 40 33 75 112 15 
Bin 5: 86 109 31 104 62 110 
Bin 6: 113 95 45 83 97 16 88 66 8 24 
Bin 7: 70 47 44 79 46 90 
Bin 8: 39 74 85 25 94 35 93 116 71 
Bin 9: 87 107 80 82 3 56 
Bin 10: 115 0 61 60 4 20 
Bin 11: 42 101 5 11 55 17 
Bin 12: 111 72 22 23 118 27 50 
Bin 13: 91 103 32 57 10 105 53 
Bin 14: 76 84 9 73 78 58 114 6 48 
Bin 15: 67 119 7 100 102 77 43 
Bin 16: 98 92 54 38 81 
