# Objective: 149
# Time: 176.729
# Feasible: 1
# Solution:
Bin 0: 672 870 605 941 662 264 649 
Bin 1: 33 329 555 583 267 704 
Bin 2: 918 895 685 990 944 923 114 
Bin 3: 731 155 661 533 210 623 595 
Bin 4: 792 903 896 144 840 325 299 481 
Bin 5: 843 828 800 452 359 908 169 
Bin 6: 228 504 198 932 502 324 
Bin 7: 641 735 182 714 78 
Bin 8: 905 139 366 496 455 732 
Bin 9: 12 808 696 758 486 
Bin 10: 822 13 136 558 427 960 771 899 
Bin 11: 855 51 733 559 768 730 321 60 238 
Bin 12: 694 286 230 857 785 603 418 
Bin 13: 513 686 823 881 707 
Bin 14: 48 390 154 65 320 805 536 
Bin 15: 637 328 819 77 801 7 403 
Bin 16: 271 500 54 84 567 9 702 
Bin 17: 575 462 745 95 799 237 874 756 
Bin 18: 738 902 851 528 956 34 764 
Bin 19: 992 310 980 152 358 44 375 
Bin 20: 307 79 236 345 277 124 667 337 
Bin 21: 200 753 644 342 171 810 133 
Bin 22: 322 722 580 38 984 
Bin 23: 116 638 604 998 102 491 
Bin 24: 113 386 219 379 571 577 553 
Bin 25: 172 419 314 137 948 432 396 
Bin 26: 490 739 28 607 963 514 265 
Bin 27: 454 711 564 206 311 709 565 
Bin 28: 391 729 525 519 913 897 248 
Bin 29: 222 959 126 151 120 508 981 285 786 
Bin 30: 331 747 582 346 385 476 
Bin 31: 749 469 146 968 224 269 692 
Bin 32: 278 629 43 282 153 376 778 330 221 
Bin 33: 31 766 380 273 349 66 
Bin 34: 914 512 119 493 804 946 642 
Bin 35: 22 675 991 297 794 148 378 
Bin 36: 967 950 863 275 460 336 150 
Bin 37: 770 783 242 71 25 541 
Bin 38: 212 76 859 878 542 724 
Bin 39: 163 488 839 250 782 46 157 544 
Bin 40: 194 49 784 631 413 167 683 158 
Bin 41: 775 562 364 854 118 647 
Bin 42: 209 590 697 530 291 538 
Bin 43: 100 915 586 705 313 940 
Bin 44: 439 545 543 721 459 205 338 343 
Bin 45: 122 639 127 892 199 837 448 
Bin 46: 772 0 168 195 239 
Bin 47: 8 853 701 287 382 865 620 
Bin 48: 370 495 983 423 769 367 131 108 392 
Bin 49: 402 875 472 754 719 593 436 
Bin 50: 204 829 867 93 891 635 529 
Bin 51: 814 746 234 165 781 453 353 
Bin 52: 924 961 477 170 440 304 220 
Bin 53: 272 790 69 257 882 130 503 420 
Bin 54: 363 256 21 213 365 872 87 443 
Bin 55: 247 252 279 188 743 832 
Bin 56: 319 123 323 417 691 217 140 
Bin 57: 470 276 712 680 624 128 
Bin 58: 468 997 91 570 245 550 
Bin 59: 499 791 893 29 655 796 972 660 942 930 
Bin 60: 909 509 776 665 186 125 617 975 
Bin 61: 489 64 2 111 841 887 
Bin 62: 412 117 695 19 883 821 
Bin 63: 515 962 763 850 185 535 
Bin 64: 484 598 833 20 377 
Bin 65: 974 713 834 61 777 
Bin 66: 681 395 750 740 246 81 
Bin 67: 628 356 341 656 703 302 
Bin 68: 618 73 650 492 421 466 258 779 
Bin 69: 925 115 456 616 815 293 
Bin 70: 262 659 42 405 958 295 
Bin 71: 218 643 445 431 994 52 
Bin 72: 480 350 57 894 478 425 138 
Bin 73: 532 774 594 251 957 
Bin 74: 434 976 922 357 818 933 11 
Bin 75: 1 919 657 965 388 289 166 
Bin 76: 435 591 690 869 430 849 
Bin 77: 332 936 241 143 394 952 
Bin 78: 929 698 400 540 671 706 889 
Bin 79: 187 986 506 53 14 62 985 
Bin 80: 910 995 292 988 147 614 
Bin 81: 72 811 347 943 35 96 568 249 
Bin 82: 517 678 708 518 442 429 670 
Bin 83: 640 240 410 585 63 602 847 
Bin 84: 993 404 630 793 243 280 886 
Bin 85: 407 479 505 619 473 699 50 
Bin 86: 226 569 474 447 935 
Bin 87: 977 215 621 718 838 36 
Bin 88: 399 501 684 560 26 142 197 
Bin 89: 92 482 856 966 689 931 693 
Bin 90: 757 315 521 101 90 
Bin 91: 945 303 300 4 848 274 47 
Bin 92: 284 24 438 576 520 352 720 223 
Bin 93: 18 716 15 795 587 360 812 
Bin 94: 572 471 173 409 229 312 527 636 70 
Bin 95: 873 728 106 592 109 235 
Bin 96: 813 982 424 599 132 260 
Bin 97: 588 449 868 622 996 511 900 
Bin 98: 700 613 193 156 710 
Bin 99: 888 876 305 921 751 3 270 
Bin 100: 547 748 369 192 179 175 
Bin 101: 354 947 761 668 181 441 920 263 67 
Bin 102: 632 334 674 589 201 835 451 
Bin 103: 177 820 467 597 190 45 444 741 
Bin 104: 317 183 574 953 216 717 
Bin 105: 483 907 926 259 174 497 
Bin 106: 463 762 208 627 411 798 666 
Bin 107: 884 281 401 904 290 371 368 86 
Bin 108: 979 298 885 788 397 381 135 
Bin 109: 494 362 344 437 912 88 89 
Bin 110: 531 651 383 426 802 75 
Bin 111: 611 149 663 578 309 211 
Bin 112: 408 999 164 546 890 911 737 726 189 
Bin 113: 658 41 679 416 510 677 634 
Bin 114: 803 74 610 268 68 37 80 524 
Bin 115: 97 161 387 654 203 767 
Bin 116: 461 507 973 537 987 39 
Bin 117: 970 176 103 871 646 669 633 
Bin 118: 180 141 951 744 40 539 
Bin 119: 601 916 10 374 82 98 554 
Bin 120: 584 55 266 214 880 600 244 
Bin 121: 807 844 327 860 340 949 
Bin 122: 561 760 335 433 457 765 557 
Bin 123: 355 255 787 227 928 
Bin 124: 827 398 609 551 556 308 85 
Bin 125: 94 414 727 283 842 184 864 
Bin 126: 23 207 552 160 296 906 
Bin 127: 516 301 836 809 653 
Bin 128: 816 5 107 178 32 261 752 
Bin 129: 934 955 104 326 83 348 862 
Bin 130: 563 626 846 134 736 465 
Bin 131: 351 523 688 225 534 475 406 817 
Bin 132: 56 145 939 196 664 
Bin 133: 824 573 58 852 458 673 
Bin 134: 825 333 487 30 978 989 316 937 450 
Bin 135: 866 797 861 526 17 648 645 
Bin 136: 615 159 830 522 162 625 682 
Bin 137: 548 318 233 232 191 415 129 
Bin 138: 938 759 715 361 422 826 
Bin 139: 596 485 202 16 954 676 969 
Bin 140: 687 652 879 105 372 339 112 231 
Bin 141: 294 253 549 723 373 806 
Bin 142: 606 6 99 773 254 612 
Bin 143: 581 110 964 464 446 393 306 
Bin 144: 858 608 121 789 579 927 
Bin 145: 780 901 428 845 498 
Bin 146: 288 877 725 566 755 
Bin 147: 27 971 389 59 898 
Bin 148: 384 742 734 917 831 
