# Objective: 19
# Time: 0.318042
# Feasible: 1
# Solution:
Bin 0: 52 59 90 10 87 56 
Bin 1: 70 99 45 7 61 32 119 
Bin 2: 66 116 55 0 88 24 
Bin 3: 82 19 68 26 62 60 105 
Bin 4: 107 85 33 92 67 50 23 
Bin 5: 2 35 86 118 114 36 103 
Bin 6: 57 93 42 97 31 109 9 
Bin 7: 65 22 40 74 58 112 71 
Bin 8: 63 15 81 84 41 110 111 46 
Bin 9: 21 28 94 3 96 113 25 106 
Bin 10: 117 11 64 51 102 115 
Bin 11: 83 73 101 1 44 
Bin 12: 100 17 30 29 54 79 
Bin 13: 69 4 47 43 37 6 
Bin 14: 95 8 80 38 48 
Bin 15: 5 104 78 75 91 
Bin 16: 13 89 20 108 98 27 
Bin 17: 53 14 34 49 72 76 
Bin 18: 12 18 39 77 16 
