# Objective: 19
# Time: 0.212139
# Feasible: 1
# Solution:
Bin 0: 115 55 9 63 0 102 95 88 
Bin 1: 35 26 54 61 24 117 
Bin 2: 101 32 59 97 57 7 
Bin 3: 48 76 39 71 36 
Bin 4: 108 22 1 2 110 29 44 
Bin 5: 79 100 37 3 30 18 
Bin 6: 58 16 25 53 5 41 
Bin 7: 60 42 20 23 92 19 
Bin 8: 74 77 40 116 73 89 28 
Bin 9: 105 50 94 69 87 111 106 
Bin 10: 38 51 68 96 118 4 
Bin 11: 62 86 70 81 119 82 43 
Bin 12: 90 113 72 33 112 10 
Bin 13: 31 65 78 85 66 103 64 
Bin 14: 75 47 84 27 45 56 
Bin 15: 107 8 93 91 
Bin 16: 14 52 17 34 99 21 13 
Bin 17: 104 83 67 98 12 80 
Bin 18: 6 15 114 109 11 46 49 
