# Objective: 19
# Time: 0.247334
# Feasible: 1
# Solution:
Bin 0: 63 49 22 60 35 6 116 
Bin 1: 110 36 11 48 89 107 
Bin 2: 66 2 32 1 55 33 84 97 
Bin 3: 24 62 5 64 38 104 40 117 
Bin 4: 34 25 80 119 90 106 18 44 
Bin 5: 39 59 98 47 15 
Bin 6: 76 20 17 28 94 108 
Bin 7: 93 23 7 53 111 45 114 
Bin 8: 50 101 31 21 79 
Bin 9: 99 77 42 87 27 113 95 
Bin 10: 58 82 78 30 61 57 
Bin 11: 74 102 52 67 14 41 103 19 
Bin 12: 83 118 88 69 72 
Bin 13: 3 81 109 12 112 
Bin 14: 105 73 100 10 4 8 51 
Bin 15: 54 26 9 0 70 
Bin 16: 91 65 56 85 96 92 
Bin 17: 71 68 29 37 115 43 
Bin 18: 86 16 75 13 46 
