# Objective: 22
# Time: 0.114835
# Feasible: 1
# Solution:
Bin 0: 69 108 90 18 5 89 6 67 
Bin 1: 7 66 79 118 8 110 
Bin 2: 104 49 100 61 97 95 
Bin 3: 109 36 113 107 9 
Bin 4: 58 27 33 93 26 111 
Bin 5: 13 84 50 24 17 68 92 
Bin 6: 54 63 78 83 86 62 
Bin 7: 20 22 112 75 38 114 
Bin 8: 88 60 19 37 1 12 64 
Bin 9: 53 74 41 25 87 
Bin 10: 29 11 76 55 51 85 
Bin 11: 56 94 3 40 96 
Bin 12: 39 98 119 0 57 91 
Bin 13: 103 77 21 80 101 44 2 32 
Bin 14: 99 116 47 71 42 
Bin 15: 105 70 30 34 73 
Bin 16: 117 115 102 43 59 
Bin 17: 65 72 82 81 46 
Bin 18: 31 28 52 
Bin 19: 106 15 48 10 4 16 
Bin 20: 23 14 
Bin 21: 45 35 
