# Objective: 44
# Time: 0.36332
# Feasible: 1
# Solution:
Bin 0: 107 219 140 245 201 181 217 227 
Bin 1: 78 96 222 161 111 97 191 203 190 
Bin 2: 232 75 229 160 29 205 185 
Bin 3: 200 16 3 17 156 44 45 221 
Bin 4: 147 214 151 247 91 210 224 
Bin 5: 1 106 9 182 122 37 177 146 
Bin 6: 155 218 93 242 117 228 63 
Bin 7: 74 237 114 184 11 46 172 
Bin 8: 164 176 230 189 94 220 98 
Bin 9: 202 120 31 108 144 175 89 
Bin 10: 129 8 60 85 138 35 240 
Bin 11: 61 14 30 188 50 
Bin 12: 118 174 19 56 207 142 
Bin 13: 168 192 55 131 197 38 
Bin 14: 180 152 235 134 226 196 
Bin 15: 238 100 239 169 135 136 70 
Bin 16: 223 225 43 90 2 
Bin 17: 71 143 150 26 209 57 
Bin 18: 233 179 123 154 141 145 
Bin 19: 40 41 59 36 157 
Bin 20: 23 119 126 0 116 82 
Bin 21: 42 199 4 58 162 12 
Bin 22: 248 187 95 212 186 66 137 
Bin 23: 128 110 33 211 
Bin 24: 132 193 173 69 49 
Bin 25: 65 88 102 124 51 
Bin 26: 10 121 62 159 39 195 
Bin 27: 215 130 105 125 244 
Bin 28: 83 112 15 34 53 
Bin 29: 7 165 243 231 
Bin 30: 103 22 67 
Bin 31: 68 236 206 153 148 87 149 171 
Bin 32: 246 216 47 178 99 76 
Bin 33: 198 84 166 32 
Bin 34: 139 52 21 80 
Bin 35: 13 64 73 101 158 5 6 
Bin 36: 115 163 109 234 77 72 
Bin 37: 194 249 24 25 133 104 
Bin 38: 18 208 167 86 27 241 
Bin 39: 48 183 204 127 
Bin 40: 113 20 213 
Bin 41: 92 170 
Bin 42: 81 28 79 
Bin 43: 54 
