# Objective: 148
# Time: 179.322
# Feasible: 1
# Solution:
Bin 0: 441 615 687 294 795 253 613 788 461 
Bin 1: 961 535 806 740 955 
Bin 2: 8 179 513 699 499 207 
Bin 3: 489 313 675 979 836 640 233 706 13 
Bin 4: 131 121 826 492 924 86 
Bin 5: 80 827 791 290 117 734 474 
Bin 6: 192 466 921 837 695 797 354 430 
Bin 7: 716 56 757 264 985 684 743 124 
Bin 8: 235 422 855 109 185 486 560 
Bin 9: 762 548 152 608 316 881 600 
Bin 10: 643 362 134 180 385 182 
Bin 11: 898 621 166 717 26 273 793 353 
Bin 12: 960 142 726 23 721 198 533 847 
Bin 13: 873 215 538 967 962 742 404 490 
Bin 14: 439 157 325 592 64 450 447 104 
Bin 15: 315 984 453 730 628 
Bin 16: 520 569 189 993 956 5 59 724 
Bin 17: 43 884 393 282 222 597 920 
Bin 18: 858 916 672 835 859 704 277 
Bin 19: 992 188 141 212 543 367 892 331 
Bin 20: 694 125 158 590 715 
Bin 21: 657 808 754 551 977 449 510 
Bin 22: 965 46 868 314 164 902 
Bin 23: 922 531 347 764 111 248 293 524 802 
Bin 24: 720 78 853 830 506 775 566 
Bin 25: 0 72 269 634 330 907 2 191 
Bin 26: 804 744 838 647 518 29 
Bin 27: 186 729 358 949 636 939 501 
Bin 28: 281 644 276 996 156 
Bin 29: 935 951 844 571 169 817 751 
Bin 30: 888 623 771 943 633 480 586 738 
Bin 31: 477 926 259 392 972 925 
Bin 32: 216 52 22 113 254 618 428 76 
Bin 33: 279 170 20 397 519 681 829 668 712 
Bin 34: 596 220 237 948 459 69 395 371 
Bin 35: 998 268 47 333 969 285 912 
Bin 36: 579 839 602 625 676 108 523 
Bin 37: 661 437 469 129 877 
Bin 38: 966 344 673 911 974 963 690 
Bin 39: 246 975 451 822 18 400 
Bin 40: 483 21 664 767 462 34 
Bin 41: 225 727 413 380 534 978 
Bin 42: 126 84 115 256 670 968 283 768 
Bin 43: 327 339 798 861 691 546 649 
Bin 44: 310 151 792 407 270 711 572 682 
Bin 45: 658 88 96 825 261 900 144 
Bin 46: 443 470 891 271 986 262 756 849 
Bin 47: 309 373 184 14 130 842 440 581 
Bin 48: 243 850 68 567 106 917 221 265 639 
Bin 49: 24 25 906 746 242 438 656 
Bin 50: 820 452 504 365 55 576 735 
Bin 51: 99 594 303 799 758 815 107 
Bin 52: 379 663 880 871 854 343 988 
Bin 53: 550 455 755 260 187 202 616 
Bin 54: 390 627 139 105 482 789 
Bin 55: 893 863 725 193 659 402 351 
Bin 56: 419 574 409 429 909 175 95 669 
Bin 57: 401 989 301 828 846 81 174 
Bin 58: 677 274 318 749 217 
Bin 59: 342 465 383 494 458 464 
Bin 60: 120 952 508 599 370 436 476 
Bin 61: 408 89 236 82 660 418 42 
Bin 62: 374 606 932 848 728 444 420 
Bin 63: 693 565 584 223 387 159 
Bin 64: 181 761 685 19 774 750 
Bin 65: 796 427 591 862 541 433 914 666 
Bin 66: 503 624 905 692 598 679 227 646 
Bin 67: 923 481 485 944 696 11 272 
Bin 68: 39 705 918 703 263 54 867 241 
Bin 69: 137 937 632 51 410 297 773 641 298 
Bin 70: 887 879 460 731 655 521 650 
Bin 71: 138 421 250 375 645 
Bin 72: 940 529 545 278 528 933 50 
Bin 73: 913 116 214 479 435 505 389 
Bin 74: 252 135 688 559 611 981 
Bin 75: 990 206 234 509 812 432 
Bin 76: 145 119 415 71 70 678 
Bin 77: 147 790 629 369 601 809 251 
Bin 78: 456 766 811 484 741 587 
Bin 79: 941 701 112 201 609 93 381 
Bin 80: 707 683 512 213 780 631 928 
Bin 81: 230 542 995 547 366 472 737 
Bin 82: 340 475 388 65 326 311 610 651 
Bin 83: 604 934 302 58 334 765 680 
Bin 84: 782 228 585 61 976 324 
Bin 85: 781 299 570 3 514 356 85 
Bin 86: 49 833 257 454 463 143 
Bin 87: 247 9 894 338 488 197 168 
Bin 88: 41 173 557 210 266 275 240 
Bin 89: 308 638 200 929 722 620 
Bin 90: 573 674 748 296 589 406 
Bin 91: 899 232 98 391 532 904 500 219 
Bin 92: 595 886 295 66 874 364 
Bin 93: 495 133 564 607 558 575 352 
Bin 94: 719 355 1 970 919 196 346 467 612 
Bin 95: 416 218 118 161 950 818 
Bin 96: 555 329 733 857 328 376 957 
Bin 97: 556 44 843 280 491 875 97 27 203 
Bin 98: 6 497 209 417 307 319 568 
Bin 99: 411 249 759 517 805 286 
Bin 100: 190 936 562 123 652 
Bin 101: 414 710 10 103 700 
Bin 102: 947 396 28 772 648 708 686 
Bin 103: 153 16 165 45 945 982 132 
Bin 104: 306 57 626 537 183 101 
Bin 105: 360 525 713 12 642 
Bin 106: 255 834 813 588 60 
Bin 107: 128 425 79 431 852 800 
Bin 108: 53 784 878 654 931 582 552 801 
Bin 109: 74 890 516 468 162 446 
Bin 110: 496 37 239 33 637 994 530 
Bin 111: 372 127 622 36 511 457 
Bin 112: 860 102 783 745 605 889 154 
Bin 113: 536 785 167 723 697 653 405 
Bin 114: 284 718 332 816 305 445 580 77 
Bin 115: 442 288 204 211 63 87 
Bin 116: 146 553 424 980 336 583 
Bin 117: 38 205 953 386 910 136 
Bin 118: 841 487 777 337 394 752 48 630 
Bin 119: 176 177 35 577 149 322 
Bin 120: 908 851 345 593 194 399 617 
Bin 121: 434 208 856 357 398 140 148 
Bin 122: 363 67 4 619 845 160 794 
Bin 123: 903 840 403 350 231 983 498 
Bin 124: 667 821 732 75 412 292 40 
Bin 125: 91 527 526 348 502 150 
Bin 126: 942 382 823 959 304 824 
Bin 127: 810 335 539 291 515 
Bin 128: 872 671 614 92 763 819 776 
Bin 129: 423 662 739 807 997 
Bin 130: 870 915 736 869 635 73 
Bin 131: 320 883 778 114 831 786 
Bin 132: 964 991 258 896 7 378 31 
Bin 133: 122 999 341 787 349 244 769 
Bin 134: 238 814 973 554 832 229 
Bin 135: 199 779 312 760 544 549 
Bin 136: 287 563 770 15 882 895 62 
Bin 137: 603 245 323 300 317 377 
Bin 138: 665 267 709 30 930 195 
Bin 139: 361 224 163 866 507 938 
Bin 140: 927 540 110 803 426 689 
Bin 141: 90 94 901 987 17 
Bin 142: 698 321 289 226 172 
Bin 143: 897 32 561 478 971 
Bin 144: 753 885 747 958 359 714 473 
Bin 145: 702 83 384 171 178 522 
Bin 146: 578 100 493 865 864 876 471 
Bin 147: 946 368 448 155 954 
