# Objective: 87
# Time: 4.96326
# Feasible: 1
# Solution:
Bin 0: 122 203 142 291 360 439 10 239 
Bin 1: 70 231 255 392 108 333 442 234 
Bin 2: 81 240 356 135 11 456 496 
Bin 3: 15 477 281 145 129 109 341 
Bin 4: 222 253 408 75 497 302 
Bin 5: 92 282 298 289 80 498 41 
Bin 6: 0 160 486 373 39 
Bin 7: 128 434 180 252 31 
Bin 8: 67 228 349 359 152 288 393 
Bin 9: 371 335 409 278 275 
Bin 10: 199 147 384 417 449 148 
Bin 11: 237 403 481 421 311 188 
Bin 12: 204 110 338 259 366 207 190 
Bin 13: 20 123 3 437 1 
Bin 14: 310 382 167 325 178 436 
Bin 15: 8 271 432 87 316 308 254 
Bin 16: 471 191 241 126 482 35 23 
Bin 17: 350 370 450 354 452 213 
Bin 18: 53 405 246 169 49 
Bin 19: 320 95 458 470 475 345 494 
Bin 20: 317 446 21 499 132 62 218 
Bin 21: 262 44 429 270 375 161 274 
Bin 22: 247 211 198 154 387 365 381 353 476 
Bin 23: 244 66 64 398 5 433 93 465 
Bin 24: 377 214 98 168 368 
Bin 25: 427 12 284 413 14 457 414 
Bin 26: 495 232 455 297 216 305 
Bin 27: 441 140 474 399 290 224 330 
Bin 28: 82 158 137 344 125 324 352 
Bin 29: 6 334 294 423 404 38 257 
Bin 30: 357 106 96 30 238 461 292 
Bin 31: 251 364 182 283 469 28 155 
Bin 32: 261 440 459 464 94 245 
Bin 33: 118 40 473 319 483 63 369 52 374 378 487 
Bin 34: 73 156 194 422 339 164 139 
Bin 35: 336 250 415 176 221 60 
Bin 36: 97 280 260 84 150 295 9 351 165 88 146 
Bin 37: 386 134 56 372 215 227 277 472 309 
Bin 38: 438 91 115 121 484 89 
Bin 39: 193 116 363 120 195 
Bin 40: 149 85 397 144 248 383 131 
Bin 41: 119 451 420 268 313 314 
Bin 42: 389 329 299 130 117 143 
Bin 43: 124 272 32 57 206 
Bin 44: 479 170 43 430 435 
Bin 45: 162 229 83 448 25 42 
Bin 46: 183 342 48 101 138 45 
Bin 47: 276 453 226 444 301 
Bin 48: 141 286 315 220 361 7 24 
Bin 49: 265 264 78 467 401 358 463 
Bin 50: 179 416 18 33 489 
Bin 51: 159 327 107 74 114 331 
Bin 52: 346 51 407 287 
Bin 53: 491 79 391 219 192 
Bin 54: 217 209 402 454 65 100 
Bin 55: 202 468 205 385 466 269 
Bin 56: 72 34 390 379 50 242 
Bin 57: 197 321 285 425 300 
Bin 58: 153 312 332 326 55 367 187 
Bin 59: 189 303 69 343 208 102 
Bin 60: 113 443 76 47 243 105 
Bin 61: 171 395 424 328 396 492 29 
Bin 62: 480 181 22 394 418 355 
Bin 63: 279 304 236 256 
Bin 64: 348 86 462 36 90 
Bin 65: 493 186 322 
Bin 66: 174 235 103 490 61 210 
Bin 67: 410 212 136 2 293 
Bin 68: 273 267 258 71 445 175 
Bin 69: 230 68 46 296 406 
Bin 70: 59 225 376 13 347 388 
Bin 71: 488 151 112 460 
Bin 72: 380 173 4 
Bin 73: 26 200 201 478 
Bin 74: 428 323 400 337 
Bin 75: 133 19 54 99 
Bin 76: 163 340 27 157 17 37 
Bin 77: 249 447 
Bin 78: 412 318 419 77 362 
Bin 79: 266 223 426 
Bin 80: 431 196 233 111 184 
Bin 81: 16 177 306 263 172 411 185 
Bin 82: 307 485 
Bin 83: 127 
Bin 84: 104 
Bin 85: 166 
Bin 86: 58 
