# Objective: 203
# Time: 17.7603
# Feasible: 1
# Solution:
Bin 0: 196 151 451 813 915 645 844 946 
Bin 1: 51 663 681 245 930 
Bin 2: 98 120 580 729 574 306 275 
Bin 3: 226 365 97 203 698 
Bin 4: 859 461 963 20 661 426 902 
Bin 5: 659 938 483 118 795 608 779 471 753 
Bin 6: 208 764 916 571 155 736 152 144 895 
Bin 7: 66 280 12 702 816 617 261 
Bin 8: 827 570 391 410 121 
Bin 9: 790 978 933 9 487 604 852 
Bin 10: 960 992 836 223 136 537 
Bin 11: 157 864 511 885 45 708 180 
Bin 12: 564 190 237 838 709 126 586 153 
Bin 13: 111 951 671 291 239 79 42 
Bin 14: 287 354 30 697 878 415 54 303 315 
Bin 15: 706 390 106 630 971 183 345 
Bin 16: 264 362 61 229 957 515 781 
Bin 17: 693 300 101 47 810 199 
Bin 18: 977 370 212 925 31 679 510 
Bin 19: 726 244 322 857 108 723 
Bin 20: 939 763 596 504 825 907 399 
Bin 21: 128 847 543 131 595 989 392 
Bin 22: 113 163 735 812 281 807 
Bin 23: 770 742 330 85 614 
Bin 24: 581 851 420 7 886 253 997 
Bin 25: 422 232 822 225 849 975 73 375 
Bin 26: 873 972 684 984 305 417 373 469 719 765 760 
Bin 27: 411 948 353 102 582 60 
Bin 28: 289 82 834 731 251 
Bin 29: 284 744 62 480 835 465 409 
Bin 30: 808 725 70 530 632 220 
Bin 31: 757 761 230 784 805 668 324 
Bin 32: 84 585 801 799 432 235 
Bin 33: 233 751 683 285 218 257 
Bin 34: 446 75 430 803 677 374 557 
Bin 35: 49 114 381 922 884 988 854 
Bin 36: 145 956 492 908 123 41 231 
Bin 37: 945 644 173 953 837 
Bin 38: 346 819 721 821 307 341 555 
Bin 39: 109 164 501 236 941 139 142 
Bin 40: 539 526 576 167 866 250 37 146 36 
Bin 41: 72 302 436 205 454 44 656 
Bin 42: 664 403 667 453 534 918 5 
Bin 43: 65 806 653 243 831 
Bin 44: 558 605 529 937 210 860 429 
Bin 45: 249 147 665 78 439 272 
Bin 46: 464 10 125 484 870 495 658 
Bin 47: 713 590 263 575 853 841 
Bin 48: 404 238 914 6 833 756 
Bin 49: 21 309 775 368 207 222 294 
Bin 50: 773 332 394 88 892 
Bin 51: 544 594 625 314 357 431 
Bin 52: 970 732 172 687 531 692 897 
Bin 53: 944 433 883 905 316 498 
Bin 54: 388 401 577 77 519 738 38 
Bin 55: 533 217 194 901 718 
Bin 56: 507 270 820 472 247 680 887 
Bin 57: 89 848 351 802 317 311 
Bin 58: 890 967 405 573 592 599 
Bin 59: 858 551 329 360 986 749 
Bin 60: 839 889 572 924 611 
Bin 61: 162 527 911 32 631 
Bin 62: 58 318 124 921 224 912 
Bin 63: 387 522 447 532 983 
Bin 64: 512 766 477 63 778 122 154 
Bin 65: 652 705 674 485 53 624 
Bin 66: 615 954 720 418 774 771 829 
Bin 67: 792 508 856 52 541 882 
Bin 68: 583 16 299 840 649 
Bin 69: 772 566 349 741 176 191 
Bin 70: 468 215 955 444 643 135 
Bin 71: 308 129 266 397 242 809 335 979 288 
Bin 72: 18 952 678 635 523 493 959 
Bin 73: 440 298 538 789 613 943 904 
Bin 74: 642 503 670 935 923 767 559 
Bin 75: 400 437 654 981 646 419 
Bin 76: 993 491 479 926 863 879 
Bin 77: 470 369 728 600 910 711 197 
Bin 78: 348 776 198 333 204 
Bin 79: 200 476 68 17 743 150 
Bin 80: 292 516 593 138 745 876 621 690 
Bin 81: 486 344 326 59 636 
Bin 82: 475 219 783 657 650 934 
Bin 83: 254 40 192 473 734 
Bin 84: 589 240 689 676 276 380 714 
Bin 85: 376 87 26 246 133 213 
Bin 86: 15 814 748 95 584 
Bin 87: 513 148 149 898 563 265 
Bin 88: 500 733 283 987 482 536 
Bin 89: 271 815 494 46 598 143 
Bin 90: 894 127 384 343 900 
Bin 91: 137 647 927 554 
Bin 92: 450 826 202 982 460 
Bin 93: 325 727 23 688 712 715 228 227 686 
Bin 94: 762 490 159 296 506 
Bin 95: 252 74 497 412 891 442 737 
Bin 96: 1 481 919 327 880 875 
Bin 97: 817 100 43 867 458 
Bin 98: 768 295 90 724 268 553 
Bin 99: 169 181 64 797 791 
Bin 100: 83 71 304 824 903 456 
Bin 101: 57 588 274 201 651 110 
Bin 102: 248 355 489 928 278 696 
Bin 103: 297 552 328 528 141 
Bin 104: 591 850 28 22 385 629 
Bin 105: 350 273 331 973 
Bin 106: 703 174 616 466 556 455 445 
Bin 107: 662 673 949 929 995 877 
Bin 108: 103 682 496 423 361 211 
Bin 109: 607 413 3 940 707 
Bin 110: 29 606 717 175 184 
Bin 111: 846 958 182 165 730 502 694 
Bin 112: 56 55 166 290 739 828 547 
Bin 113: 130 363 119 321 796 67 449 
Bin 114: 312 94 794 565 638 
Bin 115: 936 69 398 991 710 35 
Bin 116: 435 441 871 188 96 234 
Bin 117: 788 241 609 161 994 601 408 
Bin 118: 550 259 777 189 443 669 
Bin 119: 620 186 33 947 758 619 452 
Bin 120: 185 627 86 379 
Bin 121: 25 342 524 81 
Bin 122: 93 793 917 
Bin 123: 865 521 540 962 116 216 542 
Bin 124: 754 14 640 913 178 
Bin 125: 567 597 221 395 382 655 675 
Bin 126: 467 499 160 
Bin 127: 107 421 434 
Bin 128: 402 414 214 
Bin 129: 695 622 855 999 
Bin 130: 842 746 50 899 462 811 
Bin 131: 358 425 117 893 99 
Bin 132: 209 701 
Bin 133: 386 457 920 931 39 
Bin 134: 193 517 91 700 641 
Bin 135: 548 786 115 282 424 11 
Bin 136: 752 823 869 8 
Bin 137: 301 320 
Bin 138: 319 769 339 514 76 974 
Bin 139: 478 520 587 602 
Bin 140: 560 156 618 313 666 969 
Bin 141: 818 256 383 634 874 
Bin 142: 626 168 579 830 
Bin 143: 965 206 660 798 
Bin 144: 323 286 
Bin 145: 267 691 546 722 132 
Bin 146: 525 352 474 310 740 
Bin 147: 140 340 260 800 633 980 269 759 
Bin 148: 459 262 545 428 
Bin 149: 0 747 
Bin 150: 255 780 976 535 
Bin 151: 187 
Bin 152: 685 
Bin 153: 998 505 716 704 105 
Bin 154: 628 158 34 
Bin 155: 406 888 
Bin 156: 371 
Bin 157: 639 396 372 364 843 48 
Bin 158: 389 968 872 648 
Bin 159: 845 463 13 623 
Bin 160: 787 509 356 
Bin 161: 393 862 24 
Bin 162: 699 279 561 277 
Bin 163: 80 996 377 2 
Bin 164: 861 782 868 
Bin 165: 366 
Bin 166: 578 134 603 549 367 
Bin 167: 932 909 
Bin 168: 488 785 832 
Bin 169: 990 
Bin 170: 92 804 
Bin 171: 104 
Bin 172: 179 334 27 
Bin 173: 562 
Bin 174: 19 112 
Bin 175: 170 
Bin 176: 750 
Bin 177: 755 359 
Bin 178: 378 
Bin 179: 336 
Bin 180: 258 
Bin 181: 171 
Bin 182: 347 
Bin 183: 438 568 
Bin 184: 637 
Bin 185: 961 
Bin 186: 338 964 
Bin 187: 966 448 
Bin 188: 906 881 
Bin 189: 612 
Bin 190: 985 610 
Bin 191: 293 
Bin 192: 177 518 
Bin 193: 407 
Bin 194: 337 
Bin 195: 950 
Bin 196: 569 
Bin 197: 4 
Bin 198: 942 672 
Bin 199: 896 
Bin 200: 427 
Bin 201: 195 
Bin 202: 416 
