# Objective: 76
# Time: 14.7188
# Feasible: 1
# Solution:
Bin 0: 480 362 451 114 425 271 428 11 28 
Bin 1: 99 457 241 110 305 
Bin 2: 352 82 152 190 309 421 
Bin 3: 270 226 154 398 430 32 171 
Bin 4: 229 499 168 399 47 345 
Bin 5: 49 196 89 351 150 348 
Bin 6: 74 406 444 227 450 416 391 
Bin 7: 86 106 16 335 71 155 496 337 
Bin 8: 400 179 8 388 487 233 296 
Bin 9: 203 334 405 195 459 350 
Bin 10: 311 429 38 230 272 431 463 
Bin 11: 358 3 87 263 387 156 298 
Bin 12: 165 432 375 231 15 465 
Bin 13: 186 41 452 284 212 128 
Bin 14: 132 402 341 123 485 96 412 62 
Bin 15: 44 454 340 292 161 443 276 2 
Bin 16: 34 295 43 25 286 102 257 
Bin 17: 221 42 187 185 437 129 251 75 
Bin 18: 256 410 157 397 246 
Bin 19: 377 17 343 9 338 216 
Bin 20: 130 56 68 27 479 306 
Bin 21: 181 448 200 174 126 242 
Bin 22: 379 401 494 354 55 
Bin 23: 302 491 382 378 381 188 
Bin 24: 65 414 308 211 363 205 392 325 269 
Bin 25: 145 471 5 73 495 57 426 339 
Bin 26: 160 390 307 234 172 162 
Bin 27: 134 164 30 498 285 324 264 80 
Bin 28: 439 219 125 153 356 
Bin 29: 220 52 116 202 59 33 239 84 201 
Bin 30: 13 138 355 225 266 108 136 453 
Bin 31: 312 297 64 35 468 349 
Bin 32: 360 115 473 247 69 486 
Bin 33: 357 253 232 191 184 180 
Bin 34: 321 291 445 90 1 
Bin 35: 303 163 262 326 206 403 327 
Bin 36: 24 46 217 469 63 370 77 
Bin 37: 223 135 294 301 176 
Bin 38: 151 79 121 408 346 224 93 
Bin 39: 255 419 493 313 319 81 395 
Bin 40: 144 209 237 245 273 442 314 
Bin 41: 40 365 438 407 277 380 466 
Bin 42: 440 177 175 119 366 282 368 
Bin 43: 193 173 344 287 299 418 353 
Bin 44: 143 194 120 124 484 
Bin 45: 210 50 436 449 218 31 76 
Bin 46: 113 394 101 60 10 92 243 
Bin 47: 249 252 317 427 37 383 170 
Bin 48: 112 409 53 413 207 
Bin 49: 385 36 420 248 497 
Bin 50: 476 91 411 67 197 278 26 433 
Bin 51: 331 472 304 323 149 490 215 214 12 
Bin 52: 192 322 182 371 281 283 275 104 
Bin 53: 289 78 259 158 477 127 
Bin 54: 29 467 424 361 330 374 
Bin 55: 111 434 21 320 61 
Bin 56: 131 274 488 23 359 100 109 
Bin 57: 329 404 167 300 20 475 483 
Bin 58: 146 250 4 261 423 342 
Bin 59: 279 147 70 51 254 482 
Bin 60: 364 310 316 228 293 159 
Bin 61: 290 45 456 0 14 97 441 95 
Bin 62: 169 267 347 199 244 492 
Bin 63: 268 318 22 367 265 
Bin 64: 240 280 166 198 6 460 
Bin 65: 258 222 260 328 183 66 
Bin 66: 372 18 133 204 39 369 447 
Bin 67: 48 141 142 213 458 373 
Bin 68: 140 435 94 384 376 332 85 481 
Bin 69: 462 386 336 288 189 389 396 
Bin 70: 105 315 19 107 88 478 238 208 
Bin 71: 122 455 474 54 415 422 
Bin 72: 489 7 58 333 72 464 
Bin 73: 83 117 393 446 178 103 
Bin 74: 118 461 417 139 98 
Bin 75: 470 137 148 235 236 
