# Objective: 148
# Time: 171.473
# Feasible: 1
# Solution:
Bin 0: 134 241 468 950 858 7 996 
Bin 1: 381 920 398 377 319 690 687 271 
Bin 2: 774 855 60 939 237 54 
Bin 3: 402 283 767 558 710 143 999 
Bin 4: 259 617 232 187 487 278 896 449 975 440 
Bin 5: 748 348 684 469 780 923 
Bin 6: 45 394 606 987 311 621 178 
Bin 7: 249 383 444 17 304 914 261 
Bin 8: 967 852 407 753 506 541 874 295 
Bin 9: 818 133 293 51 805 694 
Bin 10: 746 573 650 123 78 297 970 
Bin 11: 789 75 956 848 431 152 346 
Bin 12: 64 878 350 531 538 798 124 889 
Bin 13: 977 206 21 231 121 12 
Bin 14: 840 862 989 294 39 380 714 
Bin 15: 276 329 808 609 389 76 
Bin 16: 286 689 816 416 280 258 
Bin 17: 566 740 194 67 92 97 253 150 
Bin 18: 117 825 446 964 581 561 
Bin 19: 991 217 22 911 23 595 909 105 
Bin 20: 362 830 638 814 649 
Bin 21: 299 136 882 149 11 777 594 
Bin 22: 127 626 738 46 904 932 0 
Bin 23: 202 564 721 898 504 451 58 472 325 
Bin 24: 809 208 33 494 754 712 498 418 
Bin 25: 800 103 434 686 670 952 907 269 
Bin 26: 979 841 414 203 707 640 735 175 992 
Bin 27: 417 884 424 193 309 604 
Bin 28: 515 930 26 674 395 371 555 301 
Bin 29: 112 473 262 91 811 
Bin 30: 549 944 751 155 32 
Bin 31: 38 8 620 384 722 13 
Bin 32: 388 281 908 757 954 453 
Bin 33: 331 400 96 100 897 48 776 636 
Bin 34: 169 730 19 219 834 115 118 229 
Bin 35: 42 829 544 962 623 794 875 
Bin 36: 454 284 465 322 27 890 
Bin 37: 151 73 644 302 880 873 352 
Bin 38: 804 170 883 225 879 195 
Bin 39: 216 901 205 158 631 795 
Bin 40: 483 553 351 676 510 3 743 723 
Bin 41: 787 128 120 706 153 327 
Bin 42: 220 928 997 747 18 85 
Bin 43: 243 614 527 146 729 106 511 
Bin 44: 141 275 685 790 192 
Bin 45: 279 995 397 624 356 972 184 447 376 
Bin 46: 500 765 599 248 547 965 222 
Bin 47: 982 420 713 813 866 387 
Bin 48: 99 822 915 250 762 289 
Bin 49: 125 485 922 375 659 308 
Bin 50: 645 303 833 173 59 189 
Bin 51: 291 667 717 517 409 93 70 353 
Bin 52: 887 785 756 810 801 455 238 77 
Bin 53: 817 876 277 370 57 
Bin 54: 918 916 172 641 406 520 459 56 
Bin 55: 226 462 616 699 471 252 
Bin 56: 971 988 445 24 665 919 
Bin 57: 593 963 131 292 425 779 784 
Bin 58: 657 812 839 391 61 783 251 612 
Bin 59: 525 185 428 87 300 552 522 41 750 
Bin 60: 715 782 651 557 256 652 
Bin 61: 536 934 986 430 223 82 
Bin 62: 180 481 758 550 512 938 411 
Bin 63: 171 587 532 467 973 
Bin 64: 732 461 851 695 182 62 
Bin 65: 49 526 334 540 671 244 
Bin 66: 497 83 489 775 759 681 342 
Bin 67: 221 305 230 260 949 677 842 
Bin 68: 579 379 697 546 323 917 948 
Bin 69: 725 899 399 102 382 201 
Bin 70: 109 824 669 312 895 528 
Bin 71: 727 503 242 643 985 828 339 597 
Bin 72: 951 966 578 688 591 625 662 
Bin 73: 204 116 981 138 580 574 
Bin 74: 773 704 89 349 438 86 50 947 
Bin 75: 980 927 611 701 183 679 20 213 
Bin 76: 683 436 799 313 355 569 166 501 
Bin 77: 749 218 364 821 55 
Bin 78: 368 479 212 104 921 163 168 
Bin 79: 872 691 167 760 521 768 
Bin 80: 495 30 868 266 488 610 81 
Bin 81: 708 766 357 678 160 196 803 
Bin 82: 961 2 761 576 860 198 
Bin 83: 978 912 607 885 886 426 583 680 
Bin 84: 943 634 983 164 572 36 698 366 
Bin 85: 820 993 894 635 734 110 
Bin 86: 903 586 559 188 478 107 69 571 
Bin 87: 224 940 565 661 72 582 
Bin 88: 575 668 345 378 913 6 
Bin 89: 191 711 28 945 628 429 332 147 
Bin 90: 514 321 797 615 315 534 405 
Bin 91: 906 374 372 272 720 957 770 
Bin 92: 179 236 162 401 343 
Bin 93: 181 733 68 144 598 5 413 633 
Bin 94: 942 533 529 90 929 
Bin 95: 542 207 666 98 613 998 881 108 
Bin 96: 148 823 432 340 618 435 199 
Bin 97: 317 719 457 386 742 491 
Bin 98: 433 516 509 392 410 815 499 
Bin 99: 772 786 537 741 66 337 94 
Bin 100: 672 853 15 910 306 856 584 14 
Bin 101: 285 656 466 974 608 477 257 130 
Bin 102: 336 941 562 396 653 627 174 
Bin 103: 703 519 71 802 692 480 
Bin 104: 157 215 404 660 314 726 239 806 905 
Bin 105: 34 518 838 486 330 310 994 
Bin 106: 807 80 245 176 142 
Bin 107: 359 551 554 159 675 63 
Bin 108: 984 736 556 755 602 933 592 
Bin 109: 165 596 832 716 630 363 
Bin 110: 186 781 863 10 493 843 
Bin 111: 126 415 365 442 139 338 969 
Bin 112: 35 570 682 935 324 724 475 
Bin 113: 577 282 456 847 335 
Bin 114: 831 268 43 200 450 647 891 
Bin 115: 490 458 474 214 53 263 639 
Bin 116: 567 601 47 792 709 924 119 
Bin 117: 307 274 925 439 788 959 
Bin 118: 955 287 791 589 197 443 316 629 869 
Bin 119: 513 819 347 373 648 603 
Bin 120: 968 367 867 693 864 700 211 
Bin 121: 632 563 114 37 460 25 1 437 
Bin 122: 328 235 228 763 298 926 
Bin 123: 696 423 360 764 421 
Bin 124: 233 543 441 137 859 122 29 888 
Bin 125: 393 74 793 470 507 111 600 
Bin 126: 990 946 854 318 637 422 900 
Bin 127: 619 88 771 209 358 296 796 
Bin 128: 113 605 752 264 845 492 846 
Bin 129: 156 190 210 65 568 539 
Bin 130: 877 827 354 530 728 132 
Bin 131: 412 837 902 16 844 385 290 
Bin 132: 496 361 705 254 857 
Bin 133: 718 463 585 484 892 535 960 663 
Bin 134: 246 95 745 865 288 937 958 
Bin 135: 227 44 673 953 84 255 836 240 
Bin 136: 326 702 135 590 273 588 
Bin 137: 893 464 871 778 936 
Bin 138: 642 333 870 40 369 646 524 545 
Bin 139: 826 154 835 452 448 658 
Bin 140: 931 502 408 427 737 
Bin 141: 267 344 31 731 482 419 
Bin 142: 129 270 664 769 140 320 
Bin 143: 341 744 548 403 265 177 
Bin 144: 101 655 476 739 52 560 861 
Bin 145: 9 654 145 849 247 
Bin 146: 976 4 850 390 161 234 
Bin 147: 622 79 523 505 508 
