# Objective: 18
# Time: 0.305114
# Feasible: 1
# Solution:
Bin 0: 117 50 94 14 39 69 77 3 
Bin 1: 1 5 119 22 58 73 
Bin 2: 2 62 37 71 102 59 27 
Bin 3: 21 54 113 63 103 100 24 
Bin 4: 87 65 109 25 86 38 52 29 81 
Bin 5: 72 46 11 93 18 20 45 80 
Bin 6: 49 47 9 84 82 40 
Bin 7: 17 76 57 96 74 56 
Bin 8: 19 101 78 34 85 55 
Bin 9: 7 16 108 51 89 31 112 
Bin 10: 88 70 15 42 26 75 95 48 
Bin 11: 114 111 35 36 33 90 66 
Bin 12: 116 98 115 104 23 44 6 
Bin 13: 60 41 67 105 8 107 
Bin 14: 99 28 32 106 43 61 92 
Bin 15: 30 12 53 79 0 10 110 
Bin 16: 64 118 83 13 
Bin 17: 97 68 91 4 
