# Objective: 78
# Time: 12.4065
# Feasible: 1
# Solution:
Bin 0: 199 292 152 169 307 220 12 469 
Bin 1: 112 459 54 235 382 127 397 62 
Bin 2: 279 163 390 98 290 41 222 
Bin 3: 189 298 306 492 435 311 295 
Bin 4: 185 389 121 404 1 356 403 
Bin 5: 149 449 424 465 434 432 436 
Bin 6: 316 466 252 212 396 371 350 
Bin 7: 310 423 421 319 372 470 
Bin 8: 51 96 438 108 261 175 427 
Bin 9: 13 87 365 458 207 338 
Bin 10: 38 227 398 153 5 253 
Bin 11: 483 118 405 258 167 324 
Bin 12: 345 26 448 322 186 247 
Bin 13: 244 69 198 221 386 
Bin 14: 226 95 463 443 383 139 
Bin 15: 184 200 146 491 441 33 
Bin 16: 457 377 366 217 445 
Bin 17: 353 43 66 444 494 264 245 
Bin 18: 334 339 34 214 363 202 
Bin 19: 265 348 197 368 158 102 20 
Bin 20: 325 106 401 320 355 417 84 
Bin 21: 9 110 46 55 133 74 
Bin 22: 281 114 277 415 485 367 17 
Bin 23: 440 328 37 135 301 194 471 
Bin 24: 123 3 237 315 456 291 
Bin 25: 187 475 375 88 150 204 242 357 
Bin 26: 182 304 437 429 376 4 8 
Bin 27: 236 58 36 77 176 162 166 
Bin 28: 303 50 116 442 428 209 191 
Bin 29: 433 67 474 254 230 53 142 151 
Bin 30: 287 411 224 6 232 454 370 486 
Bin 31: 238 243 392 128 111 288 480 
Bin 32: 18 321 57 70 335 481 
Bin 33: 385 393 68 460 312 453 21 
Bin 34: 278 402 477 35 472 495 289 
Bin 35: 413 380 210 75 270 266 161 
Bin 36: 39 155 275 206 373 489 
Bin 37: 31 154 430 129 273 156 450 
Bin 38: 422 418 140 269 99 271 
Bin 39: 160 168 94 76 412 262 
Bin 40: 263 14 378 362 374 115 
Bin 41: 260 23 172 105 136 497 144 
Bin 42: 487 24 90 180 496 395 468 
Bin 43: 11 349 174 297 452 294 
Bin 44: 336 431 61 233 473 
Bin 45: 248 299 141 196 464 122 302 
Bin 46: 205 218 165 400 104 73 
Bin 47: 201 488 490 143 347 300 130 
Bin 48: 361 352 280 10 308 276 
Bin 49: 406 79 148 484 455 28 
Bin 50: 89 493 250 120 134 48 
Bin 51: 246 447 346 219 340 309 
Bin 52: 317 27 341 138 257 
Bin 53: 251 446 249 282 78 
Bin 54: 44 425 137 86 256 126 329 
Bin 55: 52 267 81 342 177 
Bin 56: 379 414 183 476 
Bin 57: 19 203 72 498 381 284 188 478 
Bin 58: 240 331 59 92 239 
Bin 59: 330 119 420 305 364 332 
Bin 60: 369 16 164 83 97 208 63 
Bin 61: 326 410 358 147 419 344 
Bin 62: 467 407 93 285 409 399 
Bin 63: 293 2 451 213 482 195 181 408 
Bin 64: 109 40 107 179 100 274 173 193 
Bin 65: 462 327 225 85 337 
Bin 66: 318 132 29 60 71 272 
Bin 67: 228 333 101 231 223 
Bin 68: 391 479 255 157 360 170 
Bin 69: 113 131 216 268 215 32 47 
Bin 70: 65 125 124 286 296 82 
Bin 71: 42 91 192 117 283 384 
Bin 72: 64 7 80 22 49 359 461 
Bin 73: 211 259 145 45 178 388 
Bin 74: 241 416 426 0 314 103 159 
Bin 75: 15 387 499 343 234 394 
Bin 76: 171 30 25 56 313 229 
Bin 77: 323 351 439 190 354 
