# Objective: 37
# Time: 2.44409
# Feasible: 1
# Solution:
Bin 0: 103 120 110 168 4 41 160 124 
Bin 1: 231 58 28 35 191 234 224 
Bin 2: 100 141 85 181 174 186 89 
Bin 3: 129 25 65 200 146 22 68 158 
Bin 4: 87 32 249 206 38 187 114 
Bin 5: 208 104 99 47 152 139 50 
Bin 6: 195 238 13 91 72 80 60 117 37 
Bin 7: 241 171 153 17 15 119 
Bin 8: 116 63 51 143 27 18 159 59 142 
Bin 9: 56 74 123 138 83 205 164 194 
Bin 10: 9 118 226 237 210 190 151 
Bin 11: 242 222 88 225 131 127 
Bin 12: 135 42 197 125 185 162 
Bin 13: 33 86 52 245 209 98 81 
Bin 14: 71 213 136 90 188 
Bin 15: 11 109 199 184 36 57 
Bin 16: 128 182 26 179 244 97 111 
Bin 17: 69 211 216 170 39 93 53 198 
Bin 18: 196 235 214 239 219 77 102 150 
Bin 19: 149 223 144 137 76 154 
Bin 20: 233 79 178 105 49 147 
Bin 21: 115 189 230 203 240 43 
Bin 22: 12 236 163 248 218 243 
Bin 23: 96 45 10 92 247 175 
Bin 24: 34 64 177 204 30 126 
Bin 25: 48 220 121 157 130 221 
Bin 26: 217 21 156 70 106 20 
Bin 27: 29 232 227 1 132 
Bin 28: 40 113 172 108 0 112 
Bin 29: 229 23 73 7 228 180 
Bin 30: 107 82 212 145 133 207 61 
Bin 31: 94 167 78 176 202 95 55 66 161 140 
Bin 32: 193 24 122 84 46 101 
Bin 33: 8 166 173 246 54 215 169 148 
Bin 34: 201 16 5 67 165 134 
Bin 35: 183 75 62 31 192 3 
Bin 36: 2 155 6 19 14 44 
