# Objective: 99
# Time: 1.56236
# Feasible: 1
# Solution:
Bin 0: 415 177 144 154 81 121 269 33 418 
Bin 1: 442 462 436 427 140 306 22 243 
Bin 2: 385 467 361 384 360 283 87 59 
Bin 3: 349 270 229 494 239 67 492 48 495 382 134 
Bin 4: 172 107 238 116 286 445 94 
Bin 5: 303 372 268 234 184 367 249 258 
Bin 6: 444 487 202 413 118 170 
Bin 7: 211 468 455 393 451 119 181 200 55 
Bin 8: 165 124 146 173 254 322 236 
Bin 9: 95 105 194 498 102 471 52 
Bin 10: 183 459 424 260 37 51 340 
Bin 11: 398 429 315 402 93 400 488 
Bin 12: 327 299 167 193 20 
Bin 13: 469 139 191 46 472 109 476 
Bin 14: 405 208 301 380 248 
Bin 15: 359 187 464 196 318 182 175 
Bin 16: 279 350 224 352 123 358 378 226 185 
Bin 17: 295 499 344 420 219 422 261 
Bin 18: 447 122 275 319 391 160 410 
Bin 19: 339 114 296 
Bin 20: 151 284 370 98 
Bin 21: 88 63 308 452 42 207 34 435 272 
Bin 22: 403 491 477 68 250 8 
Bin 23: 153 383 434 377 247 347 
Bin 24: 215 60 463 97 15 66 
Bin 25: 366 425 197 203 325 
Bin 26: 439 199 125 335 474 331 240 
Bin 27: 450 356 437 293 395 333 111 
Bin 28: 150 414 188 466 483 368 
Bin 29: 120 135 171 497 62 387 
Bin 30: 82 130 412 475 256 457 
Bin 31: 205 287 266 
Bin 32: 108 149 290 113 288 99 24 316 
Bin 33: 221 330 257 274 433 
Bin 34: 431 11 50 426 408 
Bin 35: 216 298 14 152 79 168 86 
Bin 36: 388 110 69 264 223 446 
Bin 37: 61 117 30 176 
Bin 38: 419 157 91 375 458 
Bin 39: 262 80 159 353 461 222 
Bin 40: 83 453 12 365 0 242 26 
Bin 41: 38 129 64 
Bin 42: 57 100 363 180 317 244 90 
Bin 43: 101 85 128 324 253 404 
Bin 44: 92 255 337 96 145 
Bin 45: 65 230 307 273 16 
Bin 46: 362 401 304 32 
Bin 47: 190 486 141 280 132 465 
Bin 48: 416 305 76 89 2 7 
Bin 49: 131 440 332 44 137 441 
Bin 50: 161 5 206 423 49 71 338 126 4 
Bin 51: 75 35 390 448 204 133 399 
Bin 52: 78 210 23 348 489 342 292 277 
Bin 53: 112 432 449 496 158 
Bin 54: 374 104 174 241 
Bin 55: 31 313 246 41 162 
Bin 56: 470 220 213 291 417 
Bin 57: 473 245 192 36 373 341 285 
Bin 58: 212 493 72 252 354 201 
Bin 59: 428 179 25 
Bin 60: 379 21 265 186 228 
Bin 61: 278 334 
Bin 62: 357 438 
Bin 63: 376 478 421 27 54 73 
Bin 64: 481 9 103 
Bin 65: 147 1 138 263 227 326 
Bin 66: 155 45 
Bin 67: 460 289 142 310 
Bin 68: 251 56 28 18 
Bin 69: 156 136 43 169 148 
Bin 70: 53 237 106 163 409 430 281 321 58 
Bin 71: 406 233 214 189 164 371 
Bin 72: 386 309 
Bin 73: 346 480 40 
Bin 74: 343 47 364 166 
Bin 75: 328 267 
Bin 76: 320 10 
Bin 77: 218 
Bin 78: 84 351 
Bin 79: 225 311 381 127 
Bin 80: 232 217 482 
Bin 81: 329 259 
Bin 82: 355 
Bin 83: 235 297 443 407 369 490 282 74 276 
Bin 84: 312 456 479 
Bin 85: 29 178 345 231 13 
Bin 86: 198 209 6 392 70 77 484 
Bin 87: 336 300 
Bin 88: 314 
Bin 89: 394 397 
Bin 90: 294 19 
Bin 91: 3 396 302 195 
Bin 92: 454 115 
Bin 93: 271 411 
Bin 94: 389 17 
Bin 95: 143 
Bin 96: 323 
Bin 97: 485 
Bin 98: 39 
