# Objective: 150
# Time: 166.006
# Feasible: 1
# Solution:
Bin 0: 173 443 761 301 82 299 263 
Bin 1: 515 314 764 277 878 136 590 
Bin 2: 717 76 995 203 571 357 10 957 
Bin 3: 134 194 83 771 568 472 525 
Bin 4: 457 419 50 403 23 572 262 
Bin 5: 90 786 973 130 88 776 133 656 
Bin 6: 795 523 939 239 288 273 936 
Bin 7: 94 990 972 382 910 230 
Bin 8: 985 445 67 840 191 323 652 524 
Bin 9: 202 725 844 657 981 178 200 819 
Bin 10: 55 259 388 428 12 969 
Bin 11: 279 378 99 442 15 375 541 
Bin 12: 583 222 189 984 426 768 359 842 
Bin 13: 608 586 529 95 724 502 484 
Bin 14: 894 510 826 630 49 19 683 
Bin 15: 327 591 707 123 255 633 305 552 
Bin 16: 757 913 180 644 476 783 670 
Bin 17: 420 144 433 779 550 467 53 
Bin 18: 253 773 622 87 908 65 916 926 
Bin 19: 680 609 991 351 731 643 
Bin 20: 387 703 853 26 496 487 716 159 
Bin 21: 835 521 275 248 893 199 137 201 
Bin 22: 868 941 158 162 883 312 752 
Bin 23: 452 272 424 738 438 946 410 732 
Bin 24: 535 770 9 328 886 915 245 107 905 
Bin 25: 741 953 668 869 125 261 
Bin 26: 22 925 372 129 303 634 198 285 
Bin 27: 409 933 711 866 221 16 791 
Bin 28: 921 309 85 374 585 924 987 
Bin 29: 450 715 587 684 43 184 494 151 
Bin 30: 422 440 788 681 345 931 900 447 
Bin 31: 537 693 21 665 145 532 
Bin 32: 42 548 287 404 847 182 
Bin 33: 150 379 872 104 655 699 195 
Bin 34: 645 326 666 215 427 406 
Bin 35: 28 103 836 909 963 
Bin 36: 584 906 332 600 160 458 238 831 
Bin 37: 474 506 827 895 353 193 
Bin 38: 871 1 862 464 348 329 
Bin 39: 46 132 704 937 986 889 627 857 
Bin 40: 522 534 451 140 254 
Bin 41: 417 891 813 642 318 217 163 
Bin 42: 278 98 346 270 30 106 748 
Bin 43: 611 319 838 463 959 209 677 
Bin 44: 660 653 859 271 719 697 
Bin 45: 292 782 775 631 236 113 635 980 
Bin 46: 882 268 919 317 970 491 965 
Bin 47: 315 265 493 651 284 966 181 
Bin 48: 879 814 551 747 75 11 580 
Bin 49: 216 864 431 720 904 765 912 
Bin 50: 679 72 740 805 333 286 536 
Bin 51: 804 545 482 240 632 823 175 
Bin 52: 377 340 18 108 449 370 994 
Bin 53: 650 139 336 619 955 260 
Bin 54: 561 607 258 32 647 70 93 322 
Bin 55: 81 500 60 117 856 347 825 
Bin 56: 547 405 595 267 47 661 298 
Bin 57: 658 689 792 964 66 743 
Bin 58: 432 384 540 206 131 471 269 
Bin 59: 513 460 509 517 207 185 
Bin 60: 480 639 794 727 530 122 483 
Bin 61: 873 944 968 170 105 803 750 952 
Bin 62: 899 157 71 934 204 45 
Bin 63: 380 742 822 948 33 421 190 
Bin 64: 690 997 161 808 291 567 
Bin 65: 77 434 324 687 920 407 907 
Bin 66: 456 767 780 616 753 744 325 
Bin 67: 865 475 167 364 400 538 172 89 
Bin 68: 578 300 366 898 462 589 
Bin 69: 942 851 962 714 821 596 
Bin 70: 119 365 121 62 118 349 
Bin 71: 784 749 394 602 897 839 837 
Bin 72: 914 597 940 604 845 624 723 
Bin 73: 437 729 316 414 564 6 860 
Bin 74: 863 477 252 918 97 685 
Bin 75: 514 625 341 321 398 884 
Bin 76: 446 802 678 558 3 772 242 702 
Bin 77: 896 436 662 648 448 811 
Bin 78: 756 673 563 832 211 
Bin 79: 441 116 828 777 605 391 110 
Bin 80: 290 25 135 489 539 34 
Bin 81: 875 809 100 289 628 646 
Bin 82: 358 977 615 74 219 101 
Bin 83: 235 293 989 927 694 923 362 
Bin 84: 892 373 503 266 115 17 390 
Bin 85: 531 641 737 306 295 8 96 
Bin 86: 557 846 264 310 508 51 501 
Bin 87: 478 64 126 102 774 669 
Bin 88: 68 339 44 816 257 156 37 979 
Bin 89: 223 61 885 148 700 798 961 
Bin 90: 237 797 481 975 418 728 766 
Bin 91: 331 127 638 73 218 
Bin 92: 251 320 544 276 141 396 179 
Bin 93: 947 311 490 659 212 227 
Bin 94: 967 59 820 109 618 439 485 
Bin 95: 368 876 397 430 214 174 38 425 
Bin 96: 674 27 806 197 35 956 
Bin 97: 143 229 854 818 817 516 518 
Bin 98: 577 801 488 210 623 542 999 479 363 
Bin 99: 718 168 546 344 455 166 
Bin 100: 691 280 86 473 713 
Bin 101: 736 549 401 796 901 598 
Bin 102: 573 812 712 617 307 787 338 
Bin 103: 342 408 520 746 708 281 855 80 
Bin 104: 423 610 213 676 507 
Bin 105: 54 383 785 790 31 146 24 
Bin 106: 246 710 870 640 234 79 63 
Bin 107: 556 354 903 705 152 663 993 
Bin 108: 858 533 247 553 412 393 
Bin 109: 48 142 69 735 469 
Bin 110: 402 562 147 726 36 
Bin 111: 92 224 850 982 603 701 
Bin 112: 974 671 949 675 187 304 
Bin 113: 692 228 453 232 570 461 
Bin 114: 709 435 243 367 569 
Bin 115: 511 495 793 932 877 
Bin 116: 138 381 852 706 543 466 
Bin 117: 274 313 0 810 369 56 
Bin 118: 465 361 196 112 205 599 
Bin 119: 392 922 911 833 565 988 789 415 
Bin 120: 935 686 308 637 91 527 943 
Bin 121: 696 512 688 829 226 78 154 128 470 
Bin 122: 164 576 58 722 559 881 800 950 613 
Bin 123: 57 745 188 192 824 698 
Bin 124: 849 566 416 41 297 84 
Bin 125: 233 39 459 4 335 208 560 
Bin 126: 971 249 486 614 807 888 
Bin 127: 399 664 755 120 504 958 
Bin 128: 52 983 998 5 330 352 
Bin 129: 902 337 153 149 468 111 429 
Bin 130: 371 760 241 739 20 519 
Bin 131: 978 302 165 528 861 343 996 176 
Bin 132: 256 951 579 593 124 
Bin 133: 945 526 244 992 356 976 114 
Bin 134: 360 733 763 758 695 386 
Bin 135: 667 40 954 177 626 
Bin 136: 930 834 225 334 231 682 672 296 
Bin 137: 928 734 575 498 612 220 
Bin 138: 186 169 629 14 769 
Bin 139: 621 454 606 880 848 781 
Bin 140: 250 389 2 282 581 505 
Bin 141: 762 413 355 929 830 
Bin 142: 960 588 843 444 594 13 759 
Bin 143: 395 601 582 554 751 867 
Bin 144: 29 283 183 171 592 
Bin 145: 890 574 917 815 350 887 
Bin 146: 754 385 841 497 376 799 
Bin 147: 721 555 636 155 938 
Bin 148: 294 874 620 654 730 778 
Bin 149: 499 492 7 411 649 
