# Objective: 18
# Time: 0.270339
# Feasible: 1
# Solution:
Bin 0: 9 48 38 17 35 103 101 80 108 45 65 
Bin 1: 97 31 23 56 69 104 
Bin 2: 7 58 51 83 115 75 40 
Bin 3: 114 109 16 3 113 78 95 39 
Bin 4: 1 68 52 110 86 18 
Bin 5: 21 10 92 43 25 54 
Bin 6: 72 63 4 11 100 6 
Bin 7: 116 90 37 93 112 24 
Bin 8: 87 32 30 117 28 5 15 41 
Bin 9: 64 55 62 29 76 94 
Bin 10: 19 82 73 89 96 14 
Bin 11: 49 70 33 53 0 
Bin 12: 60 20 119 105 13 46 26 
Bin 13: 88 67 77 111 98 8 66 106 
Bin 14: 79 34 118 50 61 59 81 
Bin 15: 85 47 74 22 99 
Bin 16: 71 44 57 36 102 2 27 
Bin 17: 84 91 12 107 42 
