# Objective: 17
# Time: 0.451036
# Feasible: 1
# Solution:
Bin 0: 6 32 63 115 7 109 29 77 35 83 
Bin 1: 12 45 76 85 13 24 113 64 93 116 27 58 
Bin 2: 73 100 97 65 4 84 66 50 
Bin 3: 81 5 91 96 80 14 103 
Bin 4: 89 117 57 39 52 43 19 102 42 
Bin 5: 44 88 79 16 106 47 
Bin 6: 75 70 36 26 72 15 82 
Bin 7: 71 48 3 104 23 46 67 
Bin 8: 20 55 59 9 61 
Bin 9: 37 110 69 54 0 
Bin 10: 49 112 94 28 62 2 34 
Bin 11: 105 25 60 1 78 22 41 
Bin 12: 90 107 30 108 98 38 
Bin 13: 118 86 8 74 101 53 
Bin 14: 40 95 11 33 92 31 114 
Bin 15: 87 21 68 111 56 
Bin 16: 119 51 99 10 17 18 
