# Objective: 48
# Time: 0.441612
# Feasible: 1
# Solution:
Bin 0: 27 112 77 90 141 125 147 82 
Bin 1: 67 206 153 118 210 107 181 65 
Bin 2: 151 190 72 175 30 227 
Bin 3: 224 246 232 97 48 135 93 
Bin 4: 114 234 55 197 60 215 71 21 
Bin 5: 122 14 155 51 100 98 23 26 
Bin 6: 24 134 138 110 52 34 
Bin 7: 166 88 212 182 44 202 
Bin 8: 204 168 53 19 109 167 
Bin 9: 47 92 171 108 214 140 
Bin 10: 121 31 58 186 146 199 33 
Bin 11: 12 57 102 32 193 203 
Bin 12: 173 15 124 45 56 139 
Bin 13: 64 106 235 119 231 87 
Bin 14: 113 13 50 6 2 192 217 
Bin 15: 208 111 10 61 164 29 
Bin 16: 161 148 16 78 95 198 172 
Bin 17: 127 225 191 105 36 35 156 
Bin 18: 213 143 241 41 115 132 7 
Bin 19: 178 43 76 28 144 83 
Bin 20: 228 74 3 94 205 39 221 
Bin 21: 0 185 177 96 116 149 
Bin 22: 237 79 1 244 81 216 
Bin 23: 40 238 128 70 8 
Bin 24: 248 117 38 189 101 80 195 42 85 
Bin 25: 126 176 239 170 84 129 207 
Bin 26: 11 220 4 
Bin 27: 154 194 59 91 240 
Bin 28: 150 247 9 229 211 233 
Bin 29: 89 25 104 222 46 
Bin 30: 184 183 133 
Bin 31: 196 201 69 219 
Bin 32: 37 158 62 131 188 136 
Bin 33: 218 157 103 86 236 49 242 
Bin 34: 66 54 20 73 18 
Bin 35: 187 120 200 249 
Bin 36: 145 243 162 
Bin 37: 180 
Bin 38: 169 174 245 160 
Bin 39: 226 130 123 
Bin 40: 63 209 159 
Bin 41: 137 68 
Bin 42: 99 230 
Bin 43: 142 
Bin 44: 223 152 
Bin 45: 75 17 165 
Bin 46: 163 
Bin 47: 5 179 22 
