# Objective: 150
# Time: 149.56
# Feasible: 1
# Solution:
Bin 0: 401 274 843 383 528 739 189 326 
Bin 1: 687 405 239 619 70 490 
Bin 2: 579 827 102 932 531 810 964 717 
Bin 3: 595 786 3 73 288 997 560 413 
Bin 4: 461 578 779 56 404 
Bin 5: 323 85 206 276 806 
Bin 6: 872 215 893 495 877 930 
Bin 7: 346 767 863 777 733 950 226 729 995 
Bin 8: 924 4 306 35 773 973 730 435 
Bin 9: 630 313 940 354 488 377 
Bin 10: 543 884 270 522 715 513 771 247 665 
Bin 11: 138 923 680 156 110 419 126 803 
Bin 12: 926 600 891 80 750 385 
Bin 13: 122 25 751 696 106 540 300 
Bin 14: 908 961 805 654 633 783 211 
Bin 15: 975 75 137 67 82 6 
Bin 16: 320 135 409 712 834 901 784 301 
Bin 17: 800 593 689 231 823 426 
Bin 18: 586 484 207 467 242 59 558 981 
Bin 19: 214 947 581 87 45 322 649 177 221 
Bin 20: 386 832 335 847 421 493 
Bin 21: 529 222 371 91 60 124 795 866 
Bin 22: 896 218 66 993 50 26 349 190 
Bin 23: 672 457 898 681 881 984 98 
Bin 24: 566 705 616 915 228 469 580 954 
Bin 25: 399 905 865 570 618 430 857 
Bin 26: 721 118 537 360 583 440 
Bin 27: 428 170 615 295 591 485 30 
Bin 28: 613 105 456 634 89 40 236 330 
Bin 29: 894 640 195 250 403 32 519 
Bin 30: 174 614 561 163 953 223 
Bin 31: 243 952 442 477 165 869 433 807 
Bin 32: 157 353 141 819 972 63 
Bin 33: 960 982 650 298 15 181 990 
Bin 34: 974 16 368 684 563 774 
Bin 35: 524 690 81 811 895 831 838 759 
Bin 36: 506 225 635 77 511 465 
Bin 37: 311 315 864 376 965 245 
Bin 38: 610 606 303 745 22 623 664 361 762 
Bin 39: 341 344 369 133 406 473 125 
Bin 40: 356 443 431 769 790 
Bin 41: 312 240 184 258 656 171 
Bin 42: 44 429 187 686 167 878 328 
Bin 43: 620 505 931 815 652 
Bin 44: 970 285 631 817 104 202 
Bin 45: 7 389 963 173 268 
Bin 46: 885 794 608 568 351 
Bin 47: 999 391 707 249 556 
Bin 48: 439 317 584 971 720 
Bin 49: 193 886 68 948 841 934 
Bin 50: 782 446 666 657 890 626 290 
Bin 51: 697 825 342 855 516 868 821 159 
Bin 52: 567 532 994 627 876 372 
Bin 53: 883 683 72 450 1 726 381 
Bin 54: 164 352 629 472 590 688 86 
Bin 55: 329 264 839 562 71 508 155 334 
Bin 56: 437 714 150 100 34 851 
Bin 57: 753 43 283 504 992 115 507 
Bin 58: 638 645 597 515 54 14 
Bin 59: 792 942 536 946 747 501 11 
Bin 60: 455 205 61 775 9 569 637 
Bin 61: 492 94 846 520 31 
Bin 62: 99 577 48 387 850 612 534 97 
Bin 63: 362 852 738 479 152 246 514 
Bin 64: 870 402 776 736 589 906 
Bin 65: 887 701 804 37 269 668 
Bin 66: 643 518 879 394 873 400 
Bin 67: 139 259 735 678 728 396 919 
Bin 68: 677 41 460 967 423 607 
Bin 69: 256 596 957 955 287 304 
Bin 70: 158 257 980 162 756 470 941 
Bin 71: 39 241 117 958 943 186 260 822 
Bin 72: 802 103 788 74 925 938 414 749 
Bin 73: 646 849 699 378 559 2 723 983 592 
Bin 74: 765 853 261 862 902 308 928 599 
Bin 75: 880 499 316 216 219 724 144 
Bin 76: 20 820 582 647 146 134 8 
Bin 77: 939 892 845 278 617 
Bin 78: 675 447 725 844 217 912 
Bin 79: 576 178 132 318 188 17 
Bin 80: 986 542 425 398 282 874 
Bin 81: 307 564 655 420 636 918 348 
Bin 82: 682 487 530 935 51 653 
Bin 83: 459 572 642 198 310 
Bin 84: 210 382 251 533 951 147 451 332 
Bin 85: 366 835 648 464 412 
Bin 86: 149 415 416 286 708 871 535 
Bin 87: 727 814 698 663 154 275 996 5 
Bin 88: 131 397 129 78 324 797 448 856 
Bin 89: 380 255 76 710 991 47 987 
Bin 90: 502 641 321 327 407 621 
Bin 91: 57 632 253 65 903 
Bin 92: 848 108 685 742 796 703 
Bin 93: 203 713 331 373 474 909 
Bin 94: 109 345 718 818 828 355 
Bin 95: 280 153 192 734 69 798 208 
Bin 96: 36 204 661 224 900 
Bin 97: 299 112 764 494 944 458 598 29 
Bin 98: 201 463 673 496 220 603 937 244 
Bin 99: 235 755 985 549 333 364 741 
Bin 100: 294 916 453 875 836 475 234 
Bin 101: 0 709 711 38 395 483 
Bin 102: 830 471 748 538 343 768 52 
Bin 103: 291 929 812 859 200 116 
Bin 104: 53 910 444 763 123 801 914 
Bin 105: 289 182 977 816 350 907 
Bin 106: 761 18 172 497 197 
Bin 107: 927 379 196 194 754 545 24 
Bin 108: 337 922 829 565 826 227 854 
Bin 109: 660 602 778 267 517 731 79 84 119 
Bin 110: 571 889 550 882 136 913 624 867 
Bin 111: 410 265 659 962 408 279 151 989 
Bin 112: 427 551 625 266 791 
Bin 113: 658 722 121 959 28 128 
Bin 114: 544 363 480 737 449 785 956 
Bin 115: 10 468 130 418 706 392 
Bin 116: 546 760 166 359 237 62 921 
Bin 117: 988 411 365 199 454 180 793 
Bin 118: 424 746 744 525 704 
Bin 119: 936 432 390 284 998 302 93 611 
Bin 120: 95 719 491 732 384 978 
Bin 121: 674 780 669 651 358 840 691 
Bin 122: 861 833 552 434 262 
Bin 123: 297 90 13 787 314 605 272 
Bin 124: 766 336 325 587 476 185 375 46 510 49 
Bin 125: 693 292 692 160 422 555 500 
Bin 126: 445 127 573 740 92 523 
Bin 127: 213 101 897 911 374 
Bin 128: 601 271 212 547 58 541 
Bin 129: 585 662 824 143 743 808 
Bin 130: 263 933 168 140 837 27 
Bin 131: 899 575 609 230 169 
Bin 132: 176 813 512 679 482 179 
Bin 133: 486 145 622 370 393 888 233 161 
Bin 134: 752 676 667 281 757 503 858 968 
Bin 135: 183 799 770 789 21 700 
Bin 136: 553 644 232 539 83 498 248 
Bin 137: 339 452 417 509 309 23 
Bin 138: 588 966 357 809 976 113 436 604 
Bin 139: 979 252 88 670 772 
Bin 140: 296 12 695 526 191 
Bin 141: 148 19 554 716 557 639 521 42 
Bin 142: 441 671 209 462 945 969 254 319 
Bin 143: 388 466 107 527 489 120 
Bin 144: 111 175 694 478 305 481 
Bin 145: 917 702 96 367 55 904 
Bin 146: 277 548 574 758 273 628 33 
Bin 147: 340 114 842 64 781 293 
Bin 148: 347 229 142 860 338 
Bin 149: 949 238 594 438 920 
