# Objective: 19
# Time: 0.357467
# Feasible: 1
# Solution:
Bin 0: 25 99 38 20 15 2 95 
Bin 1: 119 12 115 36 106 32 49 
Bin 2: 7 56 104 74 93 69 
Bin 3: 27 1 5 51 23 92 
Bin 4: 94 72 84 6 16 24 46 97 
Bin 5: 85 45 0 42 103 75 105 
Bin 6: 57 59 55 48 61 3 
Bin 7: 18 70 47 58 10 
Bin 8: 30 90 64 33 82 37 96 88 
Bin 9: 89 11 87 67 17 54 
Bin 10: 43 110 35 62 86 
Bin 11: 52 39 66 14 13 
Bin 12: 44 50 101 31 98 78 65 
Bin 13: 114 26 34 4 118 9 
Bin 14: 40 76 71 108 113 83 
Bin 15: 100 77 116 8 80 81 22 
Bin 16: 107 91 112 28 53 63 
Bin 17: 21 41 102 68 79 
Bin 18: 29 111 73 117 60 109 19 
