# Objective: 76
# Time: 16.156
# Feasible: 1
# Solution:
Bin 0: 419 295 403 114 70 329 21 210 11 
Bin 1: 278 90 197 51 226 412 
Bin 2: 198 498 395 100 186 139 
Bin 3: 261 496 305 188 71 437 
Bin 4: 371 315 438 286 173 157 
Bin 5: 269 303 111 104 402 185 147 57 
Bin 6: 275 126 93 187 363 276 435 344 15 300 
Bin 7: 287 469 236 33 279 418 256 411 
Bin 8: 175 225 77 354 14 22 470 
Bin 9: 490 211 488 370 340 
Bin 10: 0 482 293 385 281 145 323 
Bin 11: 19 479 355 162 361 415 316 387 
Bin 12: 81 254 296 330 450 308 467 442 
Bin 13: 138 375 251 272 171 381 32 
Bin 14: 72 368 280 266 176 
Bin 15: 431 263 358 47 56 499 135 
Bin 16: 107 311 212 348 31 
Bin 17: 154 436 322 48 166 170 297 62 
Bin 18: 456 452 312 115 434 204 384 
Bin 19: 285 237 82 326 396 465 
Bin 20: 274 317 299 102 3 398 462 75 
Bin 21: 214 389 50 124 148 379 244 6 59 
Bin 22: 165 443 365 86 97 428 394 
Bin 23: 156 367 163 320 96 455 349 
Bin 24: 471 191 36 249 453 69 
Bin 25: 429 359 341 180 472 194 112 232 
Bin 26: 177 200 250 313 325 481 195 
Bin 27: 103 405 362 489 159 121 491 120 324 
Bin 28: 399 400 267 291 444 422 203 
Bin 29: 98 94 392 235 7 439 378 
Bin 30: 366 152 80 84 372 
Bin 31: 248 388 327 228 74 221 333 119 
Bin 32: 91 393 476 309 9 127 335 447 
Bin 33: 110 219 321 409 414 258 376 451 
Bin 34: 209 264 87 224 44 42 78 
Bin 35: 319 128 386 183 18 
Bin 36: 134 215 373 167 360 53 
Bin 37: 63 351 255 427 101 
Bin 38: 473 302 336 382 83 463 233 68 
Bin 39: 449 181 155 220 432 66 202 105 
Bin 40: 424 407 484 125 182 132 
Bin 41: 230 332 196 131 27 426 
Bin 42: 24 30 474 144 117 143 28 
Bin 43: 118 478 380 383 49 480 270 
Bin 44: 23 205 337 416 271 
Bin 45: 464 34 494 468 477 142 
Bin 46: 130 158 213 39 169 
Bin 47: 122 37 241 252 216 
Bin 48: 253 234 493 497 123 343 
Bin 49: 353 85 55 240 421 458 
Bin 50: 149 466 2 16 246 208 5 
Bin 51: 420 391 298 245 65 441 
Bin 52: 259 193 179 136 377 485 
Bin 53: 89 223 190 160 423 116 
Bin 54: 301 13 314 460 364 413 184 
Bin 55: 192 492 304 406 475 
Bin 56: 454 242 247 328 161 25 164 356 
Bin 57: 445 417 207 174 17 73 
Bin 58: 238 4 168 257 60 61 
Bin 59: 64 486 369 58 404 45 
Bin 60: 260 217 440 282 146 29 350 140 
Bin 61: 487 218 283 390 222 54 
Bin 62: 352 430 46 289 151 38 26 
Bin 63: 88 178 129 108 265 448 357 
Bin 64: 40 425 92 189 397 20 109 
Bin 65: 446 290 457 342 495 243 410 
Bin 66: 43 199 401 41 338 
Bin 67: 35 339 306 52 12 459 153 433 
Bin 68: 347 206 99 277 106 8 
Bin 69: 284 113 201 76 67 
Bin 70: 268 461 79 172 231 
Bin 71: 483 318 133 310 374 
Bin 72: 95 334 150 294 292 
Bin 73: 141 408 346 288 262 
Bin 74: 1 10 229 331 137 
Bin 75: 227 345 273 307 239 
