# Objective: 19
# Time: 0.217065
# Feasible: 1
# Solution:
Bin 0: 21 84 87 48 66 
Bin 1: 80 12 14 19 52 35 93 
Bin 2: 108 88 106 57 13 
Bin 3: 25 16 92 42 41 44 
Bin 4: 105 112 94 55 91 100 67 
Bin 5: 114 47 43 107 53 74 
Bin 6: 18 116 3 79 28 72 36 
Bin 7: 39 6 46 69 68 
Bin 8: 71 118 61 30 119 40 86 78 
Bin 9: 73 58 56 109 97 24 
Bin 10: 38 60 5 50 98 89 
Bin 11: 51 64 54 101 37 9 
Bin 12: 82 90 7 34 26 29 
Bin 13: 33 102 31 45 103 62 65 115 
Bin 14: 95 99 59 110 104 63 81 
Bin 15: 27 117 15 83 113 10 76 
Bin 16: 20 4 17 85 23 96 
Bin 17: 75 11 70 111 0 8 
Bin 18: 2 49 32 1 22 77 
