# Objective: 38
# Time: 2.37175
# Feasible: 1
# Solution:
Bin 0: 225 38 35 85 222 142 
Bin 1: 72 37 110 106 239 216 206 170 64 
Bin 2: 205 51 14 89 126 146 242 
Bin 3: 99 178 48 243 221 183 193 190 138 
Bin 4: 148 8 194 137 236 87 237 
Bin 5: 102 246 115 121 114 93 77 68 
Bin 6: 111 144 33 27 112 184 159 247 
Bin 7: 31 166 117 248 235 18 165 153 
Bin 8: 75 90 95 143 86 173 76 
Bin 9: 46 191 217 201 131 209 
Bin 10: 103 60 150 36 124 
Bin 11: 223 65 21 164 133 125 151 100 104 
Bin 12: 158 88 7 130 149 
Bin 13: 208 161 4 145 118 203 182 
Bin 14: 74 180 147 128 54 
Bin 15: 232 139 202 134 80 91 
Bin 16: 212 176 140 67 24 
Bin 17: 175 52 30 245 97 211 34 
Bin 18: 189 197 215 224 63 119 
Bin 19: 129 214 132 227 238 122 116 120 
Bin 20: 15 192 123 62 177 169 168 
Bin 21: 71 61 195 218 44 58 20 231 
Bin 22: 96 156 70 13 230 
Bin 23: 199 234 113 17 186 141 79 
Bin 24: 29 136 32 40 5 28 185 
Bin 25: 154 162 84 228 41 
Bin 26: 23 12 57 198 152 107 
Bin 27: 43 241 59 1 207 127 
Bin 28: 56 108 26 135 105 163 
Bin 29: 66 213 10 83 73 45 
Bin 30: 200 171 81 229 78 47 55 
Bin 31: 49 69 249 25 19 196 
Bin 32: 22 98 188 210 109 244 219 
Bin 33: 157 167 172 220 3 
Bin 34: 11 94 82 92 226 240 
Bin 35: 42 0 174 233 6 39 204 
Bin 36: 179 16 187 160 101 
Bin 37: 155 9 181 2 50 53 
