# Objective: 18
# Time: 0.210387
# Feasible: 1
# Solution:
Bin 0: 70 109 46 83 61 43 110 90 
Bin 1: 42 38 37 98 17 33 
Bin 2: 72 34 80 20 36 94 66 
Bin 3: 77 26 87 29 108 107 114 79 
Bin 4: 32 48 8 100 104 1 81 
Bin 5: 106 18 52 69 35 85 21 
Bin 6: 5 115 15 0 16 23 
Bin 7: 96 91 10 9 44 105 
Bin 8: 30 112 68 54 45 2 84 
Bin 9: 27 99 95 111 60 
Bin 10: 113 73 31 6 102 65 11 
Bin 11: 24 62 59 57 97 67 
Bin 12: 92 41 74 3 71 103 22 
Bin 13: 12 7 51 28 63 82 39 58 
Bin 14: 76 116 49 25 117 40 
Bin 15: 89 118 88 50 13 75 
Bin 16: 14 19 101 78 64 4 
Bin 17: 119 47 86 56 93 55 53 
