# Objective: 150
# Time: 177.525
# Feasible: 1
# Solution:
Bin 0: 290 450 182 433 30 268 
Bin 1: 483 969 374 705 658 
Bin 2: 421 411 41 877 364 571 207 
Bin 3: 197 58 569 976 232 875 396 
Bin 4: 446 246 601 184 65 953 267 
Bin 5: 119 950 324 788 982 76 208 732 
Bin 6: 366 837 671 363 636 4 43 
Bin 7: 633 765 497 29 218 795 238 146 
Bin 8: 611 900 874 402 310 
Bin 9: 67 103 714 62 139 
Bin 10: 359 190 378 357 778 87 691 959 
Bin 11: 789 281 54 938 764 522 112 731 
Bin 12: 607 839 531 988 773 380 
Bin 13: 860 815 596 740 122 684 438 
Bin 14: 335 956 845 356 240 386 
Bin 15: 809 124 827 501 555 552 390 924 
Bin 16: 99 799 287 856 612 272 181 572 
Bin 17: 911 447 928 677 878 727 495 
Bin 18: 594 104 613 540 580 78 659 
Bin 19: 583 388 733 102 905 587 523 
Bin 20: 887 179 812 919 69 805 
Bin 21: 277 106 660 852 466 84 293 
Bin 22: 811 533 902 295 81 154 496 100 
Bin 23: 320 844 546 230 493 453 
Bin 24: 766 720 216 881 949 
Bin 25: 935 435 384 574 282 118 698 992 
Bin 26: 217 196 858 597 253 664 821 314 
Bin 27: 703 204 66 284 465 511 
Bin 28: 131 781 292 85 44 170 689 508 
Bin 29: 145 270 921 164 598 808 362 229 
Bin 30: 793 735 979 648 862 91 107 
Bin 31: 752 137 255 948 262 
Bin 32: 962 653 298 439 57 
Bin 33: 506 448 109 160 990 742 
Bin 34: 79 343 517 590 884 332 560 116 
Bin 35: 638 857 957 234 867 
Bin 36: 20 625 538 995 916 322 286 63 
Bin 37: 524 13 456 458 1 723 825 
Bin 38: 404 263 512 784 719 632 
Bin 39: 113 222 623 967 273 843 
Bin 40: 61 187 626 955 696 144 567 
Bin 41: 697 869 478 621 545 814 477 166 
Bin 42: 971 600 46 502 954 329 258 
Bin 43: 174 831 851 49 870 128 
Bin 44: 369 92 269 794 470 121 437 42 
Bin 45: 461 387 243 527 923 828 472 
Bin 46: 132 627 970 973 909 27 
Bin 47: 565 348 891 704 473 993 162 578 514 
Bin 48: 756 397 553 198 893 56 
Bin 49: 31 5 183 334 673 101 747 
Bin 50: 577 22 492 90 745 897 785 
Bin 51: 260 339 111 686 75 551 
Bin 52: 80 998 191 414 615 130 
Bin 53: 945 996 736 803 97 556 149 
Bin 54: 211 504 351 575 655 
Bin 55: 933 372 987 301 153 510 328 739 
Bin 56: 592 484 646 665 209 672 
Bin 57: 308 205 297 507 622 50 547 
Bin 58: 582 588 906 693 171 
Bin 59: 932 16 750 444 834 728 325 606 
Bin 60: 427 117 32 669 165 758 330 796 
Bin 61: 978 989 605 23 206 138 
Bin 62: 503 619 700 922 228 244 741 
Bin 63: 375 749 782 820 341 939 96 
Bin 64: 156 347 829 946 975 772 
Bin 65: 33 713 912 8 961 618 349 
Bin 66: 846 225 650 934 566 943 
Bin 67: 661 920 302 342 257 972 
Bin 68: 441 68 143 525 603 840 666 11 771 
Bin 69: 674 890 942 910 221 420 
Bin 70: 769 86 760 715 300 710 604 
Bin 71: 498 304 77 476 734 185 403 
Bin 72: 481 925 327 55 415 161 965 188 
Bin 73: 7 468 568 549 59 431 
Bin 74: 663 280 534 487 544 383 
Bin 75: 725 428 249 311 903 
Bin 76: 315 835 418 861 370 252 
Bin 77: 706 379 917 135 125 529 
Bin 78: 245 952 929 801 352 413 
Bin 79: 193 394 199 958 894 391 
Bin 80: 775 806 25 819 896 18 
Bin 81: 35 643 376 668 288 707 
Bin 82: 419 129 702 471 474 737 
Bin 83: 908 930 678 319 169 
Bin 84: 790 412 853 126 640 907 
Bin 85: 259 537 824 685 899 
Bin 86: 690 836 303 675 409 817 
Bin 87: 28 400 763 657 175 718 729 838 
Bin 88: 299 186 850 968 647 847 93 358 
Bin 89: 159 344 641 589 617 83 275 
Bin 90: 309 460 518 367 550 818 392 
Bin 91: 72 317 442 999 792 
Bin 92: 848 561 997 395 776 406 377 
Bin 93: 519 398 634 115 751 312 941 306 639 717 
Bin 94: 449 966 701 12 676 250 45 
Bin 95: 98 960 726 451 361 469 321 645 233 
Bin 96: 724 986 167 754 173 780 194 0 
Bin 97: 670 768 489 595 513 709 254 
Bin 98: 346 172 467 94 340 
Bin 99: 89 2 712 662 134 47 64 535 
Bin 100: 141 178 479 82 985 521 73 
Bin 101: 599 239 602 593 278 
Bin 102: 744 271 440 264 579 
Bin 103: 323 26 213 865 459 70 237 649 667 
Bin 104: 499 95 462 557 133 841 
Bin 105: 24 746 108 37 248 220 
Bin 106: 652 748 797 654 291 528 
Bin 107: 399 892 283 585 757 214 3 
Bin 108: 530 15 688 981 200 488 235 679 
Bin 109: 425 266 148 554 410 629 
Bin 110: 457 274 963 730 536 147 680 
Bin 111: 543 813 951 60 210 542 854 984 
Bin 112: 823 408 276 333 152 
Bin 113: 888 651 256 559 6 51 842 
Bin 114: 430 886 977 620 368 637 926 279 
Bin 115: 721 918 915 515 882 21 236 947 
Bin 116: 407 110 614 136 307 337 
Bin 117: 443 940 354 859 14 429 
Bin 118: 482 142 491 770 822 215 
Bin 119: 516 526 991 898 944 759 157 
Bin 120: 532 624 338 833 192 226 74 422 
Bin 121: 445 743 360 895 189 849 711 393 
Bin 122: 455 36 873 558 573 373 
Bin 123: 509 761 345 872 564 
Bin 124: 389 974 802 505 247 454 
Bin 125: 994 168 586 19 424 694 265 
Bin 126: 722 401 786 385 114 914 
Bin 127: 224 88 331 494 155 692 416 
Bin 128: 305 681 871 964 539 201 
Bin 129: 242 738 326 800 866 581 296 
Bin 130: 40 261 195 868 562 123 434 
Bin 131: 480 500 563 355 212 
Bin 132: 38 644 864 807 486 628 863 
Bin 133: 936 9 241 826 34 816 180 140 
Bin 134: 177 608 753 426 382 463 452 52 
Bin 135: 289 203 810 913 318 927 
Bin 136: 353 371 71 616 683 901 
Bin 137: 485 48 931 755 610 423 39 
Bin 138: 885 880 883 642 584 
Bin 139: 980 876 53 17 120 227 
Bin 140: 381 631 475 570 231 
Bin 141: 10 783 716 405 150 151 630 
Bin 142: 889 127 855 779 541 
Bin 143: 656 708 983 774 163 695 548 
Bin 144: 635 464 777 609 251 432 417 
Bin 145: 762 202 294 682 879 699 937 
Bin 146: 223 365 336 350 832 798 313 
Bin 147: 904 576 219 176 791 
Bin 148: 804 285 591 316 158 767 
Bin 149: 490 687 520 105 436 830 787 
