# Objective: 74
# Time: 19.6423
# Feasible: 1
# Solution:
Bin 0: 89 389 33 232 194 18 279 293 137 
Bin 1: 148 281 336 475 8 159 246 
Bin 2: 327 297 220 23 387 151 88 
Bin 3: 120 44 182 99 356 486 
Bin 4: 118 313 124 495 230 192 440 48 130 63 
Bin 5: 492 108 355 240 382 227 397 2 
Bin 6: 141 303 428 146 420 181 1 
Bin 7: 470 254 258 39 388 395 334 
Bin 8: 353 209 375 289 245 429 
Bin 9: 93 350 94 467 251 399 
Bin 10: 414 242 26 53 167 496 457 
Bin 11: 357 464 456 438 80 362 320 32 462 147 
Bin 12: 127 133 57 411 482 265 441 348 
Bin 13: 372 168 197 417 459 405 116 
Bin 14: 138 333 217 418 472 305 485 
Bin 15: 391 352 36 409 423 183 161 
Bin 16: 20 248 103 221 199 180 
Bin 17: 339 351 10 370 145 437 376 433 
Bin 18: 24 203 407 107 426 236 
Bin 19: 152 316 458 367 125 488 
Bin 20: 282 66 402 102 479 61 225 431 
Bin 21: 249 162 105 216 238 494 144 415 
Bin 22: 68 385 158 97 380 268 
Bin 23: 255 46 413 4 285 284 363 
Bin 24: 75 360 364 83 432 325 
Bin 25: 231 179 190 5 90 493 27 321 263 292 
Bin 26: 489 318 40 421 42 169 
Bin 27: 359 98 335 170 156 401 354 
Bin 28: 371 149 43 498 291 206 483 
Bin 29: 59 0 374 326 484 237 22 
Bin 30: 443 247 239 317 343 274 235 
Bin 31: 290 306 111 260 113 30 150 
Bin 32: 6 365 155 210 308 
Bin 33: 21 65 264 271 269 477 
Bin 34: 453 250 84 449 11 184 469 
Bin 35: 119 422 276 86 243 346 153 
Bin 36: 400 368 324 95 176 50 403 58 259 
Bin 37: 299 3 208 212 307 471 202 
Bin 38: 79 266 377 338 499 404 241 
Bin 39: 419 25 286 31 342 256 396 234 257 
Bin 40: 140 19 165 106 45 
Bin 41: 186 136 191 174 280 110 434 
Bin 42: 193 114 71 446 476 126 465 
Bin 43: 121 383 54 56 425 218 412 
Bin 44: 298 341 358 252 474 329 
Bin 45: 345 373 460 473 143 139 60 261 481 
Bin 46: 222 100 491 410 204 
Bin 47: 304 41 12 319 55 393 455 
Bin 48: 497 81 224 109 226 386 
Bin 49: 9 369 134 347 309 64 
Bin 50: 296 416 77 115 301 270 454 
Bin 51: 312 330 394 198 272 135 
Bin 52: 38 214 223 392 178 490 13 
Bin 53: 406 62 275 450 164 163 74 
Bin 54: 253 166 300 51 379 219 
Bin 55: 187 157 112 132 444 
Bin 56: 189 142 78 52 322 69 323 
Bin 57: 96 129 49 37 487 131 442 
Bin 58: 435 278 288 128 273 267 47 195 
Bin 59: 361 287 439 378 72 436 424 
Bin 60: 384 480 200 171 283 70 349 
Bin 61: 228 15 67 91 117 188 207 
Bin 62: 196 14 173 447 302 244 344 
Bin 63: 461 448 463 201 427 101 160 
Bin 64: 381 430 123 295 451 262 
Bin 65: 28 29 277 76 175 
Bin 66: 185 211 85 445 34 7 
Bin 67: 332 92 215 366 337 
Bin 68: 408 233 478 468 17 
Bin 69: 294 87 340 73 16 
Bin 70: 154 205 122 315 213 
Bin 71: 172 314 328 229 104 
Bin 72: 390 82 35 177 331 
Bin 73: 452 311 398 466 310 
