# Objective: 152
# Time: 182.886
# Feasible: 1
# Solution:
Bin 0: 747 690 165 568 306 433 
Bin 1: 201 777 811 746 375 155 421 942 
Bin 2: 353 346 635 735 821 743 120 
Bin 3: 449 948 59 570 371 83 
Bin 4: 804 437 797 941 713 36 257 
Bin 5: 66 908 373 174 715 698 492 
Bin 6: 919 878 770 290 94 816 
Bin 7: 19 625 469 277 892 416 330 
Bin 8: 851 481 410 95 886 608 719 
Bin 9: 285 307 543 798 781 970 170 263 
Bin 10: 934 245 642 707 657 235 292 587 
Bin 11: 699 559 156 676 931 276 534 
Bin 12: 775 38 107 297 640 750 817 782 
Bin 13: 102 814 134 496 209 972 727 666 
Bin 14: 649 592 62 168 434 194 
Bin 15: 671 500 765 232 97 703 695 
Bin 16: 819 611 993 754 547 805 
Bin 17: 301 90 529 233 258 2 
Bin 18: 607 994 507 116 766 767 749 447 
Bin 19: 296 456 694 786 178 606 402 936 
Bin 20: 251 312 575 787 303 760 624 
Bin 21: 937 445 638 75 291 295 294 508 
Bin 22: 822 439 475 231 266 111 882 
Bin 23: 157 282 536 394 327 451 
Bin 24: 114 728 887 733 667 234 569 342 888 
Bin 25: 967 976 219 662 980 175 
Bin 26: 246 44 869 846 572 922 506 
Bin 27: 582 196 28 364 82 23 390 808 
Bin 28: 397 333 741 619 679 985 161 548 
Bin 29: 241 729 920 853 636 442 893 127 
Bin 30: 623 140 528 186 25 552 335 573 
Bin 31: 588 682 473 779 927 
Bin 32: 596 848 100 255 511 311 603 899 
Bin 33: 644 828 583 584 441 436 
Bin 34: 187 917 21 142 457 193 598 
Bin 35: 110 208 711 54 99 404 478 215 
Bin 36: 347 702 830 20 271 724 909 272 22 
Bin 37: 984 49 632 65 949 661 772 959 
Bin 38: 211 654 12 237 637 
Bin 39: 367 52 357 243 725 192 960 
Bin 40: 348 668 13 229 861 77 17 487 217 
Bin 41: 117 30 914 128 191 106 981 
Bin 42: 732 131 594 409 387 867 855 
Bin 43: 768 370 863 360 249 590 105 515 616 
Bin 44: 227 973 126 788 37 945 
Bin 45: 761 314 415 618 413 
Bin 46: 494 928 497 513 757 324 399 
Bin 47: 467 119 450 759 68 323 47 
Bin 48: 336 32 401 101 826 351 
Bin 49: 398 689 577 512 279 675 
Bin 50: 944 386 718 852 874 656 162 
Bin 51: 706 847 4 714 349 
Bin 52: 630 730 857 664 803 
Bin 53: 553 658 554 468 820 355 829 
Bin 54: 329 593 566 76 988 561 
Bin 55: 230 3 535 392 374 432 716 
Bin 56: 962 53 34 67 48 877 784 
Bin 57: 701 705 737 29 870 
Bin 58: 24 74 940 738 604 
Bin 59: 692 16 484 358 395 
Bin 60: 930 18 226 918 181 222 
Bin 61: 179 259 472 832 352 663 455 687 723 
Bin 62: 597 108 837 369 420 885 163 935 
Bin 63: 987 810 875 73 269 555 281 
Bin 64: 889 756 968 419 98 379 122 
Bin 65: 320 726 891 480 628 268 203 
Bin 66: 845 144 902 709 407 
Bin 67: 952 793 182 815 339 
Bin 68: 267 493 424 278 6 288 
Bin 69: 223 221 464 148 841 453 264 
Bin 70: 954 147 321 964 190 
Bin 71: 955 586 792 549 254 647 
Bin 72: 965 634 61 112 731 789 
Bin 73: 11 177 85 626 824 57 
Bin 74: 300 109 27 45 950 516 372 
Bin 75: 361 844 540 380 340 921 377 
Bin 76: 256 683 429 758 293 691 605 
Bin 77: 446 795 843 791 244 799 
Bin 78: 541 40 408 9 660 91 763 
Bin 79: 838 26 913 391 849 813 103 
Bin 80: 898 384 425 376 680 862 722 
Bin 81: 755 880 345 884 617 465 488 
Bin 82: 400 359 202 532 979 579 
Bin 83: 310 563 121 463 173 115 
Bin 84: 839 580 550 574 963 406 686 78 
Bin 85: 739 585 338 966 669 831 198 
Bin 86: 748 975 498 71 562 151 
Bin 87: 247 502 485 356 571 46 393 
Bin 88: 621 896 141 906 977 262 812 
Bin 89: 443 195 762 501 284 783 932 
Bin 90: 509 430 137 444 362 995 
Bin 91: 883 514 525 417 354 854 911 
Bin 92: 248 460 520 426 207 435 712 
Bin 93: 904 366 84 138 188 
Bin 94: 538 595 800 482 39 708 
Bin 95: 778 274 916 286 951 903 
Bin 96: 124 365 901 947 539 677 615 
Bin 97: 183 627 225 776 150 
Bin 98: 670 900 643 5 331 
Bin 99: 576 418 956 238 842 
Bin 100: 87 974 997 633 652 381 
Bin 101: 70 717 673 700 560 423 
Bin 102: 143 166 978 897 474 486 
Bin 103: 477 530 907 999 915 7 123 
Bin 104: 602 526 533 130 56 
Bin 105: 236 283 933 961 135 
Bin 106: 125 809 343 270 622 
Bin 107: 567 601 780 614 612 856 
Bin 108: 58 72 304 169 253 905 133 139 
Bin 109: 925 943 522 184 33 86 
Bin 110: 736 448 313 505 199 537 
Bin 111: 239 641 104 982 864 363 589 
Bin 112: 69 969 92 265 833 
Bin 113: 325 971 751 519 172 651 145 
Bin 114: 414 0 753 503 527 
Bin 115: 518 206 438 308 214 
Bin 116: 153 113 631 510 326 
Bin 117: 216 926 710 43 396 685 895 
Bin 118: 185 958 228 684 383 840 1 495 
Bin 119: 873 118 403 318 771 
Bin 120: 42 152 197 14 428 876 996 
Bin 121: 678 8 302 422 385 160 
Bin 122: 565 51 322 681 650 858 836 
Bin 123: 350 599 774 504 581 405 850 
Bin 124: 521 744 953 459 790 672 564 344 
Bin 125: 35 440 149 411 289 578 
Bin 126: 15 378 860 180 835 
Bin 127: 801 317 613 825 167 923 164 
Bin 128: 305 991 609 531 992 871 
Bin 129: 591 924 939 998 220 557 55 546 
Bin 130: 132 764 466 629 745 524 693 653 159 
Bin 131: 866 224 388 523 252 146 983 
Bin 132: 189 337 60 802 200 298 171 
Bin 133: 872 890 491 785 389 
Bin 134: 544 316 881 341 79 
Bin 135: 639 93 868 261 720 427 205 
Bin 136: 697 645 721 471 688 452 136 
Bin 137: 794 461 64 542 499 490 
Bin 138: 334 806 242 328 957 80 894 368 
Bin 139: 938 81 431 10 129 382 946 
Bin 140: 412 458 556 659 213 218 
Bin 141: 696 280 665 545 89 96 551 
Bin 142: 287 823 240 489 865 769 88 
Bin 143: 834 734 479 879 929 
Bin 144: 309 204 260 827 31 
Bin 145: 620 646 674 454 986 299 
Bin 146: 176 41 859 912 558 332 
Bin 147: 742 273 476 483 773 
Bin 148: 315 470 648 704 990 210 989 
Bin 149: 319 50 154 807 610 910 517 
Bin 150: 158 655 818 63 752 740 250 
Bin 151: 462 600 275 796 212 
