# Objective: 19
# Time: 0.268815
# Feasible: 1
# Solution:
Bin 0: 15 36 58 44 1 24 114 78 
Bin 1: 85 102 30 91 53 
Bin 2: 10 37 99 94 43 66 96 
Bin 3: 16 42 88 107 17 74 
Bin 4: 68 111 11 108 29 
Bin 5: 64 104 41 65 20 81 
Bin 6: 82 109 9 84 34 98 55 
Bin 7: 113 72 70 116 112 54 
Bin 8: 119 26 2 86 69 49 61 
Bin 9: 51 48 4 50 38 
Bin 10: 60 3 62 100 83 115 52 79 
Bin 11: 39 73 5 95 8 27 
Bin 12: 77 76 80 13 33 47 28 67 
Bin 13: 0 71 106 90 7 
Bin 14: 57 93 23 31 89 63 21 
Bin 15: 46 101 35 19 105 59 22 
Bin 16: 32 14 75 45 40 117 
Bin 17: 12 25 118 103 18 
Bin 18: 56 92 87 6 110 97 
