# Objective: 39
# Time: 2.16497
# Feasible: 1
# Solution:
Bin 0: 42 18 139 127 217 54 
Bin 1: 82 244 196 247 168 172 
Bin 2: 142 15 30 48 211 
Bin 3: 215 233 218 0 195 148 
Bin 4: 147 64 92 99 162 
Bin 5: 187 241 137 72 14 156 207 245 
Bin 6: 126 230 13 222 125 226 153 
Bin 7: 85 11 236 68 182 66 24 
Bin 8: 49 34 123 98 108 161 220 
Bin 9: 188 69 6 176 83 229 116 112 
Bin 10: 173 249 50 164 32 46 185 
Bin 11: 75 77 208 184 21 76 
Bin 12: 122 160 239 71 7 
Bin 13: 205 31 43 209 143 178 
Bin 14: 37 232 186 149 87 110 19 175 183 
Bin 15: 206 192 16 203 5 204 67 
Bin 16: 36 133 181 52 61 23 174 
Bin 17: 88 191 104 35 106 246 89 
Bin 18: 235 38 93 58 45 152 59 
Bin 19: 151 163 39 97 228 
Bin 20: 114 55 180 243 12 177 225 
Bin 21: 115 132 3 129 78 
Bin 22: 150 190 198 91 134 20 65 
Bin 23: 157 4 213 214 238 86 94 
Bin 24: 223 63 53 199 103 155 
Bin 25: 41 189 130 194 140 70 
Bin 26: 219 248 231 119 107 120 
Bin 27: 128 111 179 33 166 22 27 171 145 
Bin 28: 167 105 101 74 79 
Bin 29: 141 121 96 80 44 113 29 124 
Bin 30: 216 8 117 51 81 
Bin 31: 95 90 56 100 169 165 
Bin 32: 197 73 28 193 154 227 136 210 
Bin 33: 224 159 221 131 25 26 
Bin 34: 242 47 62 118 102 
Bin 35: 40 2 109 84 240 1 146 
Bin 36: 60 201 144 237 202 138 
Bin 37: 9 234 135 57 212 
Bin 38: 170 10 158 200 17 
