# Objective: 18
# Time: 0.257158
# Feasible: 1
# Solution:
Bin 0: 95 96 22 112 108 30 82 63 
Bin 1: 71 15 91 115 105 87 
Bin 2: 8 93 106 26 102 56 28 18 
Bin 3: 9 119 97 12 35 19 
Bin 4: 0 110 13 10 37 113 92 
Bin 5: 53 43 5 20 48 101 54 
Bin 6: 45 86 66 7 76 27 85 
Bin 7: 21 74 116 24 42 11 
Bin 8: 14 49 109 100 94 2 
Bin 9: 1 79 70 60 36 6 
Bin 10: 23 90 41 55 88 107 78 47 117 
Bin 11: 64 77 52 61 83 103 65 58 32 80 
Bin 12: 29 39 114 4 75 69 
Bin 13: 59 84 73 34 72 68 
Bin 14: 111 98 50 99 89 62 44 
Bin 15: 38 31 46 118 3 104 57 
Bin 16: 16 25 51 17 
Bin 17: 33 67 40 81 
