# Objective: 75
# Time: 17.7412
# Feasible: 1
# Solution:
Bin 0: 79 76 11 456 326 
Bin 1: 279 24 391 28 322 
Bin 2: 49 106 338 397 305 495 492 
Bin 3: 159 452 349 424 311 97 
Bin 4: 259 173 361 26 380 376 116 306 
Bin 5: 87 29 359 5 140 406 183 
Bin 6: 216 119 4 447 446 198 153 108 
Bin 7: 192 293 477 254 51 264 490 
Bin 8: 155 366 441 320 117 297 362 
Bin 9: 130 300 493 135 308 444 166 
Bin 10: 410 379 257 175 196 439 318 238 
Bin 11: 489 291 145 227 164 451 
Bin 12: 70 418 240 118 83 482 419 
Bin 13: 197 453 442 494 434 92 188 
Bin 14: 478 86 358 25 229 426 
Bin 15: 36 31 449 357 417 251 278 321 
Bin 16: 292 363 185 105 454 438 46 
Bin 17: 144 309 404 13 471 368 371 
Bin 18: 124 89 235 294 226 455 
Bin 19: 396 102 461 165 369 255 288 
Bin 20: 401 388 262 127 463 48 85 
Bin 21: 57 172 112 327 91 98 120 
Bin 22: 69 190 399 244 402 217 137 
Bin 23: 273 16 411 225 385 66 
Bin 24: 43 186 339 115 187 400 65 412 
Bin 25: 462 289 161 258 350 221 
Bin 26: 88 200 415 68 274 204 132 
Bin 27: 405 231 0 84 157 224 
Bin 28: 383 72 42 464 334 296 
Bin 29: 121 472 95 182 139 
Bin 30: 40 109 152 56 213 2 282 
Bin 31: 313 331 269 394 138 467 246 437 6 
Bin 32: 111 170 312 387 75 481 
Bin 33: 228 351 436 263 458 55 
Bin 34: 77 248 58 59 34 123 
Bin 35: 372 131 71 375 193 100 
Bin 36: 82 352 37 381 491 151 
Bin 37: 64 38 468 486 390 377 
Bin 38: 427 219 266 370 3 47 93 
Bin 39: 223 272 148 256 445 324 
Bin 40: 440 469 180 150 429 202 
Bin 41: 344 126 395 177 466 181 21 90 261 
Bin 42: 268 212 10 128 337 146 39 158 407 
Bin 43: 295 281 303 398 103 474 163 
Bin 44: 315 178 208 290 253 113 
Bin 45: 236 484 457 323 133 364 432 
Bin 46: 149 15 45 413 94 476 332 
Bin 47: 241 156 283 299 160 416 14 307 
Bin 48: 81 142 319 12 277 435 191 392 
Bin 49: 96 162 9 195 22 498 80 485 
Bin 50: 53 129 304 348 336 62 
Bin 51: 285 206 341 18 99 168 317 
Bin 52: 333 302 63 347 276 222 
Bin 53: 171 104 265 247 78 203 
Bin 54: 184 373 201 287 61 73 154 
Bin 55: 267 41 7 230 480 136 215 433 
Bin 56: 114 44 260 233 356 35 74 
Bin 57: 174 237 189 393 243 8 316 
Bin 58: 443 475 194 239 280 386 353 
Bin 59: 234 384 20 245 382 286 
Bin 60: 423 497 414 487 408 
Bin 61: 470 143 409 310 314 199 298 
Bin 62: 428 167 33 23 19 421 
Bin 63: 367 459 32 207 275 147 250 
Bin 64: 483 17 141 499 54 101 389 
Bin 65: 343 420 425 430 252 107 
Bin 66: 205 473 335 271 220 
Bin 67: 176 465 301 232 330 460 
Bin 68: 125 403 110 422 496 211 479 218 
Bin 69: 329 60 67 355 284 
Bin 70: 27 340 325 354 365 242 
Bin 71: 210 360 30 1 431 50 
Bin 72: 448 378 346 488 209 374 
Bin 73: 342 134 214 270 52 450 169 
Bin 74: 122 345 249 179 328 
