# Objective: 18
# Time: 0.270422
# Feasible: 1
# Solution:
Bin 0: 26 9 68 86 18 104 118 
Bin 1: 37 117 87 92 79 
Bin 2: 50 90 113 19 89 7 60 77 
Bin 3: 51 100 83 116 15 55 44 47 
Bin 4: 75 31 25 24 78 76 
Bin 5: 98 61 17 22 45 72 39 
Bin 6: 33 71 4 70 99 10 
Bin 7: 6 107 96 82 65 84 95 94 
Bin 8: 109 46 85 112 42 3 36 
Bin 9: 16 48 102 110 97 80 66 106 
Bin 10: 38 21 5 12 91 114 
Bin 11: 53 23 2 115 62 13 52 
Bin 12: 59 11 40 67 57 108 
Bin 13: 29 73 20 28 74 27 
Bin 14: 63 41 30 54 81 32 105 
Bin 15: 8 101 49 93 69 43 
Bin 16: 111 88 119 103 1 35 58 
Bin 17: 34 0 14 64 56 
