# Objective: 18
# Time: 0.280322
# Feasible: 1
# Solution:
Bin 0: 104 34 79 101 71 11 64 50 
Bin 1: 89 59 16 100 47 114 107 
Bin 2: 12 25 65 54 66 31 15 
Bin 3: 72 8 45 18 86 
Bin 4: 24 98 21 67 48 61 4 37 
Bin 5: 111 46 70 83 80 23 97 
Bin 6: 62 105 55 77 60 19 
Bin 7: 42 7 41 118 33 43 
Bin 8: 106 88 5 90 110 14 
Bin 9: 20 91 22 87 2 13 
Bin 10: 26 3 44 51 117 76 52 75 9 84 
Bin 11: 39 81 38 1 113 17 
Bin 12: 58 27 94 99 116 
Bin 13: 95 109 92 108 56 10 
Bin 14: 29 40 28 112 53 
Bin 15: 30 74 93 96 49 119 36 
Bin 16: 73 35 85 32 102 57 0 115 69 
Bin 17: 78 6 68 103 63 82 
