# Objective: 149
# Time: 116.194
# Feasible: 1
# Solution:
Bin 0: 824 334 106 509 954 910 479 
Bin 1: 421 146 281 886 546 746 857 
Bin 2: 870 22 852 385 936 
Bin 3: 650 241 300 117 999 781 
Bin 4: 435 464 80 690 279 308 269 
Bin 5: 903 92 87 684 577 750 
Bin 6: 992 893 174 585 457 667 544 
Bin 7: 118 372 46 673 245 47 983 349 
Bin 8: 710 227 79 854 987 490 
Bin 9: 589 813 584 800 973 568 
Bin 10: 532 11 169 649 643 634 390 876 
Bin 11: 304 462 115 467 420 123 324 761 989 678 
Bin 12: 801 941 687 511 305 747 
Bin 13: 595 834 121 214 581 926 
Bin 14: 477 451 168 441 883 564 675 
Bin 15: 950 744 831 480 448 430 
Bin 16: 209 393 888 740 128 158 378 
Bin 17: 869 139 640 204 3 
Bin 18: 982 625 105 728 90 705 
Bin 19: 538 501 482 251 151 207 
Bin 20: 307 233 417 470 619 975 
Bin 21: 199 407 25 590 698 550 779 96 
Bin 22: 570 755 946 535 240 500 
Bin 23: 830 536 616 202 341 37 587 
Bin 24: 127 216 860 696 353 234 991 
Bin 25: 412 819 664 899 373 399 
Bin 26: 458 937 275 855 492 849 610 293 221 327 
Bin 27: 16 291 53 239 839 592 
Bin 28: 792 49 61 434 154 344 312 
Bin 29: 968 784 864 711 248 134 277 
Bin 30: 827 85 432 20 603 588 965 681 666 
Bin 31: 895 974 555 730 918 722 
Bin 32: 150 915 745 145 925 468 
Bin 33: 865 58 515 944 873 
Bin 34: 670 101 672 460 498 520 132 295 
Bin 35: 512 591 770 725 382 142 
Bin 36: 45 261 853 99 419 50 
Bin 37: 15 398 474 13 83 541 282 
Bin 38: 510 114 790 104 842 652 727 
Bin 39: 112 223 655 805 525 900 4 133 283 
Bin 40: 686 524 405 222 513 401 408 
Bin 41: 320 714 395 276 192 
Bin 42: 442 742 874 453 914 110 756 
Bin 43: 521 205 597 951 450 17 198 
Bin 44: 717 487 837 798 252 540 374 
Bin 45: 59 362 454 166 896 624 108 360 
Bin 46: 712 518 604 211 979 938 
Bin 47: 605 19 820 764 534 704 36 
Bin 48: 337 259 907 942 506 665 554 
Bin 49: 763 994 23 685 355 863 
Bin 50: 978 797 354 350 609 593 318 
Bin 51: 195 381 292 917 280 162 985 
Bin 52: 959 76 578 583 220 656 
Bin 53: 97 182 322 56 379 313 
Bin 54: 731 328 679 206 175 400 629 91 
Bin 55: 620 266 906 891 693 321 706 771 972 
Bin 56: 181 232 208 167 409 88 845 
Bin 57: 486 170 429 862 124 437 923 316 
Bin 58: 366 627 916 626 586 835 
Bin 59: 694 319 163 829 478 887 268 791 314 
Bin 60: 26 683 213 777 709 814 904 503 
Bin 61: 57 680 184 575 836 557 
Bin 62: 516 144 330 737 186 940 242 
Bin 63: 369 397 729 285 165 187 
Bin 64: 271 210 74 695 483 226 765 228 
Bin 65: 81 956 427 299 229 67 416 
Bin 66: 32 598 931 188 249 
Bin 67: 361 336 456 452 438 365 466 201 
Bin 68: 39 647 191 447 270 901 131 927 
Bin 69: 967 107 469 418 65 267 753 43 
Bin 70: 958 84 654 103 309 
Bin 71: 351 130 111 253 455 488 600 388 
Bin 72: 363 126 14 723 721 607 766 691 
Bin 73: 247 809 998 24 646 724 
Bin 74: 732 68 843 970 30 138 485 602 
Bin 75: 718 375 72 449 682 69 828 86 203 
Bin 76: 21 157 368 700 715 136 
Bin 77: 969 651 481 768 879 446 713 
Bin 78: 422 848 301 760 772 
Bin 79: 42 109 526 815 62 356 63 
Bin 80: 572 735 811 358 644 648 89 
Bin 81: 617 612 736 496 759 796 622 
Bin 82: 38 342 751 273 272 948 523 
Bin 83: 562 762 236 881 719 663 
Bin 84: 659 933 531 380 137 143 561 
Bin 85: 782 939 262 230 529 642 338 
Bin 86: 278 426 164 892 816 559 414 102 832 
Bin 87: 9 73 924 748 153 8 173 171 
Bin 88: 473 961 29 716 193 317 548 
Bin 89: 364 217 215 943 810 543 
Bin 90: 542 953 641 257 661 921 403 
Bin 91: 905 476 789 425 702 522 
Bin 92: 606 445 93 147 333 459 141 
Bin 93: 244 148 689 311 77 788 443 
Bin 94: 774 371 348 152 637 
Bin 95: 294 692 614 793 749 406 386 608 
Bin 96: 884 243 533 773 27 274 190 
Bin 97: 676 377 825 258 431 553 996 
Bin 98: 394 287 376 539 389 
Bin 99: 183 928 410 545 35 95 741 
Bin 100: 340 219 859 995 40 325 
Bin 101: 18 976 391 844 33 
Bin 102: 567 493 122 966 528 98 821 
Bin 103: 189 514 489 94 573 519 889 
Bin 104: 34 357 180 579 119 633 
Bin 105: 100 444 669 254 125 78 
Bin 106: 472 179 303 574 878 778 
Bin 107: 491 196 423 571 530 990 960 
Bin 108: 218 315 851 505 116 552 
Bin 109: 383 890 823 129 808 569 947 699 
Bin 110: 850 551 955 339 769 197 343 
Bin 111: 922 639 286 601 517 920 964 
Bin 112: 758 775 635 290 185 263 631 
Bin 113: 867 329 613 256 370 734 913 
Bin 114: 302 596 231 880 200 636 733 237 
Bin 115: 795 225 803 289 60 833 
Bin 116: 866 64 235 140 945 359 
Bin 117: 246 484 560 297 632 155 436 
Bin 118: 424 785 566 726 871 120 
Bin 119: 802 638 984 993 929 
Bin 120: 428 812 594 461 2 660 
Bin 121: 12 846 507 31 404 
Bin 122: 48 674 671 786 556 757 
Bin 123: 952 5 265 563 346 580 
Bin 124: 707 658 794 806 310 70 
Bin 125: 738 911 298 986 135 352 
Bin 126: 52 677 826 861 433 934 909 
Bin 127: 82 898 502 582 149 439 
Bin 128: 499 894 212 963 822 367 335 708 
Bin 129: 783 527 697 657 44 997 28 
Bin 130: 787 630 537 739 877 
Bin 131: 875 413 66 565 662 55 
Bin 132: 621 177 497 306 347 897 623 
Bin 133: 440 807 817 628 932 703 
Bin 134: 494 858 558 396 392 6 
Bin 135: 288 780 980 176 156 847 
Bin 136: 260 653 1 599 841 508 
Bin 137: 411 868 838 224 238 323 402 
Bin 138: 930 988 71 668 194 919 767 471 743 
Bin 139: 0 178 776 7 495 
Bin 140: 818 840 332 971 981 415 465 345 
Bin 141: 172 720 902 804 255 384 
Bin 142: 296 326 949 54 799 
Bin 143: 701 75 387 10 463 284 161 
Bin 144: 331 250 51 547 504 576 752 
Bin 145: 615 688 549 908 962 645 
Bin 146: 160 754 264 618 885 159 856 
Bin 147: 41 113 977 935 882 
Bin 148: 475 912 957 872 611 
