# Objective: 86
# Time: 2.62191
# Feasible: 1
# Solution:
Bin 0: 394 270 251 351 235 460 415 
Bin 1: 38 324 98 298 138 92 104 241 
Bin 2: 215 115 352 29 23 182 268 
Bin 3: 120 103 495 45 122 110 
Bin 4: 414 6 365 43 93 73 483 347 
Bin 5: 416 314 437 59 406 171 175 
Bin 6: 386 462 475 290 30 
Bin 7: 248 70 17 130 370 168 
Bin 8: 149 234 344 395 146 359 456 133 
Bin 9: 473 323 72 162 479 
Bin 10: 207 372 176 183 109 143 11 
Bin 11: 66 218 293 449 385 379 407 262 
Bin 12: 442 292 27 457 354 373 302 291 
Bin 13: 142 113 57 184 380 289 
Bin 14: 25 1 193 172 321 342 378 297 
Bin 15: 438 188 246 112 58 90 211 210 141 
Bin 16: 366 411 39 102 86 157 128 
Bin 17: 196 19 296 180 89 192 220 
Bin 18: 167 3 132 466 358 339 239 
Bin 19: 390 272 164 212 419 444 258 
Bin 20: 320 294 78 376 281 163 
Bin 21: 267 87 12 55 489 
Bin 22: 147 83 228 264 326 447 
Bin 23: 374 306 129 101 242 88 340 
Bin 24: 177 424 81 428 299 493 
Bin 25: 318 418 256 445 144 332 401 
Bin 26: 490 145 404 194 99 408 
Bin 27: 265 499 313 301 50 91 335 
Bin 28: 48 485 111 369 208 295 31 448 
Bin 29: 279 252 464 65 396 174 492 432 221 
Bin 30: 97 346 33 244 15 422 471 
Bin 31: 309 488 60 71 421 250 423 201 
Bin 32: 214 349 337 402 16 82 277 
Bin 33: 303 4 334 357 189 474 
Bin 34: 47 286 161 364 497 5 
Bin 35: 375 278 348 76 467 224 
Bin 36: 158 20 213 310 391 381 
Bin 37: 397 53 463 331 350 169 
Bin 38: 219 61 405 32 44 63 
Bin 39: 382 312 206 461 327 273 420 
Bin 40: 243 127 13 343 197 377 389 
Bin 41: 106 9 371 338 367 117 
Bin 42: 139 440 362 2 46 119 398 
Bin 43: 36 198 170 10 24 325 
Bin 44: 288 232 322 94 282 154 52 68 
Bin 45: 393 446 35 74 131 
Bin 46: 209 96 191 363 118 255 
Bin 47: 156 240 311 137 477 41 400 222 
Bin 48: 435 328 269 126 429 100 392 
Bin 49: 14 230 107 283 308 
Bin 50: 458 195 417 486 178 280 187 
Bin 51: 426 317 472 361 84 
Bin 52: 304 431 266 203 451 238 
Bin 53: 443 254 260 62 49 452 305 
Bin 54: 360 85 226 202 190 185 159 
Bin 55: 95 40 436 42 330 
Bin 56: 200 345 135 75 480 
Bin 57: 465 152 236 7 275 491 
Bin 58: 80 356 455 22 333 307 
Bin 59: 274 259 105 150 179 453 329 
Bin 60: 496 204 77 481 341 227 
Bin 61: 284 114 249 253 425 336 
Bin 62: 165 26 261 124 199 
Bin 63: 223 383 434 450 245 37 
Bin 64: 54 
Bin 65: 186 316 469 225 413 216 56 
Bin 66: 482 430 315 69 
Bin 67: 484 28 121 64 
Bin 68: 271 229 231 427 233 498 125 478 
Bin 69: 148 285 384 173 388 
Bin 70: 470 368 
Bin 71: 439 287 247 487 468 494 
Bin 72: 410 153 276 108 454 
Bin 73: 79 18 433 21 123 
Bin 74: 387 257 319 160 
Bin 75: 399 155 412 
Bin 76: 263 409 116 355 
Bin 77: 459 140 217 151 8 
Bin 78: 476 
Bin 79: 134 67 205 136 
Bin 80: 353 300 34 
Bin 81: 237 
Bin 82: 181 
Bin 83: 0 441 51 
Bin 84: 166 
Bin 85: 403 
