# Objective: 17
# Time: 0.417007
# Feasible: 1
# Solution:
Bin 0: 79 97 32 43 88 7 29 10 11 
Bin 1: 25 31 4 112 17 100 30 
Bin 2: 69 108 13 114 35 89 96 51 105 
Bin 3: 49 53 45 26 111 9 85 
Bin 4: 5 28 2 93 104 20 115 76 101 74 
Bin 5: 57 91 109 8 58 77 87 
Bin 6: 106 56 99 39 33 1 
Bin 7: 119 68 75 66 47 
Bin 8: 0 64 65 14 42 21 
Bin 9: 116 80 15 107 94 24 41 16 
Bin 10: 27 81 63 18 12 46 82 83 44 
Bin 11: 19 95 71 84 61 86 117 
Bin 12: 72 59 118 38 67 
Bin 13: 48 23 34 3 113 36 22 70 
Bin 14: 103 92 55 50 40 6 
Bin 15: 60 78 102 90 110 
Bin 16: 54 37 98 52 62 73 
