# Objective: 203
# Time: 16.1057
# Feasible: 1
# Solution:
Bin 0: 8 976 658 225 522 75 643 542 
Bin 1: 434 561 661 809 369 800 418 
Bin 2: 145 322 663 248 389 
Bin 3: 859 116 708 968 46 140 
Bin 4: 65 971 793 118 792 992 
Bin 5: 675 929 186 997 525 596 2 
Bin 6: 4 334 88 519 383 273 
Bin 7: 548 568 897 216 509 639 
Bin 8: 549 943 32 921 124 261 891 242 
Bin 9: 286 719 632 384 850 367 181 
Bin 10: 965 489 940 504 526 608 571 
Bin 11: 103 995 247 674 398 650 203 448 
Bin 12: 252 205 722 739 707 984 745 
Bin 13: 400 819 759 33 326 174 335 
Bin 14: 128 420 482 257 541 100 251 
Bin 15: 662 778 481 540 567 207 821 
Bin 16: 37 605 476 655 590 631 259 884 
Bin 17: 747 114 458 410 918 361 692 824 
Bin 18: 757 26 91 164 133 876 285 351 
Bin 19: 387 736 44 182 811 473 365 816 
Bin 20: 550 238 62 23 397 426 439 849 
Bin 21: 170 419 85 303 856 408 223 
Bin 22: 15 982 45 573 799 379 
Bin 23: 388 916 681 484 306 822 11 345 237 
Bin 24: 755 198 531 653 61 
Bin 25: 137 86 594 529 457 158 
Bin 26: 932 671 146 327 74 
Bin 27: 562 433 64 501 19 197 486 
Bin 28: 81 724 40 76 302 841 370 
Bin 29: 294 325 910 36 382 391 908 
Bin 30: 788 975 115 210 853 973 
Bin 31: 80 490 682 766 617 98 574 
Bin 32: 416 20 592 705 967 915 
Bin 33: 507 928 930 551 59 566 735 
Bin 34: 672 135 780 893 869 105 
Bin 35: 378 886 222 644 875 593 
Bin 36: 488 834 810 907 524 461 
Bin 37: 581 951 878 180 602 667 518 779 
Bin 38: 977 611 431 829 31 
Bin 39: 990 221 651 202 618 860 
Bin 40: 84 673 621 709 798 660 787 937 
Bin 41: 500 68 7 447 453 276 
Bin 42: 51 584 760 678 22 228 877 
Bin 43: 703 579 428 160 833 728 899 
Bin 44: 284 331 665 60 748 149 176 
Bin 45: 96 999 716 119 864 789 390 
Bin 46: 185 698 230 820 127 
Bin 47: 200 534 881 496 148 406 
Bin 48: 888 161 298 324 323 668 167 
Bin 49: 873 339 919 460 159 741 123 
Bin 50: 111 436 616 455 402 775 
Bin 51: 193 993 279 234 588 
Bin 52: 29 797 430 986 795 
Bin 53: 356 0 10 649 953 647 
Bin 54: 768 630 313 903 344 515 935 
Bin 55: 569 832 296 794 288 587 270 
Bin 56: 171 914 363 601 466 710 
Bin 57: 882 627 405 791 95 307 
Bin 58: 470 715 9 283 392 483 640 
Bin 59: 366 290 952 599 280 883 
Bin 60: 970 153 268 738 330 
Bin 61: 817 670 487 357 340 24 941 
Bin 62: 839 117 734 278 974 131 753 
Bin 63: 506 720 505 417 380 582 557 
Bin 64: 478 565 902 55 401 887 190 
Bin 65: 177 395 546 269 87 923 172 
Bin 66: 537 677 168 412 333 870 144 
Bin 67: 57 751 138 47 471 767 774 690 502 
Bin 68: 786 556 122 272 328 635 615 
Bin 69: 292 844 613 256 578 895 552 
Bin 70: 112 783 823 960 994 
Bin 71: 944 922 274 771 89 868 212 360 
Bin 72: 308 688 807 266 656 21 250 
Bin 73: 939 126 871 67 597 744 218 
Bin 74: 226 679 749 491 836 
Bin 75: 414 528 904 563 687 
Bin 76: 104 110 3 413 521 
Bin 77: 204 94 435 577 814 
Bin 78: 659 69 863 714 840 28 
Bin 79: 347 34 641 342 441 
Bin 80: 726 730 851 610 572 
Bin 81: 463 201 654 38 240 194 959 
Bin 82: 846 183 889 510 175 912 
Bin 83: 179 219 978 872 231 309 
Bin 84: 475 362 737 717 901 50 769 
Bin 85: 264 156 862 988 880 
Bin 86: 93 913 718 211 
Bin 87: 950 752 532 598 520 
Bin 88: 255 830 239 30 12 
Bin 89: 287 189 815 498 987 764 
Bin 90: 740 697 229 52 6 831 
Bin 91: 411 527 761 743 539 54 
Bin 92: 818 733 927 13 934 
Bin 93: 607 474 625 981 332 
Bin 94: 468 629 559 63 894 
Bin 95: 589 479 421 394 812 445 139 243 
Bin 96: 772 553 329 35 729 
Bin 97: 512 802 132 155 806 429 
Bin 98: 664 213 645 437 
Bin 99: 696 70 575 227 232 295 835 120 
Bin 100: 92 99 106 503 
Bin 101: 258 454 614 314 253 113 979 
Bin 102: 375 803 758 580 843 508 
Bin 103: 350 555 399 725 691 646 
Bin 104: 459 980 801 130 244 
Bin 105: 560 898 633 694 147 493 
Bin 106: 169 638 262 536 784 
Bin 107: 750 154 497 684 415 321 554 
Bin 108: 254 173 192 777 
Bin 109: 637 701 134 338 403 619 
Bin 110: 936 826 14 304 689 
Bin 111: 267 465 
Bin 112: 440 828 101 71 25 349 315 
Bin 113: 591 517 152 796 848 
Bin 114: 358 121 477 188 143 
Bin 115: 319 727 442 305 17 166 
Bin 116: 446 151 277 511 920 359 
Bin 117: 842 955 354 97 657 732 
Bin 118: 311 141 
Bin 119: 861 206 368 917 781 
Bin 120: 337 299 874 348 355 
Bin 121: 209 39 837 
Bin 122: 945 962 263 991 963 300 
Bin 123: 773 136 
Bin 124: 157 341 
Bin 125: 66 374 
Bin 126: 699 385 215 317 310 
Bin 127: 954 451 600 985 523 27 
Bin 128: 297 443 90 776 623 150 
Bin 129: 544 933 909 220 956 885 
Bin 130: 648 949 353 547 43 
Bin 131: 558 53 352 704 
Bin 132: 386 422 494 83 931 377 
Bin 133: 407 102 
Bin 134: 706 603 595 926 
Bin 135: 376 462 246 905 
Bin 136: 693 676 214 265 782 184 472 
Bin 137: 612 857 854 983 142 
Bin 138: 890 742 924 78 245 
Bin 139: 72 469 586 763 79 
Bin 140: 195 480 969 235 
Bin 141: 187 545 495 444 711 
Bin 142: 583 191 754 855 
Bin 143: 178 948 683 712 666 409 585 
Bin 144: 293 108 989 485 
Bin 145: 320 622 972 680 
Bin 146: 109 77 609 
Bin 147: 998 364 499 217 
Bin 148: 18 41 543 404 
Bin 149: 312 847 606 702 
Bin 150: 964 852 700 423 316 
Bin 151: 162 624 5 42 282 
Bin 152: 336 721 82 
Bin 153: 636 845 762 16 
Bin 154: 427 318 
Bin 155: 652 
Bin 156: 271 538 
Bin 157: 770 514 452 813 
Bin 158: 685 746 
Bin 159: 865 
Bin 160: 233 723 
Bin 161: 275 73 516 372 
Bin 162: 756 241 373 938 
Bin 163: 858 291 
Bin 164: 208 
Bin 165: 1 125 804 
Bin 166: 966 
Bin 167: 371 530 
Bin 168: 620 838 343 224 604 424 396 
Bin 169: 289 866 381 
Bin 170: 58 165 
Bin 171: 450 996 785 
Bin 172: 626 957 432 
Bin 173: 713 576 535 
Bin 174: 464 236 
Bin 175: 879 892 
Bin 176: 456 
Bin 177: 533 634 
Bin 178: 281 
Bin 179: 900 
Bin 180: 946 163 570 
Bin 181: 808 199 669 
Bin 182: 56 
Bin 183: 467 492 
Bin 184: 249 958 731 790 
Bin 185: 695 
Bin 186: 642 196 
Bin 187: 449 301 765 
Bin 188: 961 129 
Bin 189: 513 
Bin 190: 827 925 
Bin 191: 686 
Bin 192: 628 867 947 
Bin 193: 49 
Bin 194: 564 942 825 
Bin 195: 438 
Bin 196: 393 805 
Bin 197: 906 911 
Bin 198: 107 425 
Bin 199: 346 
Bin 200: 260 
Bin 201: 48 
Bin 202: 896 
