# Objective: 152
# Time: 189.516
# Feasible: 1
# Solution:
Bin 0: 181 312 532 71 329 205 
Bin 1: 629 196 199 169 681 412 245 135 
Bin 2: 648 926 301 421 319 75 690 
Bin 3: 137 229 715 274 712 519 
Bin 4: 63 824 895 343 268 875 111 
Bin 5: 53 10 385 949 204 974 5 207 935 
Bin 6: 415 278 465 783 211 710 77 615 
Bin 7: 775 801 578 945 430 561 963 
Bin 8: 132 741 153 447 393 
Bin 9: 797 862 897 567 723 235 
Bin 10: 975 446 833 483 147 395 950 
Bin 11: 269 189 697 444 254 381 
Bin 12: 258 99 727 48 408 351 424 
Bin 13: 241 840 212 52 777 944 405 126 
Bin 14: 582 353 194 526 986 409 87 
Bin 15: 740 438 590 642 494 766 966 248 
Bin 16: 664 755 506 541 461 728 
Bin 17: 350 340 933 402 374 482 246 661 
Bin 18: 588 463 843 601 549 565 
Bin 19: 811 84 497 592 92 195 220 
Bin 20: 339 846 358 637 369 828 
Bin 21: 531 663 638 420 778 774 556 772 
Bin 22: 468 391 477 826 56 
Bin 23: 789 970 24 243 969 529 
Bin 24: 792 760 419 845 873 
Bin 25: 313 139 3 414 624 240 562 941 
Bin 26: 487 434 956 645 17 752 759 442 
Bin 27: 832 7 86 748 500 744 389 
Bin 28: 50 815 658 396 392 416 
Bin 29: 722 606 964 202 768 251 411 
Bin 30: 749 167 708 831 671 859 
Bin 31: 599 551 501 985 788 894 
Bin 32: 345 528 900 954 472 
Bin 33: 265 593 210 23 923 200 
Bin 34: 480 234 263 410 758 
Bin 35: 428 366 640 952 982 122 827 
Bin 36: 113 43 173 572 613 804 423 725 
Bin 37: 699 580 70 854 219 150 684 730 
Bin 38: 698 317 161 819 842 95 753 
Bin 39: 581 222 618 540 716 724 151 
Bin 40: 598 750 675 154 546 272 479 
Bin 41: 354 8 190 942 585 176 217 316 
Bin 42: 426 91 232 673 877 564 342 876 297 
Bin 43: 66 334 337 117 632 478 569 
Bin 44: 270 559 973 332 837 362 
Bin 45: 349 452 848 796 742 614 25 
Bin 46: 905 474 72 808 793 865 553 938 368 576 
Bin 47: 597 631 39 12 307 917 
Bin 48: 898 879 252 844 304 83 144 
Bin 49: 616 943 517 998 197 860 398 
Bin 50: 407 596 90 643 131 550 121 
Bin 51: 406 691 825 579 734 866 
Bin 52: 459 230 451 185 253 491 156 
Bin 53: 702 736 495 511 496 847 
Bin 54: 250 255 639 138 216 346 901 
Bin 55: 120 820 295 983 30 223 
Bin 56: 816 711 378 290 344 492 
Bin 57: 706 267 361 902 521 373 45 800 
Bin 58: 123 36 718 542 76 388 112 
Bin 59: 852 534 999 807 927 305 467 
Bin 60: 192 333 662 795 881 260 630 
Bin 61: 280 560 543 771 743 118 453 224 
Bin 62: 293 359 936 166 668 481 
Bin 63: 61 514 186 242 989 641 310 94 
Bin 64: 93 159 980 271 513 889 
Bin 65: 802 925 809 279 183 883 
Bin 66: 504 929 365 42 880 79 214 733 
Bin 67: 812 249 294 134 704 874 619 
Bin 68: 839 693 292 781 538 386 
Bin 69: 162 962 558 756 257 608 
Bin 70: 136 535 841 931 548 853 
Bin 71: 951 158 721 324 934 498 379 
Bin 72: 209 627 306 284 326 102 871 867 
Bin 73: 780 885 431 476 636 96 
Bin 74: 509 64 607 4 485 738 107 
Bin 75: 822 537 959 628 128 604 
Bin 76: 18 418 799 0 110 976 32 
Bin 77: 308 129 98 85 133 947 
Bin 78: 654 100 330 19 667 327 
Bin 79: 776 610 341 851 978 51 225 960 587 
Bin 80: 206 78 557 635 400 221 
Bin 81: 328 101 198 266 488 988 
Bin 82: 904 322 103 709 939 605 
Bin 83: 747 394 899 435 40 116 13 835 
Bin 84: 264 915 868 909 106 940 
Bin 85: 275 805 302 31 849 
Bin 86: 287 231 180 872 856 522 
Bin 87: 695 375 33 256 458 175 
Bin 88: 586 910 908 676 315 516 
Bin 89: 457 149 489 399 617 59 
Bin 90: 34 570 2 754 201 739 
Bin 91: 621 456 554 674 821 
Bin 92: 282 891 818 347 763 
Bin 93: 625 338 603 82 660 829 
Bin 94: 790 179 920 659 89 
Bin 95: 325 35 437 932 67 
Bin 96: 335 380 203 55 787 384 277 
Bin 97: 49 644 155 160 686 
Bin 98: 996 367 124 650 694 
Bin 99: 688 439 125 679 299 814 746 
Bin 100: 81 130 170 288 104 1 
Bin 101: 992 436 913 965 666 
Bin 102: 700 140 785 930 568 143 784 
Bin 103: 855 376 997 184 462 352 813 
Bin 104: 390 505 157 20 584 961 
Bin 105: 27 987 69 503 888 484 427 261 
Bin 106: 838 239 817 922 15 545 689 
Bin 107: 298 696 571 544 21 218 573 
Bin 108: 28 518 425 692 187 887 
Bin 109: 60 300 244 215 226 823 653 
Bin 110: 47 236 471 493 906 109 168 
Bin 111: 46 649 146 527 413 26 705 
Bin 112: 678 626 953 803 105 566 
Bin 113: 713 779 29 348 773 449 276 589 
Bin 114: 165 508 977 968 701 893 
Bin 115: 281 238 972 37 994 
Bin 116: 336 761 193 364 38 382 
Bin 117: 882 916 869 609 119 383 
Bin 118: 914 764 371 991 320 682 62 547 665 
Bin 119: 732 703 510 858 404 786 
Bin 120: 422 512 502 233 670 357 575 
Bin 121: 57 14 612 971 142 429 11 
Bin 122: 377 464 574 164 525 680 
Bin 123: 469 990 370 878 283 152 
Bin 124: 291 44 73 539 946 563 440 591 
Bin 125: 172 262 523 321 958 911 433 
Bin 126: 372 259 448 957 9 767 520 331 
Bin 127: 163 735 924 460 620 227 387 
Bin 128: 861 918 285 669 432 751 685 
Bin 129: 530 41 58 208 655 
Bin 130: 765 188 782 97 417 88 
Bin 131: 403 857 870 191 499 486 401 850 
Bin 132: 309 836 490 633 441 213 314 
Bin 133: 810 762 289 651 178 656 
Bin 134: 114 507 928 912 967 68 
Bin 135: 726 182 731 672 729 886 611 907 
Bin 136: 647 443 533 273 177 536 993 
Bin 137: 524 600 595 323 757 652 
Bin 138: 979 356 981 623 16 
Bin 139: 896 737 583 141 237 74 
Bin 140: 919 80 454 892 769 646 622 
Bin 141: 687 360 397 834 830 
Bin 142: 552 717 884 745 127 303 864 
Bin 143: 296 937 794 108 890 
Bin 144: 714 719 770 6 594 145 
Bin 145: 466 677 791 903 54 948 
Bin 146: 247 515 683 450 798 475 
Bin 147: 174 311 806 634 720 
Bin 148: 228 984 473 577 455 
Bin 149: 318 286 955 22 602 863 363 921 
Bin 150: 555 657 355 171 115 65 
Bin 151: 470 148 445 995 707 
