# Objective: 99
# Time: 2.45809
# Feasible: 1
# Solution:
Bin 0: 201 366 230 496 10 417 19 
Bin 1: 254 293 123 13 356 229 401 
Bin 2: 239 439 273 221 344 397 266 108 276 
Bin 3: 268 162 283 34 60 212 379 89 403 53 
Bin 4: 387 28 236 269 287 245 
Bin 5: 140 61 420 25 210 302 
Bin 6: 24 390 425 275 304 203 
Bin 7: 361 428 44 181 328 115 144 117 
Bin 8: 98 453 209 40 152 
Bin 9: 158 153 386 452 364 405 422 363 
Bin 10: 479 440 381 188 274 238 
Bin 11: 419 262 197 17 11 448 
Bin 12: 94 208 472 56 458 156 323 
Bin 13: 329 343 409 342 456 
Bin 14: 39 285 69 119 37 205 
Bin 15: 415 416 272 47 289 114 429 487 
Bin 16: 457 398 32 228 315 62 127 
Bin 17: 77 58 459 485 271 
Bin 18: 383 33 486 247 231 
Bin 19: 29 324 490 346 154 331 
Bin 20: 122 499 306 187 270 87 
Bin 21: 45 258 298 327 434 234 48 
Bin 22: 249 177 2 71 465 
Bin 23: 18 224 375 301 106 
Bin 24: 322 443 256 157 6 1 
Bin 25: 370 447 165 480 338 137 435 421 
Bin 26: 67 46 73 300 253 427 167 
Bin 27: 290 318 360 380 112 194 313 
Bin 28: 198 193 101 404 382 296 41 
Bin 29: 396 319 471 400 489 
Bin 30: 15 282 149 176 394 308 
Bin 31: 349 26 333 5 446 72 
Bin 32: 166 460 131 183 50 348 441 267 
Bin 33: 7 263 295 168 411 391 225 155 
Bin 34: 141 357 93 261 126 
Bin 35: 299 30 92 70 337 
Bin 36: 351 129 334 242 371 51 461 
Bin 37: 215 43 466 185 248 36 
Bin 38: 243 223 120 492 376 291 
Bin 39: 307 107 498 159 148 395 
Bin 40: 240 226 252 478 170 406 467 312 
Bin 41: 305 279 260 54 151 
Bin 42: 135 83 454 109 16 362 64 
Bin 43: 350 288 497 408 355 184 
Bin 44: 9 75 59 294 244 91 175 
Bin 45: 335 160 31 22 372 336 359 
Bin 46: 103 111 484 469 277 146 
Bin 47: 251 124 473 125 237 
Bin 48: 86 96 233 493 161 470 
Bin 49: 431 418 437 63 345 
Bin 50: 407 402 368 42 66 
Bin 51: 190 220 200 488 259 130 412 
Bin 52: 206 475 423 464 410 
Bin 53: 320 385 326 76 142 374 
Bin 54: 341 468 35 321 264 57 
Bin 55: 214 426 241 311 174 81 
Bin 56: 102 116 494 222 138 132 463 
Bin 57: 97 281 340 257 80 
Bin 58: 196 325 147 413 
Bin 59: 65 134 365 309 358 369 
Bin 60: 4 481 389 173 354 
Bin 61: 462 339 347 0 444 
Bin 62: 213 392 232 
Bin 63: 195 27 265 218 118 450 
Bin 64: 286 393 384 179 110 436 
Bin 65: 100 353 449 227 
Bin 66: 451 377 216 483 
Bin 67: 491 219 250 
Bin 68: 292 12 82 414 136 
Bin 69: 178 139 204 3 
Bin 70: 278 
Bin 71: 163 104 68 74 211 169 430 
Bin 72: 432 88 
Bin 73: 424 164 476 
Bin 74: 191 79 438 235 192 
Bin 75: 121 90 445 207 
Bin 76: 23 55 
Bin 77: 171 95 
Bin 78: 255 99 
Bin 79: 20 38 133 373 303 314 442 
Bin 80: 352 84 
Bin 81: 378 433 
Bin 82: 202 172 8 182 
Bin 83: 477 85 113 317 14 189 
Bin 84: 145 455 
Bin 85: 399 143 199 
Bin 86: 482 246 49 297 217 150 
Bin 87: 332 284 
Bin 88: 367 52 
Bin 89: 186 
Bin 90: 310 21 78 
Bin 91: 474 
Bin 92: 105 128 
Bin 93: 316 
Bin 94: 388 
Bin 95: 495 
Bin 96: 330 
Bin 97: 280 
Bin 98: 180 
