# Objective: 99
# Time: 2.22231
# Feasible: 1
# Solution:
Bin 0: 33 410 35 296 352 
Bin 1: 189 255 13 353 107 135 
Bin 2: 89 373 81 210 429 411 382 261 91 
Bin 3: 477 444 166 90 14 157 
Bin 4: 493 52 38 349 0 
Bin 5: 360 159 246 193 357 198 
Bin 6: 367 2 475 30 19 361 421 
Bin 7: 316 273 277 416 248 225 233 325 
Bin 8: 140 194 476 257 181 267 252 162 401 80 
Bin 9: 45 226 473 223 359 208 266 
Bin 10: 86 53 69 170 386 7 446 488 
Bin 11: 247 219 184 153 111 60 340 372 
Bin 12: 99 55 3 395 
Bin 13: 396 469 62 211 420 436 
Bin 14: 301 482 85 314 391 422 
Bin 15: 276 152 470 227 405 319 328 333 
Bin 16: 50 415 262 283 310 306 
Bin 17: 456 169 51 334 471 68 
Bin 18: 491 442 12 131 224 327 
Bin 19: 98 288 204 232 115 
Bin 20: 4 364 177 298 32 
Bin 21: 317 199 290 126 123 112 
Bin 22: 236 188 235 207 237 
Bin 23: 183 338 173 130 109 272 348 87 
Bin 24: 489 119 412 356 363 466 216 
Bin 25: 178 435 321 449 302 312 
Bin 26: 487 128 287 134 139 358 
Bin 27: 180 311 490 54 464 417 
Bin 28: 103 229 451 397 40 73 63 
Bin 29: 260 217 205 441 39 137 
Bin 30: 335 78 58 465 281 156 
Bin 31: 1 426 203 61 286 
Bin 32: 499 150 17 36 212 351 
Bin 33: 399 253 113 326 110 313 
Bin 34: 324 379 323 265 406 93 431 
Bin 35: 76 413 345 481 294 
Bin 36: 158 84 303 124 164 
Bin 37: 20 454 182 245 238 332 374 
Bin 38: 242 165 498 460 344 34 315 
Bin 39: 24 43 346 463 366 259 75 300 376 
Bin 40: 256 67 26 304 330 
Bin 41: 102 425 269 432 285 
Bin 42: 322 16 96 21 274 114 161 
Bin 43: 206 56 209 485 282 254 
Bin 44: 295 27 289 146 228 71 447 
Bin 45: 428 450 461 70 387 160 
Bin 46: 292 72 389 106 433 492 
Bin 47: 171 468 400 15 497 244 
Bin 48: 370 79 402 239 47 439 467 
Bin 49: 495 437 185 200 187 
Bin 50: 127 120 175 343 201 427 
Bin 51: 44 258 457 59 41 375 
Bin 52: 280 385 37 48 478 
Bin 53: 155 486 329 149 230 192 
Bin 54: 144 418 220 241 118 
Bin 55: 305 339 22 331 291 
Bin 56: 393 151 459 309 336 388 
Bin 57: 167 218 108 390 196 275 279 231 
Bin 58: 122 365 222 6 424 
Bin 59: 347 49 297 369 
Bin 60: 100 132 462 458 
Bin 61: 195 270 250 25 74 
Bin 62: 381 337 320 383 251 
Bin 63: 202 392 371 234 10 221 
Bin 64: 29 66 
Bin 65: 278 380 443 179 31 
Bin 66: 350 148 342 409 
Bin 67: 307 445 101 423 484 
Bin 68: 191 136 82 394 341 
Bin 69: 88 83 483 318 
Bin 70: 147 264 8 448 133 
Bin 71: 163 57 452 430 263 
Bin 72: 213 
Bin 73: 94 168 138 368 377 
Bin 74: 97 
Bin 75: 121 408 404 438 
Bin 76: 190 308 414 64 
Bin 77: 419 
Bin 78: 105 403 92 249 
Bin 79: 378 453 293 
Bin 80: 354 496 398 
Bin 81: 186 104 117 116 
Bin 82: 65 384 95 77 141 
Bin 83: 434 355 172 46 479 11 
Bin 84: 268 154 129 5 440 
Bin 85: 284 
Bin 86: 9 
Bin 87: 214 472 494 125 
Bin 88: 243 143 
Bin 89: 18 142 197 
Bin 90: 145 
Bin 91: 474 362 
Bin 92: 174 299 480 42 
Bin 93: 215 455 
Bin 94: 176 
Bin 95: 28 271 
Bin 96: 23 
Bin 97: 407 
Bin 98: 240 
