# Objective: 19
# Time: 0.238063
# Feasible: 1
# Solution:
Bin 0: 26 78 25 107 70 101 9 
Bin 1: 21 41 110 10 88 96 
Bin 2: 39 34 119 100 12 36 62 79 
Bin 3: 38 14 74 71 5 109 44 
Bin 4: 112 66 113 51 55 115 29 
Bin 5: 3 1 27 73 103 67 
Bin 6: 111 68 28 95 50 63 
Bin 7: 20 47 24 82 17 116 45 
Bin 8: 81 90 87 18 114 93 
Bin 9: 13 75 48 37 99 8 
Bin 10: 42 2 31 32 97 16 
Bin 11: 19 91 46 61 80 59 
Bin 12: 102 33 69 53 106 89 
Bin 13: 72 64 56 98 118 52 15 
Bin 14: 4 84 92 7 58 
Bin 15: 60 108 76 43 94 11 
Bin 16: 86 85 54 22 49 77 6 
Bin 17: 117 23 65 104 83 40 
Bin 18: 105 30 35 57 0 
