# Objective: 18
# Time: 0.350748
# Feasible: 1
# Solution:
Bin 0: 67 34 39 92 56 24 
Bin 1: 23 32 110 51 82 11 71 41 119 
Bin 2: 5 90 101 22 99 29 
Bin 3: 87 38 25 9 50 81 17 
Bin 4: 97 65 100 107 40 93 
Bin 5: 86 26 83 58 118 61 47 20 
Bin 6: 88 95 115 4 28 73 21 55 
Bin 7: 66 89 31 111 114 13 43 52 
Bin 8: 98 33 6 54 15 104 
Bin 9: 57 0 80 116 75 42 49 
Bin 10: 35 84 74 59 12 19 
Bin 11: 48 106 1 45 46 36 
Bin 12: 14 77 72 2 109 10 44 
Bin 13: 76 62 112 78 79 69 7 
Bin 14: 85 68 102 103 3 64 
Bin 15: 113 94 27 30 70 18 
Bin 16: 91 96 63 8 60 108 
Bin 17: 105 37 117 53 16 
