# Objective: 84
# Time: 4.02665
# Feasible: 1
# Solution:
Bin 0: 286 29 168 37 149 432 354 
Bin 1: 162 473 405 182 1 52 221 112 235 331 
Bin 2: 21 382 408 427 159 213 203 86 
Bin 3: 229 146 327 68 47 207 78 
Bin 4: 368 429 54 401 311 292 
Bin 5: 105 383 243 353 33 255 
Bin 6: 88 379 18 156 12 430 
Bin 7: 482 350 261 28 440 44 
Bin 8: 99 193 370 218 334 79 
Bin 9: 219 367 49 402 187 469 186 
Bin 10: 264 120 270 150 58 417 463 
Bin 11: 424 380 328 387 477 450 444 
Bin 12: 393 171 60 498 116 475 
Bin 13: 283 366 2 80 298 426 
Bin 14: 358 342 454 275 247 310 
Bin 15: 385 137 62 388 179 25 315 
Bin 16: 323 50 372 139 125 497 
Bin 17: 121 302 154 299 312 360 
Bin 18: 267 204 337 468 152 95 
Bin 19: 340 173 151 369 259 295 
Bin 20: 325 106 322 27 34 338 
Bin 21: 39 76 362 478 413 344 
Bin 22: 285 499 111 188 69 148 
Bin 23: 363 129 250 59 296 123 415 
Bin 24: 257 98 263 456 277 472 
Bin 25: 9 14 31 127 400 13 222 
Bin 26: 489 228 0 403 404 202 
Bin 27: 448 51 10 36 272 254 
Bin 28: 407 153 114 166 190 374 349 
Bin 29: 147 197 345 43 64 67 
Bin 30: 474 100 376 167 81 384 466 
Bin 31: 184 287 5 457 208 17 428 72 
Bin 32: 437 143 462 24 85 65 177 
Bin 33: 56 371 3 280 8 265 6 
Bin 34: 97 333 236 132 343 425 339 
Bin 35: 449 260 210 170 108 470 
Bin 36: 46 412 330 461 297 316 399 336 
Bin 37: 487 239 19 418 414 406 214 
Bin 38: 480 82 91 110 309 102 411 42 
Bin 39: 269 420 460 352 268 133 141 11 176 212 130 
Bin 40: 289 237 20 321 378 262 294 276 
Bin 41: 319 335 421 419 245 227 61 
Bin 42: 365 48 216 242 63 458 209 92 117 483 
Bin 43: 320 16 307 145 107 
Bin 44: 288 244 282 348 192 359 
Bin 45: 356 249 306 164 124 494 155 
Bin 46: 486 128 441 266 160 201 191 
Bin 47: 217 459 126 119 479 
Bin 48: 94 284 113 465 26 313 
Bin 49: 198 314 194 381 279 22 
Bin 50: 434 347 73 223 361 394 
Bin 51: 41 83 55 238 75 452 144 
Bin 52: 32 364 206 467 253 142 
Bin 53: 305 341 157 324 317 89 451 
Bin 54: 485 134 271 136 398 409 453 464 
Bin 55: 234 433 438 303 138 96 
Bin 56: 251 181 308 410 230 
Bin 57: 104 103 196 290 163 172 
Bin 58: 15 77 377 395 318 
Bin 59: 199 240 233 70 165 
Bin 60: 492 93 84 386 281 
Bin 61: 423 495 109 436 158 
Bin 62: 183 140 443 252 161 351 74 
Bin 63: 446 490 397 87 71 
Bin 64: 57 493 496 
Bin 65: 7 224 135 301 246 101 131 
Bin 66: 332 375 178 195 484 
Bin 67: 189 476 220 471 122 
Bin 68: 329 225 205 274 
Bin 69: 53 442 357 431 45 
Bin 70: 300 180 185 291 226 241 373 445 211 355 
Bin 71: 416 90 278 396 422 256 175 389 391 447 
Bin 72: 455 326 248 
Bin 73: 215 488 
Bin 74: 491 231 118 
Bin 75: 40 30 
Bin 76: 273 293 4 38 174 390 435 346 115 
Bin 77: 304 
Bin 78: 200 
Bin 79: 23 232 439 
Bin 80: 392 
Bin 81: 481 35 169 
Bin 82: 66 
Bin 83: 258 
