# Objective: 18
# Time: 0.25719
# Feasible: 1
# Solution:
Bin 0: 18 94 60 28 37 25 
Bin 1: 113 109 112 34 102 
Bin 2: 45 4 66 8 15 33 87 
Bin 3: 103 74 19 23 105 119 9 67 
Bin 4: 73 92 2 114 116 
Bin 5: 88 84 59 78 61 68 104 75 10 
Bin 6: 52 17 30 13 16 40 47 
Bin 7: 83 35 6 54 53 111 
Bin 8: 58 14 85 107 12 79 108 91 
Bin 9: 42 44 0 46 117 36 81 
Bin 10: 95 93 110 101 41 57 
Bin 11: 50 115 98 86 7 76 1 49 
Bin 12: 24 118 90 5 26 3 
Bin 13: 29 64 43 71 97 89 48 
Bin 14: 96 21 32 31 20 106 63 
Bin 15: 72 99 38 69 27 11 
Bin 16: 62 80 22 65 100 51 
Bin 17: 82 56 77 39 70 55 
