# Objective: 74
# Time: 16.7929
# Feasible: 1
# Solution:
Bin 0: 189 192 268 266 427 54 96 397 
Bin 1: 404 327 312 328 406 369 409 
Bin 2: 289 423 87 286 162 283 310 
Bin 3: 196 417 182 470 415 98 42 39 
Bin 4: 300 309 186 66 47 471 67 
Bin 5: 16 166 380 102 137 421 19 
Bin 6: 408 435 8 81 114 275 172 374 227 
Bin 7: 265 107 342 65 155 495 181 
Bin 8: 101 21 156 487 177 425 
Bin 9: 223 17 355 140 363 0 
Bin 10: 478 225 316 210 242 179 93 271 
Bin 11: 367 91 433 385 23 424 191 103 
Bin 12: 158 398 139 3 449 440 
Bin 13: 341 15 353 260 388 84 185 
Bin 14: 294 282 444 354 306 226 231 
Bin 15: 437 64 57 9 453 49 392 
Bin 16: 377 109 199 490 36 143 
Bin 17: 390 445 124 11 350 
Bin 18: 20 333 296 313 69 261 
Bin 19: 485 151 360 127 53 366 
Bin 20: 167 38 235 168 356 63 
Bin 21: 135 208 278 493 173 190 
Bin 22: 169 28 281 244 148 373 446 
Bin 23: 207 43 457 141 318 203 154 176 
Bin 24: 198 71 30 104 108 224 285 332 
Bin 25: 194 99 228 131 90 
Bin 26: 183 14 486 317 82 422 209 
Bin 27: 279 273 448 6 411 343 382 
Bin 28: 274 267 432 241 473 197 439 
Bin 29: 461 331 130 97 246 
Bin 30: 464 381 37 211 245 
Bin 31: 193 251 221 243 152 293 431 164 
Bin 32: 149 232 349 237 383 170 
Bin 33: 329 460 276 88 145 429 165 
Bin 34: 214 389 403 302 70 416 206 
Bin 35: 29 138 122 213 89 230 
Bin 36: 277 340 55 253 254 250 
Bin 37: 335 447 348 481 85 491 111 205 62 
Bin 38: 262 46 202 233 12 463 236 
Bin 39: 450 18 452 441 414 455 
Bin 40: 147 128 132 76 248 56 79 2 
Bin 41: 358 120 238 484 240 347 413 
Bin 42: 110 222 434 325 113 121 239 
Bin 43: 298 142 270 106 4 384 
Bin 44: 284 159 405 163 174 456 247 351 430 
Bin 45: 428 412 334 280 288 161 
Bin 46: 291 321 263 157 92 396 10 73 
Bin 47: 187 234 372 494 178 488 146 
Bin 48: 399 498 466 136 468 364 496 204 
Bin 49: 68 160 50 387 24 258 
Bin 50: 60 394 402 201 344 393 386 
Bin 51: 492 256 419 61 257 438 
Bin 52: 320 322 75 7 126 304 
Bin 53: 133 184 229 352 475 479 249 426 
Bin 54: 482 308 26 115 474 361 5 338 
Bin 55: 368 315 305 195 212 483 472 144 
Bin 56: 219 339 451 292 123 357 
Bin 57: 118 34 459 134 337 
Bin 58: 129 31 51 59 395 311 217 
Bin 59: 480 307 171 33 467 252 
Bin 60: 264 345 378 371 370 469 
Bin 61: 303 410 376 272 150 41 324 330 
Bin 62: 290 326 462 100 401 314 
Bin 63: 13 58 180 477 220 391 476 
Bin 64: 200 365 465 255 94 175 45 
Bin 65: 269 188 379 259 119 
Bin 66: 83 215 375 336 125 346 
Bin 67: 153 86 32 287 323 420 
Bin 68: 301 489 297 454 442 458 216 499 
Bin 69: 1 95 436 77 400 116 407 
Bin 70: 22 359 72 295 319 
Bin 71: 74 44 35 362 418 40 443 80 117 
Bin 72: 497 112 27 299 48 
Bin 73: 52 218 78 25 105 
