# Objective: 89
# Time: 3.57235
# Feasible: 1
# Solution:
Bin 0: 91 206 136 109 188 41 439 280 
Bin 1: 420 383 81 35 73 9 19 406 
Bin 2: 318 449 142 282 11 221 
Bin 3: 30 312 195 4 403 96 
Bin 4: 107 340 429 8 430 155 
Bin 5: 146 54 13 426 227 417 154 164 
Bin 6: 265 376 235 285 22 21 458 324 
Bin 7: 335 306 34 418 162 74 
Bin 8: 386 283 489 331 181 484 274 
Bin 9: 348 263 479 268 40 498 123 365 
Bin 10: 148 284 290 432 347 208 
Bin 11: 125 182 404 314 76 315 14 305 
Bin 12: 336 222 108 466 482 209 413 
Bin 13: 77 490 211 97 143 411 443 296 
Bin 14: 255 407 226 172 438 
Bin 15: 307 229 175 452 440 323 463 
Bin 16: 496 246 167 186 159 
Bin 17: 67 218 408 196 288 494 352 
Bin 18: 488 132 361 289 304 
Bin 19: 389 36 270 237 492 72 
Bin 20: 384 394 39 357 459 62 
Bin 21: 242 130 402 250 451 84 400 
Bin 22: 93 59 478 223 374 29 5 
Bin 23: 254 165 83 135 63 187 137 145 
Bin 24: 388 245 180 436 444 412 
Bin 25: 43 60 253 28 487 56 327 
Bin 26: 278 157 441 194 370 150 
Bin 27: 12 311 475 31 338 118 114 134 
Bin 28: 20 322 364 247 100 259 240 469 
Bin 29: 141 193 431 171 373 470 260 
Bin 30: 69 433 231 103 378 486 50 
Bin 31: 224 372 203 102 366 423 424 
Bin 32: 6 343 52 160 309 156 
Bin 33: 448 200 86 287 111 
Bin 34: 149 354 26 185 316 387 236 330 
Bin 35: 317 212 126 375 473 16 391 
Bin 36: 277 286 71 405 351 258 298 
Bin 37: 491 461 238 437 158 381 152 299 
Bin 38: 140 0 320 24 329 
Bin 39: 177 80 90 170 113 190 225 
Bin 40: 325 300 333 232 495 
Bin 41: 106 147 32 328 367 15 
Bin 42: 477 272 42 457 129 401 
Bin 43: 46 446 499 44 153 101 
Bin 44: 471 293 465 454 434 377 
Bin 45: 124 264 27 395 33 
Bin 46: 243 422 464 344 421 291 66 
Bin 47: 435 241 47 215 64 460 292 
Bin 48: 410 337 252 25 228 
Bin 49: 353 17 261 257 360 442 
Bin 50: 276 319 385 369 198 95 
Bin 51: 217 355 275 455 207 
Bin 52: 197 51 65 87 390 
Bin 53: 310 151 462 396 244 70 
Bin 54: 68 205 483 380 191 98 
Bin 55: 427 467 115 61 453 419 
Bin 56: 266 481 3 117 213 179 
Bin 57: 346 474 397 256 308 
Bin 58: 359 313 37 139 94 281 
Bin 59: 493 75 138 450 88 
Bin 60: 89 189 393 201 78 
Bin 61: 416 85 
Bin 62: 105 279 168 342 262 57 
Bin 63: 92 251 334 301 10 273 
Bin 64: 192 248 121 382 166 
Bin 65: 445 399 356 2 79 
Bin 66: 49 392 326 178 55 210 112 
Bin 67: 249 297 341 345 161 
Bin 68: 398 447 214 294 472 303 332 
Bin 69: 414 485 183 199 
Bin 70: 428 409 99 18 
Bin 71: 184 116 267 
Bin 72: 480 144 48 339 368 371 
Bin 73: 363 497 58 
Bin 74: 204 82 173 
Bin 75: 104 169 379 362 
Bin 76: 128 415 349 1 425 
Bin 77: 476 269 
Bin 78: 456 7 321 468 233 
Bin 79: 131 176 45 119 239 
Bin 80: 174 216 220 295 
Bin 81: 122 
Bin 82: 302 
Bin 83: 38 120 
Bin 84: 219 350 
Bin 85: 133 230 234 53 110 23 
Bin 86: 271 163 358 
Bin 87: 127 
Bin 88: 202 
