# Objective: 203
# Time: 14.6073
# Feasible: 1
# Solution:
Bin 0: 30 488 293 751 539 855 
Bin 1: 570 
Bin 2: 47 984 104 131 717 889 
Bin 3: 518 767 646 483 885 
Bin 4: 762 438 839 987 127 121 309 
Bin 5: 527 713 893 665 791 334 253 352 
Bin 6: 205 982 324 255 114 
Bin 7: 811 909 485 
Bin 8: 433 501 727 513 943 562 391 
Bin 9: 476 454 522 341 55 193 
Bin 10: 675 214 
Bin 11: 224 574 410 422 451 
Bin 12: 957 515 149 863 926 660 
Bin 13: 242 
Bin 14: 297 587 
Bin 15: 613 141 171 479 250 33 917 
Bin 16: 464 949 656 590 
Bin 17: 851 786 409 56 146 647 897 736 
Bin 18: 196 7 338 680 636 798 100 938 
Bin 19: 366 537 331 920 769 883 750 
Bin 20: 835 866 690 710 322 519 983 
Bin 21: 951 504 927 975 894 302 
Bin 22: 941 962 567 98 203 
Bin 23: 654 669 995 357 491 
Bin 24: 321 280 412 402 17 
Bin 25: 525 46 794 935 301 418 
Bin 26: 15 511 310 108 41 249 
Bin 27: 787 421 397 97 746 31 
Bin 28: 617 237 775 
Bin 29: 952 228 705 711 198 544 274 
Bin 30: 891 328 556 424 494 833 
Bin 31: 470 164 616 90 721 315 
Bin 32: 273 187 944 
Bin 33: 61 60 547 662 248 457 
Bin 34: 116 262 588 225 953 
Bin 35: 398 706 37 351 459 580 564 
Bin 36: 276 930 829 980 643 
Bin 37: 994 695 531 367 668 
Bin 38: 484 272 130 4 304 557 36 
Bin 39: 158 300 714 185 
Bin 40: 985 416 393 91 135 
Bin 41: 506 842 611 216 800 499 
Bin 42: 244 862 621 308 296 258 924 
Bin 43: 0 569 922 133 576 
Bin 44: 378 406 565 87 507 19 
Bin 45: 268 906 227 408 523 373 634 
Bin 46: 550 934 612 599 
Bin 47: 192 11 441 990 492 
Bin 48: 666 151 919 85 865 137 180 
Bin 49: 744 772 
Bin 50: 134 221 898 521 24 
Bin 51: 168 584 266 729 622 188 159 
Bin 52: 774 99 
Bin 53: 693 38 59 326 6 211 
Bin 54: 235 724 206 103 888 
Bin 55: 591 369 
Bin 56: 407 918 381 933 834 
Bin 57: 112 929 240 325 217 428 
Bin 58: 659 2 878 526 586 870 681 
Bin 59: 731 80 575 755 912 914 764 
Bin 60: 243 486 370 671 871 376 219 816 
Bin 61: 589 633 178 284 119 
Bin 62: 607 955 
Bin 63: 969 190 688 
Bin 64: 554 413 458 778 154 395 
Bin 65: 236 311 880 793 986 806 39 
Bin 66: 86 449 950 702 288 52 
Bin 67: 830 602 638 
Bin 68: 150 278 439 344 
Bin 69: 123 434 730 
Bin 70: 740 991 999 143 852 
Bin 71: 902 148 
Bin 72: 760 892 956 966 247 635 
Bin 73: 426 661 737 548 583 251 298 482 
Bin 74: 138 563 
Bin 75: 942 807 664 92 
Bin 76: 844 466 663 735 
Bin 77: 179 845 84 63 399 453 404 
Bin 78: 12 21 
Bin 79: 73 286 977 696 
Bin 80: 876 954 709 998 295 670 818 261 
Bin 81: 841 111 349 145 
Bin 82: 144 120 908 45 873 
Bin 83: 303 508 594 625 
Bin 84: 864 113 939 624 
Bin 85: 877 199 967 245 799 432 692 
Bin 86: 752 313 992 605 595 805 477 
Bin 87: 263 627 655 795 446 
Bin 88: 558 318 267 916 327 789 
Bin 89: 152 832 915 347 
Bin 90: 500 106 
Bin 91: 299 677 701 738 155 429 191 
Bin 92: 162 379 184 
Bin 93: 493 848 887 62 972 826 
Bin 94: 467 53 543 209 382 808 
Bin 95: 132 161 128 
Bin 96: 147 58 
Bin 97: 28 
Bin 98: 343 18 756 
Bin 99: 49 700 667 645 785 593 317 890 
Bin 100: 978 473 687 3 
Bin 101: 383 510 691 177 825 
Bin 102: 452 545 601 561 495 
Bin 103: 109 42 350 431 649 175 686 
Bin 104: 606 763 69 
Bin 105: 226 469 89 76 
Bin 106: 140 903 
Bin 107: 974 856 596 181 732 
Bin 108: 534 425 815 279 
Bin 109: 163 101 20 572 571 436 
Bin 110: 770 229 698 70 609 
Bin 111: 524 620 528 858 
Bin 112: 857 195 542 
Bin 113: 139 83 715 639 604 239 
Bin 114: 375 340 
Bin 115: 694 968 867 754 
Bin 116: 423 319 
Bin 117: 167 581 455 77 679 676 417 
Bin 118: 233 697 
Bin 119: 843 35 597 
Bin 120: 804 626 93 64 895 911 
Bin 121: 573 512 405 577 170 74 27 
Bin 122: 463 828 360 514 232 490 50 585 
Bin 123: 330 704 657 230 189 
Bin 124: 819 945 970 838 822 840 
Bin 125: 516 153 
Bin 126: 653 294 475 722 342 
Bin 127: 552 946 854 882 346 712 846 129 
Bin 128: 156 632 761 5 461 71 
Bin 129: 801 997 
Bin 130: 886 442 742 781 530 275 
Bin 131: 993 292 
Bin 132: 348 142 312 783 672 904 703 
Bin 133: 289 384 
Bin 134: 790 220 465 618 66 107 765 
Bin 135: 388 728 182 579 126 771 
Bin 136: 1 29 560 259 283 748 117 
Bin 137: 505 907 
Bin 138: 264 900 371 
Bin 139: 996 401 689 614 910 630 940 861 
Bin 140: 437 32 673 450 277 96 
Bin 141: 403 803 307 270 899 872 
Bin 142: 937 
Bin 143: 859 720 122 658 
Bin 144: 306 644 
Bin 145: 355 22 
Bin 146: 497 440 
Bin 147: 884 212 368 79 874 105 
Bin 148: 853 779 817 183 
Bin 149: 115 824 136 
Bin 150: 716 546 202 414 68 
Bin 151: 648 430 186 364 699 
Bin 152: 780 820 329 333 533 814 67 468 936 
Bin 153: 390 420 725 821 741 
Bin 154: 124 377 860 354 456 44 
Bin 155: 869 305 979 166 
Bin 156: 684 615 
Bin 157: 82 849 685 208 913 947 792 
Bin 158: 766 726 923 776 
Bin 159: 921 758 797 443 478 118 165 
Bin 160: 271 361 529 207 400 836 868 
Bin 161: 427 374 
Bin 162: 320 981 637 538 629 10 
Bin 163: 471 682 745 88 345 
Bin 164: 314 65 650 238 896 290 
Bin 165: 34 415 448 928 568 837 948 
Bin 166: 213 551 43 435 389 723 125 
Bin 167: 553 901 372 256 541 176 
Bin 168: 707 365 197 
Bin 169: 231 498 813 608 78 
Bin 170: 847 782 
Bin 171: 462 385 252 881 201 362 
Bin 172: 223 965 831 194 
Bin 173: 54 444 16 14 363 
Bin 174: 487 287 8 172 94 592 718 
Bin 175: 337 160 75 51 768 481 719 
Bin 176: 743 460 336 619 651 788 598 
Bin 177: 445 13 
Bin 178: 532 734 
Bin 179: 610 173 963 396 549 
Bin 180: 358 157 356 
Bin 181: 218 976 
Bin 182: 875 827 905 246 
Bin 183: 823 973 40 48 
Bin 184: 210 559 810 802 535 291 
Bin 185: 316 739 931 628 394 
Bin 186: 757 961 879 480 773 
Bin 187: 759 971 419 582 753 674 623 
Bin 188: 959 503 784 
Bin 189: 603 387 110 380 
Bin 190: 555 678 411 169 932 809 964 335 215 
Bin 191: 260 81 708 812 9 509 282 
Bin 192: 25 26 989 517 
Bin 193: 57 683 958 339 925 200 733 
Bin 194: 102 960 642 323 
Bin 195: 353 536 234 254 578 222 540 520 
Bin 196: 72 850 566 281 
Bin 197: 285 641 640 747 392 265 
Bin 198: 269 489 496 23 502 
Bin 199: 749 472 
Bin 200: 95 174 386 777 988 652 
Bin 201: 241 332 447 474 796 631 257 359 
Bin 202: 204 600 
