# Objective: 180
# Time: 16.2476
# Feasible: 1
# Solution:
Bin 0: 651 234 855 754 501 703 137 
Bin 1: 22 177 891 890 846 
Bin 2: 818 613 380 524 371 897 263 
Bin 3: 895 112 164 892 262 584 335 
Bin 4: 636 188 793 806 123 642 432 
Bin 5: 996 173 452 522 473 512 
Bin 6: 404 384 417 983 172 884 
Bin 7: 23 531 222 169 782 881 
Bin 8: 792 776 803 627 337 398 798 
Bin 9: 118 278 72 179 907 783 
Bin 10: 104 899 455 426 704 363 639 150 
Bin 11: 488 319 876 648 447 419 233 
Bin 12: 869 829 288 88 843 685 919 
Bin 13: 595 744 113 842 437 158 726 864 
Bin 14: 582 740 487 321 178 406 845 
Bin 15: 510 107 858 745 153 101 494 
Bin 16: 450 526 534 814 574 769 
Bin 17: 788 407 920 889 663 291 12 
Bin 18: 136 775 316 441 330 866 561 
Bin 19: 377 675 859 885 753 991 
Bin 20: 669 255 468 80 310 985 
Bin 21: 539 635 483 670 802 554 
Bin 22: 8 236 304 395 425 943 
Bin 23: 297 630 528 543 617 628 228 197 
Bin 24: 878 926 689 259 79 671 215 
Bin 25: 959 632 307 340 62 573 760 
Bin 26: 678 705 658 822 279 360 
Bin 27: 545 602 521 973 462 875 
Bin 28: 87 190 518 353 286 917 237 
Bin 29: 99 732 296 606 91 385 
Bin 30: 618 564 442 838 139 733 
Bin 31: 230 272 3 515 73 781 938 
Bin 32: 619 134 853 527 640 201 
Bin 33: 665 981 43 355 730 499 993 273 430 
Bin 34: 389 147 444 111 224 34 739 590 
Bin 35: 542 503 535 631 127 757 626 
Bin 36: 482 629 146 264 274 886 964 832 759 266 370 231 
Bin 37: 372 563 464 610 909 
Bin 38: 755 165 15 315 502 461 229 
Bin 39: 647 697 571 93 862 541 
Bin 40: 470 345 170 801 896 682 354 490 
Bin 41: 108 348 622 257 31 947 693 
Bin 42: 569 679 268 81 471 840 558 
Bin 43: 403 495 249 476 202 
Bin 44: 958 397 214 103 0 
Bin 45: 241 109 576 893 810 498 990 969 623 
Bin 46: 532 242 578 514 696 448 
Bin 47: 77 35 970 47 368 833 597 604 
Bin 48: 579 180 338 347 14 280 720 282 716 
Bin 49: 772 933 725 837 30 525 
Bin 50: 410 324 352 351 386 570 163 
Bin 51: 362 121 966 560 816 706 
Bin 52: 446 283 898 252 643 294 381 
Bin 53: 568 469 827 511 735 465 320 474 1 
Bin 54: 260 405 29 516 270 11 
Bin 55: 873 824 850 59 17 817 714 
Bin 56: 592 931 41 652 26 764 653 
Bin 57: 92 346 336 479 659 988 
Bin 58: 588 333 400 906 85 203 
Bin 59: 418 699 216 67 313 433 98 
Bin 60: 565 871 750 60 440 557 548 
Bin 61: 122 923 65 942 125 480 399 831 
Bin 62: 713 979 867 52 110 301 497 
Bin 63: 10 677 805 277 915 460 64 436 
Bin 64: 357 791 51 295 916 205 
Bin 65: 271 972 742 361 552 688 505 863 
Bin 66: 132 289 784 698 779 912 795 
Bin 67: 281 493 68 849 204 616 63 
Bin 68: 804 412 475 32 84 
Bin 69: 660 523 414 729 95 
Bin 70: 166 927 661 424 905 39 
Bin 71: 946 152 967 800 667 200 
Bin 72: 16 129 390 142 644 722 
Bin 73: 145 254 761 481 383 765 367 
Bin 74: 984 951 650 58 928 102 
Bin 75: 874 914 666 75 887 674 55 69 747 
Bin 76: 695 856 74 918 821 
Bin 77: 226 140 25 89 293 
Bin 78: 778 194 566 318 435 344 
Bin 79: 365 593 835 553 999 826 
Bin 80: 402 211 841 82 48 
Bin 81: 605 790 624 614 879 167 
Bin 82: 225 209 223 267 308 580 
Bin 83: 587 391 770 19 925 449 120 
Bin 84: 212 844 537 681 141 656 78 
Bin 85: 657 728 860 100 376 332 
Bin 86: 423 683 937 207 998 486 589 767 
Bin 87: 935 76 161 710 6 702 
Bin 88: 672 275 382 544 546 50 
Bin 89: 312 930 258 910 982 807 
Bin 90: 721 151 736 339 218 
Bin 91: 285 774 673 451 322 756 
Bin 92: 434 851 575 752 787 700 
Bin 93: 777 975 723 633 701 894 
Bin 94: 533 691 378 994 366 133 
Bin 95: 2 615 513 785 766 997 
Bin 96: 950 839 968 290 880 191 
Bin 97: 328 392 646 37 256 
Bin 98: 298 185 155 459 421 
Bin 99: 655 668 149 612 809 97 331 
Bin 100: 317 411 292 394 342 538 
Bin 101: 401 936 477 762 738 550 
Bin 102: 9 119 690 135 239 911 49 
Bin 103: 854 870 4 159 28 749 160 
Bin 104: 244 888 375 601 90 
Bin 105: 581 373 987 247 300 596 
Bin 106: 768 995 883 949 567 
Bin 107: 496 586 763 847 61 327 143 649 
Bin 108: 186 645 182 924 314 741 388 
Bin 109: 36 974 453 350 715 517 
Bin 110: 591 420 415 393 246 684 712 
Bin 111: 954 484 96 504 865 472 
Bin 112: 868 599 208 746 902 309 
Bin 113: 106 734 508 520 369 
Bin 114: 94 326 193 794 748 7 
Bin 115: 213 478 737 261 220 992 608 
Bin 116: 598 717 248 932 727 445 
Bin 117: 456 227 131 857 797 
Bin 118: 600 751 519 687 796 489 
Bin 119: 27 680 311 40 986 183 509 
Bin 120: 500 799 53 819 789 
Bin 121: 625 904 620 934 957 828 
Bin 122: 46 427 962 641 823 903 117 
Bin 123: 551 960 977 506 138 
Bin 124: 952 944 114 303 955 422 
Bin 125: 305 940 124 192 547 
Bin 126: 634 530 379 707 882 731 
Bin 127: 820 329 458 196 57 825 
Bin 128: 387 457 939 253 409 45 
Bin 129: 771 238 976 396 611 
Bin 130: 963 922 491 971 908 
Bin 131: 463 358 
Bin 132: 603 585 980 559 808 719 786 189 176 758 953 
Bin 133: 961 773 13 325 
Bin 134: 210 156 33 438 299 130 
Bin 135: 162 540 901 
Bin 136: 654 692 245 
Bin 137: 71 235 676 343 
Bin 138: 708 
Bin 139: 70 349 780 583 181 
Bin 140: 269 529 232 556 
Bin 141: 66 154 852 306 
Bin 142: 555 126 219 364 872 
Bin 143: 948 18 813 
Bin 144: 359 662 184 467 265 718 
Bin 145: 572 941 284 485 945 21 989 
Bin 146: 42 929 724 
Bin 147: 116 454 877 
Bin 148: 148 20 562 175 
Bin 149: 199 861 811 836 374 144 
Bin 150: 5 812 711 549 287 921 
Bin 151: 956 250 302 
Bin 152: 834 187 198 206 240 
Bin 153: 621 
Bin 154: 195 978 594 
Bin 155: 221 334 609 830 
Bin 156: 38 174 44 243 
Bin 157: 815 577 507 
Bin 158: 157 638 
Bin 159: 276 171 
Bin 160: 56 607 416 
Bin 161: 83 637 492 431 
Bin 162: 323 439 
Bin 163: 24 428 356 
Bin 164: 709 408 466 217 
Bin 165: 443 
Bin 166: 168 
Bin 167: 251 848 105 
Bin 168: 743 
Bin 169: 694 
Bin 170: 413 536 913 341 
Bin 171: 115 
Bin 172: 900 
Bin 173: 664 
Bin 174: 54 
Bin 175: 686 
Bin 176: 128 
Bin 177: 429 
Bin 178: 965 
Bin 179: 86 
