# Objective: 147
# Time: 156.192
# Feasible: 1
# Solution:
Bin 0: 734 970 285 885 401 
Bin 1: 84 266 555 246 43 71 910 767 
Bin 2: 977 279 175 160 487 142 882 
Bin 3: 482 294 250 141 800 709 220 783 
Bin 4: 946 186 876 107 320 653 
Bin 5: 775 630 520 312 718 972 429 350 
Bin 6: 586 17 39 326 155 315 468 933 78 
Bin 7: 449 940 102 530 421 728 319 535 
Bin 8: 732 843 757 725 747 140 829 
Bin 9: 314 317 625 390 397 462 
Bin 10: 70 349 409 720 892 932 410 691 717 
Bin 11: 489 425 655 343 359 810 108 
Bin 12: 138 513 435 453 313 290 849 
Bin 13: 130 245 872 621 265 411 909 900 
Bin 14: 292 12 817 947 263 664 344 793 472 104 354 
Bin 15: 112 406 74 79 248 904 
Bin 16: 389 392 446 470 148 231 408 
Bin 17: 677 719 3 668 890 916 696 784 528 
Bin 18: 956 836 286 686 467 578 187 480 
Bin 19: 789 363 929 282 856 924 29 889 
Bin 20: 646 613 460 577 272 4 10 526 
Bin 21: 796 360 168 824 928 748 
Bin 22: 737 867 371 32 799 566 
Bin 23: 590 862 473 844 607 803 
Bin 24: 183 776 412 58 905 774 440 331 
Bin 25: 966 18 547 997 400 129 239 581 639 608 
Bin 26: 351 275 199 166 61 609 521 988 
Bin 27: 930 16 277 31 524 208 
Bin 28: 502 582 678 252 308 531 448 
Bin 29: 204 788 414 162 837 
Bin 30: 76 627 271 636 951 575 267 
Bin 31: 485 262 450 7 92 325 735 321 257 
Bin 32: 72 594 565 207 81 367 454 
Bin 33: 164 430 722 97 26 743 
Bin 34: 761 477 967 671 948 666 685 179 
Bin 35: 113 391 852 251 781 727 273 632 633 
Bin 36: 101 362 658 704 978 447 185 283 
Bin 37: 289 194 568 941 503 172 
Bin 38: 853 998 13 724 543 479 971 380 
Bin 39: 143 996 887 818 839 985 30 
Bin 40: 903 695 878 993 63 544 986 537 
Bin 41: 189 258 750 281 22 736 919 176 
Bin 42: 218 758 805 726 415 297 710 40 637 46 
Bin 43: 801 557 991 907 210 
Bin 44: 393 445 762 463 483 
Bin 45: 146 780 975 25 559 
Bin 46: 869 291 418 280 145 624 673 
Bin 47: 698 706 229 567 721 395 
Bin 48: 957 812 300 612 105 405 
Bin 49: 949 196 729 431 118 170 452 
Bin 50: 898 647 381 51 48 144 846 
Bin 51: 128 623 738 438 893 
Bin 52: 742 835 834 589 644 180 
Bin 53: 926 56 554 850 809 330 256 
Bin 54: 995 198 379 660 908 807 896 443 
Bin 55: 436 347 606 154 561 464 
Bin 56: 857 651 697 437 181 
Bin 57: 123 357 433 50 44 27 131 
Bin 58: 90 620 795 96 670 492 
Bin 59: 240 306 749 963 713 599 
Bin 60: 444 332 82 45 819 399 
Bin 61: 883 669 135 549 475 
Bin 62: 768 456 491 755 335 927 434 
Bin 63: 174 151 161 921 255 854 
Bin 64: 471 28 765 766 356 826 5 407 
Bin 65: 298 938 163 772 41 674 
Bin 66: 55 340 382 912 881 693 353 66 
Bin 67: 821 730 109 897 301 771 527 227 
Bin 68: 545 601 458 499 2 769 358 
Bin 69: 891 511 77 451 618 253 
Bin 70: 106 943 6 556 751 269 602 
Bin 71: 731 976 216 894 860 192 571 157 
Bin 72: 478 868 979 902 496 534 642 254 684 
Bin 73: 287 352 871 510 764 378 
Bin 74: 980 550 760 935 241 
Bin 75: 205 459 616 984 814 299 
Bin 76: 488 794 137 169 603 86 
Bin 77: 703 798 752 645 522 278 
Bin 78: 95 808 950 83 375 777 982 
Bin 79: 512 417 587 508 442 116 24 
Bin 80: 572 293 200 628 711 687 
Bin 81: 913 990 741 398 427 615 505 525 309 
Bin 82: 387 611 634 643 64 756 0 631 
Bin 83: 214 307 797 690 206 62 89 396 
Bin 84: 965 23 915 855 209 122 177 981 
Bin 85: 125 244 934 49 261 222 
Bin 86: 461 342 493 994 223 866 498 792 
Bin 87: 490 441 791 426 153 
Bin 88: 247 274 641 538 925 864 562 
Bin 89: 311 249 654 346 680 476 
Bin 90: 597 968 457 469 580 506 931 
Bin 91: 424 110 35 132 134 542 906 
Bin 92: 650 945 115 422 139 
Bin 93: 171 723 987 533 119 823 617 548 99 
Bin 94: 302 318 52 158 787 875 374 886 
Bin 95: 73 428 825 519 202 937 507 
Bin 96: 323 558 969 276 759 770 992 500 
Bin 97: 327 662 569 264 901 920 964 
Bin 98: 585 126 213 806 36 841 861 
Bin 99: 111 715 960 152 833 523 59 127 689 
Bin 100: 847 595 692 296 305 497 288 230 914 665 
Bin 101: 136 355 832 552 640 811 
Bin 102: 536 688 739 486 663 
Bin 103: 659 54 383 236 338 413 953 114 
Bin 104: 877 372 961 983 790 237 648 
Bin 105: 786 75 959 324 851 672 384 745 629 
Bin 106: 21 712 221 529 310 570 228 515 366 
Bin 107: 813 952 501 553 481 936 197 329 
Bin 108: 782 404 68 822 622 
Bin 109: 939 865 574 591 87 539 494 
Bin 110: 879 845 610 100 238 705 
Bin 111: 873 600 361 193 466 225 
Bin 112: 373 121 376 816 517 923 
Bin 113: 149 191 284 93 173 259 34 
Bin 114: 584 652 744 588 708 232 133 
Bin 115: 918 150 495 474 958 
Bin 116: 858 899 840 917 53 117 
Bin 117: 564 201 80 365 15 337 
Bin 118: 592 98 842 120 94 551 
Bin 119: 333 638 509 304 268 546 
Bin 120: 65 605 848 675 626 
Bin 121: 614 676 195 838 224 989 
Bin 122: 702 683 815 973 593 874 
Bin 123: 954 364 42 504 699 830 328 
Bin 124: 386 165 14 679 560 368 217 
Bin 125: 785 215 707 420 820 
Bin 126: 716 11 802 649 880 419 
Bin 127: 831 295 212 20 773 316 
Bin 128: 369 188 322 124 753 
Bin 129: 828 942 974 402 484 348 955 
Bin 130: 895 863 532 234 1 182 
Bin 131: 888 243 465 167 178 235 778 270 
Bin 132: 423 700 870 540 661 733 944 
Bin 133: 9 656 763 432 103 746 
Bin 134: 156 740 667 962 184 377 
Bin 135: 779 439 345 19 694 385 518 
Bin 136: 563 714 339 541 334 827 336 
Bin 137: 579 47 911 999 576 
Bin 138: 804 681 416 233 682 
Bin 139: 573 69 619 60 370 
Bin 140: 57 38 260 341 884 242 
Bin 141: 394 516 226 211 403 
Bin 142: 85 657 922 455 388 
Bin 143: 88 514 203 8 583 
Bin 144: 754 159 635 37 147 67 
Bin 145: 596 219 190 604 598 
Bin 146: 33 859 303 91 701 
