# Objective: 37
# Time: 2.60174
# Feasible: 1
# Solution:
Bin 0: 186 77 7 228 143 197 212 
Bin 1: 193 107 37 236 6 
Bin 2: 39 33 166 184 14 227 91 80 90 178 
Bin 3: 195 152 179 59 42 192 211 
Bin 4: 55 102 234 177 189 162 56 
Bin 5: 57 2 64 123 225 44 
Bin 6: 23 157 158 153 176 226 101 
Bin 7: 243 146 67 40 216 69 185 
Bin 8: 13 238 68 60 27 81 140 237 
Bin 9: 111 125 215 96 43 116 47 
Bin 10: 213 89 109 183 15 151 8 1 
Bin 11: 98 22 70 73 130 229 137 
Bin 12: 110 169 50 16 26 112 113 
Bin 13: 114 209 145 164 0 20 
Bin 14: 194 219 49 155 181 54 118 
Bin 15: 170 204 203 121 196 198 
Bin 16: 230 245 191 180 217 94 25 82 
Bin 17: 63 53 168 171 100 160 187 
Bin 18: 147 244 223 48 41 11 87 
Bin 19: 150 46 202 142 141 
Bin 20: 78 10 18 133 207 241 148 
Bin 21: 71 117 205 17 30 104 240 127 
Bin 22: 210 220 172 235 76 21 
Bin 23: 218 247 86 149 199 99 239 58 139 
Bin 24: 92 34 136 231 233 88 83 97 124 
Bin 25: 200 246 103 232 62 163 84 
Bin 26: 242 75 31 119 174 167 
Bin 27: 214 38 115 131 161 
Bin 28: 138 128 135 248 4 35 
Bin 29: 5 144 221 126 52 
Bin 30: 3 36 51 134 129 249 
Bin 31: 12 182 29 74 9 
Bin 32: 105 154 106 120 188 24 65 85 
Bin 33: 66 19 122 224 173 72 208 
Bin 34: 222 45 206 165 108 
Bin 35: 190 28 159 32 93 201 132 
Bin 36: 175 79 95 61 156 
