# Objective: 18
# Time: 0.372593
# Feasible: 1
# Solution:
Bin 0: 103 23 11 109 89 31 117 68 
Bin 1: 64 119 58 71 100 75 88 
Bin 2: 26 112 90 21 63 61 72 
Bin 3: 5 101 29 69 115 62 
Bin 4: 20 65 74 51 45 111 95 
Bin 5: 60 16 9 44 43 7 33 104 
Bin 6: 107 96 25 37 73 70 
Bin 7: 35 18 39 13 87 3 116 
Bin 8: 57 14 81 108 27 
Bin 9: 79 8 84 118 4 10 97 
Bin 10: 106 53 28 105 92 
Bin 11: 114 1 17 2 99 56 66 59 
Bin 12: 55 40 98 78 46 41 30 47 32 
Bin 13: 15 86 48 83 6 52 
Bin 14: 102 0 50 24 82 12 
Bin 15: 22 42 36 110 67 94 91 
Bin 16: 34 54 85 49 38 
Bin 17: 77 80 76 113 93 19 
