# Objective: 18
# Time: 0.275792
# Feasible: 1
# Solution:
Bin 0: 16 104 107 17 9 119 64 96 
Bin 1: 56 52 93 1 53 115 21 
Bin 2: 29 110 3 105 59 88 97 
Bin 3: 55 4 7 34 67 10 108 103 57 
Bin 4: 42 12 81 35 68 63 
Bin 5: 50 13 100 90 76 79 14 11 84 
Bin 6: 66 39 73 47 44 18 
Bin 7: 62 87 98 102 43 15 65 91 
Bin 8: 95 70 106 80 8 37 
Bin 9: 113 32 2 5 33 
Bin 10: 94 22 36 25 31 75 
Bin 11: 41 26 61 0 118 19 
Bin 12: 72 60 6 86 114 48 
Bin 13: 111 40 45 20 28 
Bin 14: 89 51 24 27 77 38 
Bin 15: 54 116 71 85 74 83 78 
Bin 16: 30 49 23 82 112 69 58 
Bin 17: 101 92 109 99 117 46 
