# Objective: 152
# Time: 141.944
# Feasible: 1
# Solution:
Bin 0: 72 49 839 431 584 69 118 675 1 
Bin 1: 677 51 681 219 50 823 796 956 
Bin 2: 650 901 617 824 65 631 577 652 
Bin 3: 728 713 233 454 368 157 763 
Bin 4: 152 565 253 866 496 672 530 882 
Bin 5: 848 138 211 485 518 473 682 
Bin 6: 774 834 638 126 925 557 511 
Bin 7: 327 662 77 470 471 899 292 
Bin 8: 704 582 706 218 960 
Bin 9: 380 793 477 215 498 423 61 
Bin 10: 100 934 519 42 148 747 9 
Bin 11: 649 58 370 293 773 772 893 579 
Bin 12: 12 864 187 464 341 8 35 93 448 
Bin 13: 155 463 781 145 184 299 385 
Bin 14: 653 436 846 252 855 954 929 0 
Bin 15: 980 16 930 82 315 
Bin 16: 111 686 86 141 453 432 
Bin 17: 480 668 931 598 196 7 360 326 
Bin 18: 387 940 24 546 592 144 998 180 
Bin 19: 46 127 468 409 870 363 457 714 
Bin 20: 784 953 482 76 850 612 
Bin 21: 516 770 388 421 696 353 
Bin 22: 32 188 858 425 102 256 170 109 
Bin 23: 504 231 633 487 161 413 
Bin 24: 884 173 308 984 260 466 185 
Bin 25: 828 935 922 302 392 202 
Bin 26: 779 619 251 403 771 296 
Bin 27: 377 532 3 767 287 394 
Bin 28: 950 198 792 626 574 674 
Bin 29: 497 340 307 744 376 264 588 
Bin 30: 807 838 75 62 786 467 554 876 
Bin 31: 147 419 43 534 794 966 690 
Bin 32: 37 66 654 645 106 172 708 970 
Bin 33: 23 64 881 412 250 14 697 257 
Bin 34: 842 736 745 242 620 
Bin 35: 507 48 160 33 63 927 973 
Bin 36: 290 596 411 945 979 730 265 
Bin 37: 853 637 911 684 244 560 277 
Bin 38: 599 643 429 655 338 556 994 687 
Bin 39: 349 220 73 737 986 
Bin 40: 936 819 203 789 803 97 
Bin 41: 570 206 81 320 508 
Bin 42: 427 601 731 10 788 401 787 
Bin 43: 895 981 167 433 484 791 28 
Bin 44: 660 134 988 282 695 354 
Bin 45: 555 862 919 345 4 946 805 
Bin 46: 492 229 600 753 87 335 460 
Bin 47: 268 503 491 551 422 
Bin 48: 405 207 968 878 90 673 
Bin 49: 123 759 193 440 679 30 814 
Bin 50: 550 358 921 383 765 54 248 
Bin 51: 732 458 863 831 743 255 398 
Bin 52: 520 563 900 489 301 904 
Bin 53: 234 139 510 983 754 676 852 
Bin 54: 397 389 724 346 122 894 585 
Bin 55: 892 501 515 887 369 56 334 
Bin 56: 526 276 375 777 609 997 208 664 221 
Bin 57: 802 818 68 232 331 
Bin 58: 89 337 635 661 428 790 
Bin 59: 486 348 840 414 472 874 573 373 
Bin 60: 217 883 31 548 965 224 766 816 742 
Bin 61: 604 402 22 589 311 364 833 
Bin 62: 449 538 613 740 407 361 
Bin 63: 493 29 226 752 629 
Bin 64: 749 610 371 513 47 
Bin 65: 159 410 581 912 969 177 
Bin 66: 709 755 859 693 279 552 
Bin 67: 328 809 820 312 124 99 247 
Bin 68: 995 278 783 488 999 153 
Bin 69: 189 580 775 726 963 958 379 
Bin 70: 663 306 512 408 639 
Bin 71: 280 537 339 39 483 18 
Bin 72: 622 505 667 915 524 146 898 113 
Bin 73: 718 438 873 751 390 764 336 
Bin 74: 44 905 59 531 34 914 462 
Bin 75: 691 178 79 974 623 
Bin 76: 586 830 910 71 400 434 715 
Bin 77: 194 725 316 235 885 641 993 
Bin 78: 952 325 2 607 608 917 418 
Bin 79: 437 490 171 985 602 
Bin 80: 163 906 121 396 332 939 996 810 949 
Bin 81: 26 5 991 444 817 285 237 541 374 
Bin 82: 701 932 270 738 162 630 
Bin 83: 528 890 606 806 447 445 
Bin 84: 576 78 294 140 450 611 
Bin 85: 797 717 782 104 721 564 
Bin 86: 15 849 21 871 435 25 
Bin 87: 621 40 841 918 741 902 329 
Bin 88: 309 321 246 107 305 
Bin 89: 465 417 245 165 420 605 525 
Bin 90: 587 514 36 174 300 648 67 
Bin 91: 558 6 975 897 517 
Bin 92: 666 959 149 350 837 
Bin 93: 52 378 451 83 694 
Bin 94: 625 74 547 735 509 644 913 92 
Bin 95: 572 734 869 665 351 972 920 942 
Bin 96: 702 678 699 651 700 
Bin 97: 19 365 283 129 441 992 362 
Bin 98: 372 785 951 578 669 
Bin 99: 359 832 103 175 698 
Bin 100: 200 459 230 298 310 404 808 
Bin 101: 199 590 989 536 284 38 
Bin 102: 683 342 762 647 395 
Bin 103: 108 386 835 222 798 304 
Bin 104: 877 836 128 236 575 671 595 
Bin 105: 924 132 812 213 461 941 
Bin 106: 982 826 757 891 452 642 
Bin 107: 928 303 521 844 455 156 
Bin 108: 110 944 263 780 658 57 843 
Bin 109: 571 659 133 158 977 761 748 
Bin 110: 857 933 723 114 529 142 17 
Bin 111: 117 583 352 393 116 987 98 
Bin 112: 567 324 527 192 710 500 
Bin 113: 80 978 70 821 204 266 719 
Bin 114: 593 716 943 209 272 705 646 603 
Bin 115: 314 938 815 186 860 535 865 
Bin 116: 381 91 769 627 60 634 729 
Bin 117: 543 964 553 750 322 267 
Bin 118: 499 813 768 317 415 216 
Bin 119: 45 569 632 961 169 
Bin 120: 273 636 281 288 727 150 
Bin 121: 888 903 238 926 822 948 399 
Bin 122: 916 41 154 179 416 
Bin 123: 439 923 130 355 689 614 318 
Bin 124: 195 657 825 85 867 201 957 
Bin 125: 868 559 545 164 896 829 
Bin 126: 795 937 275 182 561 
Bin 127: 847 506 210 539 190 
Bin 128: 197 778 143 274 670 
Bin 129: 53 262 228 856 804 
Bin 130: 879 286 119 990 11 20 135 
Bin 131: 112 391 542 289 101 125 297 
Bin 132: 295 214 615 333 760 722 880 476 
Bin 133: 733 680 269 205 88 105 
Bin 134: 544 151 688 711 166 811 618 
Bin 135: 712 240 502 456 976 886 
Bin 136: 801 479 168 594 861 313 
Bin 137: 481 96 443 540 241 907 
Bin 138: 597 382 254 523 776 239 
Bin 139: 566 442 367 851 522 889 424 
Bin 140: 475 131 95 227 947 347 656 
Bin 141: 624 720 494 495 845 707 27 
Bin 142: 692 800 854 827 549 55 
Bin 143: 84 291 136 406 323 430 
Bin 144: 357 212 758 591 872 478 971 
Bin 145: 756 94 967 685 703 955 176 
Bin 146: 474 799 533 120 181 628 
Bin 147: 249 243 909 259 875 469 426 
Bin 148: 640 183 115 908 258 319 191 739 
Bin 149: 330 616 223 366 962 
Bin 150: 225 562 746 356 261 13 384 344 
Bin 151: 271 446 343 137 568 
