# Objective: 18
# Time: 0.269118
# Feasible: 1
# Solution:
Bin 0: 21 57 83 56 68 108 13 
Bin 1: 82 25 67 50 114 109 11 
Bin 2: 75 6 84 17 76 18 77 16 
Bin 3: 86 80 107 106 14 4 65 
Bin 4: 89 20 55 60 24 54 35 
Bin 5: 29 99 90 51 70 66 48 
Bin 6: 7 5 58 53 92 15 
Bin 7: 8 104 110 45 85 102 40 94 
Bin 8: 116 43 34 2 9 
Bin 9: 72 26 69 41 96 111 73 
Bin 10: 1 22 78 31 28 52 
Bin 11: 88 27 101 46 63 32 10 103 
Bin 12: 49 119 37 38 33 81 
Bin 13: 64 12 113 93 59 112 39 
Bin 14: 19 105 74 61 0 95 62 
Bin 15: 71 118 47 98 44 115 
Bin 16: 87 42 30 117 79 23 36 100 
Bin 17: 97 91 3 
