# Objective: 85
# Time: 2.79986
# Feasible: 1
# Solution:
Bin 0: 136 34 11 276 473 369 378 224 67 447 
Bin 1: 111 455 29 204 243 391 
Bin 2: 233 120 131 24 222 74 420 456 256 
Bin 3: 398 265 42 349 438 163 301 
Bin 4: 53 305 152 441 357 197 
Bin 5: 396 289 234 19 203 373 149 361 
Bin 6: 200 431 319 45 390 12 
Bin 7: 172 379 73 106 130 250 
Bin 8: 323 412 8 18 176 162 
Bin 9: 36 371 450 374 339 251 
Bin 10: 219 488 146 220 132 59 139 
Bin 11: 279 102 294 317 28 64 346 123 
Bin 12: 79 33 366 429 159 414 110 17 
Bin 13: 116 2 125 423 196 380 
Bin 14: 439 261 421 184 264 402 112 
Bin 15: 453 7 428 404 395 399 322 
Bin 16: 157 310 138 210 57 
Bin 17: 318 94 291 270 489 257 297 
Bin 18: 62 212 324 359 68 334 382 
Bin 19: 356 173 375 58 342 387 287 
Bin 20: 55 498 121 460 487 231 174 
Bin 21: 98 143 91 4 21 446 474 419 166 
Bin 22: 95 227 388 457 491 290 445 
Bin 23: 465 20 314 51 271 255 
Bin 24: 288 298 252 333 208 10 31 
Bin 25: 253 238 365 90 355 221 392 409 385 44 
Bin 26: 315 83 335 469 223 232 466 452 
Bin 27: 442 267 119 213 155 127 
Bin 28: 214 325 160 78 436 327 321 
Bin 29: 142 150 432 417 39 244 104 
Bin 30: 3 41 145 6 89 69 309 211 
Bin 31: 416 228 161 406 351 329 1 
Bin 32: 490 246 266 273 444 47 
Bin 33: 258 285 336 367 26 296 418 
Bin 34: 80 35 464 275 107 199 302 
Bin 35: 269 338 389 52 137 348 304 
Bin 36: 84 70 75 272 46 240 
Bin 37: 242 479 115 48 189 458 483 
Bin 38: 496 448 293 354 277 164 316 
Bin 39: 403 198 481 96 77 
Bin 40: 5 72 241 185 413 424 209 
Bin 41: 76 433 27 133 282 144 97 
Bin 42: 248 201 254 92 492 268 178 
Bin 43: 459 101 260 397 384 337 411 
Bin 44: 65 109 328 182 341 376 331 141 99 
Bin 45: 54 175 477 407 370 22 
Bin 46: 320 37 427 23 16 449 
Bin 47: 278 229 40 440 156 
Bin 48: 165 425 286 468 292 363 
Bin 49: 263 103 235 362 471 218 
Bin 50: 405 202 124 443 63 108 306 
Bin 51: 167 32 0 353 472 
Bin 52: 25 88 194 494 226 284 
Bin 53: 476 313 332 60 71 82 153 
Bin 54: 484 408 486 480 372 
Bin 55: 207 377 345 400 467 364 126 
Bin 56: 478 401 283 191 307 
Bin 57: 151 394 187 205 340 247 
Bin 58: 61 100 50 259 114 
Bin 59: 105 239 190 352 56 179 38 13 
Bin 60: 66 193 188 299 426 383 
Bin 61: 415 358 245 87 15 
Bin 62: 422 236 148 225 430 
Bin 63: 230 183 206 118 451 117 
Bin 64: 300 330 308 154 281 
Bin 65: 85 280 381 43 140 463 171 217 186 
Bin 66: 147 216 326 93 122 129 
Bin 67: 30 312 437 
Bin 68: 368 86 462 311 350 180 470 
Bin 69: 475 343 434 347 493 295 
Bin 70: 195 135 393 9 
Bin 71: 303 81 170 128 410 
Bin 72: 454 49 
Bin 73: 360 435 262 461 
Bin 74: 134 485 
Bin 75: 158 
Bin 76: 344 169 497 
Bin 77: 168 14 
Bin 78: 386 237 
Bin 79: 113 249 
Bin 80: 499 274 
Bin 81: 495 192 215 
Bin 82: 482 
Bin 83: 177 
Bin 84: 181 
