# Objective: 200
# Time: 18.0042
# Feasible: 1
# Solution:
Bin 0: 614 439 577 221 87 230 33 
Bin 1: 873 219 207 565 601 426 526 
Bin 2: 554 820 417 729 150 391 
Bin 3: 252 236 411 344 270 527 
Bin 4: 354 59 86 482 555 456 
Bin 5: 218 292 340 833 478 12 
Bin 6: 922 432 85 78 687 766 209 788 585 
Bin 7: 507 650 839 273 514 694 71 
Bin 8: 579 623 859 378 
Bin 9: 73 574 1 770 232 772 351 
Bin 10: 564 129 502 802 262 268 504 
Bin 11: 693 910 602 818 285 497 463 
Bin 12: 931 917 297 48 747 233 970 928 
Bin 13: 399 142 794 291 281 972 
Bin 14: 864 279 21 902 516 188 969 360 578 
Bin 15: 368 513 243 552 238 
Bin 16: 461 734 470 573 854 746 
Bin 17: 596 817 568 280 118 336 480 
Bin 18: 822 177 65 119 809 662 274 684 
Bin 19: 736 58 127 25 715 763 
Bin 20: 303 615 137 381 294 369 
Bin 21: 40 248 572 948 965 
Bin 22: 269 140 584 487 121 645 
Bin 23: 569 539 143 751 666 725 345 908 
Bin 24: 924 567 600 644 994 
Bin 25: 103 669 11 870 171 277 841 
Bin 26: 245 611 212 324 912 
Bin 27: 483 975 52 249 713 607 
Bin 28: 787 875 915 255 425 749 126 
Bin 29: 400 629 949 302 776 619 34 
Bin 30: 722 374 395 286 540 364 486 
Bin 31: 493 22 316 206 396 31 
Bin 32: 726 496 883 935 550 187 
Bin 33: 846 867 560 837 75 
Bin 34: 685 916 954 849 627 165 
Bin 35: 964 83 606 752 82 847 
Bin 36: 798 406 895 454 718 182 
Bin 37: 872 224 936 806 251 240 701 
Bin 38: 379 624 131 531 28 
Bin 39: 508 214 892 375 799 356 914 327 
Bin 40: 996 665 122 447 355 
Bin 41: 648 315 72 428 311 124 812 
Bin 42: 620 689 828 208 594 753 
Bin 43: 521 774 538 951 533 756 
Bin 44: 843 944 642 938 682 320 190 
Bin 45: 284 655 882 784 263 988 
Bin 46: 834 107 310 333 123 934 880 
Bin 47: 515 890 628 317 409 407 705 
Bin 48: 63 389 210 168 866 
Bin 49: 154 163 911 667 16 547 696 
Bin 50: 819 691 176 298 592 
Bin 51: 437 339 711 43 535 815 
Bin 52: 314 899 385 966 465 845 192 
Bin 53: 735 671 566 723 235 223 445 
Bin 54: 549 709 551 451 921 500 202 
Bin 55: 166 981 862 420 102 532 985 
Bin 56: 342 786 801 353 495 89 147 
Bin 57: 46 2 349 874 74 534 195 
Bin 58: 894 77 511 228 719 932 
Bin 59: 523 350 225 636 641 
Bin 60: 308 528 979 597 244 961 905 
Bin 61: 93 664 861 67 773 907 
Bin 62: 234 712 704 571 444 133 136 559 
Bin 63: 827 373 999 546 
Bin 64: 152 986 871 108 492 
Bin 65: 226 183 186 618 581 813 
Bin 66: 887 621 757 10 987 125 
Bin 67: 855 959 139 974 518 130 
Bin 68: 144 731 457 296 196 891 842 
Bin 69: 148 70 467 903 748 
Bin 70: 816 863 647 800 781 
Bin 71: 640 622 167 755 38 
Bin 72: 111 879 674 637 993 229 
Bin 73: 512 45 90 211 708 98 276 
Bin 74: 548 896 100 469 646 293 
Bin 75: 741 488 479 491 109 405 6 
Bin 76: 473 290 710 738 990 
Bin 77: 164 675 321 92 605 
Bin 78: 258 266 41 679 341 609 660 
Bin 79: 831 459 803 455 458 
Bin 80: 408 322 821 638 436 878 956 
Bin 81: 347 446 95 556 525 
Bin 82: 423 304 758 161 658 401 489 13 
Bin 83: 278 201 789 307 997 804 700 852 
Bin 84: 995 104 289 977 695 135 112 683 
Bin 85: 830 780 254 247 434 785 
Bin 86: 876 762 36 477 810 630 397 
Bin 87: 656 941 326 
Bin 88: 724 968 807 134 162 768 
Bin 89: 992 797 80 727 363 3 
Bin 90: 275 287 441 814 906 836 673 
Bin 91: 220 617 37 96 520 
Bin 92: 179 853 175 472 524 
Bin 93: 976 62 587 983 918 7 
Bin 94: 703 651 509 386 542 583 418 612 
Bin 95: 848 811 464 760 973 55 616 
Bin 96: 173 759 157 795 877 146 
Bin 97: 721 431 937 47 635 443 
Bin 98: 474 926 357 19 598 392 312 257 
Bin 99: 881 422 383 522 398 346 79 
Bin 100: 898 779 265 8 657 698 904 
Bin 101: 20 777 603 575 982 
Bin 102: 17 197 94 205 893 
Bin 103: 742 305 835 885 481 
Bin 104: 792 415 955 805 24 66 
Bin 105: 300 159 
Bin 106: 44 331 105 971 32 
Bin 107: 471 633 56 393 962 198 
Bin 108: 466 733 199 178 510 490 998 
Bin 109: 991 61 690 155 933 388 
Bin 110: 953 172 688 141 299 838 
Bin 111: 485 743 909 452 505 
Bin 112: 599 348 653 359 53 
Bin 113: 282 475 242 91 840 250 
Bin 114: 570 450 
Bin 115: 222 35 940 169 
Bin 116: 639 900 430 330 
Bin 117: 865 494 686 856 544 
Bin 118: 5 184 460 23 631 
Bin 119: 200 113 984 313 358 366 
Bin 120: 440 530 468 427 54 181 367 737 
Bin 121: 947 604 923 519 4 
Bin 122: 672 237 
Bin 123: 49 99 634 88 362 
Bin 124: 563 
Bin 125: 930 557 419 9 
Bin 126: 670 850 739 543 106 180 613 
Bin 127: 334 338 394 
Bin 128: 382 309 681 
Bin 129: 626 145 888 
Bin 130: 586 824 194 678 
Bin 131: 27 120 189 412 632 429 
Bin 132: 0 946 384 901 14 580 823 654 
Bin 133: 927 778 110 829 707 329 
Bin 134: 352 706 858 561 
Bin 135: 541 449 
Bin 136: 476 453 593 765 264 
Bin 137: 174 462 
Bin 138: 589 57 271 625 410 153 132 253 
Bin 139: 783 332 714 438 980 499 
Bin 140: 553 537 545 318 716 
Bin 141: 403 517 231 767 68 920 
Bin 142: 960 796 377 387 952 652 
Bin 143: 69 390 191 39 156 761 
Bin 144: 416 267 957 151 
Bin 145: 376 825 421 372 
Bin 146: 404 261 832 370 744 306 
Bin 147: 361 913 967 769 
Bin 148: 562 
Bin 149: 576 216 26 851 764 
Bin 150: 160 239 256 643 272 203 
Bin 151: 506 448 588 
Bin 152: 371 608 503 
Bin 153: 424 
Bin 154: 844 775 677 740 
Bin 155: 536 413 
Bin 156: 18 283 
Bin 157: 791 414 659 661 442 402 117 
Bin 158: 808 925 97 115 771 
Bin 159: 939 84 868 
Bin 160: 50 826 301 963 
Bin 161: 259 
Bin 162: 886 365 
Bin 163: 319 128 323 782 
Bin 164: 649 942 595 227 325 
Bin 165: 676 
Bin 166: 750 702 
Bin 167: 260 
Bin 168: 857 149 790 692 
Bin 169: 328 15 185 
Bin 170: 745 
Bin 171: 680 343 435 529 
Bin 172: 337 754 
Bin 173: 989 60 217 
Bin 174: 730 943 720 
Bin 175: 241 
Bin 176: 158 501 
Bin 177: 246 929 
Bin 178: 978 
Bin 179: 590 958 699 889 484 
Bin 180: 433 51 215 380 335 
Bin 181: 204 697 919 76 213 
Bin 182: 728 
Bin 183: 860 
Bin 184: 295 
Bin 185: 717 610 42 
Bin 186: 29 
Bin 187: 170 
Bin 188: 558 
Bin 189: 945 
Bin 190: 582 64 
Bin 191: 498 591 30 884 
Bin 192: 869 
Bin 193: 101 663 950 732 193 
Bin 194: 138 897 
Bin 195: 793 
Bin 196: 114 
Bin 197: 288 668 
Bin 198: 81 
Bin 199: 116 
