# Objective: 39
# Time: 2.27699
# Feasible: 1
# Solution:
Bin 0: 162 138 111 69 58 188 
Bin 1: 21 208 171 67 168 226 86 176 
Bin 2: 2 214 97 195 33 234 
Bin 3: 68 98 231 175 14 149 235 
Bin 4: 74 205 197 237 174 137 22 
Bin 5: 144 198 49 4 93 127 134 132 
Bin 6: 81 63 155 110 159 122 
Bin 7: 38 73 84 182 94 10 123 
Bin 8: 83 158 181 70 236 
Bin 9: 55 131 154 202 128 105 
Bin 10: 247 108 51 140 222 172 34 200 
Bin 11: 90 19 233 20 107 9 
Bin 12: 249 89 53 126 206 147 27 
Bin 13: 207 121 230 13 203 80 59 
Bin 14: 242 173 179 185 64 11 191 
Bin 15: 238 8 161 245 78 192 120 
Bin 16: 109 225 228 169 156 43 
Bin 17: 160 213 129 145 31 52 62 220 
Bin 18: 219 243 29 212 77 50 150 47 
Bin 19: 187 36 95 118 7 178 201 
Bin 20: 116 117 91 216 44 
Bin 21: 227 241 114 42 16 106 15 
Bin 22: 71 12 85 186 79 232 56 125 
Bin 23: 57 146 0 113 196 167 76 
Bin 24: 102 28 141 32 17 221 
Bin 25: 35 165 66 189 163 194 
Bin 26: 41 3 217 82 6 
Bin 27: 92 54 39 244 46 75 
Bin 28: 18 135 72 139 115 103 
Bin 29: 25 211 88 119 164 96 
Bin 30: 100 204 5 180 152 142 99 
Bin 31: 177 199 224 101 23 
Bin 32: 87 210 40 157 133 229 
Bin 33: 209 246 60 136 48 
Bin 34: 223 26 45 24 143 170 183 
Bin 35: 112 148 30 239 184 218 
Bin 36: 166 215 61 65 193 
Bin 37: 153 151 130 37 1 248 
Bin 38: 190 240 124 104 
