# Objective: 75
# Time: 12.7201
# Feasible: 1
# Solution:
Bin 0: 408 45 114 27 478 177 
Bin 1: 86 167 257 154 79 110 385 263 
Bin 2: 170 404 265 297 307 
Bin 3: 91 496 487 332 22 129 335 203 
Bin 4: 320 201 274 16 347 294 
Bin 5: 78 0 468 184 141 
Bin 6: 12 194 94 414 452 65 391 
Bin 7: 441 199 176 210 466 115 431 55 
Bin 8: 480 421 175 367 208 387 56 
Bin 9: 220 156 238 454 303 333 314 375 451 
Bin 10: 205 360 295 270 213 457 4 
Bin 11: 186 494 456 455 442 130 
Bin 12: 310 111 148 68 40 
Bin 13: 219 139 135 287 271 131 
Bin 14: 26 354 128 174 74 489 165 
Bin 15: 126 134 240 256 11 345 328 117 
Bin 16: 215 63 93 185 327 158 146 85 
Bin 17: 6 132 104 15 402 67 
Bin 18: 453 474 497 102 103 436 
Bin 19: 382 98 119 461 272 244 
Bin 20: 337 237 21 236 438 99 14 108 
Bin 21: 450 200 145 353 155 
Bin 22: 143 87 373 239 70 432 329 405 66 
Bin 23: 160 369 476 429 30 
Bin 24: 309 388 298 224 495 286 
Bin 25: 136 330 269 2 25 228 50 
Bin 26: 38 288 209 243 324 46 248 
Bin 27: 198 204 291 76 147 
Bin 28: 366 317 374 33 189 471 
Bin 29: 299 211 439 465 395 229 358 
Bin 30: 285 8 218 305 144 481 
Bin 31: 273 322 486 164 280 
Bin 32: 261 473 292 362 44 255 133 121 
Bin 33: 350 77 344 321 89 488 400 
Bin 34: 262 42 100 491 216 60 
Bin 35: 260 250 36 426 311 264 304 178 
Bin 36: 48 35 29 416 137 116 448 225 
Bin 37: 151 212 113 3 10 125 412 162 
Bin 38: 247 282 120 180 142 
Bin 39: 463 1 276 72 43 423 283 230 
Bin 40: 393 284 380 80 166 490 69 
Bin 41: 352 153 37 123 378 325 232 105 234 359 
Bin 42: 376 482 462 363 484 415 138 
Bin 43: 95 355 190 62 152 161 149 
Bin 44: 464 381 112 377 392 472 9 
Bin 45: 82 460 469 434 279 
Bin 46: 331 351 357 316 410 193 
Bin 47: 19 379 356 171 413 195 427 386 
Bin 48: 390 18 222 163 157 57 409 290 
Bin 49: 206 475 183 188 420 
Bin 50: 301 127 251 84 266 168 109 
Bin 51: 308 268 425 326 52 81 318 
Bin 52: 5 181 223 334 31 479 
Bin 53: 394 202 368 306 71 313 
Bin 54: 349 73 140 254 150 401 
Bin 55: 23 41 196 101 372 191 470 
Bin 56: 28 498 182 467 252 371 293 7 47 
Bin 57: 106 364 172 267 422 343 
Bin 58: 221 275 217 124 90 336 346 435 
Bin 59: 118 75 17 300 396 173 
Bin 60: 459 258 406 312 187 424 315 
Bin 61: 440 323 54 483 407 341 433 
Bin 62: 159 32 64 245 13 492 
Bin 63: 446 246 233 241 83 398 96 231 
Bin 64: 281 235 179 88 249 
Bin 65: 226 61 449 365 197 51 24 
Bin 66: 192 277 419 443 34 361 59 
Bin 67: 302 296 58 458 92 
Bin 68: 444 389 49 39 339 477 
Bin 69: 418 289 445 447 169 338 107 122 
Bin 70: 342 242 53 20 430 
Bin 71: 278 485 348 370 384 499 
Bin 72: 417 397 399 319 340 
Bin 73: 97 437 207 227 403 253 259 
Bin 74: 411 383 428 214 493 
