# Objective: 150
# Time: 176.346
# Feasible: 1
# Solution:
Bin 0: 223 804 820 905 771 495 
Bin 1: 510 920 825 798 473 270 235 592 
Bin 2: 693 514 869 376 392 527 648 946 
Bin 3: 729 793 487 914 489 329 356 521 
Bin 4: 865 911 596 238 938 25 890 
Bin 5: 656 316 249 586 55 167 320 
Bin 6: 975 559 960 317 228 859 982 432 181 
Bin 7: 208 217 19 483 919 441 186 942 321 
Bin 8: 54 117 533 708 77 681 583 433 
Bin 9: 764 868 688 363 116 22 17 747 415 580 
Bin 10: 175 553 262 564 373 
Bin 11: 183 790 383 923 898 131 940 
Bin 12: 835 789 704 219 573 935 
Bin 13: 364 328 570 305 992 284 783 
Bin 14: 295 277 492 742 870 576 
Bin 15: 188 132 479 772 703 966 4 
Bin 16: 933 385 176 454 37 
Bin 17: 578 291 650 2 403 240 398 
Bin 18: 676 64 740 99 824 417 
Bin 19: 593 518 932 950 214 692 562 
Bin 20: 743 233 677 738 620 359 82 572 
Bin 21: 584 748 319 419 73 
Bin 22: 582 893 411 633 874 146 603 
Bin 23: 142 367 184 777 152 0 694 49 
Bin 24: 407 612 389 88 106 901 803 737 
Bin 25: 674 552 917 335 149 
Bin 26: 283 276 597 267 799 330 154 997 
Bin 27: 794 725 881 886 216 199 
Bin 28: 546 304 471 418 7 
Bin 29: 744 180 400 124 758 28 430 843 
Bin 30: 989 325 446 166 322 711 423 773 
Bin 31: 113 752 126 924 749 520 
Bin 32: 810 36 109 567 147 476 856 
Bin 33: 635 800 416 32 993 957 
Bin 34: 56 534 812 453 34 388 
Bin 35: 823 311 554 531 985 83 
Bin 36: 543 591 362 48 41 654 972 866 
Bin 37: 227 372 402 58 237 781 728 
Bin 38: 931 66 715 947 685 155 
Bin 39: 86 24 526 814 815 261 
Bin 40: 532 861 18 339 622 710 
Bin 41: 524 447 530 726 467 885 
Bin 42: 909 707 854 555 666 838 377 499 
Bin 43: 802 616 568 287 776 517 995 
Bin 44: 285 461 797 29 645 20 
Bin 45: 70 253 891 522 782 96 990 649 745 618 
Bin 46: 31 778 251 672 198 
Bin 47: 610 849 475 414 951 245 218 508 
Bin 48: 529 690 608 351 939 484 
Bin 49: 936 93 878 686 95 161 15 189 
Bin 50: 250 14 177 821 709 100 57 
Bin 51: 571 396 160 294 697 784 841 
Bin 52: 493 930 463 615 786 751 731 
Bin 53: 566 819 43 818 6 
Bin 54: 300 769 293 727 862 974 298 
Bin 55: 207 357 342 379 75 539 79 822 528 
Bin 56: 169 257 435 174 98 448 
Bin 57: 621 462 809 150 50 968 442 185 
Bin 58: 525 600 80 297 280 
Bin 59: 929 652 46 665 505 
Bin 60: 44 358 91 734 496 38 289 
Bin 61: 536 459 712 397 265 165 413 831 
Bin 62: 366 892 934 194 750 11 863 
Bin 63: 669 845 609 59 877 222 556 
Bin 64: 10 490 548 502 408 
Bin 65: 978 105 735 551 598 684 200 
Bin 66: 848 221 12 780 983 787 384 604 
Bin 67: 85 651 741 959 220 755 667 
Bin 68: 977 33 315 234 465 
Bin 69: 445 3 443 474 705 264 943 203 
Bin 70: 644 785 507 948 883 945 269 
Bin 71: 406 158 480 472 318 956 
Bin 72: 896 468 700 569 605 170 888 971 
Bin 73: 346 191 561 76 133 756 
Bin 74: 278 343 806 282 937 258 
Bin 75: 256 899 494 365 759 910 
Bin 76: 880 331 640 680 795 157 457 679 
Bin 77: 884 545 60 344 879 40 954 274 
Bin 78: 201 190 519 549 230 
Bin 79: 830 657 151 655 299 182 451 350 
Bin 80: 926 110 720 779 996 921 624 
Bin 81: 903 906 434 125 390 
Bin 82: 139 928 753 137 26 387 852 
Bin 83: 544 577 770 902 964 515 987 791 
Bin 84: 661 558 953 636 426 337 579 
Bin 85: 195 39 980 646 52 310 
Bin 86: 486 714 127 641 112 
Bin 87: 962 979 312 913 123 660 
Bin 88: 268 721 491 9 97 509 
Bin 89: 271 140 456 754 308 53 16 
Bin 90: 326 354 23 587 205 
Bin 91: 904 746 455 232 361 159 74 
Bin 92: 458 626 925 118 796 807 
Bin 93: 440 718 512 833 601 623 535 
Bin 94: 92 1 481 347 927 614 247 
Bin 95: 148 449 369 477 811 281 114 
Bin 96: 323 699 513 301 145 504 965 
Bin 97: 340 613 630 908 575 
Bin 98: 774 663 503 673 215 206 
Bin 99: 969 970 668 767 45 730 839 
Bin 100: 302 827 765 719 858 42 653 260 
Bin 101: 855 732 973 805 670 961 606 
Bin 102: 309 637 847 452 69 647 450 393 
Bin 103: 437 547 101 701 375 68 27 355 
Bin 104: 273 213 193 594 844 
Bin 105: 506 163 599 179 333 
Bin 106: 119 168 63 332 324 21 226 
Bin 107: 128 698 65 999 255 
Bin 108: 241 204 918 872 314 629 
Bin 109: 144 439 71 916 895 638 
Bin 110: 671 368 248 211 242 94 500 47 
Bin 111: 156 628 617 395 867 488 840 
Bin 112: 619 643 8 469 35 401 
Bin 113: 421 334 136 296 444 
Bin 114: 108 292 424 288 254 266 134 
Bin 115: 236 129 404 557 360 263 
Bin 116: 887 420 678 460 907 197 
Bin 117: 187 210 631 306 212 760 153 
Bin 118: 565 275 115 915 470 639 602 625 889 
Bin 119: 89 662 172 761 589 
Bin 120: 272 171 130 955 62 164 
Bin 121: 537 382 967 541 90 941 286 
Bin 122: 30 595 702 949 87 138 
Bin 123: 832 259 664 563 998 394 724 
Bin 124: 192 829 689 523 244 436 912 
Bin 125: 338 307 894 762 501 696 348 
Bin 126: 231 658 5 135 836 162 336 
Bin 127: 963 81 410 381 429 121 826 
Bin 128: 380 178 84 607 464 
Bin 129: 252 482 51 485 722 860 
Bin 130: 431 991 78 986 864 542 
Bin 131: 371 723 857 409 72 
Bin 132: 386 958 757 374 817 243 
Bin 133: 290 120 808 766 345 984 
Bin 134: 739 981 327 498 627 659 225 511 
Bin 135: 853 717 107 976 61 239 
Bin 136: 229 412 768 405 816 13 
Bin 137: 425 944 801 882 540 682 
Bin 138: 876 846 103 246 585 
Bin 139: 466 497 313 516 428 349 422 
Bin 140: 834 850 842 813 706 143 560 
Bin 141: 104 632 352 691 574 634 202 683 
Bin 142: 370 303 988 687 102 695 67 
Bin 143: 209 713 716 897 353 
Bin 144: 399 851 538 873 871 224 196 
Bin 145: 427 378 763 111 952 550 788 875 
Bin 146: 922 733 391 736 792 
Bin 147: 994 828 900 341 141 588 581 
Bin 148: 642 590 279 611 675 775 
Bin 149: 478 837 122 173 438 
