# Objective: 46
# Time: 0.405884
# Feasible: 1
# Solution:
Bin 0: 198 199 0 129 107 162 15 159 
Bin 1: 173 209 24 68 112 128 
Bin 2: 124 166 54 234 168 103 
Bin 3: 187 91 241 232 73 86 51 
Bin 4: 56 223 141 229 131 114 
Bin 5: 171 32 106 210 155 40 190 
Bin 6: 3 225 222 150 189 104 
Bin 7: 149 167 80 140 237 17 
Bin 8: 176 146 52 137 202 70 185 
Bin 9: 218 12 206 4 81 242 97 49 
Bin 10: 156 172 183 38 247 139 74 89 
Bin 11: 231 142 145 249 42 240 148 1 30 
Bin 12: 165 138 67 113 181 160 82 135 246 
Bin 13: 205 31 163 117 93 248 143 
Bin 14: 228 200 130 34 161 105 154 
Bin 15: 122 125 111 48 37 46 196 235 
Bin 16: 191 62 53 212 23 213 
Bin 17: 79 29 58 197 188 10 
Bin 18: 109 203 26 99 239 47 
Bin 19: 233 95 152 238 20 71 147 
Bin 20: 184 33 174 28 75 88 119 
Bin 21: 194 219 65 9 153 151 
Bin 22: 36 126 41 164 6 
Bin 23: 115 204 211 44 60 
Bin 24: 169 220 16 84 66 50 
Bin 25: 8 55 157 208 57 27 
Bin 26: 178 87 177 90 186 
Bin 27: 18 136 108 76 134 85 
Bin 28: 45 207 227 121 101 
Bin 29: 5 170 217 215 214 224 
Bin 30: 64 94 221 226 182 123 
Bin 31: 116 25 14 43 77 
Bin 32: 78 180 144 118 13 
Bin 33: 120 59 98 179 83 69 
Bin 34: 35 92 96 230 
Bin 35: 11 201 2 195 192 
Bin 36: 102 245 21 
Bin 37: 72 
Bin 38: 7 175 236 243 100 
Bin 39: 133 110 
Bin 40: 193 39 
Bin 41: 244 22 61 
Bin 42: 158 
Bin 43: 216 132 19 
Bin 44: 63 
Bin 45: 127 
