# Objective: 18
# Time: 0.347651
# Feasible: 1
# Solution:
Bin 0: 15 92 44 51 73 49 90 
Bin 1: 23 27 26 33 112 8 3 
Bin 2: 102 95 24 86 70 10 47 91 
Bin 3: 40 55 118 62 29 66 84 
Bin 4: 50 4 71 82 5 74 37 104 
Bin 5: 97 52 13 43 61 21 45 75 
Bin 6: 57 96 6 77 88 99 
Bin 7: 119 56 79 114 60 83 
Bin 8: 117 34 12 30 85 
Bin 9: 48 107 2 1 19 65 
Bin 10: 54 69 111 110 25 101 
Bin 11: 115 94 14 59 18 76 32 
Bin 12: 103 87 81 42 17 106 7 78 
Bin 13: 28 31 68 108 89 64 11 9 
Bin 14: 36 46 63 16 22 98 
Bin 15: 35 53 39 67 113 72 
Bin 16: 116 105 38 100 80 
Bin 17: 93 0 20 41 58 109 
