# Objective: 87
# Time: 5.85432
# Feasible: 1
# Solution:
Bin 0: 40 172 242 481 391 286 333 79 
Bin 1: 306 138 26 494 141 42 205 
Bin 2: 426 436 238 463 132 49 259 
Bin 3: 302 21 405 224 458 419 
Bin 4: 327 182 346 207 163 232 156 
Bin 5: 119 470 345 34 303 387 402 
Bin 6: 171 364 452 441 222 30 386 134 225 
Bin 7: 284 31 272 181 149 161 10 
Bin 8: 414 198 249 418 22 253 
Bin 9: 62 311 369 133 487 9 321 208 210 
Bin 10: 351 218 75 397 254 373 
Bin 11: 382 359 209 269 122 206 
Bin 12: 123 86 95 266 316 103 
Bin 13: 220 83 169 257 155 285 88 
Bin 14: 215 280 299 322 146 196 496 195 293 
Bin 15: 390 100 342 251 277 202 274 
Bin 16: 348 0 175 53 339 478 
Bin 17: 437 117 298 1 144 80 
Bin 18: 331 417 166 297 279 360 
Bin 19: 152 424 484 5 56 43 203 213 
Bin 20: 148 295 19 55 45 371 413 457 
Bin 21: 187 415 153 338 27 358 261 
Bin 22: 307 160 41 164 230 464 411 
Bin 23: 392 63 451 361 473 374 35 177 
Bin 24: 77 486 460 430 420 71 
Bin 25: 491 115 244 356 237 447 14 
Bin 26: 329 247 223 58 313 
Bin 27: 434 50 243 323 305 78 
Bin 28: 270 38 18 467 410 126 421 
Bin 29: 214 398 448 165 443 36 191 394 
Bin 30: 357 131 186 93 499 406 241 
Bin 31: 72 260 445 389 113 82 
Bin 32: 375 121 120 170 301 
Bin 33: 127 110 396 444 74 483 354 
Bin 34: 495 69 248 340 395 105 324 
Bin 35: 378 404 137 143 228 67 37 497 449 
Bin 36: 431 136 256 355 432 281 
Bin 37: 90 343 335 273 362 
Bin 38: 363 235 480 334 368 29 
Bin 39: 174 425 231 489 33 234 
Bin 40: 68 440 154 112 118 229 271 
Bin 41: 258 433 454 320 383 403 291 
Bin 42: 265 400 409 275 252 282 
Bin 43: 199 140 319 183 367 179 
Bin 44: 66 349 73 492 245 52 23 
Bin 45: 173 318 168 150 221 
Bin 46: 476 3 330 446 498 326 101 
Bin 47: 308 408 412 474 388 70 
Bin 48: 365 393 461 84 44 416 192 
Bin 49: 347 341 145 488 485 315 
Bin 50: 336 7 185 240 190 60 57 139 
Bin 51: 493 312 450 39 59 
Bin 52: 54 176 116 317 25 294 
Bin 53: 304 453 263 376 108 310 
Bin 54: 92 377 6 401 422 
Bin 55: 97 2 250 28 162 114 
Bin 56: 135 217 455 227 12 
Bin 57: 124 24 385 466 344 216 
Bin 58: 490 89 65 91 255 278 372 
Bin 59: 352 219 197 47 147 17 
Bin 60: 193 314 475 381 4 423 380 
Bin 61: 442 264 479 180 130 15 11 
Bin 62: 353 8 178 158 201 283 
Bin 63: 332 167 325 159 
Bin 64: 290 51 246 471 98 465 
Bin 65: 194 262 289 462 370 239 
Bin 66: 99 366 20 32 
Bin 67: 128 429 439 87 109 189 337 
Bin 68: 469 459 236 204 
Bin 69: 200 48 76 96 211 157 188 
Bin 70: 16 296 111 300 
Bin 71: 233 456 407 46 142 
Bin 72: 268 85 276 477 
Bin 73: 129 
Bin 74: 107 350 
Bin 75: 482 64 106 328 81 
Bin 76: 151 287 
Bin 77: 288 94 
Bin 78: 184 226 468 
Bin 79: 379 435 104 
Bin 80: 428 
Bin 81: 267 102 309 212 
Bin 82: 61 472 13 292 384 
Bin 83: 438 
Bin 84: 125 
Bin 85: 427 
Bin 86: 399 
