# Objective: 76
# Time: 19.5539
# Feasible: 1
# Solution:
Bin 0: 324 406 271 49 435 263 175 86 
Bin 1: 156 272 270 59 433 457 245 
Bin 2: 384 173 269 31 253 
Bin 3: 112 73 453 224 203 427 261 492 
Bin 4: 51 180 382 291 325 252 
Bin 5: 230 346 267 100 85 378 379 
Bin 6: 476 464 80 58 155 29 385 446 
Bin 7: 142 129 295 207 212 493 84 40 
Bin 8: 358 444 92 365 190 204 
Bin 9: 93 140 386 198 185 206 223 68 
Bin 10: 298 405 299 165 214 171 320 337 
Bin 11: 52 48 178 210 491 349 53 
Bin 12: 455 161 115 111 265 268 
Bin 13: 124 63 30 182 450 
Bin 14: 130 133 357 211 413 244 313 169 
Bin 15: 14 247 497 106 167 128 
Bin 16: 307 422 451 120 374 462 
Bin 17: 416 411 256 70 99 123 235 329 
Bin 18: 55 246 107 371 332 13 
Bin 19: 482 60 20 481 1 393 126 436 
Bin 20: 102 273 289 83 114 468 200 
Bin 21: 218 315 226 254 82 81 
Bin 22: 355 354 222 122 117 132 97 
Bin 23: 116 297 260 490 430 496 187 398 
Bin 24: 461 28 454 56 11 
Bin 25: 363 309 418 459 217 
Bin 26: 145 208 10 6 280 108 
Bin 27: 110 151 448 486 366 494 423 
Bin 28: 304 234 326 7 72 409 
Bin 29: 42 149 239 164 465 286 177 
Bin 30: 248 323 196 387 19 437 425 
Bin 31: 221 23 463 376 103 76 22 
Bin 32: 421 231 473 377 426 257 127 
Bin 33: 188 470 134 348 237 61 
Bin 34: 87 197 410 432 202 300 290 27 
Bin 35: 125 293 219 472 105 181 362 
Bin 36: 266 89 390 162 380 137 
Bin 37: 331 339 391 65 170 345 8 
Bin 38: 2 192 278 3 243 303 285 
Bin 39: 284 474 77 317 39 136 
Bin 40: 485 78 478 458 319 166 
Bin 41: 75 95 209 403 442 
Bin 42: 369 383 370 236 150 220 
Bin 43: 9 191 480 21 277 
Bin 44: 32 147 172 135 312 47 408 308 
Bin 45: 255 351 301 424 484 228 296 
Bin 46: 50 353 186 119 441 238 318 179 
Bin 47: 281 195 407 443 400 489 144 
Bin 48: 375 159 242 440 275 64 153 
Bin 49: 439 249 431 194 0 232 146 
Bin 50: 283 305 445 429 109 67 18 
Bin 51: 16 364 143 37 176 389 
Bin 52: 158 475 90 310 88 113 259 
Bin 53: 69 79 34 276 24 
Bin 54: 168 43 334 495 438 392 
Bin 55: 57 225 264 131 352 98 227 467 
Bin 56: 157 359 17 306 41 404 160 
Bin 57: 381 479 394 141 335 94 292 35 
Bin 58: 321 193 477 5 327 
Bin 59: 322 419 104 360 428 
Bin 60: 402 415 279 343 46 262 25 
Bin 61: 183 466 213 154 241 44 
Bin 62: 471 33 395 287 388 
Bin 63: 311 282 163 38 229 205 
Bin 64: 469 447 274 330 350 
Bin 65: 66 26 460 15 71 414 
Bin 66: 328 45 101 121 399 487 
Bin 67: 336 347 356 216 174 288 184 
Bin 68: 12 420 434 397 302 333 412 
Bin 69: 417 499 449 62 373 452 4 152 
Bin 70: 456 294 54 338 251 201 
Bin 71: 139 483 233 148 341 
Bin 72: 138 250 316 344 96 340 488 189 314 
Bin 73: 342 368 74 498 367 
Bin 74: 401 36 372 396 258 199 
Bin 75: 240 118 91 361 215 
