# Objective: 19
# Time: 0.282637
# Feasible: 1
# Solution:
Bin 0: 76 33 89 63 53 0 56 93 
Bin 1: 20 97 84 52 4 102 
Bin 2: 79 1 46 109 110 100 16 40 
Bin 3: 94 73 91 69 13 30 
Bin 4: 96 72 101 104 23 112 114 43 
Bin 5: 80 57 9 27 88 55 
Bin 6: 86 47 65 119 28 70 
Bin 7: 42 83 71 82 117 29 98 
Bin 8: 108 61 87 45 107 37 59 
Bin 9: 67 81 19 17 44 90 
Bin 10: 103 78 99 5 41 74 
Bin 11: 58 3 49 22 105 10 115 
Bin 12: 68 8 113 12 77 
Bin 13: 14 106 36 111 64 75 
Bin 14: 35 92 34 11 118 6 32 
Bin 15: 60 85 54 51 50 15 31 
Bin 16: 24 21 48 2 116 26 
Bin 17: 7 66 38 95 18 62 
Bin 18: 25 39 
