# Objective: 19
# Time: 0.31068
# Feasible: 1
# Solution:
Bin 0: 23 77 99 10 38 
Bin 1: 22 112 87 21 86 100 18 15 
Bin 2: 58 62 98 45 32 105 64 55 
Bin 3: 119 13 104 94 30 29 
Bin 4: 117 27 84 115 49 
Bin 5: 5 24 116 41 47 95 88 
Bin 6: 52 113 61 89 1 91 31 
Bin 7: 80 44 109 75 69 8 
Bin 8: 60 28 26 76 67 3 66 14 
Bin 9: 54 70 68 78 36 
Bin 10: 108 107 12 34 43 92 118 0 
Bin 11: 25 71 46 37 79 90 
Bin 12: 85 6 51 35 19 72 9 
Bin 13: 65 2 57 74 111 
Bin 14: 56 93 4 110 11 106 
Bin 15: 53 103 33 50 63 59 82 
Bin 16: 7 114 48 81 73 102 
Bin 17: 17 39 42 40 16 20 
Bin 18: 83 96 97 101 
