# Objective: 150
# Time: 101.197
# Feasible: 1
# Solution:
Bin 0: 794 791 719 162 333 890 870 
Bin 1: 358 969 278 172 336 
Bin 2: 847 884 90 45 745 193 
Bin 3: 612 964 797 299 209 224 662 116 
Bin 4: 331 512 429 125 173 
Bin 5: 676 819 734 354 531 
Bin 6: 70 315 345 332 525 616 111 334 
Bin 7: 170 853 211 856 44 776 423 425 
Bin 8: 257 85 868 95 980 167 534 430 
Bin 9: 147 250 519 238 20 740 
Bin 10: 622 896 266 664 364 191 394 
Bin 11: 793 704 157 620 29 
Bin 12: 298 613 782 51 985 150 
Bin 13: 661 886 471 152 681 981 161 
Bin 14: 777 76 184 971 297 959 775 
Bin 15: 301 213 657 598 689 
Bin 16: 402 214 72 251 944 282 
Bin 17: 603 84 227 255 362 456 
Bin 18: 252 407 464 508 799 262 349 372 
Bin 19: 177 411 586 50 589 
Bin 20: 54 758 667 729 849 
Bin 21: 552 919 852 683 424 864 141 
Bin 22: 514 591 134 97 536 104 
Bin 23: 113 521 432 233 554 2 
Bin 24: 324 52 244 289 733 542 
Bin 25: 204 592 263 829 201 900 
Bin 26: 88 633 713 453 858 839 291 705 
Bin 27: 805 440 801 96 217 611 
Bin 28: 11 609 545 37 725 143 540 
Bin 29: 100 435 577 221 300 
Bin 30: 848 672 268 738 146 30 447 131 844 
Bin 31: 581 524 68 560 632 80 384 455 
Bin 32: 736 571 330 360 913 
Bin 33: 120 48 17 735 786 850 
Bin 34: 528 506 348 148 5 40 295 
Bin 35: 546 26 626 830 701 385 
Bin 36: 923 218 258 978 807 595 549 
Bin 37: 310 463 925 114 357 492 179 700 
Bin 38: 979 803 720 996 216 
Bin 39: 770 117 970 750 500 473 
Bin 40: 69 459 912 687 771 55 569 
Bin 41: 309 129 151 993 303 472 305 53 
Bin 42: 243 138 928 320 415 596 18 65 772 8 575 256 438 961 
Bin 43: 812 604 454 685 93 544 275 903 
Bin 44: 136 115 694 628 646 375 
Bin 45: 356 547 757 780 
Bin 46: 378 983 293 33 953 306 
Bin 47: 92 756 328 314 277 351 
Bin 48: 679 533 232 202 382 441 439 952 
Bin 49: 475 387 614 754 764 413 887 995 898 
Bin 50: 828 627 365 795 274 624 
Bin 51: 14 285 843 83 123 994 367 
Bin 52: 956 388 823 395 198 651 
Bin 53: 707 444 965 768 230 
Bin 54: 41 171 520 391 28 9 
Bin 55: 353 294 538 234 640 19 
Bin 56: 837 594 924 160 557 539 343 486 496 597 130 
Bin 57: 615 182 247 185 35 94 
Bin 58: 485 933 404 537 785 371 816 63 
Bin 59: 610 321 986 337 567 
Bin 60: 355 283 3 366 6 126 436 
Bin 61: 24 261 144 659 515 941 139 288 338 
Bin 62: 915 103 940 851 507 368 840 739 
Bin 63: 656 699 559 523 164 491 815 27 280 817 935 142 
Bin 64: 955 744 10 602 904 695 342 927 469 
Bin 65: 466 477 555 984 
Bin 66: 920 499 811 639 194 420 
Bin 67: 135 74 670 663 673 259 516 526 
Bin 68: 997 397 196 802 561 774 
Bin 69: 149 327 558 270 882 842 
Bin 70: 460 741 317 156 825 249 86 937 
Bin 71: 393 671 674 998 660 625 
Bin 72: 553 827 834 416 638 505 377 
Bin 73: 644 982 410 82 759 629 503 
Bin 74: 897 272 210 907 901 
Bin 75: 532 236 951 548 881 418 
Bin 76: 57 727 911 976 231 483 930 
Bin 77: 781 623 222 698 347 
Bin 78: 102 605 666 608 702 60 655 408 
Bin 79: 855 755 431 810 530 752 
Bin 80: 153 922 396 307 292 118 563 724 564 895 488 862 15 313 
Bin 81: 875 318 587 566 61 
Bin 82: 931 573 158 585 59 869 697 885 
Bin 83: 451 675 1 178 921 383 
Bin 84: 914 73 122 502 474 399 
Bin 85: 949 269 879 504 599 665 
Bin 86: 570 176 34 189 155 883 403 
Bin 87: 718 67 760 748 12 621 
Bin 88: 99 824 606 686 873 565 647 
Bin 89: 826 205 974 71 434 452 
Bin 90: 861 650 992 145 968 468 
Bin 91: 572 804 361 329 62 835 874 
Bin 92: 876 723 716 228 220 
Bin 93: 421 947 562 13 916 619 728 714 89 
Bin 94: 446 773 888 990 264 833 543 398 
Bin 95: 642 498 369 652 23 678 127 820 880 
Bin 96: 273 326 240 800 49 753 
Bin 97: 22 66 806 584 593 966 389 64 449 
Bin 98: 631 891 101 692 311 484 761 
Bin 99: 751 166 821 380 905 462 
Bin 100: 607 653 588 509 381 784 
Bin 101: 778 779 732 832 703 
Bin 102: 433 223 38 708 730 495 21 
Bin 103: 43 284 601 749 340 108 
Bin 104: 323 426 908 128 87 
Bin 105: 42 186 871 458 726 443 359 
Bin 106: 522 918 409 208 932 350 
Bin 107: 465 991 497 648 690 
Bin 108: 248 489 715 199 717 859 
Bin 109: 190 846 769 636 630 124 480 960 580 
Bin 110: 989 838 215 448 437 906 
Bin 111: 140 957 796 809 813 
Bin 112: 831 133 163 987 872 845 511 600 790 
Bin 113: 972 568 684 654 374 490 583 481 
Bin 114: 783 181 766 110 445 910 352 
Bin 115: 335 822 212 710 476 892 
Bin 116: 260 405 417 376 939 175 427 450 
Bin 117: 902 721 712 339 649 39 
Bin 118: 461 419 762 926 574 32 36 
Bin 119: 183 765 180 645 242 
Bin 120: 287 635 121 0 302 641 
Bin 121: 219 98 235 428 975 457 188 
Bin 122: 401 154 322 946 187 
Bin 123: 7 207 325 767 973 963 
Bin 124: 267 814 197 527 977 513 
Bin 125: 893 107 78 722 854 634 967 899 510 
Bin 126: 25 346 470 286 706 582 229 
Bin 127: 406 682 668 658 865 936 137 
Bin 128: 478 493 556 112 312 877 308 
Bin 129: 948 422 677 742 866 787 999 743 
Bin 130: 709 857 281 296 943 958 370 
Bin 131: 279 945 195 226 319 169 789 341 
Bin 132: 105 550 363 863 246 576 836 860 
Bin 133: 938 265 529 889 237 316 
Bin 134: 988 909 56 16 929 412 
Bin 135: 818 680 392 696 386 688 731 
Bin 136: 962 792 206 691 954 168 643 
Bin 137: 579 165 479 747 669 132 
Bin 138: 253 159 637 487 106 241 
Bin 139: 467 788 290 517 541 
Bin 140: 77 578 109 518 47 119 737 
Bin 141: 304 254 390 711 
Bin 142: 373 934 494 798 442 763 
Bin 143: 46 551 245 344 841 174 
Bin 144: 414 203 878 950 4 
Bin 145: 693 91 200 501 867 
Bin 146: 746 617 917 379 482 
Bin 147: 31 276 58 75 618 894 
Bin 148: 225 81 590 400 239 
Bin 149: 942 79 808 535 271 192 
