# Objective: 19
# Time: 0.232058
# Feasible: 1
# Solution:
Bin 0: 97 105 60 56 23 8 52 70 
Bin 1: 24 40 62 100 116 0 115 
Bin 2: 54 74 84 67 27 95 2 
Bin 3: 30 51 34 53 65 81 117 
Bin 4: 77 17 55 99 9 29 4 
Bin 5: 86 104 69 96 92 10 
Bin 6: 118 48 73 50 85 
Bin 7: 39 25 91 113 49 57 106 
Bin 8: 110 16 22 71 14 18 
Bin 9: 66 38 6 11 64 44 68 
Bin 10: 83 46 20 31 15 111 
Bin 11: 59 35 72 32 1 
Bin 12: 88 108 36 75 7 89 41 
Bin 13: 93 21 43 101 103 5 
Bin 14: 37 13 26 90 19 
Bin 15: 76 58 94 63 112 80 28 
Bin 16: 3 109 12 79 33 
Bin 17: 61 107 82 45 87 
Bin 18: 47 102 114 98 119 78 42 
