# Objective: 47
# Time: 0.484021
# Feasible: 1
# Solution:
Bin 0: 158 69 48 21 235 126 
Bin 1: 119 70 226 5 113 95 100 248 
Bin 2: 145 151 43 4 78 34 
Bin 3: 66 63 186 191 169 
Bin 4: 44 59 144 90 148 207 
Bin 5: 105 137 2 74 55 225 124 18 
Bin 6: 152 1 161 232 170 180 229 
Bin 7: 111 81 122 140 138 157 
Bin 8: 75 110 117 39 155 215 245 
Bin 9: 160 240 16 171 214 150 
Bin 10: 37 183 30 146 130 13 
Bin 11: 217 3 167 93 156 222 177 25 
Bin 12: 203 172 178 221 92 0 
Bin 13: 141 29 202 189 209 246 68 
Bin 14: 77 31 27 190 234 241 97 22 
Bin 15: 181 51 107 120 237 159 106 
Bin 16: 149 176 52 244 62 233 
Bin 17: 76 6 125 247 168 118 
Bin 18: 196 7 219 201 139 
Bin 19: 35 212 36 142 238 50 135 
Bin 20: 216 42 211 136 174 205 
Bin 21: 187 54 41 58 185 56 
Bin 22: 134 61 131 231 165 53 
Bin 23: 163 71 104 23 220 80 
Bin 24: 91 164 147 10 128 
Bin 25: 239 129 84 32 89 60 
Bin 26: 175 236 182 143 218 33 103 67 72 115 101 
Bin 27: 198 249 79 88 9 
Bin 28: 208 192 204 112 123 46 243 227 
Bin 29: 162 96 242 82 153 184 
Bin 30: 193 28 154 210 
Bin 31: 230 197 45 
Bin 32: 8 98 47 194 133 114 
Bin 33: 64 195 213 
Bin 34: 15 224 
Bin 35: 14 121 199 
Bin 36: 223 20 38 102 
Bin 37: 127 57 166 12 
Bin 38: 200 26 
Bin 39: 109 228 
Bin 40: 86 24 179 94 17 132 
Bin 41: 83 206 49 40 99 
Bin 42: 173 19 87 116 
Bin 43: 85 11 
Bin 44: 65 
Bin 45: 108 73 
Bin 46: 188 
