# Objective: 45
# Time: 0.775673
# Feasible: 1
# Solution:
Bin 0: 77 143 116 163 192 133 
Bin 1: 166 97 169 222 160 207 
Bin 2: 18 32 24 28 201 6 38 240 
Bin 3: 165 203 113 152 66 206 125 194 
Bin 4: 231 124 123 217 209 53 
Bin 5: 167 150 119 79 102 235 139 
Bin 6: 239 136 69 147 179 175 
Bin 7: 56 60 126 39 75 212 138 
Bin 8: 36 82 106 37 237 41 108 
Bin 9: 173 34 190 202 200 
Bin 10: 87 47 67 137 7 16 57 157 
Bin 11: 78 211 199 135 110 191 17 
Bin 12: 216 210 99 103 214 3 170 
Bin 13: 142 236 198 0 45 91 
Bin 14: 35 74 96 234 112 107 62 71 
Bin 15: 155 196 29 177 176 1 
Bin 16: 188 130 51 241 10 15 33 
Bin 17: 127 228 98 111 9 129 8 
Bin 18: 187 131 168 244 86 81 
Bin 19: 63 84 227 213 121 117 
Bin 20: 178 12 26 30 21 
Bin 21: 118 88 89 164 248 48 11 
Bin 22: 220 172 114 90 161 27 19 
Bin 23: 64 42 171 183 132 22 93 
Bin 24: 105 65 197 208 2 229 68 
Bin 25: 43 49 52 73 148 120 189 
Bin 26: 100 70 238 219 128 40 
Bin 27: 20 146 95 145 205 
Bin 28: 61 14 140 174 180 149 218 
Bin 29: 184 242 144 247 54 46 
Bin 30: 233 59 50 44 76 
Bin 31: 246 31 225 223 13 185 
Bin 32: 80 153 195 25 104 
Bin 33: 83 58 230 141 154 134 
Bin 34: 101 221 5 92 215 
Bin 35: 193 
Bin 36: 158 4 109 181 226 
Bin 37: 115 204 94 224 249 
Bin 38: 151 159 55 243 186 
Bin 39: 162 85 
Bin 40: 245 182 232 
Bin 41: 122 
Bin 42: 23 
Bin 43: 72 
Bin 44: 156 
