# Objective: 37
# Time: 2.67539
# Feasible: 1
# Solution:
Bin 0: 242 141 225 173 161 109 
Bin 1: 189 143 70 83 236 176 
Bin 2: 199 239 218 229 55 232 194 65 238 181 
Bin 3: 152 66 169 69 198 
Bin 4: 237 178 153 151 249 207 8 101 
Bin 5: 34 195 215 219 20 160 156 
Bin 6: 44 108 126 180 124 196 45 
Bin 7: 210 87 184 223 211 32 72 228 
Bin 8: 23 89 64 0 127 147 
Bin 9: 92 235 129 75 142 247 139 
Bin 10: 222 243 227 205 175 122 67 
Bin 11: 203 190 167 62 246 140 135 43 
Bin 12: 102 171 59 19 174 234 132 
Bin 13: 112 128 137 231 212 53 98 204 
Bin 14: 130 49 14 36 12 164 177 
Bin 15: 60 106 123 165 80 58 97 88 191 245 
Bin 16: 209 144 134 183 6 111 
Bin 17: 148 216 213 22 182 18 149 
Bin 18: 54 200 90 40 120 82 
Bin 19: 42 104 162 201 179 28 187 29 
Bin 20: 30 5 114 84 56 
Bin 21: 35 150 214 17 241 110 96 166 
Bin 22: 121 146 27 93 63 
Bin 23: 168 39 158 118 33 61 24 
Bin 24: 125 224 25 185 157 159 103 71 
Bin 25: 78 145 107 244 1 105 
Bin 26: 100 77 91 50 11 188 68 
Bin 27: 2 221 13 57 138 217 
Bin 28: 170 86 116 15 47 99 81 
Bin 29: 4 155 172 21 226 248 
Bin 30: 220 115 37 208 3 94 
Bin 31: 85 52 197 79 113 10 
Bin 32: 73 119 186 202 74 
Bin 33: 31 51 48 136 9 117 154 
Bin 34: 46 133 38 192 26 163 
Bin 35: 206 233 16 131 76 
Bin 36: 193 95 7 240 41 230 
