# Objective: 43
# Time: 0.491184
# Feasible: 1
# Solution:
Bin 0: 132 154 185 216 123 162 39 116 
Bin 1: 40 236 152 170 226 100 76 109 70 
Bin 2: 164 179 16 184 203 206 173 145 
Bin 3: 180 222 101 196 122 178 
Bin 4: 168 36 169 12 245 157 
Bin 5: 205 53 117 242 124 19 192 49 190 
Bin 6: 13 194 175 138 72 4 
Bin 7: 200 64 44 119 102 93 91 
Bin 8: 88 66 107 156 67 3 115 
Bin 9: 71 225 237 177 106 78 89 
Bin 10: 125 202 32 215 82 
Bin 11: 83 27 56 244 188 224 73 
Bin 12: 198 171 69 99 247 176 
Bin 13: 130 111 9 25 151 95 79 241 
Bin 14: 7 134 234 140 30 
Bin 15: 24 197 207 35 21 163 68 
Bin 16: 233 47 229 213 94 5 217 
Bin 17: 61 28 15 239 181 11 
Bin 18: 219 57 41 29 165 
Bin 19: 211 98 137 232 126 85 
Bin 20: 113 77 20 141 43 142 
Bin 21: 139 243 62 112 59 26 
Bin 22: 133 166 191 2 108 193 199 110 
Bin 23: 246 104 22 0 161 121 
Bin 24: 42 90 146 45 220 182 128 
Bin 25: 81 75 221 136 60 231 86 210 
Bin 26: 52 249 17 148 55 48 
Bin 27: 74 209 114 195 150 174 50 97 
Bin 28: 54 84 37 31 159 153 46 
Bin 29: 183 80 143 186 131 92 
Bin 30: 135 6 240 34 65 158 
Bin 31: 218 201 33 120 223 
Bin 32: 248 51 8 187 189 212 
Bin 33: 118 149 
Bin 34: 96 87 127 172 58 105 
Bin 35: 208 227 63 228 167 18 
Bin 36: 238 14 160 204 230 38 
Bin 37: 10 
Bin 38: 23 
Bin 39: 103 
Bin 40: 1 
Bin 41: 214 235 147 144 155 
Bin 42: 129 
