# Objective: 150
# Time: 159.828
# Feasible: 1
# Solution:
Bin 0: 152 112 741 744 994 241 556 97 373 
Bin 1: 938 803 685 103 364 95 962 
Bin 2: 411 25 41 451 923 285 
Bin 3: 339 484 662 195 395 49 405 
Bin 4: 468 594 158 98 629 681 277 589 786 
Bin 5: 147 495 931 817 656 627 105 
Bin 6: 913 833 492 879 858 311 
Bin 7: 839 37 291 428 892 
Bin 8: 743 457 775 702 750 201 301 819 986 42 997 
Bin 9: 500 624 358 700 410 668 608 
Bin 10: 682 606 555 389 911 324 
Bin 11: 168 177 436 967 382 719 117 
Bin 12: 602 469 331 964 904 315 
Bin 13: 983 8 922 846 432 872 334 191 588 
Bin 14: 461 218 113 366 691 
Bin 15: 942 14 33 151 94 
Bin 16: 575 453 740 183 341 683 
Bin 17: 464 752 727 355 518 706 749 
Bin 18: 244 417 584 944 254 471 443 
Bin 19: 213 150 170 617 793 912 64 442 
Bin 20: 16 854 522 747 710 926 43 413 
Bin 21: 430 485 462 723 943 383 669 
Bin 22: 788 408 204 609 268 993 598 
Bin 23: 276 889 91 536 545 660 159 703 565 19 
Bin 24: 219 631 416 597 63 511 335 936 
Bin 25: 133 768 307 933 145 616 448 
Bin 26: 628 125 100 677 248 657 535 688 403 
Bin 27: 246 757 361 297 96 140 
Bin 28: 144 794 581 929 724 312 217 
Bin 29: 380 704 516 17 346 981 109 87 
Bin 30: 731 466 24 60 755 227 665 181 
Bin 31: 569 61 868 167 499 
Bin 32: 233 896 940 215 708 21 
Bin 33: 721 541 264 379 247 898 206 
Bin 34: 480 735 333 258 969 74 734 824 
Bin 35: 587 540 646 368 539 759 505 
Bin 36: 267 479 902 946 489 239 224 529 
Bin 37: 257 647 834 840 253 694 427 59 437 
Bin 38: 780 157 582 771 130 18 325 111 
Bin 39: 7 481 289 90 899 
Bin 40: 659 795 661 596 184 804 286 332 
Bin 41: 999 830 119 949 128 377 
Bin 42: 473 860 229 808 398 175 
Bin 43: 221 874 667 579 412 409 
Bin 44: 845 308 438 236 15 625 165 
Bin 45: 643 736 701 632 470 108 
Bin 46: 381 729 421 618 306 317 478 
Bin 47: 205 615 649 604 746 766 414 
Bin 48: 40 376 68 807 564 293 76 
Bin 49: 825 955 745 836 970 
Bin 50: 828 230 330 966 6 110 767 
Bin 51: 51 50 189 318 867 
Bin 52: 620 46 770 53 512 9 843 
Bin 53: 718 533 419 652 197 228 
Bin 54: 873 875 916 601 431 882 613 
Bin 55: 39 278 947 634 619 
Bin 56: 290 921 62 193 504 322 155 
Bin 57: 521 58 450 445 849 595 
Bin 58: 974 99 347 893 653 996 498 
Bin 59: 607 211 179 810 391 
Bin 60: 378 491 951 92 396 870 363 
Bin 61: 869 507 135 349 124 
Bin 62: 354 477 558 454 476 34 
Bin 63: 287 2 220 534 580 679 
Bin 64: 27 270 222 519 400 82 
Bin 65: 509 732 164 680 789 362 357 
Bin 66: 121 823 397 705 532 941 543 
Bin 67: 842 154 712 367 686 508 623 139 650 501 
Bin 68: 973 816 321 880 198 156 542 344 
Bin 69: 961 32 497 919 188 959 
Bin 70: 696 725 798 47 787 883 425 
Bin 71: 971 299 298 995 526 853 737 
Bin 72: 279 820 577 578 11 600 296 
Bin 73: 386 909 300 77 192 
Bin 74: 890 655 605 106 510 433 984 
Bin 75: 855 603 122 388 302 925 
Bin 76: 626 856 54 422 645 562 
Bin 77: 945 992 266 474 283 570 
Bin 78: 850 779 633 982 821 998 
Bin 79: 52 822 340 223 576 338 
Bin 80: 764 592 134 502 862 612 622 
Bin 81: 934 865 88 546 360 800 547 
Bin 82: 404 441 392 614 765 915 
Bin 83: 259 791 713 906 185 190 658 
Bin 84: 243 644 467 482 310 
Bin 85: 146 905 166 435 351 980 551 
Bin 86: 269 251 434 319 45 200 
Bin 87: 599 180 255 864 460 
Bin 88: 420 762 69 101 537 
Bin 89: 406 956 487 738 182 963 
Bin 90: 769 639 28 781 148 70 
Bin 91: 234 827 841 801 225 209 
Bin 92: 697 621 517 93 928 
Bin 93: 975 797 695 730 568 885 104 210 784 
Bin 94: 611 571 365 895 232 493 676 
Bin 95: 1 384 918 852 832 393 196 
Bin 96: 12 593 812 884 751 520 585 
Bin 97: 901 891 304 342 978 
Bin 98: 965 979 348 237 375 115 494 449 
Bin 99: 418 538 871 524 707 722 271 
Bin 100: 785 231 844 402 343 4 38 
Bin 101: 920 303 350 407 323 664 
Bin 102: 282 857 149 459 763 527 
Bin 103: 20 557 774 559 186 888 
Bin 104: 673 72 309 829 847 
Bin 105: 127 772 805 275 249 141 440 
Bin 106: 446 66 666 273 515 
Bin 107: 456 831 968 202 630 953 
Bin 108: 385 690 356 295 73 116 513 
Bin 109: 80 523 903 917 728 10 799 374 
Bin 110: 65 716 590 226 316 760 
Bin 111: 567 835 927 169 699 572 761 
Bin 112: 252 143 811 937 288 
Bin 113: 776 272 214 399 726 675 176 
Bin 114: 336 136 935 848 447 178 265 
Bin 115: 528 544 814 638 142 859 
Bin 116: 976 57 886 30 717 242 574 
Bin 117: 642 171 75 610 796 783 35 
Bin 118: 671 651 89 203 86 314 988 
Bin 119: 693 235 863 216 126 
Bin 120: 238 777 138 3 240 129 549 
Bin 121: 194 586 465 107 806 876 
Bin 122: 472 328 698 531 924 262 861 748 
Bin 123: 561 838 452 281 353 753 506 
Bin 124: 83 756 401 957 525 818 
Bin 125: 102 424 488 345 439 910 71 
Bin 126: 199 881 263 989 792 950 648 
Bin 127: 160 826 85 0 415 894 329 
Bin 128: 352 284 548 709 31 503 
Bin 129: 897 514 5 172 36 560 22 991 
Bin 130: 878 678 369 123 455 313 163 173 
Bin 131: 256 174 55 426 714 563 
Bin 132: 692 337 359 778 813 530 44 635 
Bin 133: 305 672 23 954 715 939 458 132 
Bin 134: 674 320 274 131 782 
Bin 135: 687 930 483 26 932 207 67 907 
Bin 136: 552 390 815 684 56 990 429 790 
Bin 137: 960 187 475 212 550 294 
Bin 138: 640 84 394 387 137 81 208 
Bin 139: 900 161 914 591 245 162 583 
Bin 140: 423 292 327 637 490 
Bin 141: 739 573 486 773 654 78 
Bin 142: 809 670 758 444 887 153 13 
Bin 143: 29 987 371 742 114 837 733 
Bin 144: 48 553 972 720 554 
Bin 145: 260 636 326 877 985 
Bin 146: 952 689 79 711 958 120 948 866 
Bin 147: 463 663 802 250 118 
Bin 148: 977 372 641 908 261 851 
Bin 149: 754 566 370 496 280 
