# Objective: 74
# Time: 18.5908
# Feasible: 1
# Solution:
Bin 0: 285 109 62 438 464 298 28 
Bin 1: 243 415 145 372 317 441 267 363 
Bin 2: 106 193 82 335 476 9 171 351 
Bin 3: 218 209 6 262 15 386 437 
Bin 4: 127 447 377 180 385 114 407 
Bin 5: 474 367 466 338 414 76 279 485 
Bin 6: 42 491 89 107 361 481 283 
Bin 7: 430 268 47 333 497 308 222 162 201 
Bin 8: 103 242 269 452 85 368 
Bin 9: 352 456 139 300 132 56 
Bin 10: 446 312 378 403 454 115 190 
Bin 11: 48 149 489 356 251 313 
Bin 12: 471 339 134 8 478 306 240 
Bin 13: 189 36 371 263 341 357 381 
Bin 14: 496 23 112 121 492 427 101 
Bin 15: 200 379 144 147 292 488 
Bin 16: 261 228 182 58 111 4 181 
Bin 17: 118 229 130 288 253 184 
Bin 18: 92 29 412 57 320 
Bin 19: 94 195 3 142 475 482 174 
Bin 20: 221 400 123 143 128 220 480 
Bin 21: 359 131 97 61 432 35 73 376 
Bin 22: 211 88 100 416 406 159 
Bin 23: 219 172 135 498 32 383 178 277 152 
Bin 24: 71 404 214 319 44 322 
Bin 25: 332 311 205 331 451 486 53 
Bin 26: 392 256 168 235 27 
Bin 27: 448 299 440 344 102 30 
Bin 28: 323 499 226 21 295 91 
Bin 29: 65 402 167 63 69 95 343 483 
Bin 30: 336 66 390 310 370 217 
Bin 31: 223 52 270 146 104 
Bin 32: 396 460 435 153 321 165 369 
Bin 33: 274 208 423 418 264 170 
Bin 34: 477 49 33 125 241 191 290 
Bin 35: 194 315 388 467 12 173 470 442 
Bin 36: 259 157 34 360 248 443 148 
Bin 37: 120 429 255 284 380 302 70 206 
Bin 38: 287 444 428 154 493 395 
Bin 39: 260 10 303 110 99 405 238 459 
Bin 40: 246 54 230 237 151 225 204 
Bin 41: 77 50 169 87 164 187 
Bin 42: 434 90 465 399 346 275 
Bin 43: 17 215 24 350 419 
Bin 44: 26 19 463 337 449 177 324 
Bin 45: 254 158 266 257 439 78 224 281 176 
Bin 46: 2 198 196 353 309 286 
Bin 47: 422 301 183 18 278 141 271 
Bin 48: 296 138 327 231 304 387 31 
Bin 49: 389 22 473 468 136 479 59 
Bin 50: 340 126 11 291 328 348 297 
Bin 51: 282 105 245 207 445 185 
Bin 52: 330 411 358 391 232 276 117 156 
Bin 53: 129 197 39 408 249 86 108 326 
Bin 54: 413 325 37 0 394 410 
Bin 55: 233 373 365 119 202 461 227 
Bin 56: 1 384 258 79 72 80 25 
Bin 57: 113 41 426 484 364 289 458 
Bin 58: 55 116 40 421 98 487 
Bin 59: 64 424 163 210 382 316 462 
Bin 60: 133 457 417 305 494 433 93 236 46 
Bin 61: 420 398 43 366 20 186 
Bin 62: 318 234 84 436 150 188 
Bin 63: 68 96 137 175 265 450 334 122 
Bin 64: 409 307 374 16 342 179 393 
Bin 65: 401 13 124 67 329 472 
Bin 66: 83 212 250 239 216 5 
Bin 67: 74 203 45 293 166 60 347 425 
Bin 68: 160 155 469 362 375 38 
Bin 69: 199 355 140 455 272 345 81 
Bin 70: 161 7 354 51 75 
Bin 71: 431 495 244 192 453 14 
Bin 72: 314 397 490 252 247 
Bin 73: 280 213 273 294 349 
