# Objective: 99
# Time: 1.8426
# Feasible: 1
# Solution:
Bin 0: 483 462 455 104 32 180 
Bin 1: 493 393 51 252 114 21 24 485 
Bin 2: 167 54 374 189 50 117 380 379 
Bin 3: 367 231 159 295 423 382 359 
Bin 4: 351 461 309 83 46 118 293 320 
Bin 5: 341 277 222 443 122 270 
Bin 6: 29 368 470 430 338 304 
Bin 7: 307 440 112 125 356 436 361 
Bin 8: 126 89 353 154 242 133 
Bin 9: 335 395 346 355 339 498 298 245 
Bin 10: 240 314 429 466 123 61 
Bin 11: 216 439 162 398 168 283 259 234 
Bin 12: 370 33 212 91 402 287 
Bin 13: 215 255 381 473 327 63 
Bin 14: 352 373 174 28 434 132 
Bin 15: 163 42 124 403 221 220 303 
Bin 16: 407 375 323 357 290 10 
Bin 17: 214 372 173 404 282 254 
Bin 18: 491 250 384 425 66 203 
Bin 19: 495 200 409 441 78 56 
Bin 20: 87 301 499 107 205 390 198 140 
Bin 21: 41 129 177 417 412 266 
Bin 22: 88 411 413 484 53 376 
Bin 23: 419 333 157 405 169 480 471 
Bin 24: 360 319 35 414 170 358 
Bin 25: 349 362 84 153 475 
Bin 26: 310 204 62 437 256 95 
Bin 27: 388 334 420 70 371 73 
Bin 28: 401 75 365 79 253 260 328 336 
Bin 29: 474 68 263 490 447 427 193 
Bin 30: 284 149 478 337 344 196 194 
Bin 31: 121 93 57 207 454 
Bin 32: 479 464 139 38 438 433 17 
Bin 33: 202 324 291 321 325 226 
Bin 34: 496 36 418 188 312 
Bin 35: 347 444 37 369 261 
Bin 36: 176 119 432 274 392 394 
Bin 37: 342 134 488 138 178 
Bin 38: 145 294 238 410 281 
Bin 39: 206 458 469 273 
Bin 40: 247 267 227 249 486 472 
Bin 41: 86 128 96 340 160 
Bin 42: 387 165 236 8 85 317 
Bin 43: 65 72 52 476 59 385 
Bin 44: 213 416 453 343 27 448 
Bin 45: 268 164 497 377 
Bin 46: 280 391 16 345 175 211 
Bin 47: 350 457 364 131 148 
Bin 48: 100 209 111 446 449 
Bin 49: 94 3 230 241 26 199 
Bin 50: 229 31 218 258 152 246 228 201 156 313 190 
Bin 51: 487 69 421 275 47 
Bin 52: 278 187 141 285 465 
Bin 53: 406 110 494 113 103 60 
Bin 54: 316 92 19 
Bin 55: 305 219 467 348 262 
Bin 56: 195 279 451 492 43 142 
Bin 57: 422 0 288 116 18 
Bin 58: 4 67 272 179 300 225 264 
Bin 59: 171 
Bin 60: 251 326 12 2 208 
Bin 61: 460 468 49 397 150 217 
Bin 62: 297 90 136 39 442 329 
Bin 63: 158 239 81 25 109 
Bin 64: 378 48 363 22 426 
Bin 65: 102 237 389 232 269 
Bin 66: 286 58 452 11 191 
Bin 67: 396 106 306 182 383 
Bin 68: 98 481 6 120 
Bin 69: 76 55 34 223 184 161 400 
Bin 70: 431 257 318 302 185 
Bin 71: 23 
Bin 72: 99 315 80 130 296 
Bin 73: 127 233 183 289 408 332 101 181 108 386 64 
Bin 74: 399 197 
Bin 75: 424 146 143 192 
Bin 76: 243 331 44 450 248 7 
Bin 77: 330 311 224 435 137 
Bin 78: 299 265 115 366 74 77 
Bin 79: 147 
Bin 80: 135 445 
Bin 81: 456 172 463 13 
Bin 82: 271 415 
Bin 83: 144 166 30 
Bin 84: 155 459 308 40 
Bin 85: 292 
Bin 86: 14 5 482 151 
Bin 87: 97 244 
Bin 88: 186 489 
Bin 89: 210 
Bin 90: 82 1 235 
Bin 91: 322 354 428 
Bin 92: 477 15 
Bin 93: 105 
Bin 94: 276 
Bin 95: 71 
Bin 96: 20 
Bin 97: 45 
Bin 98: 9 
