# Objective: 39
# Time: 1.88116
# Feasible: 1
# Solution:
Bin 0: 181 70 203 180 99 232 83 
Bin 1: 121 172 54 189 33 209 78 
Bin 2: 9 211 229 223 27 190 148 
Bin 3: 97 51 64 237 179 111 
Bin 4: 98 31 194 143 123 26 
Bin 5: 151 100 101 34 140 145 
Bin 6: 241 32 173 182 235 82 166 
Bin 7: 159 36 244 155 2 40 
Bin 8: 125 147 112 238 20 120 
Bin 9: 63 169 44 6 110 113 22 
Bin 10: 61 193 30 165 13 
Bin 11: 146 114 52 47 164 207 119 
Bin 12: 107 18 206 71 222 
Bin 13: 219 91 213 175 25 56 
Bin 14: 109 185 216 81 247 131 67 204 
Bin 15: 128 217 141 188 3 176 225 
Bin 16: 240 24 39 108 245 15 197 
Bin 17: 210 156 233 122 132 0 134 149 
Bin 18: 62 53 12 198 153 230 
Bin 19: 215 231 154 133 74 43 50 
Bin 20: 75 92 60 124 239 183 
Bin 21: 41 115 90 242 118 171 
Bin 22: 11 68 161 1 136 19 243 
Bin 23: 8 127 7 130 167 
Bin 24: 177 37 4 157 192 73 66 65 
Bin 25: 21 46 160 248 178 106 137 
Bin 26: 35 48 221 246 205 96 
Bin 27: 150 196 236 144 49 129 
Bin 28: 94 152 14 200 117 59 
Bin 29: 105 104 38 191 208 28 
Bin 30: 162 214 135 5 199 42 202 
Bin 31: 142 55 86 79 116 77 
Bin 32: 23 85 195 163 126 72 
Bin 33: 69 224 228 220 17 
Bin 34: 29 249 186 89 158 76 93 
Bin 35: 80 168 234 187 138 95 87 
Bin 36: 102 201 170 84 212 226 
Bin 37: 227 88 174 57 218 58 
Bin 38: 16 139 10 184 103 45 
