# Objective: 19
# Time: 0.376633
# Feasible: 1
# Solution:
Bin 0: 88 59 98 93 3 15 87 
Bin 1: 8 47 51 55 16 75 61 40 
Bin 2: 77 115 14 103 18 95 
Bin 3: 94 10 117 67 13 22 20 
Bin 4: 113 7 58 9 34 
Bin 5: 5 24 72 54 97 
Bin 6: 99 41 83 12 19 38 66 
Bin 7: 60 85 35 2 37 79 105 
Bin 8: 11 36 33 43 53 0 109 
Bin 9: 4 17 71 48 46 78 
Bin 10: 65 39 42 57 89 91 100 28 114 
Bin 11: 104 1 56 82 21 32 92 
Bin 12: 64 52 69 118 116 90 23 
Bin 13: 96 102 6 86 68 84 
Bin 14: 50 106 44 70 62 
Bin 15: 29 49 111 110 27 81 108 
Bin 16: 25 107 26 74 73 
Bin 17: 30 63 101 76 112 
Bin 18: 119 31 80 45 
