# Objective: 19
# Time: 0.299443
# Feasible: 1
# Solution:
Bin 0: 107 34 82 109 101 113 55 115 65 
Bin 1: 60 79 100 99 114 4 108 
Bin 2: 39 105 2 51 23 8 30 
Bin 3: 61 57 14 68 16 6 
Bin 4: 41 12 76 71 45 22 74 95 
Bin 5: 110 85 54 91 97 103 112 
Bin 6: 111 72 26 98 1 59 53 21 
Bin 7: 104 92 84 106 62 87 
Bin 8: 9 44 0 64 49 3 31 88 
Bin 9: 38 19 13 50 81 102 
Bin 10: 36 7 83 75 40 
Bin 11: 77 66 73 116 18 48 
Bin 12: 37 47 70 29 11 80 93 
Bin 13: 118 28 25 86 46 58 
Bin 14: 15 94 27 90 43 
Bin 15: 5 17 117 56 78 
Bin 16: 89 96 10 67 42 24 
Bin 17: 69 63 52 33 35 
Bin 18: 119 20 32 
