# Objective: 193
# Time: 17.0941
# Feasible: 1
# Solution:
Bin 0: 38 907 208 215 419 557 994 686 
Bin 1: 985 436 317 154 571 199 706 467 
Bin 2: 204 382 178 17 147 43 388 
Bin 3: 708 345 294 914 748 898 366 
Bin 4: 911 623 645 531 
Bin 5: 649 372 476 360 410 928 246 21 276 
Bin 6: 237 741 4 605 100 136 482 
Bin 7: 733 189 926 834 455 783 658 
Bin 8: 797 661 772 845 457 283 
Bin 9: 677 915 512 654 638 472 
Bin 10: 927 439 904 365 832 170 965 822 
Bin 11: 342 387 522 183 443 796 821 794 
Bin 12: 138 422 684 942 870 838 890 762 
Bin 13: 7 538 298 977 500 351 425 
Bin 14: 923 672 527 384 404 274 764 
Bin 15: 217 563 704 736 693 85 6 846 
Bin 16: 330 551 756 30 161 0 
Bin 17: 487 429 212 562 148 576 
Bin 18: 959 391 241 427 682 655 
Bin 19: 70 674 209 239 45 
Bin 20: 126 569 968 611 665 
Bin 21: 565 939 575 309 666 662 657 
Bin 22: 82 836 177 252 897 528 171 
Bin 23: 192 635 437 392 301 
Bin 24: 633 802 77 777 264 403 636 
Bin 25: 114 350 442 739 582 235 855 
Bin 26: 377 872 871 573 668 594 888 
Bin 27: 63 381 813 718 523 51 134 
Bin 28: 800 478 389 60 453 966 
Bin 29: 912 961 423 518 53 186 257 
Bin 30: 67 601 930 993 955 218 579 
Bin 31: 370 324 752 979 632 716 574 
Bin 32: 692 302 943 620 474 784 779 
Bin 33: 502 782 434 463 185 418 
Bin 34: 916 866 198 863 176 142 719 552 
Bin 35: 412 71 157 851 673 
Bin 36: 36 517 480 725 481 555 
Bin 37: 196 349 541 660 31 
Bin 38: 698 112 75 236 607 545 357 
Bin 39: 671 11 781 417 34 954 976 
Bin 40: 135 712 304 497 833 316 
Bin 41: 363 710 695 910 167 560 
Bin 42: 346 713 471 15 334 581 805 
Bin 43: 918 933 878 843 731 
Bin 44: 494 374 165 1 18 
Bin 45: 169 337 825 247 289 132 321 
Bin 46: 122 804 55 842 559 195 903 807 
Bin 47: 10 119 879 168 984 544 937 
Bin 48: 12 83 188 118 172 
Bin 49: 303 305 39 245 426 194 
Bin 50: 286 640 681 498 729 683 
Bin 51: 688 343 844 492 166 941 
Bin 52: 987 89 875 458 702 600 430 
Bin 53: 253 261 792 974 885 749 395 255 
Bin 54: 133 66 270 326 359 829 734 978 
Bin 55: 624 162 431 850 642 319 
Bin 56: 379 229 367 510 380 358 847 616 
Bin 57: 22 233 123 770 279 344 
Bin 58: 352 732 285 990 448 830 139 
Bin 59: 887 564 62 558 656 164 757 
Bin 60: 490 593 483 876 415 566 68 
Bin 61: 816 618 440 595 174 975 479 
Bin 62: 160 819 79 95 25 768 
Bin 63: 553 47 801 37 799 124 
Bin 64: 982 992 240 621 54 514 
Bin 65: 971 775 230 99 865 44 
Bin 66: 945 203 811 447 73 583 
Bin 67: 84 699 549 228 967 318 
Bin 68: 602 962 450 113 852 110 
Bin 69: 685 242 798 180 234 340 
Bin 70: 295 130 964 369 333 
Bin 71: 227 691 405 378 362 251 628 28 
Bin 72: 449 398 854 820 884 525 934 
Bin 73: 226 578 224 956 411 108 891 13 
Bin 74: 72 131 94 747 604 785 
Bin 75: 705 603 723 561 831 773 535 
Bin 76: 809 786 407 193 306 327 420 
Bin 77: 475 402 81 328 220 788 
Bin 78: 714 275 889 329 643 641 
Bin 79: 397 537 87 115 534 284 
Bin 80: 726 720 857 676 625 
Bin 81: 615 444 105 648 400 314 16 
Bin 82: 308 320 223 913 506 368 268 
Bin 83: 465 109 715 26 585 998 
Bin 84: 271 996 724 877 869 818 826 
Bin 85: 413 499 547 181 428 806 
Bin 86: 466 56 817 906 120 
Bin 87: 155 839 938 867 205 728 
Bin 88: 539 243 20 312 873 570 173 
Bin 89: 451 787 670 540 433 216 331 909 408 
Bin 90: 40 860 141 445 2 
Bin 91: 567 835 76 390 493 409 
Bin 92: 486 396 647 393 997 759 
Bin 93: 74 614 414 287 917 619 
Bin 94: 521 637 780 722 849 519 
Bin 95: 281 543 385 932 231 745 999 
Bin 96: 383 202 58 727 504 258 
Bin 97: 29 184 19 864 175 902 244 470 
Bin 98: 219 495 970 353 91 793 
Bin 99: 52 278 432 145 969 210 
Bin 100: 598 988 606 862 767 760 659 
Bin 101: 948 737 980 
Bin 102: 9 652 952 983 153 972 
Bin 103: 921 149 580 577 680 78 292 590 
Bin 104: 925 795 260 
Bin 105: 735 931 791 263 848 
Bin 106: 622 97 401 93 542 995 751 
Bin 107: 477 348 629 356 940 41 
Bin 108: 297 936 323 159 
Bin 109: 315 80 526 721 896 742 
Bin 110: 568 951 341 59 766 900 886 
Bin 111: 121 905 232 627 150 
Bin 112: 386 738 64 460 35 
Bin 113: 158 701 753 267 129 354 262 
Bin 114: 958 644 456 197 272 883 
Bin 115: 765 491 468 191 
Bin 116: 88 697 452 125 894 919 991 
Bin 117: 608 103 140 190 42 200 
Bin 118: 406 717 513 957 
Bin 119: 709 610 789 57 24 
Bin 120: 532 511 763 761 5 953 
Bin 121: 634 438 812 
Bin 122: 300 505 361 599 117 
Bin 123: 364 288 143 509 
Bin 124: 50 690 489 373 259 485 
Bin 125: 152 703 949 520 
Bin 126: 32 8 778 981 310 280 339 
Bin 127: 880 901 207 859 743 
Bin 128: 922 462 14 
Bin 129: 307 206 771 755 371 
Bin 130: 675 776 296 
Bin 131: 49 273 679 250 989 853 
Bin 132: 338 394 213 65 106 
Bin 133: 291 882 503 347 893 841 
Bin 134: 23 529 290 892 908 823 
Bin 135: 572 758 446 322 584 
Bin 136: 461 858 
Bin 137: 899 589 678 694 803 814 
Bin 138: 533 311 
Bin 139: 663 501 920 335 810 
Bin 140: 669 815 837 856 609 127 
Bin 141: 484 507 96 700 626 146 924 597 
Bin 142: 156 613 769 840 592 591 
Bin 143: 689 48 454 950 336 249 639 
Bin 144: 355 61 256 469 740 754 808 
Bin 145: 744 
Bin 146: 299 935 
Bin 147: 554 104 90 101 
Bin 148: 435 556 790 960 828 98 
Bin 149: 27 861 375 
Bin 150: 416 238 282 548 254 
Bin 151: 631 653 
Bin 152: 508 
Bin 153: 707 265 399 182 868 
Bin 154: 963 221 69 711 325 516 
Bin 155: 750 33 696 496 646 774 151 
Bin 156: 596 730 
Bin 157: 881 163 
Bin 158: 667 
Bin 159: 827 929 
Bin 160: 421 424 650 
Bin 161: 46 211 
Bin 162: 248 947 376 
Bin 163: 277 107 
Bin 164: 116 895 
Bin 165: 612 536 179 
Bin 166: 225 586 
Bin 167: 92 
Bin 168: 3 630 293 
Bin 169: 874 515 
Bin 170: 944 
Bin 171: 746 
Bin 172: 687 86 
Bin 173: 214 459 986 
Bin 174: 137 
Bin 175: 144 651 
Bin 176: 187 
Bin 177: 473 
Bin 178: 617 
Bin 179: 587 
Bin 180: 546 313 
Bin 181: 464 
Bin 182: 973 441 
Bin 183: 524 
Bin 184: 222 
Bin 185: 102 530 
Bin 186: 488 128 588 664 550 266 
Bin 187: 946 
Bin 188: 111 
Bin 189: 824 
Bin 190: 332 
Bin 191: 201 
Bin 192: 269 
