# Objective: 19
# Time: 0.336704
# Feasible: 1
# Solution:
Bin 0: 47 5 33 108 77 70 
Bin 1: 109 14 35 64 112 42 31 
Bin 2: 38 57 36 110 100 25 
Bin 3: 74 98 44 103 6 41 
Bin 4: 65 75 54 71 73 18 106 
Bin 5: 72 23 26 16 114 60 
Bin 6: 111 19 29 37 90 86 
Bin 7: 40 45 113 118 81 92 
Bin 8: 21 84 20 68 53 
Bin 9: 78 83 49 69 87 105 88 80 
Bin 10: 52 102 24 28 55 117 30 
Bin 11: 107 63 101 59 62 97 34 89 
Bin 12: 43 56 93 11 104 
Bin 13: 22 10 61 50 27 116 
Bin 14: 32 91 0 85 2 76 96 1 
Bin 15: 67 94 115 12 58 99 8 
Bin 16: 48 66 119 9 15 
Bin 17: 13 79 17 4 46 
Bin 18: 3 51 39 7 95 82 
