# Objective: 18
# Time: 0.267252
# Feasible: 1
# Solution:
Bin 0: 0 90 50 84 47 86 10 9 67 37 
Bin 1: 83 92 111 7 108 36 
Bin 2: 96 117 35 76 116 94 23 4 
Bin 3: 95 53 22 74 17 6 
Bin 4: 113 63 28 16 34 31 
Bin 5: 29 69 20 45 68 104 
Bin 6: 18 72 89 101 38 48 
Bin 7: 42 40 87 107 49 13 97 
Bin 8: 93 56 65 21 82 61 46 
Bin 9: 55 8 79 70 32 62 103 11 
Bin 10: 24 41 39 30 64 
Bin 11: 109 106 52 25 44 1 71 
Bin 12: 105 102 77 85 54 119 
Bin 13: 5 15 51 27 100 73 57 
Bin 14: 75 78 58 115 43 12 91 114 118 
Bin 15: 33 99 80 112 88 
Bin 16: 81 14 98 2 19 59 
Bin 17: 110 60 66 3 26 
