# Objective: 78
# Time: 9.33155
# Feasible: 1
# Solution:
Bin 0: 107 212 376 265 339 
Bin 1: 156 330 492 360 218 56 296 
Bin 2: 367 83 458 400 146 272 66 
Bin 3: 334 52 363 196 162 397 
Bin 4: 9 328 106 167 456 70 80 159 261 
Bin 5: 308 91 172 81 496 393 
Bin 6: 147 58 251 237 88 
Bin 7: 289 325 145 341 310 
Bin 8: 373 358 262 267 366 
Bin 9: 85 185 443 450 163 105 335 498 77 
Bin 10: 465 124 152 420 345 441 
Bin 11: 90 165 327 463 329 
Bin 12: 74 87 72 45 78 
Bin 13: 226 385 240 304 259 
Bin 14: 401 213 241 115 109 134 73 
Bin 15: 233 225 364 201 266 416 67 288 
Bin 16: 391 357 381 368 42 494 356 268 
Bin 17: 188 277 396 370 173 132 394 
Bin 18: 247 27 468 333 476 
Bin 19: 499 98 362 413 169 489 405 
Bin 20: 407 192 313 389 425 143 
Bin 21: 186 22 20 461 392 270 457 
Bin 22: 176 431 455 153 120 116 371 287 
Bin 23: 331 37 128 195 158 
Bin 24: 258 44 493 318 31 
Bin 25: 390 190 244 377 40 
Bin 26: 164 79 475 459 100 36 
Bin 27: 149 92 194 417 410 191 248 404 
Bin 28: 135 193 170 111 204 181 
Bin 29: 274 189 180 388 103 242 481 150 
Bin 30: 123 3 97 126 415 215 427 
Bin 31: 399 284 300 68 436 332 235 452 429 
Bin 32: 224 64 171 209 207 2 424 
Bin 33: 430 275 5 354 321 
Bin 34: 94 490 257 187 21 96 
Bin 35: 89 8 338 374 312 0 
Bin 36: 220 26 298 35 228 41 141 
Bin 37: 113 408 444 280 25 449 
Bin 38: 166 69 453 462 311 24 
Bin 39: 412 477 1 409 197 161 49 297 
Bin 40: 18 232 369 178 54 230 497 33 269 
Bin 41: 433 348 246 46 50 198 
Bin 42: 279 342 301 133 148 125 421 292 
Bin 43: 353 140 137 434 383 359 
Bin 44: 47 283 426 451 222 127 
Bin 45: 71 38 484 349 119 486 10 
Bin 46: 319 11 291 295 252 483 
Bin 47: 219 305 255 23 432 440 151 447 294 
Bin 48: 99 229 464 442 299 343 
Bin 49: 418 174 104 249 214 
Bin 50: 184 57 138 253 406 
Bin 51: 82 108 76 469 382 48 323 
Bin 52: 479 281 256 211 223 
Bin 53: 422 6 243 131 154 278 86 
Bin 54: 485 175 365 402 340 387 
Bin 55: 414 136 487 480 307 221 273 
Bin 56: 326 7 351 471 337 63 14 
Bin 57: 378 43 446 142 419 472 
Bin 58: 361 466 55 346 203 347 395 
Bin 59: 293 29 19 474 15 
Bin 60: 206 112 448 491 384 264 482 271 
Bin 61: 199 157 380 282 239 398 179 488 375 
Bin 62: 254 303 355 117 276 202 250 110 
Bin 63: 93 84 160 314 478 
Bin 64: 208 372 53 344 118 454 379 
Bin 65: 39 183 139 336 51 177 
Bin 66: 263 460 59 61 34 
Bin 67: 62 352 200 182 317 17 285 
Bin 68: 216 102 4 439 445 320 411 
Bin 69: 231 403 12 155 473 
Bin 70: 428 437 309 495 217 95 
Bin 71: 306 286 75 16 65 28 322 
Bin 72: 238 260 130 290 32 324 315 
Bin 73: 13 236 168 386 227 
Bin 74: 205 121 467 129 435 122 
Bin 75: 144 60 210 423 350 302 
Bin 76: 234 114 101 30 438 470 
Bin 77: 245 316 
