# Objective: 45
# Time: 0.338707
# Feasible: 1
# Solution:
Bin 0: 19 24 0 222 130 54 155 
Bin 1: 64 33 52 81 154 143 28 82 87 
Bin 2: 239 98 223 157 212 69 
Bin 3: 35 192 29 180 68 59 248 
Bin 4: 105 65 229 12 232 141 
Bin 5: 173 213 75 191 195 176 
Bin 6: 166 121 123 3 31 149 
Bin 7: 17 11 40 242 174 177 150 94 
Bin 8: 100 152 107 53 30 88 
Bin 9: 104 10 194 102 224 142 
Bin 10: 63 172 62 124 14 
Bin 11: 167 148 182 70 235 48 110 
Bin 12: 18 140 169 240 20 50 
Bin 13: 184 128 196 244 211 15 
Bin 14: 178 186 55 42 147 136 
Bin 15: 133 21 214 103 4 111 
Bin 16: 158 201 227 249 74 113 125 207 
Bin 17: 78 183 243 90 146 204 67 
Bin 18: 245 114 219 46 120 66 
Bin 19: 122 32 238 225 96 138 
Bin 20: 185 160 129 179 49 89 16 200 153 
Bin 21: 151 161 6 95 26 
Bin 22: 187 76 116 190 131 108 
Bin 23: 231 7 13 51 84 99 199 
Bin 24: 57 226 159 228 202 
Bin 25: 193 112 117 209 134 170 163 
Bin 26: 165 118 135 206 44 164 
Bin 27: 162 77 85 198 91 
Bin 28: 36 34 2 37 215 189 
Bin 29: 233 197 39 145 230 168 
Bin 30: 216 97 93 221 203 
Bin 31: 58 236 43 60 
Bin 32: 72 175 22 41 241 
Bin 33: 45 101 106 
Bin 34: 5 86 208 
Bin 35: 156 247 237 
Bin 36: 61 217 144 1 139 27 218 
Bin 37: 188 246 109 9 132 234 
Bin 38: 220 137 71 171 126 
Bin 39: 23 38 47 
Bin 40: 115 79 80 119 25 
Bin 41: 56 181 73 210 8 
Bin 42: 205 
Bin 43: 127 
Bin 44: 83 92 
