# Objective: 18
# Time: 0.371521
# Feasible: 1
# Solution:
Bin 0: 97 32 112 51 30 2 36 59 
Bin 1: 53 52 61 69 73 90 
Bin 2: 106 62 84 94 34 
Bin 3: 66 93 99 111 113 23 0 
Bin 4: 100 9 50 40 70 42 109 110 
Bin 5: 72 91 41 18 46 13 28 45 
Bin 6: 76 68 115 114 19 56 80 
Bin 7: 60 54 55 89 6 39 10 75 44 
Bin 8: 5 29 33 43 77 31 
Bin 9: 27 16 58 57 8 116 
Bin 10: 105 108 3 78 82 74 71 
Bin 11: 65 63 96 95 26 98 49 
Bin 12: 1 118 37 4 87 24 25 
Bin 13: 104 86 102 48 83 38 
Bin 14: 119 117 103 11 22 7 101 
Bin 15: 35 15 14 20 64 
Bin 16: 79 92 85 88 17 
Bin 17: 107 12 67 81 21 47 
