# Objective: 97
# Time: 4.07562
# Feasible: 1
# Solution:
Bin 0: 98 74 157 474 130 122 
Bin 1: 434 23 375 147 214 14 422 
Bin 2: 191 192 196 482 161 333 219 362 342 
Bin 3: 28 55 86 463 67 284 113 
Bin 4: 190 400 20 149 369 25 
Bin 5: 93 94 34 296 445 62 
Bin 6: 271 184 200 81 185 53 
Bin 7: 435 298 475 473 128 146 270 
Bin 8: 376 139 5 210 457 180 
Bin 9: 72 179 367 115 280 323 
Bin 10: 337 288 317 402 212 
Bin 11: 449 339 365 246 
Bin 12: 137 109 396 379 13 417 
Bin 13: 56 395 87 354 216 
Bin 14: 110 398 117 194 231 96 351 
Bin 15: 206 234 349 283 319 141 381 
Bin 16: 36 202 242 33 411 174 
Bin 17: 455 493 256 490 429 358 318 208 
Bin 18: 46 499 285 282 138 95 144 
Bin 19: 24 303 290 198 186 307 345 
Bin 20: 187 437 84 230 328 336 492 
Bin 21: 17 16 199 132 423 52 
Bin 22: 148 43 8 236 71 221 454 
Bin 23: 260 444 232 470 495 35 22 133 456 480 
Bin 24: 189 159 37 382 299 297 394 101 
Bin 25: 168 73 494 247 380 82 163 
Bin 26: 432 6 44 97 325 399 
Bin 27: 59 305 272 160 124 478 30 224 401 
Bin 28: 406 27 241 419 227 10 
Bin 29: 356 213 418 397 
Bin 30: 155 235 105 85 64 312 
Bin 31: 65 173 309 244 182 225 
Bin 32: 111 129 32 374 140 69 412 486 360 
Bin 33: 485 370 346 363 403 229 268 
Bin 34: 438 343 233 226 38 464 
Bin 35: 308 313 156 320 60 393 472 
Bin 36: 315 316 481 265 332 
Bin 37: 19 453 408 392 371 255 
Bin 38: 152 80 63 355 447 452 466 
Bin 39: 295 48 243 344 498 118 
Bin 40: 384 29 145 405 61 209 338 
Bin 41: 353 123 131 391 267 428 
Bin 42: 170 479 489 49 329 92 
Bin 43: 293 57 158 441 327 259 427 311 165 
Bin 44: 245 89 21 302 102 
Bin 45: 274 250 324 153 31 183 188 
Bin 46: 471 249 78 218 39 
Bin 47: 116 341 496 348 383 460 467 
Bin 48: 491 121 251 281 197 
Bin 49: 4 331 248 372 
Bin 50: 300 181 3 291 254 425 
Bin 51: 390 377 442 150 134 7 
Bin 52: 347 476 387 91 257 321 100 237 253 
Bin 53: 450 431 178 469 201 142 166 9 
Bin 54: 461 1 215 488 334 415 409 47 
Bin 55: 483 103 459 277 262 304 
Bin 56: 439 294 
Bin 57: 361 77 83 217 458 
Bin 58: 269 477 443 15 497 462 76 
Bin 59: 273 126 104 169 407 
Bin 60: 368 75 385 484 66 340 448 
Bin 61: 350 176 127 125 314 
Bin 62: 389 90 228 287 404 70 0 
Bin 63: 108 430 68 301 
Bin 64: 143 261 359 306 
Bin 65: 205 193 
Bin 66: 238 42 
Bin 67: 175 322 18 366 54 
Bin 68: 79 106 433 436 410 
Bin 69: 12 421 
Bin 70: 112 465 
Bin 71: 440 263 114 
Bin 72: 239 357 413 136 451 119 177 
Bin 73: 310 151 468 223 
Bin 74: 2 
Bin 75: 45 
Bin 76: 171 424 
Bin 77: 195 330 11 446 164 487 
Bin 78: 107 120 
Bin 79: 378 99 
Bin 80: 41 286 222 258 172 51 
Bin 81: 420 
Bin 82: 207 
Bin 83: 364 
Bin 84: 266 416 275 252 373 352 40 88 326 
Bin 85: 279 
Bin 86: 240 414 203 386 
Bin 87: 220 289 204 278 50 58 
Bin 88: 162 154 292 426 
Bin 89: 388 
Bin 90: 167 
Bin 91: 211 
Bin 92: 276 
Bin 93: 335 
Bin 94: 264 
Bin 95: 135 
Bin 96: 26 
