# Objective: 37
# Time: 2.47775
# Feasible: 1
# Solution:
Bin 0: 57 45 148 208 125 40 246 
Bin 1: 55 133 202 96 52 74 1 147 172 170 
Bin 2: 84 46 149 93 141 223 
Bin 3: 237 110 248 34 26 166 222 235 
Bin 4: 219 39 195 106 105 24 97 
Bin 5: 120 8 47 145 225 169 155 36 
Bin 6: 224 142 0 192 76 25 
Bin 7: 132 61 184 4 122 49 
Bin 8: 43 63 37 164 91 156 
Bin 9: 139 167 175 44 9 187 211 115 
Bin 10: 62 198 16 162 186 60 159 
Bin 11: 99 178 14 161 243 171 
Bin 12: 71 119 143 185 68 65 242 194 
Bin 13: 215 134 207 157 199 70 
Bin 14: 108 102 131 81 173 140 136 153 
Bin 15: 72 82 144 168 101 209 
Bin 16: 22 88 123 163 228 92 245 
Bin 17: 89 197 3 236 66 85 
Bin 18: 247 21 33 181 218 87 56 244 146 
Bin 19: 183 31 190 42 73 28 
Bin 20: 6 205 121 69 212 64 29 
Bin 21: 234 216 151 241 114 118 15 
Bin 22: 188 94 126 135 227 13 11 
Bin 23: 124 238 111 226 78 189 109 77 
Bin 24: 232 200 154 54 150 53 203 
Bin 25: 176 220 177 48 23 138 180 
Bin 26: 204 152 221 206 50 17 233 59 
Bin 27: 2 231 165 90 19 20 27 
Bin 28: 193 182 18 116 240 98 
Bin 29: 191 32 210 117 230 41 79 
Bin 30: 12 214 127 67 35 5 
Bin 31: 112 30 51 7 113 
Bin 32: 137 100 160 104 213 107 
Bin 33: 58 86 239 174 80 
Bin 34: 130 201 129 75 249 
Bin 35: 158 103 196 179 83 38 
Bin 36: 10 229 217 95 128 
