# Objective: 37
# Time: 2.35729
# Feasible: 1
# Solution:
Bin 0: 32 159 205 113 84 24 114 126 
Bin 1: 187 174 191 19 228 40 223 
Bin 2: 12 165 75 147 26 178 
Bin 3: 109 125 55 209 11 80 64 
Bin 4: 112 97 98 6 46 238 156 60 
Bin 5: 149 224 195 204 172 146 93 
Bin 6: 175 96 168 180 67 231 106 
Bin 7: 76 150 129 118 233 171 235 63 
Bin 8: 161 116 192 91 179 
Bin 9: 160 15 107 242 108 237 141 197 
Bin 10: 164 213 61 236 222 59 
Bin 11: 17 138 44 89 101 206 207 243 
Bin 12: 220 22 121 72 249 182 
Bin 13: 133 127 8 10 83 248 87 
Bin 14: 194 81 86 130 181 
Bin 15: 34 48 0 38 66 203 62 
Bin 16: 247 33 36 219 144 210 
Bin 17: 152 148 65 69 35 16 230 
Bin 18: 215 196 212 166 185 131 18 
Bin 19: 28 225 232 186 79 56 68 104 
Bin 20: 7 115 183 221 214 193 
Bin 21: 119 190 143 184 47 162 173 27 
Bin 22: 51 100 70 30 240 188 78 23 
Bin 23: 136 176 43 13 155 71 2 
Bin 24: 169 94 153 111 102 120 39 
Bin 25: 145 226 41 134 58 49 157 
Bin 26: 110 234 74 140 9 189 
Bin 27: 95 105 199 241 117 216 167 
Bin 28: 54 45 21 132 37 57 99 
Bin 29: 82 123 239 31 227 
Bin 30: 88 200 1 124 73 
Bin 31: 52 137 217 139 177 158 246 42 
Bin 32: 50 3 103 53 208 245 
Bin 33: 25 163 202 142 92 170 29 
Bin 34: 244 151 201 85 218 
Bin 35: 211 14 20 135 90 4 154 
Bin 36: 229 77 128 198 5 122 
