# Objective: 150
# Time: 174.789
# Feasible: 1
# Solution:
Bin 0: 314 178 185 955 843 762 357 
Bin 1: 974 919 821 6 747 547 90 
Bin 2: 702 818 209 211 177 179 
Bin 3: 612 152 337 594 770 427 756 
Bin 4: 151 150 182 160 420 592 
Bin 5: 415 675 570 194 958 597 288 424 579 
Bin 6: 411 868 525 467 725 45 940 
Bin 7: 225 91 87 155 245 755 104 
Bin 8: 754 647 833 917 923 373 233 
Bin 9: 479 176 990 476 863 722 
Bin 10: 556 135 641 608 893 512 614 
Bin 11: 300 964 232 912 248 
Bin 12: 837 214 797 959 517 22 49 832 
Bin 13: 729 128 969 888 569 532 474 
Bin 14: 44 475 590 811 335 655 
Bin 15: 820 999 713 201 976 175 263 
Bin 16: 670 707 303 351 692 115 
Bin 17: 913 669 499 703 763 615 683 788 
Bin 18: 875 807 568 234 329 506 
Bin 19: 508 847 764 894 802 
Bin 20: 157 789 804 684 973 860 625 551 
Bin 21: 473 985 972 841 827 63 871 
Bin 22: 950 353 983 299 904 524 256 
Bin 23: 92 282 850 156 321 690 231 239 826 
Bin 24: 80 578 325 633 566 
Bin 25: 759 516 148 265 581 20 
Bin 26: 706 845 298 34 410 124 965 
Bin 27: 640 813 746 195 273 110 472 541 
Bin 28: 389 105 482 30 602 
Bin 29: 477 730 784 699 332 297 786 
Bin 30: 907 931 187 38 859 281 798 
Bin 31: 783 500 864 292 53 595 48 
Bin 32: 816 662 428 617 719 
Bin 33: 659 15 7 962 386 376 408 522 
Bin 34: 957 100 352 471 878 250 12 646 489 
Bin 35: 316 721 769 743 558 520 874 
Bin 36: 509 739 882 129 107 132 404 846 
Bin 37: 708 757 609 644 986 41 
Bin 38: 73 741 95 426 302 
Bin 39: 910 493 978 466 125 144 749 
Bin 40: 208 883 64 241 808 
Bin 41: 361 127 718 192 46 925 430 
Bin 42: 480 348 398 501 779 492 
Bin 43: 143 19 452 610 235 619 
Bin 44: 682 453 84 511 616 623 402 
Bin 45: 417 451 364 984 651 812 487 727 
Bin 46: 486 320 81 183 412 885 
Bin 47: 485 75 249 892 393 76 83 918 66 905 
Bin 48: 858 262 599 853 448 268 586 
Bin 49: 897 289 963 279 438 
Bin 50: 145 507 346 305 548 312 
Bin 51: 869 362 184 260 995 441 181 
Bin 52: 153 324 562 776 613 800 
Bin 53: 407 274 409 223 636 603 414 
Bin 54: 383 170 648 2 528 218 33 
Bin 55: 275 538 359 356 9 989 24 
Bin 56: 35 213 944 620 188 
Bin 57: 13 468 343 887 284 
Bin 58: 956 122 557 554 202 403 
Bin 59: 264 992 772 322 384 17 166 
Bin 60: 977 700 536 927 576 698 
Bin 61: 951 368 400 716 270 582 88 
Bin 62: 639 28 470 216 237 688 680 
Bin 63: 855 221 280 112 934 862 206 
Bin 64: 111 379 941 3 665 970 717 
Bin 65: 521 226 765 89 169 349 
Bin 66: 666 711 842 109 653 948 306 161 
Bin 67: 309 939 371 139 168 
Bin 68: 469 227 544 549 26 748 
Bin 69: 628 215 102 574 287 715 372 
Bin 70: 588 668 672 896 205 315 433 
Bin 71: 667 527 531 310 796 311 571 
Bin 72: 830 577 374 456 228 
Bin 73: 421 278 138 685 993 375 
Bin 74: 710 676 37 419 32 
Bin 75: 661 291 555 230 952 540 434 
Bin 76: 11 313 290 137 634 691 
Bin 77: 25 162 363 750 119 27 42 914 
Bin 78: 817 146 394 745 879 163 498 
Bin 79: 283 906 861 141 443 854 660 645 924 
Bin 80: 761 121 889 8 502 926 777 
Bin 81: 687 114 505 440 347 533 
Bin 82: 736 563 534 723 172 380 
Bin 83: 867 390 193 526 949 942 341 982 
Bin 84: 50 705 460 331 429 825 805 277 
Bin 85: 922 61 767 340 513 794 
Bin 86: 252 130 43 979 14 695 207 
Bin 87: 637 333 10 583 938 198 116 
Bin 88: 334 991 734 293 295 382 
Bin 89: 728 406 587 71 631 308 174 212 
Bin 90: 39 377 149 217 565 
Bin 91: 735 74 980 257 915 902 561 658 
Bin 92: 876 401 464 530 773 997 392 
Bin 93: 345 593 624 642 190 
Bin 94: 52 259 785 86 338 365 737 204 
Bin 95: 572 899 495 994 1 635 29 
Bin 96: 801 545 147 396 68 953 866 
Bin 97: 0 23 598 604 890 778 
Bin 98: 504 381 269 154 758 967 627 
Bin 99: 503 36 58 171 803 463 
Bin 100: 16 677 966 996 930 638 243 
Bin 101: 413 246 120 696 367 564 67 689 
Bin 102: 118 360 133 828 317 539 654 
Bin 103: 131 920 886 712 799 
Bin 104: 496 911 350 457 395 840 809 
Bin 105: 650 378 436 70 21 296 622 
Bin 106: 240 535 483 425 709 455 601 
Bin 107: 589 158 56 461 814 605 
Bin 108: 266 720 611 442 444 106 618 
Bin 109: 180 751 824 960 836 326 780 
Bin 110: 514 258 497 422 140 285 
Bin 111: 307 93 186 697 447 851 
Bin 112: 629 884 494 82 971 458 200 
Bin 113: 510 834 663 829 354 113 935 988 255 
Bin 114: 385 191 674 542 559 31 210 903 550 
Bin 115: 342 791 981 936 220 877 775 
Bin 116: 908 731 686 387 768 693 
Bin 117: 323 484 810 552 254 
Bin 118: 449 968 831 164 898 
Bin 119: 998 873 51 664 678 366 
Bin 120: 865 790 752 891 319 987 
Bin 121: 108 236 943 954 738 630 792 397 
Bin 122: 253 567 276 740 327 961 
Bin 123: 793 450 766 744 947 838 
Bin 124: 336 478 54 835 196 261 
Bin 125: 852 242 72 932 219 870 518 
Bin 126: 901 446 18 553 47 606 
Bin 127: 437 203 229 839 652 272 742 
Bin 128: 626 632 481 844 591 
Bin 129: 159 142 454 369 103 
Bin 130: 657 55 815 488 649 546 621 
Bin 131: 946 462 304 787 286 123 671 459 
Bin 132: 416 822 656 391 929 59 
Bin 133: 465 78 435 596 600 251 
Bin 134: 405 694 199 673 491 857 724 681 
Bin 135: 872 916 244 856 134 97 339 848 
Bin 136: 388 4 781 399 523 701 921 328 
Bin 137: 733 165 490 774 585 
Bin 138: 753 271 85 126 318 222 
Bin 139: 519 79 77 60 975 900 197 
Bin 140: 515 575 771 301 57 573 
Bin 141: 760 370 439 224 928 62 560 
Bin 142: 580 445 40 69 267 
Bin 143: 909 714 895 238 344 880 98 418 
Bin 144: 529 881 704 819 431 823 
Bin 145: 136 945 5 330 795 937 584 358 423 
Bin 146: 643 726 432 101 117 247 
Bin 147: 294 782 65 96 732 806 
Bin 148: 679 173 189 607 933 537 
Bin 149: 355 849 543 167 94 99 
