# Objective: 147
# Time: 155.418
# Feasible: 1
# Solution:
Bin 0: 711 647 541 572 821 906 530 152 
Bin 1: 176 557 770 702 741 256 
Bin 2: 605 963 736 975 904 
Bin 3: 121 235 898 88 767 
Bin 4: 196 208 564 490 668 
Bin 5: 47 918 717 306 787 
Bin 6: 598 691 395 676 633 102 940 804 
Bin 7: 399 813 944 765 998 470 148 872 
Bin 8: 589 657 195 735 808 142 393 
Bin 9: 502 201 295 738 863 
Bin 10: 163 848 21 755 554 943 
Bin 11: 178 800 953 336 422 321 969 
Bin 12: 85 244 24 304 484 
Bin 13: 977 340 78 103 619 40 339 889 
Bin 14: 93 127 901 332 6 815 2 
Bin 15: 878 181 673 881 638 
Bin 16: 622 377 111 566 466 305 709 744 
Bin 17: 75 63 65 300 245 215 892 
Bin 18: 991 981 971 223 931 699 
Bin 19: 122 368 488 413 772 333 442 
Bin 20: 373 90 973 846 22 257 948 
Bin 21: 707 451 525 703 15 942 501 769 
Bin 22: 806 670 628 984 505 187 891 
Bin 23: 835 883 219 141 864 664 908 678 
Bin 24: 98 419 850 194 694 833 
Bin 25: 938 852 440 165 834 515 706 261 
Bin 26: 175 610 704 818 546 216 251 464 
Bin 27: 482 698 289 410 779 260 565 547 
Bin 28: 957 366 606 909 552 317 
Bin 29: 586 283 504 58 719 896 452 537 
Bin 30: 381 113 978 955 89 635 578 38 
Bin 31: 16 322 403 687 278 174 
Bin 32: 644 988 352 705 272 
Bin 33: 313 689 871 922 303 71 964 
Bin 34: 224 221 241 905 430 894 669 
Bin 35: 179 989 967 285 140 169 
Bin 36: 198 96 323 55 485 910 160 49 
Bin 37: 697 874 733 172 214 
Bin 38: 154 522 677 816 924 343 119 254 
Bin 39: 607 132 330 523 584 771 312 
Bin 40: 579 659 536 724 355 
Bin 41: 752 417 136 551 382 843 
Bin 42: 941 841 28 862 233 134 746 
Bin 43: 5 879 173 496 739 131 745 
Bin 44: 974 277 206 695 521 636 731 820 
Bin 45: 847 569 593 650 773 471 432 
Bin 46: 390 727 384 497 197 492 999 928 66 
Bin 47: 327 481 489 69 837 491 
Bin 48: 455 509 474 371 912 
Bin 49: 149 597 867 405 188 603 624 
Bin 50: 987 138 296 356 12 758 543 402 710 19 
Bin 51: 840 171 993 939 104 192 531 574 13 
Bin 52: 459 184 495 591 696 927 446 
Bin 53: 775 788 9 983 513 790 126 595 
Bin 54: 583 76 797 477 161 218 588 
Bin 55: 57 533 360 394 965 876 959 
Bin 56: 463 114 829 298 675 
Bin 57: 353 59 545 441 274 
Bin 58: 786 428 109 780 43 992 
Bin 59: 253 473 653 897 609 284 308 
Bin 60: 401 311 301 658 877 742 372 604 
Bin 61: 567 112 682 854 378 
Bin 62: 319 193 203 649 534 761 762 
Bin 63: 146 248 110 690 936 259 520 
Bin 64: 291 255 540 155 560 84 191 7 997 
Bin 65: 99 915 108 643 839 20 247 415 
Bin 66: 539 97 429 701 139 518 
Bin 67: 167 357 266 124 100 503 914 722 116 
Bin 68: 158 923 601 462 880 123 
Bin 69: 639 573 596 956 652 631 
Bin 70: 476 823 570 612 212 
Bin 71: 36 190 448 895 409 751 916 
Bin 72: 344 101 875 930 728 
Bin 73: 811 35 535 500 626 189 
Bin 74: 263 129 580 365 507 747 976 558 548 
Bin 75: 425 757 246 79 70 
Bin 76: 83 367 282 23 164 511 350 
Bin 77: 662 890 434 824 400 985 228 
Bin 78: 887 337 389 454 830 
Bin 79: 60 236 608 625 418 147 648 
Bin 80: 180 397 600 287 72 516 
Bin 81: 423 995 672 789 362 810 457 
Bin 82: 51 177 616 242 213 209 
Bin 83: 785 654 450 468 968 369 
Bin 84: 822 125 637 315 900 990 
Bin 85: 674 237 920 475 851 671 
Bin 86: 280 427 326 95 183 380 544 379 
Bin 87: 386 268 899 819 946 611 
Bin 88: 656 421 748 231 433 870 524 18 34 
Bin 89: 460 708 665 721 679 960 582 
Bin 90: 859 655 374 585 805 793 958 726 
Bin 91: 62 26 437 849 618 528 621 933 
Bin 92: 962 529 250 832 683 447 107 
Bin 93: 563 387 532 56 80 87 294 290 
Bin 94: 630 166 844 302 961 375 262 882 364 686 
Bin 95: 458 602 483 884 749 335 774 
Bin 96: 809 861 750 594 756 873 620 
Bin 97: 472 766 324 929 951 494 
Bin 98: 345 549 68 388 617 947 842 
Bin 99: 145 217 182 347 225 700 227 
Bin 100: 186 510 33 768 354 106 
Bin 101: 499 416 860 297 949 760 
Bin 102: 561 917 666 461 385 623 370 
Bin 103: 996 934 972 238 320 777 92 
Bin 104: 571 478 577 869 827 252 
Bin 105: 267 688 783 857 349 826 480 
Bin 106: 239 866 39 396 803 935 
Bin 107: 67 562 436 729 157 730 559 
Bin 108: 31 627 286 919 299 952 4 
Bin 109: 831 778 937 128 519 293 258 
Bin 110: 615 292 856 812 553 925 204 
Bin 111: 486 220 137 162 407 443 398 435 
Bin 112: 361 713 718 314 782 868 
Bin 113: 143 845 568 50 814 493 
Bin 114: 453 681 346 309 205 685 334 
Bin 115: 663 168 802 641 979 506 
Bin 116: 853 318 576 74 325 426 27 53 1 
Bin 117: 921 838 431 420 338 151 269 
Bin 118: 986 279 185 249 17 207 61 512 273 888 
Bin 119: 645 64 723 753 801 836 82 
Bin 120: 81 661 52 517 646 199 692 945 
Bin 121: 825 632 150 581 222 994 342 932 
Bin 122: 634 404 408 716 913 680 
Bin 123: 118 792 799 156 660 0 264 
Bin 124: 982 135 8 115 91 73 
Bin 125: 271 48 798 966 980 950 
Bin 126: 351 411 348 232 329 556 
Bin 127: 444 376 740 117 202 
Bin 128: 46 885 144 693 310 456 599 794 642 
Bin 129: 424 907 542 25 527 211 363 
Bin 130: 791 784 30 359 226 32 
Bin 131: 445 229 776 449 77 170 275 14 715 
Bin 132: 926 130 712 153 105 288 
Bin 133: 828 555 10 954 759 613 781 469 
Bin 134: 210 614 42 550 743 383 
Bin 135: 240 391 467 575 270 903 807 
Bin 136: 754 414 276 737 763 
Bin 137: 796 41 120 911 29 
Bin 138: 902 133 281 629 159 725 640 234 
Bin 139: 412 358 514 243 94 331 684 855 230 
Bin 140: 667 392 795 651 341 
Bin 141: 592 439 54 3 406 200 720 
Bin 142: 498 479 538 732 307 587 
Bin 143: 970 893 526 37 465 714 
Bin 144: 865 11 508 316 487 764 
Bin 145: 328 886 45 265 86 590 
Bin 146: 734 44 438 858 817 
