# Objective: 18
# Time: 0.164092
# Feasible: 1
# Solution:
Bin 0: 47 41 84 85 12 103 30 94 
Bin 1: 1 58 3 76 73 40 27 
Bin 2: 96 53 17 66 63 34 
Bin 3: 60 33 89 5 51 38 
Bin 4: 87 74 55 68 31 52 
Bin 5: 118 69 11 105 57 115 117 
Bin 6: 21 35 91 107 80 26 2 
Bin 7: 49 65 70 100 18 56 75 
Bin 8: 19 98 9 44 29 102 59 95 
Bin 9: 116 83 101 10 36 109 
Bin 10: 14 22 104 67 16 88 50 0 
Bin 11: 114 25 20 113 61 77 39 111 
Bin 12: 97 81 48 8 6 24 46 
Bin 13: 13 119 108 64 79 15 28 
Bin 14: 72 110 43 90 78 45 
Bin 15: 4 37 92 99 82 
Bin 16: 86 93 7 106 32 42 62 
Bin 17: 71 54 112 23 
