# Objective: 45
# Time: 0.441411
# Feasible: 1
# Solution:
Bin 0: 185 99 62 237 154 47 31 
Bin 1: 133 241 189 15 214 132 208 
Bin 2: 169 190 236 233 161 222 
Bin 3: 239 67 248 73 147 52 144 143 
Bin 4: 5 217 97 246 44 32 
Bin 5: 56 196 138 137 243 226 134 
Bin 6: 195 98 110 205 227 
Bin 7: 57 68 4 14 59 213 125 
Bin 8: 70 41 197 149 232 148 231 
Bin 9: 105 95 55 16 20 130 
Bin 10: 244 141 17 49 167 247 
Bin 11: 39 50 64 116 223 
Bin 12: 212 25 230 40 198 192 220 
Bin 13: 127 215 191 168 86 219 74 
Bin 14: 19 175 224 82 225 156 242 
Bin 15: 29 76 228 162 101 
Bin 16: 60 10 43 24 129 111 
Bin 17: 135 145 104 91 26 157 113 
Bin 18: 69 80 166 12 
Bin 19: 78 3 181 22 
Bin 20: 136 176 2 109 27 100 
Bin 21: 170 21 77 200 66 72 
Bin 22: 83 177 199 221 84 103 
Bin 23: 117 81 216 88 235 96 229 
Bin 24: 160 42 183 92 238 122 
Bin 25: 155 9 204 182 210 203 
Bin 26: 153 7 164 38 150 123 151 
Bin 27: 94 165 118 119 8 139 1 13 
Bin 28: 112 249 75 71 48 93 194 35 
Bin 29: 178 201 53 
Bin 30: 131 179 126 45 33 
Bin 31: 36 108 152 172 120 30 163 
Bin 32: 51 102 37 6 46 18 90 
Bin 33: 245 124 171 107 202 85 
Bin 34: 207 54 128 193 
Bin 35: 61 142 211 240 65 121 
Bin 36: 158 218 58 89 
Bin 37: 206 174 159 28 34 11 
Bin 38: 186 114 23 87 
Bin 39: 184 209 0 146 
Bin 40: 115 140 234 180 
Bin 41: 79 106 187 
Bin 42: 63 
Bin 43: 173 
Bin 44: 188 
