# Objective: 19
# Time: 0.229822
# Feasible: 1
# Solution:
Bin 0: 65 44 103 19 107 11 21 
Bin 1: 52 42 28 18 85 68 84 4 34 
Bin 2: 7 116 93 108 74 66 10 
Bin 3: 39 13 8 33 117 82 
Bin 4: 26 104 58 40 111 0 63 
Bin 5: 3 70 75 81 101 5 
Bin 6: 36 76 87 27 118 
Bin 7: 14 46 77 78 94 64 2 
Bin 8: 50 89 90 15 69 
Bin 9: 41 57 29 1 22 99 
Bin 10: 73 110 92 6 55 37 
Bin 11: 56 114 97 45 86 88 113 119 
Bin 12: 32 49 79 60 102 24 
Bin 13: 54 71 67 43 16 80 
Bin 14: 72 25 109 9 100 
Bin 15: 38 30 53 59 96 95 
Bin 16: 12 17 112 105 47 83 
Bin 17: 35 23 61 106 20 48 
Bin 18: 98 31 51 62 115 91 
