# Objective: 101
# Time: 2.42145
# Feasible: 1
# Solution:
Bin 0: 115 311 490 105 309 405 
Bin 1: 158 460 335 111 86 406 353 
Bin 2: 389 400 383 487 25 483 164 
Bin 3: 467 274 256 2 240 260 269 356 5 26 
Bin 4: 457 103 168 317 308 409 197 
Bin 5: 200 418 290 447 278 123 322 279 
Bin 6: 90 69 423 296 338 134 
Bin 7: 363 30 53 281 132 155 40 
Bin 8: 342 29 163 110 176 174 410 
Bin 9: 243 249 150 276 298 64 
Bin 10: 233 449 446 230 350 378 153 438 
Bin 11: 135 4 417 459 51 7 444 
Bin 12: 59 24 20 94 343 203 
Bin 13: 380 196 461 466 430 246 
Bin 14: 316 426 83 248 473 431 159 
Bin 15: 299 31 333 139 145 118 
Bin 16: 385 67 433 257 368 
Bin 17: 206 74 288 70 386 98 232 
Bin 18: 48 34 107 209 371 476 272 104 323 
Bin 19: 440 225 382 401 364 122 184 
Bin 20: 352 435 453 130 336 138 347 
Bin 21: 186 411 432 19 194 292 23 
Bin 22: 37 56 78 331 222 491 367 180 
Bin 23: 216 127 213 183 489 470 36 
Bin 24: 190 427 189 341 55 
Bin 25: 267 355 374 136 354 76 
Bin 26: 235 156 129 481 441 
Bin 27: 38 351 237 250 241 391 477 498 381 
Bin 28: 339 137 357 462 154 15 106 85 27 
Bin 29: 87 238 208 144 161 49 119 
Bin 30: 275 415 392 0 
Bin 31: 170 146 455 327 217 359 84 
Bin 32: 422 416 140 261 185 212 210 229 191 66 499 
Bin 33: 126 366 192 398 287 360 
Bin 34: 148 223 226 305 
Bin 35: 100 28 478 128 12 251 
Bin 36: 202 291 112 18 16 
Bin 37: 437 179 297 102 484 
Bin 38: 280 188 394 47 89 1 472 
Bin 39: 314 60 425 221 88 
Bin 40: 482 332 173 464 402 207 420 113 
Bin 41: 143 313 219 301 77 149 439 497 300 
Bin 42: 114 375 266 17 131 428 
Bin 43: 42 93 187 96 220 
Bin 44: 358 263 245 318 39 414 
Bin 45: 412 348 362 160 387 
Bin 46: 340 436 22 151 492 303 218 
Bin 47: 321 320 304 407 452 330 
Bin 48: 71 236 312 369 495 315 
Bin 49: 494 79 201 54 302 
Bin 50: 152 205 231 403 
Bin 51: 234 33 32 14 488 
Bin 52: 169 282 469 349 255 396 
Bin 53: 57 346 133 11 162 264 
Bin 54: 388 370 271 424 496 
Bin 55: 247 325 384 284 404 
Bin 56: 121 
Bin 57: 214 277 474 242 
Bin 58: 6 46 442 393 
Bin 59: 454 307 178 97 81 429 273 
Bin 60: 166 258 61 293 211 
Bin 61: 82 306 463 493 193 68 408 445 283 
Bin 62: 120 485 92 175 3 254 109 
Bin 63: 479 142 458 294 252 295 
Bin 64: 334 215 365 324 10 390 52 
Bin 65: 337 124 
Bin 66: 72 471 171 125 227 
Bin 67: 177 486 165 204 
Bin 68: 286 468 65 13 117 
Bin 69: 265 116 372 108 
Bin 70: 451 475 141 
Bin 71: 259 62 9 198 
Bin 72: 328 465 75 376 
Bin 73: 285 448 195 373 
Bin 74: 377 244 44 253 45 262 
Bin 75: 344 
Bin 76: 63 
Bin 77: 157 95 
Bin 78: 395 
Bin 79: 21 58 73 329 
Bin 80: 345 397 421 
Bin 81: 181 413 
Bin 82: 167 450 
Bin 83: 91 268 
Bin 84: 480 147 
Bin 85: 99 361 434 
Bin 86: 35 50 
Bin 87: 101 
Bin 88: 419 199 443 
Bin 89: 43 
Bin 90: 270 456 
Bin 91: 172 326 239 
Bin 92: 182 8 80 
Bin 93: 41 
Bin 94: 224 
Bin 95: 228 
Bin 96: 310 
Bin 97: 289 
Bin 98: 319 
Bin 99: 399 
Bin 100: 379 
