# Objective: 17
# Time: 0.305699
# Feasible: 1
# Solution:
Bin 0: 78 91 83 54 111 50 58 
Bin 1: 62 112 12 107 66 52 119 
Bin 2: 118 70 40 93 23 14 
Bin 3: 71 51 79 18 80 90 94 
Bin 4: 20 41 26 25 35 46 76 106 
Bin 5: 88 29 92 87 116 37 
Bin 6: 65 33 72 1 48 67 95 114 
Bin 7: 73 45 82 86 9 108 113 
Bin 8: 27 32 24 96 109 64 110 28 
Bin 9: 10 85 17 19 63 42 11 
Bin 10: 102 4 104 2 43 103 101 31 
Bin 11: 60 6 47 44 59 16 
Bin 12: 21 49 61 81 3 
Bin 13: 8 13 15 5 53 34 77 74 117 
Bin 14: 99 100 36 38 105 97 39 84 30 
Bin 15: 75 98 57 55 56 
Bin 16: 22 115 68 7 69 0 89 
