# Objective: 39
# Time: 2.37717
# Feasible: 1
# Solution:
Bin 0: 147 104 176 19 221 88 
Bin 1: 210 187 128 193 164 208 101 
Bin 2: 65 205 135 48 22 226 25 
Bin 3: 92 45 72 39 82 206 213 
Bin 4: 121 215 125 183 80 28 133 
Bin 5: 151 196 241 165 113 71 142 232 
Bin 6: 70 18 115 186 195 216 152 
Bin 7: 138 175 41 179 240 
Bin 8: 44 112 218 99 116 220 
Bin 9: 9 17 129 117 94 64 130 
Bin 10: 20 66 174 180 111 36 238 227 
Bin 11: 233 23 163 181 202 31 15 
Bin 12: 141 8 109 26 136 47 
Bin 13: 139 178 170 30 160 42 
Bin 14: 51 34 89 184 118 78 
Bin 15: 35 76 0 107 169 150 
Bin 16: 156 154 242 59 57 145 
Bin 17: 204 10 91 13 217 11 
Bin 18: 124 249 38 237 149 155 
Bin 19: 46 84 167 247 5 
Bin 20: 120 222 53 29 194 75 211 
Bin 21: 60 100 234 192 56 79 228 
Bin 22: 27 49 229 86 32 239 190 
Bin 23: 185 61 122 177 219 158 
Bin 24: 244 143 203 96 12 171 
Bin 25: 114 162 161 243 144 236 98 
Bin 26: 191 223 197 14 173 74 67 212 
Bin 27: 81 110 16 168 189 134 52 
Bin 28: 50 97 2 172 140 119 105 
Bin 29: 87 62 108 24 123 153 
Bin 30: 146 246 159 7 93 
Bin 31: 43 188 166 209 103 
Bin 32: 54 21 58 95 182 33 198 
Bin 33: 248 37 85 127 6 199 
Bin 34: 235 231 157 225 126 68 
Bin 35: 230 40 63 3 1 
Bin 36: 55 131 102 224 69 
Bin 37: 106 132 77 4 245 148 90 137 
Bin 38: 214 73 200 83 207 201 
