# Objective: 74
# Time: 21.2263
# Feasible: 1
# Solution:
Bin 0: 483 418 342 313 13 175 343 347 77 
Bin 1: 253 367 417 299 300 106 
Bin 2: 67 69 111 419 103 461 345 179 
Bin 3: 423 89 368 490 128 456 210 6 65 
Bin 4: 291 381 270 200 465 150 425 
Bin 5: 56 235 102 449 359 239 304 116 
Bin 6: 432 222 55 64 26 185 
Bin 7: 356 284 95 39 250 252 138 
Bin 8: 38 444 400 227 303 114 97 
Bin 9: 5 327 108 197 338 382 322 
Bin 10: 271 53 277 489 21 195 
Bin 11: 247 305 144 457 203 141 476 
Bin 12: 470 395 439 321 163 325 384 
Bin 13: 22 361 68 402 475 249 269 
Bin 14: 428 491 164 176 27 15 118 377 34 
Bin 15: 207 45 458 352 166 151 160 
Bin 16: 251 415 358 438 435 295 420 
Bin 17: 109 403 182 373 406 220 224 
Bin 18: 9 390 48 452 92 288 
Bin 19: 477 329 219 18 486 492 485 137 346 
Bin 20: 301 228 443 143 285 206 173 357 
Bin 21: 314 482 60 61 460 104 372 
Bin 22: 386 184 292 198 280 221 101 498 
Bin 23: 16 330 129 157 10 360 80 
Bin 24: 147 281 388 445 158 
Bin 25: 125 499 14 139 52 369 209 135 335 
Bin 26: 145 74 431 189 434 479 348 374 
Bin 27: 363 430 36 315 413 154 
Bin 28: 242 302 267 286 426 193 
Bin 29: 168 91 464 414 211 424 
Bin 30: 298 165 310 76 180 290 
Bin 31: 1 86 275 83 383 376 379 161 
Bin 32: 339 123 30 133 50 265 25 88 
Bin 33: 394 293 71 3 117 33 
Bin 34: 20 87 244 283 404 480 389 
Bin 35: 81 407 201 112 463 263 
Bin 36: 178 344 459 450 391 126 0 
Bin 37: 188 349 416 107 78 93 110 340 
Bin 38: 472 332 231 41 258 29 307 
Bin 39: 237 497 7 353 82 186 
Bin 40: 495 240 73 31 19 8 468 
Bin 41: 100 43 282 289 422 
Bin 42: 149 202 278 324 257 474 130 
Bin 43: 28 453 66 473 409 484 17 
Bin 44: 58 319 142 393 401 152 236 
Bin 45: 12 469 245 194 127 121 447 
Bin 46: 412 35 478 454 441 405 131 63 
Bin 47: 440 162 272 49 230 387 296 
Bin 48: 134 433 212 183 462 427 
Bin 49: 365 170 246 54 328 436 181 260 
Bin 50: 122 451 23 187 336 
Bin 51: 261 375 306 421 487 446 105 124 333 
Bin 52: 392 274 223 408 399 279 
Bin 53: 350 177 37 4 99 268 
Bin 54: 316 337 455 437 467 
Bin 55: 115 132 248 354 191 
Bin 56: 294 225 42 46 167 331 
Bin 57: 385 72 215 396 442 241 233 
Bin 58: 276 481 148 471 366 214 
Bin 59: 255 323 171 218 266 94 98 256 496 
Bin 60: 172 156 466 136 243 
Bin 61: 192 190 318 234 320 362 169 370 
Bin 62: 398 264 334 488 297 51 411 
Bin 63: 493 32 196 119 371 351 287 
Bin 64: 448 312 229 2 213 
Bin 65: 380 208 199 341 308 317 
Bin 66: 262 85 309 47 44 140 
Bin 67: 120 311 326 113 204 90 
Bin 68: 429 378 355 146 410 232 
Bin 69: 155 259 273 11 84 
Bin 70: 174 159 59 238 397 226 
Bin 71: 205 494 62 364 79 
Bin 72: 75 153 57 254 217 
Bin 73: 40 24 96 216 70 
