# Objective: 47
# Time: 0.38127
# Feasible: 1
# Solution:
Bin 0: 89 10 54 128 29 
Bin 1: 142 131 231 172 206 
Bin 2: 3 203 51 120 72 230 70 
Bin 3: 187 202 215 106 141 197 209 
Bin 4: 134 201 99 161 90 247 
Bin 5: 44 105 108 19 184 
Bin 6: 228 164 45 182 176 204 146 
Bin 7: 140 61 71 16 34 63 
Bin 8: 208 138 189 47 148 194 157 123 
Bin 9: 210 180 74 35 30 111 83 
Bin 10: 236 245 239 50 110 96 82 153 
Bin 11: 190 246 2 86 242 248 
Bin 12: 165 36 95 229 92 80 93 55 53 78 
Bin 13: 145 41 42 227 25 222 
Bin 14: 151 23 152 179 101 214 113 
Bin 15: 114 76 75 31 166 233 225 
Bin 16: 133 129 205 181 79 200 124 
Bin 17: 159 219 174 14 57 177 
Bin 18: 188 9 69 122 81 234 238 
Bin 19: 91 207 7 59 62 24 192 
Bin 20: 132 98 171 1 112 87 117 175 
Bin 21: 149 48 109 244 39 158 
Bin 22: 65 60 21 67 135 185 12 56 
Bin 23: 68 237 186 6 155 139 
Bin 24: 130 4 94 100 154 
Bin 25: 26 191 221 115 0 88 107 125 85 
Bin 26: 196 249 32 52 97 
Bin 27: 121 13 144 27 8 118 38 220 
Bin 28: 178 102 156 66 226 18 
Bin 29: 217 84 147 170 240 
Bin 30: 163 33 43 116 37 
Bin 31: 224 136 137 212 232 
Bin 32: 169 211 160 243 235 
Bin 33: 216 199 17 104 
Bin 34: 127 162 
Bin 35: 168 20 49 
Bin 36: 173 
Bin 37: 58 40 15 
Bin 38: 223 
Bin 39: 73 
Bin 40: 167 28 198 
Bin 41: 11 183 
Bin 42: 64 103 119 195 213 46 
Bin 43: 218 22 241 77 5 143 
Bin 44: 150 
Bin 45: 193 
Bin 46: 126 
