# Objective: 39
# Time: 2.28567
# Feasible: 1
# Solution:
Bin 0: 149 105 56 151 0 150 248 142 
Bin 1: 46 114 153 188 208 7 
Bin 2: 58 49 216 235 178 57 174 
Bin 3: 194 214 230 162 239 164 76 199 
Bin 4: 91 61 195 55 84 65 
Bin 5: 143 124 203 220 155 86 
Bin 6: 109 148 207 59 116 98 43 
Bin 7: 97 103 111 213 108 223 
Bin 8: 88 129 115 138 10 166 
Bin 9: 130 136 238 64 163 233 
Bin 10: 202 147 121 175 140 51 125 
Bin 11: 112 122 92 8 219 89 167 
Bin 12: 211 240 117 77 39 14 
Bin 13: 95 52 36 38 118 
Bin 14: 144 12 180 170 80 179 
Bin 15: 15 146 176 66 247 87 
Bin 16: 184 34 3 193 9 
Bin 17: 181 18 126 201 13 132 1 157 
Bin 18: 99 11 40 48 78 
Bin 19: 187 2 26 232 139 127 222 70 249 
Bin 20: 154 206 120 37 27 231 
Bin 21: 158 156 119 74 218 159 33 54 
Bin 22: 102 30 229 23 197 83 20 75 
Bin 23: 62 94 228 45 135 
Bin 24: 25 224 17 172 137 169 209 28 
Bin 25: 243 217 16 134 68 141 19 133 
Bin 26: 227 145 101 225 185 
Bin 27: 204 113 85 205 50 
Bin 28: 69 100 82 215 73 110 6 
Bin 29: 60 22 237 234 246 160 
Bin 30: 5 90 67 161 242 189 186 152 
Bin 31: 81 128 104 71 191 96 
Bin 32: 200 79 93 131 106 35 
Bin 33: 63 107 72 41 192 244 198 
Bin 34: 32 221 4 53 236 123 
Bin 35: 190 177 212 24 42 
Bin 36: 196 47 31 173 183 
Bin 37: 226 29 171 241 245 
Bin 38: 165 21 182 168 210 44 
