# Objective: 76
# Time: 16.7733
# Feasible: 1
# Solution:
Bin 0: 339 138 315 429 16 66 406 498 
Bin 1: 78 305 349 473 88 54 
Bin 2: 264 146 5 51 134 412 177 369 
Bin 3: 495 292 179 480 150 326 447 379 
Bin 4: 468 417 251 200 320 284 
Bin 5: 250 434 162 300 345 477 
Bin 6: 372 370 41 24 459 297 
Bin 7: 90 96 457 27 57 58 56 
Bin 8: 470 122 100 1 153 
Bin 9: 348 55 393 242 334 441 358 
Bin 10: 241 280 435 397 105 
Bin 11: 499 38 86 410 173 331 483 191 
Bin 12: 190 260 270 322 127 176 
Bin 13: 126 148 257 317 378 
Bin 14: 439 10 247 458 61 157 
Bin 15: 375 309 311 180 476 2 
Bin 16: 121 494 129 307 135 8 
Bin 17: 3 9 201 172 252 7 243 30 487 
Bin 18: 175 478 110 281 223 59 
Bin 19: 418 346 128 438 338 367 
Bin 20: 248 232 289 453 28 419 422 
Bin 21: 355 181 102 125 481 330 154 
Bin 22: 351 276 426 93 482 371 4 53 
Bin 23: 111 272 29 32 216 187 340 
Bin 24: 286 258 442 98 170 
Bin 25: 254 142 388 207 391 114 328 430 
Bin 26: 496 220 249 83 402 
Bin 27: 196 443 67 335 465 475 69 
Bin 28: 424 189 36 333 19 350 
Bin 29: 295 294 461 327 165 
Bin 30: 373 13 45 382 387 225 92 
Bin 31: 123 224 206 323 198 213 363 169 
Bin 32: 255 267 287 450 296 
Bin 33: 186 360 113 42 407 
Bin 34: 490 376 182 282 47 433 202 
Bin 35: 133 40 347 392 184 80 
Bin 36: 21 17 185 183 112 341 
Bin 37: 39 137 445 310 37 273 
Bin 38: 259 204 274 77 50 119 
Bin 39: 52 199 455 108 344 79 212 178 
Bin 40: 118 384 46 136 94 167 423 
Bin 41: 109 271 244 246 87 18 
Bin 42: 381 140 304 431 20 171 404 414 
Bin 43: 469 22 229 275 364 62 
Bin 44: 104 474 156 308 238 72 
Bin 45: 106 462 15 396 231 63 95 365 
Bin 46: 70 74 319 120 117 
Bin 47: 456 342 164 222 209 303 
Bin 48: 155 471 399 283 131 362 208 235 
Bin 49: 107 34 464 377 489 
Bin 50: 194 293 437 197 76 130 324 454 43 
Bin 51: 444 266 168 472 291 390 
Bin 52: 145 420 203 11 484 
Bin 53: 192 479 416 467 23 466 219 
Bin 54: 89 26 386 413 321 132 
Bin 55: 325 290 288 141 343 337 269 336 
Bin 56: 415 35 228 115 166 
Bin 57: 401 221 256 389 84 425 6 85 
Bin 58: 99 492 285 432 359 329 
Bin 59: 239 448 12 188 233 237 277 33 
Bin 60: 316 195 380 395 227 446 31 151 
Bin 61: 218 48 408 486 428 103 
Bin 62: 451 332 193 161 411 262 60 
Bin 63: 210 91 405 449 0 64 298 97 
Bin 64: 497 366 353 215 159 352 214 263 
Bin 65: 14 403 149 144 354 75 313 
Bin 66: 394 147 158 374 460 68 234 
Bin 67: 440 279 71 385 357 
Bin 68: 299 240 236 398 81 493 
Bin 69: 152 488 491 139 230 427 
Bin 70: 356 302 211 124 485 205 25 463 
Bin 71: 265 361 318 306 44 65 163 
Bin 72: 400 253 383 421 452 261 217 314 
Bin 73: 226 49 82 245 268 
Bin 74: 160 301 116 143 278 73 
Bin 75: 101 436 174 409 368 312 
