# Objective: 17
# Time: 0.394536
# Feasible: 1
# Solution:
Bin 0: 20 113 19 25 43 4 59 66 
Bin 1: 115 91 27 15 36 57 49 89 
Bin 2: 94 95 114 106 35 111 97 51 
Bin 3: 0 39 7 31 77 37 61 
Bin 4: 3 32 90 26 22 47 84 
Bin 5: 6 45 109 108 34 28 85 21 
Bin 6: 74 71 80 76 88 116 107 79 
Bin 7: 9 42 82 105 54 81 
Bin 8: 110 40 23 98 117 60 
Bin 9: 48 2 87 16 29 100 8 53 
Bin 10: 24 58 64 68 56 63 73 
Bin 11: 13 38 83 10 46 5 11 101 30 
Bin 12: 96 72 41 78 14 118 
Bin 13: 1 17 52 70 65 12 104 62 
Bin 14: 86 50 18 93 75 67 
Bin 15: 103 119 112 92 102 
Bin 16: 33 69 55 44 99 
