# Objective: 76
# Time: 19.3135
# Feasible: 1
# Solution:
Bin 0: 334 456 64 352 77 187 30 
Bin 1: 259 452 75 112 274 247 377 
Bin 2: 458 12 348 186 50 399 27 273 
Bin 3: 252 418 457 482 416 26 324 
Bin 4: 191 76 217 79 362 203 110 
Bin 5: 241 295 355 145 7 233 153 
Bin 6: 245 308 114 144 375 228 466 330 
Bin 7: 225 444 290 391 453 326 
Bin 8: 455 261 9 306 165 181 491 253 
Bin 9: 477 60 340 292 162 166 147 383 133 
Bin 10: 467 58 151 222 152 284 115 398 
Bin 11: 6 278 425 450 150 314 
Bin 12: 149 230 101 226 260 449 
Bin 13: 227 102 126 388 463 90 120 476 
Bin 14: 141 156 106 374 36 
Bin 15: 291 208 176 207 267 400 
Bin 16: 130 366 142 229 307 
Bin 17: 85 435 183 335 81 410 118 
Bin 18: 328 285 45 159 78 107 
Bin 19: 312 468 223 53 424 423 
Bin 20: 257 480 246 24 41 
Bin 21: 67 173 372 236 123 339 
Bin 22: 197 445 433 364 2 429 443 
Bin 23: 349 360 86 430 361 392 215 
Bin 24: 332 190 422 202 490 240 
Bin 25: 488 296 221 29 54 446 387 
Bin 26: 138 469 485 210 378 368 243 163 88 
Bin 27: 401 337 439 25 448 87 
Bin 28: 94 14 182 43 59 470 105 
Bin 29: 380 277 471 231 148 254 
Bin 30: 117 367 371 279 404 408 
Bin 31: 1 498 83 270 382 298 
Bin 32: 316 411 127 48 379 99 57 
Bin 33: 300 288 494 242 442 213 347 
Bin 34: 427 434 95 447 248 336 
Bin 35: 143 40 341 385 167 426 11 462 47 
Bin 36: 185 91 51 216 131 297 193 
Bin 37: 370 319 344 16 128 84 
Bin 38: 464 192 465 454 281 
Bin 39: 354 23 407 286 194 331 
Bin 40: 496 3 134 170 363 268 394 42 
Bin 41: 157 70 211 177 459 473 244 441 
Bin 42: 0 406 266 492 39 13 
Bin 43: 405 98 440 417 140 402 124 28 
Bin 44: 309 358 121 189 318 276 73 49 
Bin 45: 289 136 269 301 397 212 
Bin 46: 108 37 234 35 31 
Bin 47: 346 160 15 198 460 161 44 
Bin 48: 409 5 251 325 4 414 438 
Bin 49: 158 263 431 317 129 155 
Bin 50: 201 62 311 497 82 
Bin 51: 271 293 294 235 224 437 
Bin 52: 475 315 396 413 103 265 32 18 
Bin 53: 304 310 481 359 219 21 180 
Bin 54: 483 283 461 474 100 175 
Bin 55: 320 436 299 415 479 232 365 
Bin 56: 343 275 395 146 333 303 357 
Bin 57: 125 132 38 116 356 329 495 
Bin 58: 104 68 17 390 381 174 55 
Bin 59: 412 137 287 214 305 472 
Bin 60: 188 353 255 351 72 
Bin 61: 113 373 172 237 109 
Bin 62: 262 350 322 80 69 178 
Bin 63: 218 8 258 52 195 33 369 
Bin 64: 196 384 119 10 199 74 
Bin 65: 19 428 264 313 65 487 
Bin 66: 256 451 489 486 135 179 432 
Bin 67: 164 345 209 386 321 280 
Bin 68: 421 327 184 89 250 204 
Bin 69: 249 154 46 122 272 238 
Bin 70: 419 499 111 376 389 71 96 
Bin 71: 139 34 403 66 323 
Bin 72: 63 220 92 342 420 168 
Bin 73: 22 282 478 493 205 484 93 20 
Bin 74: 200 302 393 61 239 338 
Bin 75: 171 206 56 97 169 
