# Objective: 199
# Time: 12.0725
# Feasible: 1
# Solution:
Bin 0: 23 497 236 285 694 866 
Bin 1: 77 363 154 810 522 858 
Bin 2: 722 650 159 851 412 758 841 359 
Bin 3: 433 302 340 275 980 490 
Bin 4: 813 10 298 579 56 
Bin 5: 158 188 264 893 326 959 446 
Bin 6: 466 238 393 682 244 401 
Bin 7: 995 16 301 243 916 156 796 
Bin 8: 338 320 985 630 453 781 500 
Bin 9: 220 821 119 132 434 419 
Bin 10: 347 754 828 38 952 565 
Bin 11: 421 58 334 905 833 713 637 
Bin 12: 548 556 619 47 482 679 706 913 
Bin 13: 417 570 428 336 273 740 
Bin 14: 724 105 514 126 789 890 492 934 
Bin 15: 860 903 175 271 982 345 
Bin 16: 450 561 824 975 343 270 
Bin 17: 160 814 85 289 225 907 
Bin 18: 549 311 128 707 254 457 
Bin 19: 924 74 941 530 304 427 
Bin 20: 726 969 874 883 335 189 120 811 203 
Bin 21: 553 644 378 481 268 54 
Bin 22: 976 299 531 856 90 751 
Bin 23: 29 387 900 776 152 664 929 358 
Bin 24: 798 762 902 696 686 708 407 
Bin 25: 493 312 52 322 418 692 455 510 
Bin 26: 992 594 386 216 353 491 383 621 
Bin 27: 284 528 568 405 22 
Bin 28: 33 693 671 117 11 123 667 
Bin 29: 166 533 441 163 658 958 970 
Bin 30: 473 892 760 710 962 391 488 697 526 
Bin 31: 512 611 552 40 908 124 
Bin 32: 939 979 997 981 251 719 489 
Bin 33: 174 395 632 714 331 800 231 
Bin 34: 440 806 543 545 367 141 615 
Bin 35: 844 316 51 675 365 605 7 
Bin 36: 403 826 24 229 84 9 
Bin 37: 589 276 944 887 134 263 
Bin 38: 865 472 863 957 381 183 878 
Bin 39: 404 868 861 133 436 
Bin 40: 76 624 523 130 48 809 
Bin 41: 346 356 666 578 990 82 498 
Bin 42: 165 384 852 313 879 986 36 
Bin 43: 269 739 988 131 121 445 
Bin 44: 717 936 527 761 501 239 
Bin 45: 670 100 95 870 592 78 
Bin 46: 596 377 325 609 837 253 266 
Bin 47: 563 370 943 15 297 546 
Bin 48: 834 926 309 744 112 153 157 
Bin 49: 471 555 755 210 53 
Bin 50: 295 496 136 928 871 767 940 651 
Bin 51: 649 580 690 901 768 880 688 190 
Bin 52: 368 443 60 213 948 374 
Bin 53: 792 571 92 971 25 
Bin 54: 993 161 897 812 88 815 37 517 
Bin 55: 342 535 351 881 344 42 804 
Bin 56: 17 770 279 107 942 454 323 
Bin 57: 314 898 602 702 554 906 1 
Bin 58: 63 974 655 652 72 385 
Bin 59: 728 801 606 525 139 608 
Bin 60: 947 747 411 681 140 177 
Bin 61: 586 389 479 182 32 736 
Bin 62: 559 449 129 218 452 738 207 
Bin 63: 599 198 674 888 749 633 966 
Bin 64: 612 687 954 294 598 983 31 
Bin 65: 626 711 150 70 61 
Bin 66: 75 35 89 899 846 376 
Bin 67: 590 996 977 355 477 508 
Bin 68: 816 280 854 27 507 701 
Bin 69: 382 963 458 329 534 634 
Bin 70: 241 317 647 573 80 249 
Bin 71: 989 585 283 540 794 840 
Bin 72: 558 961 727 991 242 
Bin 73: 73 215 65 487 332 354 21 
Bin 74: 69 104 574 67 211 539 818 629 180 
Bin 75: 636 774 350 835 700 
Bin 76: 869 333 217 230 465 766 
Bin 77: 429 777 529 196 402 853 
Bin 78: 676 178 494 261 193 733 
Bin 79: 164 86 406 785 237 
Bin 80: 476 111 102 896 875 660 
Bin 81: 659 513 310 663 227 195 209 2 
Bin 82: 904 110 495 414 469 262 396 
Bin 83: 745 752 718 360 765 223 115 
Bin 84: 515 137 219 
Bin 85: 831 951 550 622 94 
Bin 86: 742 398 953 185 373 57 
Bin 87: 426 224 780 938 364 168 
Bin 88: 876 420 998 669 862 
Bin 89: 750 772 287 949 357 759 
Bin 90: 735 538 478 668 462 729 
Bin 91: 81 172 627 560 566 
Bin 92: 843 205 817 683 59 98 
Bin 93: 569 601 8 91 265 339 
Bin 94: 456 3 430 435 757 795 
Bin 95: 93 480 30 390 460 106 
Bin 96: 308 186 240 987 955 932 
Bin 97: 416 918 909 14 968 607 
Bin 98: 886 202 145 167 461 96 
Bin 99: 855 502 999 97 
Bin 100: 656 176 292 775 26 245 
Bin 101: 582 509 973 937 920 
Bin 102: 400 281 228 544 704 306 
Bin 103: 721 375 99 214 464 
Bin 104: 884 662 715 595 849 537 
Bin 105: 5 504 912 484 470 486 197 
Bin 106: 324 62 653 753 415 
Bin 107: 639 577 307 695 720 723 380 
Bin 108: 521 678 889 
Bin 109: 328 910 248 194 967 584 
Bin 110: 103 146 267 318 773 
Bin 111: 872 518 459 191 617 
Bin 112: 148 921 226 66 642 
Bin 113: 259 689 256 822 315 516 
Bin 114: 827 825 28 628 836 677 
Bin 115: 116 109 807 330 581 
Bin 116: 371 448 786 885 247 55 
Bin 117: 931 698 923 
Bin 118: 252 181 587 39 147 625 
Bin 119: 741 425 68 
Bin 120: 965 547 142 438 274 716 
Bin 121: 864 272 397 799 
Bin 122: 379 392 293 143 614 
Bin 123: 830 
Bin 124: 914 613 467 779 994 616 
Bin 125: 640 234 712 756 820 
Bin 126: 972 631 
Bin 127: 737 46 791 296 699 87 646 850 
Bin 128: 282 891 532 
Bin 129: 246 588 499 583 184 657 
Bin 130: 138 734 463 171 
Bin 131: 20 451 232 
Bin 132: 437 823 349 603 950 199 
Bin 133: 564 511 519 
Bin 134: 50 802 915 277 919 593 19 
Bin 135: 783 257 6 233 
Bin 136: 672 422 935 362 
Bin 137: 108 691 432 788 
Bin 138: 730 4 748 842 169 212 604 
Bin 139: 978 369 610 623 439 201 
Bin 140: 222 803 41 597 643 
Bin 141: 114 895 149 79 321 
Bin 142: 922 764 
Bin 143: 278 984 645 790 341 208 
Bin 144: 819 444 372 933 
Bin 145: 945 703 255 
Bin 146: 787 162 557 286 867 
Bin 147: 474 468 64 327 118 
Bin 148: 260 832 705 771 192 946 
Bin 149: 122 685 447 250 101 
Bin 150: 562 505 221 
Bin 151: 960 43 
Bin 152: 483 
Bin 153: 620 732 805 
Bin 154: 71 567 769 
Bin 155: 763 305 845 743 
Bin 156: 44 204 
Bin 157: 793 366 475 
Bin 158: 684 503 
Bin 159: 319 399 956 
Bin 160: 746 155 235 
Bin 161: 170 
Bin 162: 388 829 442 13 778 
Bin 163: 600 591 135 838 877 551 
Bin 164: 808 797 
Bin 165: 964 431 709 
Bin 166: 173 206 839 847 
Bin 167: 413 
Bin 168: 424 
Bin 169: 541 572 917 
Bin 170: 125 34 641 925 
Bin 171: 848 635 
Bin 172: 680 
Bin 173: 524 83 520 882 
Bin 174: 361 575 
Bin 175: 352 290 45 394 
Bin 176: 485 725 
Bin 177: 408 127 
Bin 178: 303 348 409 
Bin 179: 288 782 731 
Bin 180: 144 
Bin 181: 258 291 
Bin 182: 0 542 113 654 
Bin 183: 661 410 200 
Bin 184: 337 911 
Bin 185: 49 
Bin 186: 894 638 536 
Bin 187: 576 665 
Bin 188: 930 784 873 
Bin 189: 859 
Bin 190: 673 151 
Bin 191: 648 187 
Bin 192: 300 179 
Bin 193: 857 
Bin 194: 12 
Bin 195: 927 618 
Bin 196: 506 
Bin 197: 18 
Bin 198: 423 
