# Objective: 37
# Time: 2.87631
# Feasible: 1
# Solution:
Bin 0: 37 152 151 129 139 168 59 82 
Bin 1: 186 73 76 174 239 
Bin 2: 170 21 200 209 123 33 165 
Bin 3: 8 67 176 172 248 36 184 
Bin 4: 136 105 32 177 150 2 
Bin 5: 142 44 158 201 175 143 147 
Bin 6: 100 157 6 173 43 
Bin 7: 7 124 192 75 181 191 230 103 
Bin 8: 245 61 135 62 109 216 
Bin 9: 132 113 207 20 178 27 156 
Bin 10: 238 19 236 34 0 91 93 118 
Bin 11: 5 117 4 58 95 166 88 41 
Bin 12: 29 128 185 212 23 
Bin 13: 214 203 116 205 215 232 10 
Bin 14: 247 149 101 64 85 24 
Bin 15: 140 130 90 3 141 47 104 
Bin 16: 78 199 13 161 12 127 86 25 42 
Bin 17: 49 38 46 159 138 220 
Bin 18: 125 50 194 163 137 28 
Bin 19: 241 160 206 87 66 102 242 164 
Bin 20: 79 30 144 244 48 35 189 
Bin 21: 246 53 60 167 80 240 97 223 213 
Bin 22: 218 55 231 56 74 198 107 197 
Bin 23: 221 84 210 153 193 
Bin 24: 106 126 195 39 211 121 111 202 
Bin 25: 217 112 54 171 235 65 63 133 187 
Bin 26: 229 9 134 182 183 
Bin 27: 233 108 31 83 179 204 40 
Bin 28: 131 94 72 115 237 114 225 224 
Bin 29: 77 222 110 219 68 190 57 
Bin 30: 122 208 146 169 52 154 148 
Bin 31: 180 45 99 11 81 
Bin 32: 22 145 98 51 119 227 
Bin 33: 120 162 96 155 71 
Bin 34: 70 228 26 243 89 234 18 
Bin 35: 249 16 69 92 226 
Bin 36: 188 17 1 196 14 15 
