# Objective: 18
# Time: 0.424513
# Feasible: 1
# Solution:
Bin 0: 37 52 108 53 30 29 81 0 16 
Bin 1: 20 110 13 70 112 117 
Bin 2: 26 27 84 92 39 51 116 
Bin 3: 83 25 59 38 28 24 95 64 
Bin 4: 73 109 18 100 67 58 72 111 107 
Bin 5: 21 12 55 105 15 22 
Bin 6: 74 106 32 88 4 118 
Bin 7: 90 57 14 34 79 1 
Bin 8: 113 54 82 46 17 62 
Bin 9: 36 96 97 6 31 
Bin 10: 23 10 94 85 42 80 99 56 
Bin 11: 66 61 63 5 76 71 
Bin 12: 2 93 98 11 114 103 45 
Bin 13: 75 47 60 9 104 77 68 
Bin 14: 87 119 69 115 44 102 89 48 
Bin 15: 78 8 101 50 7 
Bin 16: 65 40 35 86 3 19 41 
Bin 17: 43 91 33 49 
