# Objective: 48
# Time: 0.315005
# Feasible: 1
# Solution:
Bin 0: 143 158 171 241 213 103 144 
Bin 1: 223 204 229 155 78 214 31 113 
Bin 2: 178 16 114 28 83 25 
Bin 3: 228 37 87 48 3 71 
Bin 4: 193 206 108 200 174 205 
Bin 5: 179 211 227 165 69 32 46 
Bin 6: 55 146 124 152 90 49 136 58 
Bin 7: 134 10 33 4 57 85 
Bin 8: 126 43 157 7 63 81 53 
Bin 9: 163 101 1 102 182 23 221 
Bin 10: 130 107 135 120 210 246 209 
Bin 11: 190 239 77 141 172 5 218 
Bin 12: 44 245 148 161 15 177 95 
Bin 13: 127 166 59 8 109 98 
Bin 14: 11 30 76 115 181 12 
Bin 15: 224 42 226 225 99 106 74 
Bin 16: 173 207 201 154 212 
Bin 17: 65 112 29 38 111 80 232 
Bin 18: 217 162 60 197 139 128 72 
Bin 19: 145 52 167 36 110 35 
Bin 20: 208 185 153 137 67 2 17 
Bin 21: 26 199 191 244 233 13 186 
Bin 22: 187 84 79 215 237 92 
Bin 23: 149 170 20 238 222 
Bin 24: 196 14 39 202 116 
Bin 25: 180 18 51 62 234 34 45 
Bin 26: 86 47 147 100 82 96 
Bin 27: 91 70 189 240 61 
Bin 28: 140 243 21 104 27 247 
Bin 29: 40 93 220 131 
Bin 30: 230 97 235 50 194 
Bin 31: 248 242 164 24 119 192 122 195 
Bin 32: 121 176 
Bin 33: 142 156 
Bin 34: 150 184 123 0 
Bin 35: 188 19 6 219 118 
Bin 36: 133 88 66 125 9 94 
Bin 37: 175 151 138 22 231 236 117 
Bin 38: 198 105 54 249 
Bin 39: 216 
Bin 40: 73 160 
Bin 41: 89 41 183 
Bin 42: 159 203 
Bin 43: 64 132 56 
Bin 44: 169 
Bin 45: 168 129 
Bin 46: 68 
Bin 47: 75 
