# Objective: 18
# Time: 0.297238
# Feasible: 1
# Solution:
Bin 0: 81 22 64 72 69 39 90 114 
Bin 1: 53 98 46 44 115 105 103 47 
Bin 2: 40 108 50 30 19 3 63 
Bin 3: 0 67 55 77 17 36 31 
Bin 4: 75 57 41 94 14 21 
Bin 5: 20 76 85 116 7 43 93 
Bin 6: 83 111 101 42 60 28 118 
Bin 7: 29 35 1 25 70 82 80 
Bin 8: 62 56 100 38 79 
Bin 9: 66 87 89 97 110 2 99 18 
Bin 10: 45 68 4 78 51 27 65 
Bin 11: 112 11 9 24 58 48 
Bin 12: 6 104 32 84 13 95 54 
Bin 13: 33 59 23 106 71 
Bin 14: 16 119 96 37 74 15 
Bin 15: 34 88 86 91 117 5 107 52 
Bin 16: 8 10 92 61 49 26 
Bin 17: 109 102 113 73 12 
