# Objective: 150
# Time: 157.087
# Feasible: 1
# Solution:
Bin 0: 741 198 822 911 35 321 709 
Bin 1: 998 356 87 578 484 
Bin 2: 337 426 287 366 508 202 
Bin 3: 648 766 454 825 340 654 113 
Bin 4: 834 778 631 465 344 787 807 
Bin 5: 178 891 904 936 439 157 735 27 649 
Bin 6: 908 717 53 742 607 567 
Bin 7: 34 987 136 696 868 559 252 
Bin 8: 577 306 624 893 971 433 783 
Bin 9: 141 666 432 862 967 912 909 
Bin 10: 305 418 33 966 715 132 
Bin 11: 182 376 499 824 926 322 880 128 
Bin 12: 315 809 232 661 291 133 613 
Bin 13: 996 129 373 115 727 39 70 
Bin 14: 738 603 341 446 606 310 94 
Bin 15: 173 220 77 293 52 55 374 
Bin 16: 675 699 992 639 655 837 97 123 
Bin 17: 350 403 642 140 953 444 
Bin 18: 371 122 635 840 870 192 851 
Bin 19: 325 600 528 614 928 755 375 551 
Bin 20: 739 565 214 243 279 813 638 377 
Bin 21: 583 788 925 545 327 487 907 
Bin 22: 48 950 671 294 299 420 431 
Bin 23: 916 980 681 737 490 774 872 155 
Bin 24: 206 486 463 495 250 548 564 142 72 
Bin 25: 540 516 488 388 59 176 307 489 
Bin 26: 711 602 794 246 452 357 166 
Bin 27: 506 494 955 297 286 773 215 731 
Bin 28: 329 259 526 209 18 963 780 265 
Bin 29: 831 734 224 430 103 844 899 82 557 697 217 
Bin 30: 973 593 801 201 295 680 854 659 
Bin 31: 805 177 469 770 546 595 
Bin 32: 346 139 693 853 443 779 537 
Bin 33: 726 69 561 274 772 205 
Bin 34: 713 585 906 43 553 190 342 
Bin 35: 185 264 608 754 964 818 445 
Bin 36: 806 199 412 890 8 105 823 
Bin 37: 976 197 931 867 404 745 328 
Bin 38: 380 641 102 592 479 45 
Bin 39: 740 106 689 407 949 269 935 
Bin 40: 361 138 423 186 858 884 894 
Bin 41: 65 750 636 623 672 135 961 
Bin 42: 248 79 524 938 284 815 
Bin 43: 278 330 838 979 25 233 179 
Bin 44: 555 396 26 308 691 714 285 
Bin 45: 501 63 163 869 846 712 258 922 
Bin 46: 732 531 905 751 723 933 
Bin 47: 272 542 733 952 10 984 552 
Bin 48: 871 11 517 986 218 66 
Bin 49: 475 924 793 187 282 381 
Bin 50: 4 864 785 892 503 581 5 
Bin 51: 615 882 362 314 13 38 
Bin 52: 796 92 954 682 417 147 
Bin 53: 483 718 848 24 244 99 
Bin 54: 983 363 539 165 910 67 438 
Bin 55: 946 876 863 400 584 46 664 456 498 109 
Bin 56: 300 62 791 543 814 799 
Bin 57: 757 467 566 89 620 
Bin 58: 22 349 83 859 716 634 923 525 
Bin 59: 956 112 90 28 830 883 563 
Bin 60: 379 234 6 978 2 939 389 
Bin 61: 942 492 298 576 937 93 203 535 
Bin 62: 156 170 408 826 895 670 599 
Bin 63: 395 283 857 108 169 421 519 
Bin 64: 821 200 257 861 118 836 425 
Bin 65: 860 985 466 468 746 
Bin 66: 728 167 249 795 803 131 
Bin 67: 719 245 331 96 393 
Bin 68: 725 428 154 945 347 124 
Bin 69: 959 753 172 397 313 111 
Bin 70: 951 835 137 424 650 146 673 19 
Bin 71: 707 948 957 50 610 
Bin 72: 777 391 121 290 84 960 760 763 
Bin 73: 601 802 101 632 571 352 947 
Bin 74: 568 855 442 700 183 415 
Bin 75: 88 333 266 422 997 589 238 
Bin 76: 180 653 579 231 213 78 560 
Bin 77: 7 722 504 538 277 995 749 427 
Bin 78: 915 14 969 510 575 879 
Bin 79: 36 195 210 497 471 597 
Bin 80: 842 820 706 509 303 764 640 856 
Bin 81: 512 75 573 384 897 618 
Bin 82: 68 464 629 260 292 189 254 
Bin 83: 51 558 158 800 211 419 
Bin 84: 875 521 569 119 827 
Bin 85: 839 702 429 500 150 378 724 
Bin 86: 383 866 900 527 708 280 767 
Bin 87: 811 100 881 523 505 790 184 
Bin 88: 685 240 481 841 594 81 37 95 
Bin 89: 536 263 743 151 42 663 852 351 
Bin 90: 145 611 720 369 191 3 
Bin 91: 125 518 410 228 440 975 874 
Bin 92: 23 965 12 319 309 701 
Bin 93: 225 729 416 414 704 
Bin 94: 590 262 229 496 455 656 
Bin 95: 485 651 247 221 120 
Bin 96: 289 448 204 756 226 
Bin 97: 645 323 972 776 849 502 
Bin 98: 679 355 130 441 29 326 
Bin 99: 324 812 470 236 354 256 359 
Bin 100: 588 406 219 758 16 988 
Bin 101: 902 898 617 515 633 920 
Bin 102: 458 810 627 58 658 652 
Bin 103: 676 447 86 616 625 570 
Bin 104: 850 804 175 104 630 382 311 41 
Bin 105: 216 194 587 520 529 
Bin 106: 255 402 85 399 144 698 162 596 
Bin 107: 450 31 562 644 929 174 
Bin 108: 612 886 530 71 134 334 
Bin 109: 207 885 237 789 541 
Bin 110: 943 116 798 775 348 705 678 409 301 
Bin 111: 730 401 674 251 358 921 
Bin 112: 970 977 91 991 316 
Bin 113: 744 152 54 235 242 338 0 
Bin 114: 336 451 769 434 591 667 
Bin 115: 580 227 143 816 683 554 759 
Bin 116: 390 514 828 276 574 792 
Bin 117: 932 619 261 364 127 171 223 829 
Bin 118: 474 47 241 385 472 
Bin 119: 98 877 476 692 748 586 
Bin 120: 703 747 643 808 114 533 
Bin 121: 622 304 332 1 360 
Bin 122: 17 662 940 981 73 
Bin 123: 32 847 60 40 684 405 107 
Bin 124: 550 762 784 56 367 771 80 
Bin 125: 449 647 532 453 534 765 888 786 
Bin 126: 605 843 761 710 873 164 372 
Bin 127: 230 275 657 918 9 394 
Bin 128: 370 982 181 20 878 473 817 887 160 
Bin 129: 994 628 196 435 273 914 
Bin 130: 913 974 660 148 159 
Bin 131: 49 436 547 999 398 609 
Bin 132: 958 15 833 312 556 968 153 462 
Bin 133: 626 296 637 781 317 318 
Bin 134: 646 437 962 989 267 549 482 
Bin 135: 271 491 30 339 782 268 64 
Bin 136: 168 522 392 413 668 
Bin 137: 57 493 993 239 387 544 288 
Bin 138: 253 572 930 74 736 
Bin 139: 686 768 695 44 621 927 
Bin 140: 865 117 368 677 193 149 752 
Bin 141: 896 281 819 669 411 335 
Bin 142: 480 903 507 889 270 934 345 
Bin 143: 222 582 687 353 365 
Bin 144: 126 690 457 845 61 511 302 320 
Bin 145: 208 459 688 478 990 941 161 
Bin 146: 212 513 665 604 386 
Bin 147: 944 832 21 919 721 343 460 
Bin 148: 797 461 76 477 694 
Bin 149: 598 901 188 917 110 
