# Objective: 76
# Time: 18.6522
# Feasible: 1
# Solution:
Bin 0: 252 289 265 412 83 411 
Bin 1: 157 355 379 146 46 186 189 285 
Bin 2: 212 274 405 443 323 334 
Bin 3: 14 188 472 490 195 392 59 
Bin 4: 416 369 422 353 489 86 402 
Bin 5: 223 233 245 431 136 450 
Bin 6: 128 152 444 192 448 164 
Bin 7: 123 432 414 235 375 406 26 271 
Bin 8: 399 132 194 142 322 383 483 
Bin 9: 477 77 374 259 181 114 387 155 
Bin 10: 426 363 438 218 440 113 55 
Bin 11: 441 37 447 91 478 421 
Bin 12: 278 314 95 172 45 
Bin 13: 297 220 393 249 115 277 283 
Bin 14: 317 133 12 236 167 153 330 168 
Bin 15: 336 305 94 11 459 300 320 
Bin 16: 376 190 365 488 48 347 
Bin 17: 75 436 325 74 81 149 408 427 
Bin 18: 294 487 10 165 301 
Bin 19: 54 457 377 366 27 307 
Bin 20: 134 239 312 493 360 90 413 384 
Bin 21: 316 135 89 78 131 378 32 85 
Bin 22: 296 80 65 201 73 
Bin 23: 492 159 66 21 348 455 120 151 
Bin 24: 122 435 362 481 331 237 64 
Bin 25: 183 51 138 13 434 361 433 
Bin 26: 333 199 209 495 282 103 
Bin 27: 464 319 216 162 161 473 140 
Bin 28: 112 84 1 240 469 456 96 
Bin 29: 287 390 3 231 50 176 125 
Bin 30: 213 350 33 442 272 462 
Bin 31: 108 72 139 345 293 180 
Bin 32: 256 373 7 69 418 184 
Bin 33: 371 119 16 62 253 
Bin 34: 106 169 143 166 309 461 111 
Bin 35: 449 221 38 364 104 419 79 28 
Bin 36: 25 154 101 496 107 185 
Bin 37: 445 205 359 92 174 335 
Bin 38: 97 460 349 339 470 260 311 47 
Bin 39: 261 44 280 263 321 310 
Bin 40: 380 178 284 224 244 5 170 269 
Bin 41: 281 476 415 179 20 228 341 267 
Bin 42: 398 475 397 6 318 453 425 329 
Bin 43: 23 175 171 404 273 
Bin 44: 238 156 372 258 141 145 
Bin 45: 264 127 8 110 117 29 248 147 
Bin 46: 58 118 482 121 22 420 126 226 
Bin 47: 241 266 137 158 388 324 
Bin 48: 303 396 211 499 254 262 
Bin 49: 346 52 63 430 315 196 
Bin 50: 200 401 160 148 403 356 70 
Bin 51: 219 102 299 302 417 124 0 150 
Bin 52: 479 494 326 439 446 222 
Bin 53: 308 304 452 129 286 40 163 
Bin 54: 88 204 56 255 486 
Bin 55: 370 292 485 358 428 343 247 
Bin 56: 354 257 17 203 288 382 208 
Bin 57: 24 465 214 328 484 480 
Bin 58: 202 270 344 298 268 30 49 
Bin 59: 409 395 498 407 367 
Bin 60: 246 230 276 451 394 15 
Bin 61: 338 340 423 467 243 210 
Bin 62: 31 53 191 198 463 
Bin 63: 275 34 251 60 342 82 130 87 
Bin 64: 68 424 381 357 42 306 279 93 437 
Bin 65: 497 458 4 217 105 173 232 
Bin 66: 144 2 207 351 39 225 
Bin 67: 229 291 18 35 116 98 
Bin 68: 410 41 290 57 454 100 
Bin 69: 206 466 242 474 71 327 
Bin 70: 337 368 491 468 250 182 187 
Bin 71: 215 177 352 9 295 109 
Bin 72: 193 197 400 385 76 
Bin 73: 429 391 386 67 471 
Bin 74: 234 313 227 19 99 
Bin 75: 332 36 389 61 43 
