# Objective: 76
# Time: 16.5081
# Feasible: 1
# Solution:
Bin 0: 446 204 48 345 126 28 154 361 
Bin 1: 95 68 253 177 451 426 131 378 
Bin 2: 447 314 431 123 258 225 338 
Bin 3: 112 17 243 84 246 261 97 
Bin 4: 367 300 171 87 251 29 411 189 
Bin 5: 122 343 325 6 102 437 331 
Bin 6: 492 486 105 218 22 202 207 
Bin 7: 499 398 264 135 317 19 439 
Bin 8: 420 282 211 349 42 160 370 286 
Bin 9: 309 69 419 292 96 397 180 354 
Bin 10: 347 393 303 394 402 461 
Bin 11: 380 473 285 360 151 23 
Bin 12: 164 457 99 267 474 368 82 77 
Bin 13: 159 60 433 257 36 15 114 418 
Bin 14: 213 109 70 62 47 216 324 
Bin 15: 485 448 481 188 435 495 111 308 
Bin 16: 86 466 214 463 304 162 0 
Bin 17: 326 450 352 478 456 277 
Bin 18: 311 101 83 335 374 
Bin 19: 231 132 146 239 440 
Bin 20: 334 106 116 373 377 375 441 120 
Bin 21: 137 113 472 385 278 
Bin 22: 14 280 194 424 50 270 118 
Bin 23: 199 81 291 250 212 88 
Bin 24: 41 464 161 37 321 226 429 
Bin 25: 150 449 196 272 355 173 
Bin 26: 193 119 32 168 209 221 
Bin 27: 366 206 391 43 92 
Bin 28: 256 53 143 71 288 462 
Bin 29: 470 7 186 85 371 307 
Bin 30: 104 346 190 387 13 182 
Bin 31: 79 191 233 205 236 381 
Bin 32: 56 452 93 242 388 9 268 
Bin 33: 138 287 328 229 35 94 49 103 
Bin 34: 405 58 306 359 8 493 247 271 210 
Bin 35: 125 497 408 316 263 141 
Bin 36: 4 425 230 136 339 20 
Bin 37: 327 332 356 364 363 157 382 
Bin 38: 24 149 313 488 279 228 484 
Bin 39: 298 52 54 201 234 
Bin 40: 344 458 76 1 166 59 255 219 
Bin 41: 443 407 142 45 235 3 208 
Bin 42: 172 323 158 16 63 
Bin 43: 265 336 273 98 237 89 351 
Bin 44: 215 127 110 5 40 491 
Bin 45: 100 39 195 460 269 51 121 
Bin 46: 289 248 224 442 198 369 453 
Bin 47: 175 57 395 406 2 342 244 
Bin 48: 376 436 203 353 66 232 322 
Bin 49: 12 404 358 254 64 144 46 
Bin 50: 260 396 350 80 468 220 
Bin 51: 129 421 494 475 134 108 185 
Bin 52: 427 423 444 275 124 318 167 
Bin 53: 416 409 297 152 390 74 
Bin 54: 399 438 284 312 130 27 181 
Bin 55: 223 454 73 259 187 281 
Bin 56: 479 392 153 386 415 465 379 
Bin 57: 496 362 365 283 315 274 445 
Bin 58: 67 44 498 183 320 
Bin 59: 428 293 469 30 319 295 329 
Bin 60: 217 165 241 299 372 471 
Bin 61: 169 222 430 25 422 476 163 
Bin 62: 72 145 117 133 238 480 348 
Bin 63: 31 401 75 482 197 55 
Bin 64: 262 90 340 184 227 
Bin 65: 200 410 33 240 61 18 
Bin 66: 333 148 78 192 107 
Bin 67: 139 400 65 178 389 170 
Bin 68: 477 434 296 301 357 302 155 
Bin 69: 276 384 128 245 38 147 
Bin 70: 179 156 337 305 140 432 
Bin 71: 174 310 34 483 330 91 
Bin 72: 176 455 489 490 26 417 
Bin 73: 413 403 487 252 383 266 115 
Bin 74: 290 341 467 459 414 21 
Bin 75: 412 294 11 249 10 
