# Objective: 75
# Time: 19.1069
# Feasible: 1
# Solution:
Bin 0: 9 255 206 380 125 66 58 115 
Bin 1: 119 435 498 346 276 
Bin 2: 429 128 3 209 178 445 430 163 254 
Bin 3: 384 252 236 121 471 421 
Bin 4: 376 400 453 297 394 494 350 
Bin 5: 81 385 140 215 313 234 402 
Bin 6: 259 315 403 488 202 146 351 148 
Bin 7: 282 432 353 347 411 
Bin 8: 283 11 170 199 109 269 467 322 339 
Bin 9: 391 14 60 355 190 492 329 36 325 
Bin 10: 258 263 84 94 369 
Bin 11: 420 69 323 416 29 460 367 53 
Bin 12: 141 15 260 24 71 
Bin 13: 218 436 413 31 135 412 26 118 
Bin 14: 493 37 164 183 175 226 406 361 
Bin 15: 230 172 44 46 23 216 113 10 48 
Bin 16: 487 189 193 439 404 133 179 40 41 
Bin 17: 336 280 256 33 268 454 
Bin 18: 428 4 390 272 257 122 
Bin 19: 224 57 476 1 377 239 
Bin 20: 333 470 242 393 63 
Bin 21: 365 306 168 20 497 473 
Bin 22: 238 309 330 17 158 382 191 
Bin 23: 5 188 415 52 278 194 196 
Bin 24: 184 374 419 152 68 220 392 77 
Bin 25: 6 267 235 229 388 426 345 
Bin 26: 292 284 73 371 277 8 
Bin 27: 243 475 295 389 112 327 409 
Bin 28: 349 142 437 387 28 448 366 427 219 
Bin 29: 407 335 245 161 223 310 
Bin 30: 166 25 95 61 265 246 261 240 
Bin 31: 98 127 358 363 440 
Bin 32: 39 468 457 76 304 19 
Bin 33: 373 210 496 185 72 
Bin 34: 290 87 321 159 208 213 
Bin 35: 320 474 342 368 75 167 
Bin 36: 92 212 100 201 378 447 479 145 
Bin 37: 464 359 247 232 102 30 451 
Bin 38: 138 78 162 126 180 187 
Bin 39: 176 431 343 134 154 287 410 
Bin 40: 491 62 285 35 47 338 
Bin 41: 74 56 241 331 360 54 103 
Bin 42: 383 271 489 499 262 452 
Bin 43: 42 101 396 477 354 157 
Bin 44: 308 120 151 386 417 465 270 
Bin 45: 217 279 143 124 319 110 
Bin 46: 132 7 221 173 214 97 123 443 337 
Bin 47: 22 458 18 169 13 129 
Bin 48: 80 156 186 105 249 82 301 
Bin 49: 395 233 182 38 312 424 177 332 414 
Bin 50: 70 341 264 375 85 441 
Bin 51: 116 334 450 64 250 
Bin 52: 442 462 197 273 434 
Bin 53: 317 96 486 88 211 90 160 
Bin 54: 444 352 51 0 198 
Bin 55: 228 222 195 117 244 227 370 
Bin 56: 107 456 275 478 147 293 418 
Bin 57: 204 423 50 27 446 181 344 485 
Bin 58: 314 303 59 2 379 286 192 481 
Bin 59: 433 91 93 34 43 296 324 
Bin 60: 340 149 372 483 45 32 79 356 
Bin 61: 357 463 294 16 104 106 86 
Bin 62: 461 130 398 318 21 362 
Bin 63: 484 225 83 67 302 
Bin 64: 364 131 253 482 469 
Bin 65: 401 65 307 300 311 
Bin 66: 251 316 12 328 111 174 
Bin 67: 408 326 165 299 425 422 
Bin 68: 137 144 281 288 466 114 305 
Bin 69: 155 266 291 49 139 348 
Bin 70: 289 231 153 397 55 108 
Bin 71: 248 495 298 99 89 
Bin 72: 200 449 459 490 150 237 207 
Bin 73: 203 381 472 399 455 274 
Bin 74: 171 205 405 480 438 136 
