# Objective: 101
# Time: 3.26482
# Feasible: 1
# Solution:
Bin 0: 392 159 480 461 334 77 376 
Bin 1: 253 387 483 484 238 46 325 
Bin 2: 88 76 241 257 167 
Bin 3: 397 273 201 73 468 106 
Bin 4: 175 350 16 30 52 10 
Bin 5: 449 176 7 380 168 371 402 
Bin 6: 17 315 440 265 499 147 
Bin 7: 60 231 138 473 129 467 406 224 
Bin 8: 164 445 113 489 230 441 335 
Bin 9: 55 276 90 215 301 258 
Bin 10: 43 151 21 414 395 250 
Bin 11: 366 383 153 23 466 275 237 
Bin 12: 161 478 337 361 165 277 373 
Bin 13: 184 154 404 364 120 268 256 363 435 
Bin 14: 389 155 448 309 357 57 294 
Bin 15: 229 59 8 86 232 222 285 
Bin 16: 283 63 374 210 348 296 
Bin 17: 365 14 29 33 34 490 286 
Bin 18: 47 280 89 379 471 288 71 137 217 
Bin 19: 213 26 409 65 442 39 40 169 
Bin 20: 482 393 200 245 37 24 32 
Bin 21: 140 401 438 68 134 207 399 
Bin 22: 228 429 347 208 236 281 5 
Bin 23: 186 331 83 279 235 
Bin 24: 189 323 324 50 156 426 356 
Bin 25: 270 124 19 308 35 
Bin 26: 150 413 205 340 95 328 108 453 
Bin 27: 82 202 125 130 266 377 
Bin 28: 97 421 408 242 144 3 287 474 
Bin 29: 192 133 372 131 444 105 115 
Bin 30: 260 293 118 304 218 492 
Bin 31: 31 170 386 182 193 
Bin 32: 96 297 100 244 494 419 
Bin 33: 93 465 437 454 79 180 204 
Bin 34: 243 20 48 28 116 240 336 225 
Bin 35: 183 302 135 226 362 216 
Bin 36: 221 198 452 332 488 430 69 121 80 
Bin 37: 375 142 320 384 477 390 
Bin 38: 458 420 481 15 349 87 
Bin 39: 38 469 264 498 447 455 
Bin 40: 314 132 145 496 122 
Bin 41: 181 486 346 246 306 36 
Bin 42: 424 381 67 173 174 94 
Bin 43: 369 278 433 41 343 434 
Bin 44: 370 91 49 146 354 190 289 326 18 51 
Bin 45: 119 166 103 148 25 
Bin 46: 456 411 62 149 439 
Bin 47: 117 391 44 191 203 
Bin 48: 107 378 85 462 262 194 342 
Bin 49: 431 56 470 136 432 248 
Bin 50: 311 78 172 61 321 127 313 64 
Bin 51: 249 368 327 162 112 152 
Bin 52: 446 12 254 11 45 197 
Bin 53: 295 307 22 318 272 
Bin 54: 316 341 58 388 
Bin 55: 351 472 114 126 300 72 
Bin 56: 485 84 443 487 
Bin 57: 27 9 212 
Bin 58: 42 54 157 214 
Bin 59: 312 344 330 0 247 
Bin 60: 110 185 382 290 271 
Bin 61: 305 196 
Bin 62: 358 199 6 211 396 123 
Bin 63: 491 291 329 
Bin 64: 92 81 479 223 400 109 
Bin 65: 53 74 160 2 188 
Bin 66: 13 263 4 292 415 417 
Bin 67: 451 303 495 338 
Bin 68: 360 1 255 
Bin 69: 195 282 497 
Bin 70: 261 352 104 
Bin 71: 460 252 128 
Bin 72: 339 412 398 436 
Bin 73: 251 267 70 427 66 
Bin 74: 99 394 
Bin 75: 463 233 299 
Bin 76: 385 
Bin 77: 259 
Bin 78: 178 284 
Bin 79: 158 493 
Bin 80: 464 405 403 163 319 345 418 98 
Bin 81: 476 422 219 227 
Bin 82: 367 234 416 171 407 
Bin 83: 187 359 333 
Bin 84: 423 
Bin 85: 177 
Bin 86: 139 
Bin 87: 269 101 450 
Bin 88: 353 206 
Bin 89: 102 457 179 
Bin 90: 459 239 310 
Bin 91: 274 
Bin 92: 143 
Bin 93: 75 141 
Bin 94: 322 
Bin 95: 209 425 317 
Bin 96: 111 298 475 
Bin 97: 355 
Bin 98: 428 
Bin 99: 220 
Bin 100: 410 
