# Objective: 76
# Time: 17.7656
# Feasible: 1
# Solution:
Bin 0: 363 85 72 475 28 404 495 135 
Bin 1: 471 251 103 403 407 226 
Bin 2: 486 104 291 282 350 202 44 
Bin 3: 244 160 14 479 0 138 
Bin 4: 360 356 293 359 159 125 253 194 
Bin 5: 364 239 92 94 180 
Bin 6: 348 451 2 406 122 70 322 
Bin 7: 269 386 431 298 484 18 64 385 
Bin 8: 448 63 489 218 149 
Bin 9: 369 315 101 171 372 378 411 
Bin 10: 179 45 412 337 216 188 97 276 381 388 494 
Bin 11: 34 143 349 117 234 209 
Bin 12: 112 278 65 32 152 340 203 280 163 
Bin 13: 111 182 457 338 264 250 
Bin 14: 132 38 40 473 20 156 496 
Bin 15: 169 284 42 43 312 165 172 71 147 
Bin 16: 447 126 307 87 22 200 245 
Bin 17: 5 166 210 480 185 394 330 
Bin 18: 99 121 113 374 15 467 
Bin 19: 220 491 33 470 224 493 290 376 
Bin 20: 476 105 9 405 345 211 168 68 
Bin 21: 397 1 23 303 418 308 241 
Bin 22: 328 229 36 199 342 201 408 
Bin 23: 384 380 82 170 161 123 433 
Bin 24: 438 287 497 127 217 452 275 
Bin 25: 456 145 487 54 124 
Bin 26: 454 332 391 80 207 466 13 
Bin 27: 304 271 46 288 4 267 197 
Bin 28: 236 77 205 422 375 426 396 
Bin 29: 196 461 26 150 189 427 441 314 
Bin 30: 93 409 421 367 252 
Bin 31: 430 27 116 41 292 455 416 474 
Bin 32: 434 96 389 317 134 21 
Bin 33: 299 333 266 417 270 62 355 
Bin 34: 428 98 382 460 478 
Bin 35: 254 329 285 361 279 440 414 
Bin 36: 155 255 334 79 51 
Bin 37: 183 443 483 472 142 436 120 
Bin 38: 321 351 413 61 153 
Bin 39: 47 357 3 415 268 59 212 383 
Bin 40: 248 318 184 37 118 306 286 261 
Bin 41: 151 445 30 309 221 
Bin 42: 78 146 76 88 343 311 
Bin 43: 432 331 25 214 243 464 
Bin 44: 399 29 66 300 425 83 379 
Bin 45: 446 262 435 133 296 442 319 195 
Bin 46: 52 225 353 141 302 352 336 
Bin 47: 206 305 230 260 35 84 67 
Bin 48: 344 48 424 324 235 354 208 
Bin 49: 90 139 326 339 75 
Bin 50: 193 148 8 450 498 297 
Bin 51: 49 257 313 289 73 191 
Bin 52: 174 294 401 55 237 
Bin 53: 158 50 368 91 162 
Bin 54: 482 115 295 109 437 
Bin 55: 57 222 232 453 69 227 106 
Bin 56: 439 53 387 238 410 233 
Bin 57: 130 247 277 423 228 81 
Bin 58: 402 204 173 365 468 272 362 
Bin 59: 129 335 458 89 281 265 301 
Bin 60: 86 154 39 110 10 
Bin 61: 283 95 469 449 256 429 
Bin 62: 358 177 346 320 325 371 12 
Bin 63: 56 131 341 190 465 258 488 
Bin 64: 219 481 108 157 137 144 
Bin 65: 192 463 19 24 246 347 366 
Bin 66: 16 373 392 393 31 
Bin 67: 323 181 175 11 176 198 167 60 187 
Bin 68: 136 249 462 419 400 223 316 58 
Bin 69: 114 310 273 420 492 
Bin 70: 459 107 444 259 242 140 327 
Bin 71: 390 164 119 178 213 
Bin 72: 485 240 186 100 499 
Bin 73: 263 17 274 398 477 231 
Bin 74: 490 6 215 377 128 
Bin 75: 74 7 370 102 395 
