# Objective: 76
# Time: 19.2886
# Feasible: 1
# Solution:
Bin 0: 124 245 49 404 43 494 177 346 478 
Bin 1: 382 417 63 67 221 347 
Bin 2: 119 127 375 219 456 178 
Bin 3: 139 20 260 433 289 
Bin 4: 91 343 162 431 166 
Bin 5: 240 499 98 249 229 47 
Bin 6: 154 282 441 430 475 218 
Bin 7: 3 266 326 32 155 39 
Bin 8: 12 169 319 293 137 454 
Bin 9: 398 8 28 106 318 184 446 462 29 
Bin 10: 262 409 233 361 116 77 
Bin 11: 236 31 487 130 368 113 
Bin 12: 13 481 352 305 334 108 181 345 
Bin 13: 270 426 201 132 381 407 45 267 
Bin 14: 400 223 88 275 308 123 224 279 41 
Bin 15: 52 296 232 89 482 359 425 323 27 
Bin 16: 57 237 62 75 365 333 324 
Bin 17: 328 163 467 408 59 385 2 
Bin 18: 471 214 394 310 242 276 
Bin 19: 474 72 388 302 175 251 85 484 
Bin 20: 150 350 421 250 142 332 82 
Bin 21: 423 121 58 193 24 33 68 
Bin 22: 86 303 190 168 496 144 
Bin 23: 231 94 228 452 189 103 97 60 
Bin 24: 73 99 263 227 65 234 480 
Bin 25: 355 78 322 410 46 64 
Bin 26: 465 36 438 295 348 301 259 
Bin 27: 61 44 392 118 370 
Bin 28: 422 114 161 122 406 212 51 
Bin 29: 34 102 491 367 152 439 
Bin 30: 285 19 402 70 93 133 379 
Bin 31: 498 14 450 9 204 
Bin 32: 235 18 300 437 50 157 253 243 
Bin 33: 384 15 386 10 185 358 
Bin 34: 17 220 159 48 331 290 
Bin 35: 477 297 30 286 469 269 486 
Bin 36: 188 434 488 340 16 278 349 129 
Bin 37: 90 373 336 134 217 
Bin 38: 174 195 309 413 149 
Bin 39: 42 344 428 391 327 376 
Bin 40: 197 92 292 464 5 156 
Bin 41: 317 288 74 397 268 180 
Bin 42: 225 489 313 209 272 281 356 207 
Bin 43: 4 287 203 117 472 403 120 
Bin 44: 25 470 21 255 11 
Bin 45: 418 165 274 112 104 170 
Bin 46: 460 69 38 457 414 
Bin 47: 128 412 453 451 96 215 246 146 
Bin 48: 483 461 241 280 125 172 26 210 
Bin 49: 306 440 419 147 369 202 447 83 
Bin 50: 158 110 330 176 338 
Bin 51: 192 167 312 468 126 244 198 436 
Bin 52: 248 411 254 226 76 448 495 
Bin 53: 56 307 415 463 6 151 
Bin 54: 387 443 95 277 84 7 
Bin 55: 138 485 357 271 252 222 135 
Bin 56: 187 366 211 40 101 1 351 
Bin 57: 111 143 55 424 432 
Bin 58: 329 206 393 335 81 194 53 
Bin 59: 160 342 200 140 389 186 380 66 
Bin 60: 459 416 325 80 360 109 
Bin 61: 283 427 87 362 455 230 435 115 
Bin 62: 311 107 458 377 247 
Bin 63: 35 490 265 153 22 315 273 
Bin 64: 294 354 131 238 205 284 199 
Bin 65: 371 196 316 261 183 473 257 
Bin 66: 442 23 420 164 396 
Bin 67: 378 353 216 171 405 445 449 
Bin 68: 304 314 299 105 479 466 374 493 
Bin 69: 179 321 339 341 145 71 
Bin 70: 363 395 497 320 337 79 291 
Bin 71: 256 100 401 390 37 
Bin 72: 372 208 492 383 476 239 
Bin 73: 148 444 429 258 399 141 
Bin 74: 213 173 264 191 364 
Bin 75: 298 136 182 54 0 
