# Objective: 45
# Time: 0.389841
# Feasible: 1
# Solution:
Bin 0: 222 24 133 249 199 15 55 
Bin 1: 233 164 9 44 168 108 200 
Bin 2: 242 244 82 214 138 235 115 154 
Bin 3: 185 46 16 75 160 221 85 
Bin 4: 213 121 141 58 162 103 38 
Bin 5: 105 136 132 76 129 126 99 
Bin 6: 181 216 33 31 189 88 
Bin 7: 26 60 104 28 183 177 
Bin 8: 201 207 196 65 125 64 89 
Bin 9: 84 47 224 165 150 17 
Bin 10: 56 226 228 246 243 190 
Bin 11: 112 208 71 21 193 219 
Bin 12: 227 157 53 107 57 198 
Bin 13: 231 40 217 211 111 20 234 
Bin 14: 155 74 92 232 169 7 32 
Bin 15: 72 134 229 131 37 90 66 
Bin 16: 48 50 210 73 62 78 
Bin 17: 202 91 248 10 152 188 
Bin 18: 79 145 127 209 14 182 
Bin 19: 247 13 113 135 187 123 
Bin 20: 100 212 41 192 116 86 
Bin 21: 35 102 124 77 0 195 
Bin 22: 204 171 144 240 203 176 45 
Bin 23: 220 42 51 3 159 225 
Bin 24: 30 148 110 117 186 83 142 
Bin 25: 97 87 39 179 174 156 
Bin 26: 194 70 170 19 223 205 
Bin 27: 245 139 175 95 52 
Bin 28: 18 120 34 143 106 54 
Bin 29: 158 218 80 180 163 237 
Bin 30: 239 236 8 49 4 137 
Bin 31: 36 140 230 146 6 
Bin 32: 12 130 178 109 59 
Bin 33: 61 94 149 68 93 67 25 119 
Bin 34: 69 173 
Bin 35: 238 128 147 22 153 151 
Bin 36: 63 241 114 
Bin 37: 166 172 191 
Bin 38: 184 197 98 
Bin 39: 206 161 11 118 
Bin 40: 122 29 2 1 101 
Bin 41: 23 
Bin 42: 27 81 167 
Bin 43: 96 5 
Bin 44: 43 215 
