# Objective: 39
# Time: 2.59347
# Feasible: 1
# Solution:
Bin 0: 21 192 38 186 18 206 198 100 232 32 
Bin 1: 161 83 9 93 140 43 27 
Bin 2: 40 54 122 50 151 67 153 119 
Bin 3: 141 144 168 55 148 
Bin 4: 154 134 35 24 97 85 237 194 51 
Bin 5: 228 72 200 103 220 165 
Bin 6: 160 205 126 177 1 233 
Bin 7: 235 171 248 5 74 117 139 42 
Bin 8: 17 166 128 245 208 241 239 
Bin 9: 52 179 149 65 19 156 180 
Bin 10: 135 86 58 78 71 209 
Bin 11: 246 195 190 48 125 196 79 
Bin 12: 29 247 109 130 203 63 147 
Bin 13: 60 234 110 112 101 115 
Bin 14: 3 4 105 231 94 121 182 224 124 
Bin 15: 218 44 118 219 204 120 56 225 107 
Bin 16: 158 99 131 13 238 10 47 
Bin 17: 222 178 136 185 37 
Bin 18: 14 113 143 84 176 92 16 22 216 
Bin 19: 184 108 102 211 159 28 
Bin 20: 173 183 76 91 215 
Bin 21: 81 90 23 61 0 75 
Bin 22: 162 95 137 217 174 
Bin 23: 64 189 152 59 226 
Bin 24: 172 98 145 45 31 26 11 236 
Bin 25: 70 169 133 191 142 57 221 106 
Bin 26: 104 2 87 88 201 175 
Bin 27: 123 244 167 223 155 
Bin 28: 69 157 41 230 132 12 
Bin 29: 36 193 7 129 207 
Bin 30: 15 116 150 213 
Bin 31: 188 197 77 34 20 73 
Bin 32: 30 89 229 68 202 
Bin 33: 199 33 163 170 242 
Bin 34: 210 114 82 49 181 
Bin 35: 80 164 240 46 146 
Bin 36: 66 96 212 187 249 214 
Bin 37: 62 127 111 39 243 
Bin 38: 138 25 8 6 227 53 
