# Objective: 201
# Time: 28.1848
# Feasible: 1
# Solution:
Bin 0: 477 400 53 379 569 470 
Bin 1: 820 705 723 761 
Bin 2: 834 146 681 367 588 351 122 496 159 213 965 854 
Bin 3: 824 308 393 324 499 344 
Bin 4: 587 886 937 68 641 202 
Bin 5: 246 620 460 598 775 959 288 735 
Bin 6: 908 990 141 301 358 
Bin 7: 316 140 929 701 304 319 
Bin 8: 801 717 500 254 232 710 808 89 987 
Bin 9: 783 137 660 868 
Bin 10: 795 66 248 804 798 185 
Bin 11: 195 422 11 601 236 26 392 
Bin 12: 583 936 821 626 85 28 556 
Bin 13: 338 33 152 974 913 855 724 623 
Bin 14: 615 957 416 413 
Bin 15: 576 671 559 745 314 981 170 128 231 
Bin 16: 189 737 846 557 121 197 873 337 911 709 
Bin 17: 654 581 669 54 880 365 487 196 
Bin 18: 497 214 294 399 967 767 968 321 713 442 836 
Bin 19: 378 874 229 92 975 
Bin 20: 333 585 571 233 575 467 748 
Bin 21: 734 277 215 
Bin 22: 584 441 565 833 840 336 779 780 
Bin 23: 670 
Bin 24: 151 897 492 
Bin 25: 155 822 440 947 
Bin 26: 125 966 283 208 539 327 604 593 242 
Bin 27: 917 918 771 910 325 572 
Bin 28: 853 448 610 535 796 
Bin 29: 516 977 667 
Bin 30: 837 443 835 920 361 752 
Bin 31: 69 722 552 100 115 997 
Bin 32: 206 454 498 169 245 618 
Bin 33: 964 875 255 680 915 676 
Bin 34: 491 71 478 79 698 45 295 238 
Bin 35: 568 636 113 537 383 
Bin 36: 548 275 842 933 355 951 
Bin 37: 103 154 574 848 
Bin 38: 226 673 931 685 
Bin 39: 759 560 402 923 694 
Bin 40: 357 639 186 63 87 276 
Bin 41: 563 
Bin 42: 597 78 944 88 310 431 
Bin 43: 67 503 786 
Bin 44: 439 450 630 368 415 934 
Bin 45: 101 882 861 130 631 
Bin 46: 386 857 
Bin 47: 656 514 193 904 690 590 
Bin 48: 313 285 889 47 766 64 43 
Bin 49: 323 38 760 162 111 845 
Bin 50: 436 647 878 740 718 928 
Bin 51: 728 18 116 334 198 932 70 
Bin 52: 655 622 
Bin 53: 744 31 864 
Bin 54: 960 144 755 688 
Bin 55: 243 679 
Bin 56: 105 10 749 95 939 265 136 
Bin 57: 838 899 382 555 706 
Bin 58: 14 455 550 922 161 353 
Bin 59: 145 520 891 174 995 788 
Bin 60: 247 205 529 199 374 381 
Bin 61: 794 741 192 867 
Bin 62: 476 418 
Bin 63: 716 262 943 216 832 488 
Bin 64: 661 311 
Bin 65: 544 884 315 736 417 278 251 633 
Bin 66: 914 665 946 649 
Bin 67: 486 938 51 
Bin 68: 228 468 483 320 76 
Bin 69: 373 133 104 750 473 466 753 
Bin 70: 682 663 507 802 292 34 715 82 
Bin 71: 733 893 942 711 773 611 
Bin 72: 77 811 432 819 
Bin 73: 306 394 
Bin 74: 490 
Bin 75: 770 707 93 156 511 
Bin 76: 375 203 472 482 659 160 12 
Bin 77: 24 739 561 763 632 269 881 
Bin 78: 517 56 60 989 244 349 
Bin 79: 230 260 409 239 376 
Bin 80: 171 697 781 700 326 
Bin 81: 831 829 847 
Bin 82: 689 992 201 354 666 219 619 96 178 
Bin 83: 138 906 204 340 970 935 118 
Bin 84: 678 94 
Bin 85: 182 297 
Bin 86: 642 903 941 21 782 
Bin 87: 830 44 167 991 217 843 512 398 916 
Bin 88: 40 815 
Bin 89: 179 501 296 362 756 902 
Bin 90: 298 494 35 227 809 776 890 522 
Bin 91: 46 65 909 
Bin 92: 684 532 687 36 
Bin 93: 927 823 37 895 510 542 
Bin 94: 793 30 817 404 423 589 
Bin 95: 540 449 554 778 190 
Bin 96: 256 180 686 50 280 
Bin 97: 475 59 940 730 
Bin 98: 223 377 912 451 
Bin 99: 99 553 799 
Bin 100: 408 582 901 785 994 562 
Bin 101: 702 869 983 
Bin 102: 123 80 839 800 168 860 396 877 91 
Bin 103: 129 157 637 0 272 175 397 
Bin 104: 988 55 481 629 954 49 534 
Bin 105: 743 871 921 8 433 644 
Bin 106: 1 579 181 403 825 
Bin 107: 58 826 
Bin 108: 950 3 371 986 703 52 434 
Bin 109: 438 331 791 714 762 692 
Bin 110: 348 558 
Bin 111: 183 27 150 695 726 
Bin 112: 119 2 519 508 
Bin 113: 462 16 
Bin 114: 48 427 90 414 341 191 865 
Bin 115: 789 209 769 131 335 356 20 
Bin 116: 7 549 
Bin 117: 305 309 521 772 525 
Bin 118: 596 505 444 360 322 998 
Bin 119: 317 9 885 485 606 445 564 
Bin 120: 515 963 424 
Bin 121: 683 650 668 458 
Bin 122: 849 176 359 352 
Bin 123: 57 810 388 546 806 
Bin 124: 267 19 387 134 493 541 149 
Bin 125: 120 609 719 318 
Bin 126: 774 86 616 81 240 976 506 
Bin 127: 980 15 
Bin 128: 866 258 578 23 287 863 437 289 
Bin 129: 523 114 291 211 172 841 
Bin 130: 925 369 110 
Bin 131: 426 732 372 
Bin 132: 303 638 343 480 926 870 852 
Bin 133: 252 158 102 489 124 270 
Bin 134: 625 73 
Bin 135: 664 790 961 570 6 364 328 
Bin 136: 147 342 464 993 22 738 827 177 
Bin 137: 210 42 495 
Bin 138: 955 712 39 200 
Bin 139: 982 528 164 643 266 
Bin 140: 17 858 862 
Bin 141: 859 930 504 803 430 
Bin 142: 412 996 166 777 
Bin 143: 605 165 530 346 428 657 691 
Bin 144: 332 459 98 595 406 420 
Bin 145: 720 484 302 621 628 106 
Bin 146: 74 257 
Bin 147: 729 792 907 
Bin 148: 188 212 457 949 281 962 
Bin 149: 234 969 704 
Bin 150: 876 721 
Bin 151: 5 143 696 551 
Bin 152: 259 924 614 108 
Bin 153: 872 624 608 538 345 
Bin 154: 592 727 
Bin 155: 395 887 
Bin 156: 62 391 380 253 814 72 330 
Bin 157: 607 851 268 300 594 502 
Bin 158: 142 844 447 524 764 531 648 
Bin 159: 385 109 892 
Bin 160: 250 888 658 958 135 411 
Bin 161: 543 566 
Bin 162: 173 61 97 237 290 274 435 518 469 
Bin 163: 765 573 883 758 75 
Bin 164: 299 675 635 816 107 461 
Bin 165: 651 509 
Bin 166: 419 757 225 533 132 339 
Bin 167: 312 612 370 640 329 
Bin 168: 600 747 
Bin 169: 390 580 652 567 
Bin 170: 350 112 603 
Bin 171: 725 271 148 263 4 29 
Bin 172: 286 279 
Bin 173: 731 264 545 787 194 
Bin 174: 768 456 384 410 
Bin 175: 25 653 984 547 
Bin 176: 978 972 363 
Bin 177: 900 672 985 401 293 452 856 
Bin 178: 307 
Bin 179: 407 224 184 742 948 
Bin 180: 751 979 153 366 
Bin 181: 465 919 812 
Bin 182: 139 273 973 699 
Bin 183: 241 
Bin 184: 577 220 
Bin 185: 513 474 536 
Bin 186: 898 586 646 284 627 999 83 613 
Bin 187: 896 32 805 471 813 797 
Bin 188: 879 662 429 
Bin 189: 905 163 425 807 971 
Bin 190: 127 479 677 207 818 389 
Bin 191: 347 945 708 261 591 634 850 
Bin 192: 828 
Bin 193: 674 282 463 599 693 
Bin 194: 526 41 13 
Bin 195: 894 222 405 218 221 617 
Bin 196: 235 84 453 126 117 956 
Bin 197: 249 421 446 527 602 952 953 
Bin 198: 187 754 645 
Bin 199: 784 
Bin 200: 746 
