# Objective: 152
# Time: 159.53
# Feasible: 1
# Solution:
Bin 0: 828 400 660 601 171 340 
Bin 1: 47 579 512 420 77 747 982 
Bin 2: 485 792 890 88 888 
Bin 3: 899 741 590 645 45 664 
Bin 4: 272 700 525 151 594 384 716 939 
Bin 5: 503 2 231 725 431 665 
Bin 6: 684 630 840 357 585 593 463 94 
Bin 7: 476 708 80 452 262 345 
Bin 8: 467 493 648 682 326 363 
Bin 9: 165 364 216 745 228 689 387 
Bin 10: 641 448 109 920 864 935 
Bin 11: 149 29 93 414 957 58 
Bin 12: 375 71 369 261 777 938 
Bin 13: 360 358 140 275 308 
Bin 14: 946 296 184 331 227 941 287 
Bin 15: 854 279 831 966 155 575 607 248 
Bin 16: 636 393 692 202 219 642 
Bin 17: 862 30 955 143 940 979 7 
Bin 18: 226 156 766 904 307 70 
Bin 19: 162 169 391 234 795 827 
Bin 20: 160 351 573 668 956 179 11 
Bin 21: 220 110 522 101 256 789 705 722 
Bin 22: 924 695 999 703 539 
Bin 23: 748 500 850 380 455 346 623 
Bin 24: 246 713 707 881 669 14 
Bin 25: 81 967 154 768 348 413 779 412 
Bin 26: 419 28 538 335 368 250 255 609 
Bin 27: 506 838 195 185 79 315 
Bin 28: 280 851 959 415 99 759 245 
Bin 29: 882 12 203 945 572 804 25 
Bin 30: 762 35 971 730 574 933 
Bin 31: 936 237 896 612 133 341 3 230 
Bin 32: 632 913 446 395 563 673 113 561 
Bin 33: 657 282 819 989 680 479 
Bin 34: 127 251 132 83 942 490 343 
Bin 35: 232 449 22 755 125 225 362 313 126 
Bin 36: 317 457 802 322 530 694 
Bin 37: 356 135 650 119 499 241 458 
Bin 38: 877 78 742 543 504 437 
Bin 39: 424 944 466 549 991 168 905 
Bin 40: 948 794 562 495 604 814 320 291 800 
Bin 41: 112 91 513 36 635 440 867 968 
Bin 42: 349 161 416 686 681 107 
Bin 43: 908 693 578 774 31 470 
Bin 44: 42 218 943 710 210 863 576 785 
Bin 45: 628 257 925 334 718 273 
Bin 46: 930 652 569 534 55 426 540 
Bin 47: 584 760 117 822 846 553 
Bin 48: 520 727 16 9 443 588 
Bin 49: 647 803 629 325 587 866 912 729 767 371 
Bin 50: 740 771 736 44 599 402 
Bin 51: 5 295 826 40 509 661 536 
Bin 52: 655 972 548 672 960 894 421 
Bin 53: 557 868 108 224 537 183 451 
Bin 54: 383 193 406 696 903 462 258 74 
Bin 55: 27 164 158 381 617 756 491 
Bin 56: 974 973 843 923 87 621 388 
Bin 57: 816 1 480 278 182 962 
Bin 58: 598 733 874 366 858 981 
Bin 59: 170 784 274 361 921 526 873 832 
Bin 60: 328 271 212 764 15 818 798 95 314 
Bin 61: 929 69 724 541 622 85 450 
Bin 62: 970 998 687 120 292 
Bin 63: 685 988 644 547 175 468 
Bin 64: 166 671 377 150 581 542 26 284 
Bin 65: 516 502 878 895 268 174 259 870 
Bin 66: 378 188 310 290 496 118 834 
Bin 67: 732 633 339 763 267 
Bin 68: 511 270 4 738 205 131 32 
Bin 69: 837 63 626 983 812 100 778 
Bin 70: 417 801 891 535 342 954 
Bin 71: 523 927 52 86 425 963 614 
Bin 72: 663 68 709 194 215 560 
Bin 73: 810 477 749 674 565 861 471 
Bin 74: 605 711 409 62 367 754 
Bin 75: 571 252 947 312 130 97 510 
Bin 76: 529 352 910 332 106 300 316 
Bin 77: 815 10 676 986 984 329 
Bin 78: 114 790 898 98 744 442 
Bin 79: 330 167 603 240 781 
Bin 80: 159 885 892 624 860 
Bin 81: 743 146 918 893 836 277 51 
Bin 82: 192 965 757 934 436 17 454 
Bin 83: 667 370 856 654 616 177 615 
Bin 84: 392 23 373 243 928 
Bin 85: 198 137 964 469 847 
Bin 86: 649 24 993 445 157 53 
Bin 87: 550 997 321 637 775 
Bin 88: 824 104 408 236 735 823 977 
Bin 89: 900 492 811 229 128 
Bin 90: 72 399 306 651 611 405 
Bin 91: 631 38 646 105 438 54 
Bin 92: 123 432 869 953 288 
Bin 93: 776 844 498 494 103 552 608 
Bin 94: 428 514 980 551 677 857 
Bin 95: 354 570 675 13 619 508 876 486 
Bin 96: 46 461 178 239 410 670 739 
Bin 97: 142 505 889 872 223 
Bin 98: 907 737 653 347 124 871 589 
Bin 99: 459 533 848 397 365 355 60 
Bin 100: 57 875 765 583 338 
Bin 101: 830 909 204 577 726 435 
Bin 102: 144 859 679 949 389 990 305 
Bin 103: 770 602 418 691 483 897 
Bin 104: 521 76 233 266 297 833 478 
Bin 105: 401 566 444 191 385 433 180 
Bin 106: 153 423 145 976 597 796 
Bin 107: 714 683 592 723 199 285 580 
Bin 108: 49 518 265 719 350 
Bin 109: 89 73 596 656 18 769 
Bin 110: 299 172 64 427 773 532 721 752 276 488 
Bin 111: 34 481 531 783 625 902 
Bin 112: 407 474 527 372 808 247 327 564 
Bin 113: 996 301 620 141 333 886 
Bin 114: 600 447 235 887 610 48 554 
Bin 115: 422 487 472 249 303 821 
Bin 116: 852 842 294 318 403 379 835 
Bin 117: 50 813 244 926 254 281 
Bin 118: 799 207 33 65 136 206 197 
Bin 119: 545 734 213 595 914 304 995 
Bin 120: 293 189 434 289 825 618 
Bin 121: 849 666 753 782 809 787 
Bin 122: 706 720 139 880 606 546 879 
Bin 123: 148 269 544 922 394 688 
Bin 124: 430 978 482 302 634 222 
Bin 125: 238 519 817 121 639 915 116 
Bin 126: 173 102 324 309 214 82 484 746 613 
Bin 127: 501 39 374 517 75 390 901 
Bin 128: 122 404 187 359 84 772 
Bin 129: 497 286 163 638 658 865 712 
Bin 130: 701 181 6 264 336 186 627 
Bin 131: 211 453 344 92 975 906 398 678 
Bin 132: 883 115 200 950 797 311 61 
Bin 133: 21 952 829 67 805 
Bin 134: 353 969 41 806 793 884 460 
Bin 135: 780 152 439 731 515 791 961 
Bin 136: 853 586 699 916 217 441 987 
Bin 137: 473 464 319 559 507 788 
Bin 138: 242 845 528 937 556 591 
Bin 139: 489 37 555 558 758 298 
Bin 140: 839 697 750 994 465 
Bin 141: 253 917 134 411 386 911 717 
Bin 142: 190 19 662 728 568 643 
Bin 143: 690 698 66 932 260 376 951 
Bin 144: 323 129 704 524 715 
Bin 145: 43 382 456 855 0 8 221 
Bin 146: 147 59 640 992 807 919 429 
Bin 147: 263 337 20 985 958 841 
Bin 148: 751 761 90 820 786 96 
Bin 149: 111 396 196 582 702 475 
Bin 150: 208 138 209 201 56 
Bin 151: 931 283 176 659 567 
