# Objective: 39
# Time: 2.47144
# Feasible: 1
# Solution:
Bin 0: 151 122 92 164 237 27 
Bin 1: 12 222 191 13 150 78 
Bin 2: 58 224 20 143 189 11 212 
Bin 3: 176 208 115 146 158 90 79 203 
Bin 4: 106 53 169 113 188 17 97 
Bin 5: 139 138 62 119 80 108 39 133 
Bin 6: 120 63 8 211 16 91 
Bin 7: 30 246 1 230 147 50 
Bin 8: 144 55 37 112 94 236 127 
Bin 9: 33 5 145 194 173 149 
Bin 10: 210 248 180 114 124 187 
Bin 11: 76 87 162 220 9 
Bin 12: 67 73 88 199 130 
Bin 13: 245 238 38 177 197 204 
Bin 14: 159 111 175 102 42 137 
Bin 15: 171 21 235 121 96 
Bin 16: 51 190 2 242 69 
Bin 17: 184 6 161 82 181 
Bin 18: 154 110 219 86 56 128 170 182 227 4 
Bin 19: 157 201 198 74 183 31 165 229 186 
Bin 20: 49 45 232 107 249 104 0 
Bin 21: 179 117 47 136 60 
Bin 22: 243 109 196 24 72 206 40 15 
Bin 23: 225 178 217 75 26 28 
Bin 24: 152 57 70 244 48 160 155 
Bin 25: 209 214 213 64 221 10 
Bin 26: 200 125 44 142 54 32 148 
Bin 27: 61 172 98 36 22 241 216 99 
Bin 28: 185 7 84 226 202 168 116 
Bin 29: 163 101 68 34 66 218 134 
Bin 30: 207 77 81 129 247 205 25 
Bin 31: 131 135 240 18 195 
Bin 32: 29 71 234 167 156 52 132 59 
Bin 33: 105 35 215 23 228 
Bin 34: 140 85 19 174 41 192 
Bin 35: 43 89 166 93 123 
Bin 36: 118 141 100 126 233 65 
Bin 37: 83 46 3 14 231 
Bin 38: 223 95 239 103 193 153 
