# Objective: 179
# Time: 33.6799
# Feasible: 1
# Solution:
Bin 0: 631 713 681 462 836 632 255 
Bin 1: 589 517 46 501 506 11 
Bin 2: 115 493 995 584 757 652 738 
Bin 3: 555 769 997 327 240 796 238 
Bin 4: 699 923 101 122 309 373 891 
Bin 5: 660 548 585 988 471 379 951 
Bin 6: 328 633 974 938 97 194 270 
Bin 7: 969 340 303 505 677 658 337 771 224 925 123 
Bin 8: 128 14 734 347 802 
Bin 9: 297 871 61 644 50 437 426 180 611 
Bin 10: 815 299 49 200 170 944 381 
Bin 11: 655 766 304 751 334 
Bin 12: 285 860 218 530 149 889 
Bin 13: 403 845 161 169 431 120 
Bin 14: 294 654 737 711 991 321 320 554 523 926 
Bin 15: 959 603 676 599 374 111 993 
Bin 16: 422 164 547 764 333 410 60 
Bin 17: 804 93 417 452 638 979 775 
Bin 18: 895 498 165 354 45 939 806 
Bin 19: 13 358 41 443 978 
Bin 20: 226 3 752 856 848 494 972 391 
Bin 21: 532 197 430 468 793 617 867 
Bin 22: 38 182 683 397 90 
Bin 23: 402 32 448 640 454 55 
Bin 24: 395 864 272 15 231 500 406 388 331 
Bin 25: 260 324 692 449 934 460 
Bin 26: 605 167 315 159 679 684 841 
Bin 27: 463 508 943 497 990 899 
Bin 28: 192 121 355 392 383 
Bin 29: 54 332 929 264 68 330 5 
Bin 30: 818 851 105 415 352 416 277 
Bin 31: 269 201 414 444 827 714 
Bin 32: 136 819 748 810 72 150 
Bin 33: 743 144 181 235 292 274 758 
Bin 34: 70 670 185 100 445 266 992 215 
Bin 35: 878 968 48 220 560 924 981 
Bin 36: 900 629 598 76 985 698 102 394 
Bin 37: 542 95 671 828 300 476 
Bin 38: 482 862 849 975 252 490 168 
Bin 39: 664 439 980 504 398 17 495 
Bin 40: 137 268 608 540 780 688 
Bin 41: 162 75 223 745 902 174 
Bin 42: 317 163 865 531 499 774 
Bin 43: 950 918 280 477 529 28 
Bin 44: 25 284 920 805 602 291 
Bin 45: 694 307 960 125 233 876 550 
Bin 46: 77 52 26 288 207 173 546 
Bin 47: 1 478 932 147 628 
Bin 48: 647 112 776 574 735 896 342 
Bin 49: 551 958 781 691 790 479 
Bin 50: 846 890 339 704 833 566 
Bin 51: 686 928 412 442 563 12 
Bin 52: 625 620 171 204 528 746 407 
Bin 53: 166 643 302 88 904 543 
Bin 54: 281 290 717 999 812 597 
Bin 55: 669 562 791 172 275 908 35 
Bin 56: 456 826 376 987 98 248 205 
Bin 57: 825 492 564 198 18 541 246 
Bin 58: 639 178 39 808 719 293 616 
Bin 59: 854 612 586 858 119 243 
Bin 60: 963 921 51 440 931 109 
Bin 61: 23 573 919 667 906 556 538 
Bin 62: 792 222 110 886 447 656 
Bin 63: 956 91 803 81 344 733 750 
Bin 64: 592 583 117 570 461 874 
Bin 65: 579 537 509 175 177 726 
Bin 66: 572 399 7 370 142 187 438 
Bin 67: 569 33 489 730 697 897 888 882 942 
Bin 68: 145 351 79 976 606 685 
Bin 69: 230 43 706 724 156 
Bin 70: 996 4 312 720 761 202 903 
Bin 71: 132 65 910 986 578 40 
Bin 72: 362 823 728 191 69 84 801 964 225 486 
Bin 73: 418 744 892 646 945 491 
Bin 74: 450 189 85 567 229 89 
Bin 75: 700 905 797 635 375 847 
Bin 76: 389 295 257 59 314 22 
Bin 77: 984 835 832 955 107 58 
Bin 78: 42 483 214 514 336 353 
Bin 79: 213 947 433 441 601 922 
Bin 80: 496 216 957 190 783 680 
Bin 81: 481 348 209 707 621 966 345 
Bin 82: 66 870 811 785 322 282 852 
Bin 83: 539 689 954 131 245 301 286 877 
Bin 84: 86 863 760 408 837 134 789 693 
Bin 85: 772 838 57 725 405 786 
Bin 86: 777 473 103 458 253 318 
Bin 87: 581 261 368 782 346 659 432 
Bin 88: 372 765 977 409 525 829 
Bin 89: 27 31 148 451 258 427 396 
Bin 90: 587 885 206 998 273 
Bin 91: 186 814 887 138 756 130 
Bin 92: 480 141 695 114 844 179 
Bin 93: 580 715 682 821 971 241 604 
Bin 94: 470 519 822 549 568 62 
Bin 95: 727 310 278 380 465 630 154 425 349 367 716 
Bin 96: 423 211 702 196 363 21 306 
Bin 97: 965 762 382 575 690 124 203 770 
Bin 98: 387 917 484 78 627 511 
Bin 99: 935 512 96 176 637 487 502 853 
Bin 100: 420 618 250 73 453 754 313 518 289 
Bin 101: 747 378 129 217 259 385 254 183 
Bin 102: 526 561 37 143 87 937 807 
Bin 103: 665 242 855 911 404 653 364 
Bin 104: 446 227 731 784 948 
Bin 105: 157 850 559 513 193 151 901 
Bin 106: 868 256 126 521 907 474 
Bin 107: 413 393 341 913 140 622 
Bin 108: 436 614 356 400 788 305 591 
Bin 109: 298 80 673 421 983 941 390 
Bin 110: 0 740 82 265 893 936 
Bin 111: 952 898 535 184 419 19 674 593 
Bin 112: 672 236 263 67 723 527 
Bin 113: 401 989 30 335 933 843 
Bin 114: 657 557 840 524 308 795 
Bin 115: 565 139 153 232 866 610 626 
Bin 116: 623 881 739 74 970 127 817 
Bin 117: 9 859 799 316 411 485 
Bin 118: 56 361 607 296 861 357 350 
Bin 119: 709 642 155 369 649 
Bin 120: 759 503 824 753 912 962 883 
Bin 121: 71 558 146 6 234 894 872 
Bin 122: 634 44 326 577 994 
Bin 123: 982 552 696 249 507 794 
Bin 124: 251 219 239 515 779 
Bin 125: 287 857 732 722 247 228 319 
Bin 126: 323 961 338 262 749 839 188 
Bin 127: 384 459 809 152 641 371 
Bin 128: 428 133 703 879 29 
Bin 129: 834 434 927 279 467 624 63 
Bin 130: 678 24 650 718 
Bin 131: 94 668 457 800 267 590 831 
Bin 132: 8 596 949 343 
Bin 133: 510 386 661 522 
Bin 134: 675 930 424 588 
Bin 135: 666 710 708 
Bin 136: 619 787 
Bin 137: 475 773 830 648 276 816 
Bin 138: 916 615 736 798 
Bin 139: 755 360 
Bin 140: 212 237 466 469 
Bin 141: 582 283 705 613 
Bin 142: 820 663 973 595 160 545 64 651 
Bin 143: 16 208 366 
Bin 144: 721 880 
Bin 145: 571 104 842 108 
Bin 146: 533 311 
Bin 147: 195 767 
Bin 148: 221 455 645 
Bin 149: 10 915 742 536 113 
Bin 150: 712 884 909 158 662 
Bin 151: 325 47 520 
Bin 152: 873 135 594 
Bin 153: 20 609 
Bin 154: 472 544 
Bin 155: 914 34 576 488 329 
Bin 156: 768 
Bin 157: 967 701 106 
Bin 158: 875 763 359 534 516 99 
Bin 159: 687 464 953 553 
Bin 160: 244 
Bin 161: 116 
Bin 162: 83 
Bin 163: 600 
Bin 164: 92 
Bin 165: 118 
Bin 166: 813 
Bin 167: 946 
Bin 168: 729 365 
Bin 169: 36 
Bin 170: 778 741 435 53 940 
Bin 171: 869 
Bin 172: 271 
Bin 173: 636 
Bin 174: 210 
Bin 175: 377 
Bin 176: 429 
Bin 177: 2 
Bin 178: 199 
