# Objective: 75
# Time: 20.7624
# Feasible: 1
# Solution:
Bin 0: 98 130 235 4 140 75 137 
Bin 1: 316 36 386 198 178 449 313 193 364 
Bin 2: 214 366 469 347 270 
Bin 3: 104 156 439 46 399 484 425 
Bin 4: 53 77 118 388 414 318 
Bin 5: 288 317 389 175 123 259 227 240 331 
Bin 6: 171 186 185 302 470 216 13 269 
Bin 7: 483 352 192 462 476 14 
Bin 8: 355 28 257 151 35 84 126 
Bin 9: 350 305 303 222 204 184 
Bin 10: 215 394 122 73 183 490 475 
Bin 11: 172 65 190 207 360 298 82 
Bin 12: 445 89 410 412 290 17 
Bin 13: 114 349 170 301 176 247 243 
Bin 14: 26 340 397 359 461 213 
Bin 15: 108 168 284 20 280 441 107 
Bin 16: 416 435 208 367 200 471 134 
Bin 17: 457 33 330 37 205 
Bin 18: 95 228 242 83 146 272 
Bin 19: 375 263 91 480 188 164 265 382 
Bin 20: 377 251 160 361 182 371 187 221 
Bin 21: 489 58 454 464 426 374 
Bin 22: 47 189 309 337 117 11 
Bin 23: 334 68 261 333 225 
Bin 24: 254 57 396 291 498 180 443 385 
Bin 25: 241 202 434 3 408 34 12 430 
Bin 26: 401 499 59 25 199 239 398 166 
Bin 27: 10 395 473 273 246 74 
Bin 28: 161 271 203 304 39 492 129 
Bin 29: 325 308 211 195 40 299 447 99 48 
Bin 30: 210 223 262 275 274 320 
Bin 31: 197 306 418 296 346 50 380 
Bin 32: 248 455 486 226 293 
Bin 33: 322 354 477 244 19 311 116 
Bin 34: 144 335 497 326 133 266 
Bin 35: 88 106 281 113 145 409 138 162 
Bin 36: 100 152 372 341 237 
Bin 37: 276 256 109 400 6 297 174 
Bin 38: 87 101 224 229 406 102 358 
Bin 39: 436 78 348 482 232 61 
Bin 40: 390 494 8 128 292 
Bin 41: 283 453 433 66 264 233 153 
Bin 42: 169 41 143 167 177 110 132 
Bin 43: 86 365 217 62 468 67 
Bin 44: 456 111 136 295 119 392 250 
Bin 45: 423 55 381 419 7 451 163 
Bin 46: 96 344 442 459 277 353 342 
Bin 47: 252 70 417 415 49 29 
Bin 48: 56 338 446 428 181 267 479 
Bin 49: 155 150 93 310 64 245 485 
Bin 50: 85 173 403 112 300 332 149 467 
Bin 51: 154 478 71 22 218 321 
Bin 52: 32 90 148 9 452 421 
Bin 53: 5 97 314 179 493 38 363 
Bin 54: 278 94 238 1 27 465 324 
Bin 55: 60 307 279 444 142 460 411 
Bin 56: 472 125 42 437 44 488 440 481 
Bin 57: 356 373 387 379 370 121 
Bin 58: 383 391 413 312 165 52 
Bin 59: 124 212 384 80 289 45 23 393 
Bin 60: 495 474 376 427 31 
Bin 61: 141 131 420 219 209 463 63 16 
Bin 62: 323 230 206 24 405 103 
Bin 63: 51 135 147 328 336 258 282 
Bin 64: 268 253 315 496 249 424 30 
Bin 65: 491 220 458 260 201 21 
Bin 66: 294 407 339 157 191 72 159 
Bin 67: 196 432 2 139 54 194 369 
Bin 68: 69 438 329 15 404 487 
Bin 69: 76 81 450 448 158 18 43 
Bin 70: 378 343 368 92 285 0 
Bin 71: 255 327 429 127 422 
Bin 72: 231 351 234 466 319 
Bin 73: 120 115 79 402 236 287 362 
Bin 74: 431 105 286 357 345 
