# Objective: 19
# Time: 0.260384
# Feasible: 1
# Solution:
Bin 0: 12 106 84 80 97 56 
Bin 1: 88 114 119 66 36 86 113 22 
Bin 2: 54 27 104 5 19 
Bin 3: 28 111 108 64 52 109 40 
Bin 4: 32 6 4 16 65 116 76 92 
Bin 5: 24 14 117 70 77 74 
Bin 6: 61 31 57 59 63 46 
Bin 7: 69 25 75 11 82 
Bin 8: 49 67 44 71 41 50 107 
Bin 9: 110 81 100 37 72 47 51 
Bin 10: 62 94 68 93 95 8 
Bin 11: 35 26 58 2 79 13 43 
Bin 12: 9 85 18 33 118 105 53 
Bin 13: 78 101 98 30 99 23 0 21 
Bin 14: 115 7 17 15 87 
Bin 15: 20 73 89 90 29 
Bin 16: 102 42 48 1 10 96 
Bin 17: 83 112 55 38 45 91 34 
Bin 18: 3 60 39 103 
