# Objective: 149
# Time: 181.582
# Feasible: 1
# Solution:
Bin 0: 692 544 350 518 985 494 439 
Bin 1: 967 739 360 419 885 9 598 
Bin 2: 729 363 461 920 661 528 454 43 
Bin 3: 795 593 737 756 96 175 336 707 
Bin 4: 718 549 618 325 366 602 945 882 221 
Bin 5: 73 720 40 298 765 764 417 691 
Bin 6: 385 103 198 823 881 
Bin 7: 139 155 762 117 272 553 
Bin 8: 994 49 276 657 999 989 79 876 
Bin 9: 547 915 87 483 359 231 909 95 517 900 
Bin 10: 857 788 286 837 531 407 222 
Bin 11: 144 459 860 874 209 405 904 51 304 
Bin 12: 910 516 784 843 364 665 560 
Bin 13: 381 980 130 353 76 600 820 
Bin 14: 499 44 537 865 86 460 410 
Bin 15: 183 200 425 347 827 902 
Bin 16: 571 32 192 104 791 948 
Bin 17: 498 895 321 834 541 928 
Bin 18: 435 233 395 20 243 699 404 295 
Bin 19: 390 26 351 396 83 397 
Bin 20: 74 875 664 180 199 680 
Bin 21: 755 956 371 747 449 190 794 
Bin 22: 780 625 108 796 583 851 436 480 
Bin 23: 181 456 342 579 889 234 
Bin 24: 204 612 798 842 614 
Bin 25: 810 256 508 68 514 972 374 636 
Bin 26: 704 682 913 751 890 894 423 466 743 730 
Bin 27: 122 46 271 710 523 864 382 
Bin 28: 772 701 852 320 741 946 
Bin 29: 301 339 841 728 36 472 
Bin 30: 732 908 524 100 685 648 963 489 
Bin 31: 292 839 308 930 470 536 970 
Bin 32: 173 387 60 344 610 294 362 
Bin 33: 317 991 443 56 735 
Bin 34: 792 206 167 914 269 389 506 
Bin 35: 52 617 170 184 880 711 603 525 
Bin 36: 473 348 265 627 429 
Bin 37: 334 290 836 164 719 5 953 420 
Bin 38: 611 916 974 42 38 165 
Bin 39: 674 673 723 996 659 542 
Bin 40: 368 140 219 369 773 28 
Bin 41: 97 213 854 696 744 241 
Bin 42: 361 774 845 565 109 409 
Bin 43: 319 703 215 668 138 575 
Bin 44: 530 337 505 252 698 
Bin 45: 452 722 781 893 323 861 568 
Bin 46: 977 196 137 248 726 354 776 
Bin 47: 724 891 515 316 161 486 
Bin 48: 421 903 411 733 446 329 855 
Bin 49: 185 475 310 624 53 
Bin 50: 867 962 850 93 650 
Bin 51: 59 3 152 188 768 39 584 
Bin 52: 242 978 246 832 406 402 99 
Bin 53: 869 725 258 441 511 681 
Bin 54: 738 695 630 816 761 745 392 616 
Bin 55: 804 941 803 868 713 647 
Bin 56: 249 787 235 658 250 
Bin 57: 118 633 557 340 193 642 197 585 
Bin 58: 769 400 954 995 592 47 873 546 
Bin 59: 447 101 521 599 632 
Bin 60: 697 594 966 267 944 
Bin 61: 309 639 702 445 815 929 
Bin 62: 313 77 153 262 394 
Bin 63: 343 588 386 564 959 146 414 10 
Bin 64: 228 388 254 982 712 
Bin 65: 110 201 147 808 859 830 550 
Bin 66: 899 987 50 14 527 813 220 940 
Bin 67: 58 391 662 412 973 492 
Bin 68: 844 455 34 807 377 
Bin 69: 655 274 218 878 968 375 605 
Bin 70: 135 349 789 123 357 168 
Bin 71: 179 754 591 490 214 561 35 
Bin 72: 482 418 576 476 399 983 979 
Bin 73: 54 373 143 785 297 440 306 
Bin 74: 656 577 227 448 379 293 45 
Bin 75: 380 244 809 178 509 300 
Bin 76: 16 797 71 376 936 145 437 
Bin 77: 189 870 384 136 601 462 856 
Bin 78: 230 912 488 683 284 580 925 
Bin 79: 604 85 41 240 690 70 229 260 534 
Bin 80: 82 358 826 960 438 65 2 37 
Bin 81: 905 273 896 892 554 964 840 
Bin 82: 356 898 629 162 763 969 176 
Bin 83: 424 299 838 468 24 606 
Bin 84: 186 689 911 771 88 223 608 
Bin 85: 907 33 21 563 15 
Bin 86: 988 558 672 335 307 401 333 
Bin 87: 976 551 451 670 453 8 570 
Bin 88: 322 871 61 923 281 687 
Bin 89: 957 332 635 767 824 64 149 
Bin 90: 581 171 671 533 487 330 163 
Bin 91: 935 433 326 770 846 98 
Bin 92: 81 927 408 513 621 203 645 
Bin 93: 512 69 539 30 569 638 
Bin 94: 918 63 434 700 897 628 150 
Bin 95: 559 783 208 107 793 413 237 993 727 
Bin 96: 66 345 142 253 62 225 477 500 716 
Bin 97: 932 801 370 637 777 574 
Bin 98: 934 365 949 157 427 862 
Bin 99: 463 119 504 631 590 275 786 
Bin 100: 734 714 114 102 802 552 818 990 
Bin 101: 922 266 917 318 965 467 694 268 
Bin 102: 943 212 582 520 84 677 151 684 
Bin 103: 166 779 669 529 644 416 760 
Bin 104: 884 442 748 819 778 245 124 29 597 
Bin 105: 194 578 522 817 924 812 7 
Bin 106: 450 652 931 383 740 328 496 
Bin 107: 55 831 634 27 883 
Bin 108: 667 31 217 613 742 
Bin 109: 90 115 947 790 478 752 327 
Bin 110: 717 280 573 620 125 938 
Bin 111: 129 174 942 128 270 872 921 706 
Bin 112: 866 13 825 355 863 324 679 
Bin 113: 555 641 678 169 566 814 75 
Bin 114: 992 676 259 998 479 952 
Bin 115: 338 11 341 430 469 457 
Bin 116: 22 92 919 131 660 78 
Bin 117: 937 311 132 285 156 543 572 
Bin 118: 986 484 465 853 113 
Bin 119: 247 251 622 640 586 829 503 
Bin 120: 378 303 556 398 481 80 367 216 
Bin 121: 17 799 432 643 261 94 
Bin 122: 510 984 4 120 775 
Bin 123: 750 255 736 134 886 596 766 
Bin 124: 160 121 239 821 279 822 191 
Bin 125: 495 172 653 148 646 548 
Bin 126: 758 595 951 23 141 666 540 
Bin 127: 352 0 288 19 806 
Bin 128: 686 502 431 950 800 
Bin 129: 615 289 858 955 805 939 346 
Bin 130: 877 116 981 444 888 833 112 
Bin 131: 127 12 507 753 705 485 
Bin 132: 708 971 651 731 493 403 545 
Bin 133: 57 835 287 933 238 538 
Bin 134: 526 67 91 975 72 847 887 
Bin 135: 519 126 154 1 879 609 278 
Bin 136: 393 491 746 688 314 471 312 626 
Bin 137: 187 315 207 283 158 
Bin 138: 715 202 89 236 811 567 458 
Bin 139: 607 422 759 6 474 282 
Bin 140: 177 828 749 562 415 182 224 
Bin 141: 291 372 906 782 133 105 757 106 623 
Bin 142: 48 464 532 211 654 649 
Bin 143: 675 263 232 205 587 721 901 210 18 
Bin 144: 428 958 849 709 663 961 535 
Bin 145: 305 426 111 195 257 926 
Bin 146: 619 302 848 497 264 
Bin 147: 997 25 226 331 589 
Bin 148: 159 501 693 277 296 
