# Objective: 39
# Time: 2.51249
# Feasible: 1
# Solution:
Bin 0: 188 206 189 57 94 182 61 122 96 
Bin 1: 72 19 45 167 114 211 43 219 
Bin 2: 248 227 199 237 22 191 204 
Bin 3: 124 163 11 140 150 107 
Bin 4: 145 170 123 80 157 
Bin 5: 37 133 82 197 87 134 218 97 
Bin 6: 117 216 54 177 171 176 196 
Bin 7: 220 93 221 190 84 20 200 
Bin 8: 102 44 70 75 3 26 79 
Bin 9: 180 144 243 90 92 231 
Bin 10: 241 46 7 230 56 175 
Bin 11: 161 109 210 9 235 158 71 
Bin 12: 246 207 179 149 23 1 
Bin 13: 50 47 198 195 242 129 
Bin 14: 126 60 164 172 34 
Bin 15: 77 137 181 31 229 100 
Bin 16: 53 178 0 193 132 55 14 
Bin 17: 24 15 131 48 38 151 67 18 
Bin 18: 118 103 224 16 214 78 236 
Bin 19: 68 169 8 168 225 12 
Bin 20: 39 174 203 62 85 64 
Bin 21: 66 86 202 115 5 112 247 
Bin 22: 234 244 4 135 99 
Bin 23: 232 40 136 104 69 121 
Bin 24: 95 91 58 194 139 
Bin 25: 162 98 125 245 21 27 160 141 
Bin 26: 156 153 166 120 25 32 192 
Bin 27: 138 143 42 223 10 101 130 
Bin 28: 213 81 36 226 
Bin 29: 173 63 147 65 183 
Bin 30: 41 73 154 106 28 29 35 205 239 
Bin 31: 185 233 146 208 238 240 
Bin 32: 13 89 201 119 49 
Bin 33: 108 6 215 59 184 51 
Bin 34: 222 110 187 142 74 228 152 249 
Bin 35: 83 209 159 186 52 111 148 
Bin 36: 212 88 128 165 127 
Bin 37: 217 113 76 17 30 
Bin 38: 2 155 105 116 33 
