# Objective: 150
# Time: 178.85
# Feasible: 1
# Solution:
Bin 0: 203 700 628 300 125 109 712 837 348 
Bin 1: 321 399 123 33 370 568 684 328 
Bin 2: 149 265 888 550 644 
Bin 3: 561 84 569 282 823 987 
Bin 4: 167 336 733 250 171 
Bin 5: 679 936 968 678 895 533 270 
Bin 6: 785 492 135 87 205 953 711 
Bin 7: 14 243 133 316 358 403 
Bin 8: 735 417 312 829 129 508 263 73 
Bin 9: 371 817 204 814 580 994 545 29 
Bin 10: 604 741 983 972 980 721 271 576 
Bin 11: 802 991 797 17 638 970 
Bin 12: 323 826 357 441 249 536 327 306 
Bin 13: 72 245 387 954 155 
Bin 14: 428 112 520 88 173 962 178 
Bin 15: 559 346 308 859 853 255 363 241 687 
Bin 16: 939 266 574 98 521 391 470 
Bin 17: 806 274 472 362 172 386 384 
Bin 18: 196 854 409 381 745 35 
Bin 19: 49 834 894 116 66 976 500 
Bin 20: 333 60 438 97 206 324 506 281 
Bin 21: 770 918 885 436 560 818 433 287 
Bin 22: 779 833 64 630 296 840 588 651 
Bin 23: 413 866 269 728 512 217 30 
Bin 24: 831 177 835 207 298 385 812 
Bin 25: 13 175 464 484 922 215 209 663 
Bin 26: 858 786 554 119 544 95 
Bin 27: 426 609 106 237 875 705 
Bin 28: 473 170 390 421 142 479 
Bin 29: 873 220 404 406 477 616 
Bin 30: 706 627 141 799 9 338 495 743 405 
Bin 31: 200 649 997 27 22 353 635 
Bin 32: 902 244 355 195 727 322 598 587 
Bin 33: 423 179 723 661 653 
Bin 34: 483 53 221 738 955 92 905 611 
Bin 35: 513 751 329 934 360 567 852 
Bin 36: 864 450 374 541 801 943 117 952 
Bin 37: 283 136 750 876 749 83 37 
Bin 38: 344 276 836 713 293 331 
Bin 39: 68 40 435 995 63 51 596 
Bin 40: 330 452 969 667 352 42 185 
Bin 41: 752 783 659 652 144 364 225 775 
Bin 42: 637 463 288 686 222 695 501 
Bin 43: 960 676 784 714 926 96 342 878 
Bin 44: 402 623 657 445 923 632 613 
Bin 45: 128 289 268 242 57 565 990 345 
Bin 46: 261 15 928 940 602 
Bin 47: 526 688 367 813 898 161 52 
Bin 48: 792 553 845 164 228 671 
Bin 49: 867 517 361 771 113 698 
Bin 50: 194 793 605 945 850 849 
Bin 51: 607 153 773 822 958 86 
Bin 52: 914 594 860 975 575 748 865 
Bin 53: 843 693 193 707 254 26 
Bin 54: 388 578 69 267 235 
Bin 55: 610 505 32 347 620 746 
Bin 56: 246 93 924 694 664 101 236 
Bin 57: 478 55 881 730 311 80 461 
Bin 58: 658 762 407 581 528 395 
Bin 59: 23 208 369 99 646 701 989 152 
Bin 60: 851 959 19 641 861 511 190 
Bin 61: 378 447 494 757 465 557 301 
Bin 62: 24 453 808 951 776 765 677 
Bin 63: 579 118 999 337 848 
Bin 64: 34 729 906 941 325 408 685 
Bin 65: 213 827 911 318 297 764 
Bin 66: 838 124 422 719 884 
Bin 67: 45 78 490 585 896 974 489 
Bin 68: 233 85 434 601 31 372 879 761 
Bin 69: 160 531 592 253 890 
Bin 70: 383 759 519 718 317 782 516 176 
Bin 71: 547 104 256 239 791 515 341 163 
Bin 72: 10 555 279 460 901 732 
Bin 73: 524 886 639 909 309 
Bin 74: 18 899 145 231 398 563 
Bin 75: 440 314 816 418 961 763 984 
Bin 76: 982 394 913 668 556 396 12 
Bin 77: 7 631 157 259 122 415 303 67 
Bin 78: 332 731 870 696 54 334 548 
Bin 79: 947 476 482 660 79 230 191 702 
Bin 80: 260 673 992 310 917 
Bin 81: 542 414 964 81 993 148 593 251 
Bin 82: 278 454 666 925 912 798 716 
Bin 83: 392 38 877 809 841 
Bin 84: 393 815 670 449 212 275 446 
Bin 85: 430 373 238 307 948 466 20 467 571 
Bin 86: 139 811 669 234 874 996 
Bin 87: 110 621 558 1 272 366 755 
Bin 88: 724 863 758 389 697 546 162 
Bin 89: 165 240 0 28 459 910 753 
Bin 90: 202 927 570 919 855 313 904 
Bin 91: 636 540 778 456 226 795 
Bin 92: 154 4 856 201 921 929 227 522 
Bin 93: 232 247 530 198 665 844 
Bin 94: 509 304 335 591 586 
Bin 95: 767 931 158 956 740 
Bin 96: 41 294 82 800 518 777 
Bin 97: 280 882 944 857 377 606 
Bin 98: 699 603 431 662 828 
Bin 99: 595 769 168 36 612 
Bin 100: 736 2 742 166 625 820 257 
Bin 101: 380 869 883 186 781 349 
Bin 102: 134 77 949 868 825 
Bin 103: 981 351 946 503 199 107 427 56 756 
Bin 104: 138 650 499 455 744 497 703 
Bin 105: 564 618 39 597 103 21 
Bin 106: 985 91 319 624 675 181 872 75 
Bin 107: 291 543 444 183 485 486 
Bin 108: 514 642 340 189 48 44 
Bin 109: 583 626 468 151 772 950 608 
Bin 110: 432 365 496 412 708 920 978 
Bin 111: 871 689 916 143 487 111 
Bin 112: 720 223 126 429 790 804 285 
Bin 113: 507 683 807 643 320 
Bin 114: 65 734 963 159 572 614 74 
Bin 115: 419 747 359 94 805 
Bin 116: 523 443 862 8 737 76 475 725 
Bin 117: 474 264 108 647 356 562 379 
Bin 118: 114 89 889 648 498 439 147 224 971 
Bin 119: 105 397 977 573 839 
Bin 120: 258 715 682 305 967 599 
Bin 121: 566 182 846 127 933 5 47 
Bin 122: 400 908 965 766 382 796 842 535 584 
Bin 123: 302 156 59 137 824 6 437 
Bin 124: 617 46 577 150 722 197 534 
Bin 125: 58 821 184 527 552 502 410 656 
Bin 126: 61 787 62 704 655 
Bin 127: 146 900 633 537 411 284 892 
Bin 128: 315 130 375 582 532 832 937 
Bin 129: 539 43 420 510 3 891 
Bin 130: 451 830 401 286 674 
Bin 131: 354 788 350 121 966 915 819 425 
Bin 132: 794 717 132 448 957 973 
Bin 133: 299 218 169 986 115 907 100 
Bin 134: 789 726 210 277 803 897 589 
Bin 135: 529 290 935 16 903 710 488 504 
Bin 136: 11 760 50 188 549 880 
Bin 137: 211 469 416 491 120 
Bin 138: 71 690 295 525 339 
Bin 139: 622 131 216 709 25 180 
Bin 140: 847 229 938 768 219 343 
Bin 141: 551 739 590 458 457 493 
Bin 142: 248 481 887 442 252 262 538 
Bin 143: 942 988 90 326 634 70 
Bin 144: 480 600 640 672 979 932 273 
Bin 145: 998 192 214 368 102 
Bin 146: 692 619 930 471 774 187 
Bin 147: 629 691 424 810 645 
Bin 148: 376 462 654 615 893 174 681 
Bin 149: 680 754 140 780 292 
