# Objective: 18
# Time: 0.370761
# Feasible: 1
# Solution:
Bin 0: 42 118 28 17 41 80 48 
Bin 1: 13 6 30 98 22 36 84 
Bin 2: 55 50 47 75 82 46 76 69 106 
Bin 3: 15 71 89 70 116 99 104 86 87 
Bin 4: 37 68 103 58 45 66 49 19 
Bin 5: 83 23 39 38 73 12 
Bin 6: 20 64 21 10 117 9 77 
Bin 7: 72 78 4 44 26 59 61 31 95 7 111 
Bin 8: 63 52 11 56 79 114 
Bin 9: 108 107 113 101 53 
Bin 10: 85 57 105 115 34 
Bin 11: 5 43 65 94 54 
Bin 12: 109 67 35 112 1 3 
Bin 13: 97 8 91 51 96 32 40 81 
Bin 14: 0 88 102 110 18 24 
Bin 15: 14 93 74 29 33 
Bin 16: 60 100 16 119 90 
Bin 17: 62 92 27 25 2 
