# Objective: 100
# Time: 5.14343
# Feasible: 1
# Solution:
Bin 0: 375 405 374 88 229 105 
Bin 1: 215 51 335 483 439 148 144 
Bin 2: 317 118 455 224 364 478 168 75 442 
Bin 3: 472 101 329 319 137 103 32 
Bin 4: 422 296 336 35 411 316 
Bin 5: 247 291 155 438 494 13 46 
Bin 6: 207 327 92 392 196 85 64 
Bin 7: 340 27 42 181 63 457 188 255 
Bin 8: 456 471 133 343 21 350 
Bin 9: 174 341 111 172 257 281 
Bin 10: 157 232 497 8 474 288 
Bin 11: 477 7 149 183 49 416 
Bin 12: 280 445 192 353 345 59 190 464 
Bin 13: 99 334 366 125 5 178 
Bin 14: 126 70 310 394 449 
Bin 15: 60 185 437 176 250 240 
Bin 16: 339 131 204 203 481 
Bin 17: 31 495 209 242 306 36 
Bin 18: 389 227 140 41 12 83 153 
Bin 19: 177 262 236 401 323 294 409 289 
Bin 20: 488 443 400 300 303 470 372 95 
Bin 21: 485 165 361 460 384 9 
Bin 22: 143 200 151 214 201 84 
Bin 23: 10 230 396 408 222 86 348 325 
Bin 24: 189 272 161 61 476 69 
Bin 25: 141 436 430 266 170 321 482 
Bin 26: 47 382 360 78 273 136 79 138 
Bin 27: 428 429 407 277 146 480 356 309 
Bin 28: 179 276 156 225 498 
Bin 29: 58 352 479 386 403 
Bin 30: 238 432 254 175 114 154 169 163 211 467 
Bin 31: 298 328 441 132 391 357 
Bin 32: 171 191 135 295 115 397 
Bin 33: 346 16 57 404 419 342 2 
Bin 34: 93 393 418 490 127 194 324 226 
Bin 35: 318 43 219 234 
Bin 36: 385 62 122 333 0 
Bin 37: 82 475 90 253 444 
Bin 38: 308 292 465 448 493 285 184 447 
Bin 39: 98 208 331 461 383 
Bin 40: 367 67 320 420 25 
Bin 41: 128 484 23 45 104 44 
Bin 42: 380 406 142 130 267 14 370 
Bin 43: 248 1 381 167 379 
Bin 44: 220 72 293 279 459 235 193 
Bin 45: 423 110 427 112 199 
Bin 46: 435 278 388 30 284 29 
Bin 47: 489 315 297 412 282 
Bin 48: 38 100 433 129 399 
Bin 49: 53 55 124 97 246 
Bin 50: 107 462 217 216 417 231 96 
Bin 51: 158 123 210 453 492 496 
Bin 52: 314 265 113 
Bin 53: 15 24 121 473 347 34 
Bin 54: 410 258 221 268 332 368 160 106 
Bin 55: 414 301 499 223 256 197 159 271 
Bin 56: 119 37 354 387 426 
Bin 57: 304 434 326 
Bin 58: 150 431 371 81 33 
Bin 59: 19 302 299 270 454 
Bin 60: 195 202 22 424 
Bin 61: 311 173 52 6 205 260 
Bin 62: 365 286 398 402 91 466 413 
Bin 63: 349 363 89 
Bin 64: 450 145 
Bin 65: 243 20 166 378 351 164 
Bin 66: 212 269 395 
Bin 67: 355 
Bin 68: 3 458 48 451 313 440 134 71 
Bin 69: 283 80 252 463 
Bin 70: 117 162 344 421 
Bin 71: 290 102 94 
Bin 72: 251 198 452 206 425 4 
Bin 73: 17 
Bin 74: 369 147 87 359 
Bin 75: 233 39 312 
Bin 76: 376 74 77 218 116 
Bin 77: 259 213 108 
Bin 78: 377 28 54 241 73 50 
Bin 79: 491 468 
Bin 80: 261 182 
Bin 81: 187 469 
Bin 82: 186 390 68 
Bin 83: 338 287 65 
Bin 84: 274 
Bin 85: 237 264 275 
Bin 86: 322 152 120 244 180 
Bin 87: 330 263 486 66 415 
Bin 88: 40 
Bin 89: 305 
Bin 90: 249 26 
Bin 91: 11 76 307 56 362 
Bin 92: 139 337 245 
Bin 93: 487 446 
Bin 94: 373 
Bin 95: 228 
Bin 96: 358 
Bin 97: 18 
Bin 98: 109 
Bin 99: 239 
