# Objective: 39
# Time: 2.221
# Feasible: 1
# Solution:
Bin 0: 68 108 23 111 203 138 52 
Bin 1: 196 129 97 110 170 147 
Bin 2: 140 217 44 59 209 115 158 
Bin 3: 109 116 200 32 60 141 
Bin 4: 166 4 18 207 192 248 106 2 
Bin 5: 221 237 27 57 167 131 86 193 82 
Bin 6: 183 90 5 101 177 240 
Bin 7: 25 46 142 6 214 105 65 
Bin 8: 230 126 67 10 127 
Bin 9: 185 119 48 211 43 53 191 
Bin 10: 37 64 95 20 63 
Bin 11: 132 201 112 103 165 34 
Bin 12: 175 168 145 179 8 136 
Bin 13: 29 137 205 206 243 118 121 21 14 
Bin 14: 99 144 234 35 182 114 
Bin 15: 54 13 241 7 130 184 
Bin 16: 49 69 84 224 228 219 122 
Bin 17: 161 113 213 22 174 33 
Bin 18: 215 208 85 3 94 107 239 188 238 
Bin 19: 162 19 194 76 155 197 
Bin 20: 83 150 30 92 148 
Bin 21: 198 199 171 77 236 244 38 
Bin 22: 139 66 79 16 212 
Bin 23: 78 216 229 24 75 176 120 231 
Bin 24: 124 173 247 223 1 
Bin 25: 190 55 210 51 81 249 
Bin 26: 159 232 154 245 202 0 91 
Bin 27: 47 220 226 195 134 186 40 
Bin 28: 36 160 128 218 61 58 
Bin 29: 164 74 149 70 89 87 
Bin 30: 172 146 153 225 26 80 
Bin 31: 9 88 50 41 12 42 125 189 100 
Bin 32: 117 31 102 135 157 
Bin 33: 156 222 180 15 181 
Bin 34: 28 242 246 62 178 235 
Bin 35: 39 123 56 45 163 11 
Bin 36: 17 71 151 93 169 
Bin 37: 187 233 152 98 133 104 
Bin 38: 204 96 72 73 227 143 
