# Objective: 99
# Time: 2.2436
# Feasible: 1
# Solution:
Bin 0: 83 406 486 319 335 185 439 
Bin 1: 228 161 99 476 207 373 113 423 
Bin 2: 159 146 69 236 184 374 
Bin 3: 334 455 11 216 183 446 356 
Bin 4: 45 50 361 34 287 332 435 451 
Bin 5: 396 100 498 20 179 481 
Bin 6: 448 339 36 205 112 494 
Bin 7: 345 38 246 419 430 227 
Bin 8: 284 78 223 1 180 
Bin 9: 25 89 404 74 192 4 108 
Bin 10: 266 478 155 377 123 250 395 
Bin 11: 316 120 371 351 119 57 
Bin 12: 32 139 150 386 298 129 
Bin 13: 194 71 77 460 315 387 492 
Bin 14: 405 40 349 33 118 190 67 420 
Bin 15: 9 362 344 12 231 370 
Bin 16: 271 195 305 304 459 117 
Bin 17: 392 422 322 359 239 468 402 299 63 106 
Bin 18: 115 403 301 215 220 
Bin 19: 39 466 398 489 199 
Bin 20: 217 238 253 75 166 318 278 
Bin 21: 488 72 285 193 428 
Bin 22: 170 269 122 475 281 167 291 81 
Bin 23: 88 44 399 48 320 101 49 
Bin 24: 497 346 200 28 219 93 107 
Bin 25: 58 153 147 338 158 26 91 
Bin 26: 110 290 413 288 256 206 276 409 249 8 
Bin 27: 485 145 262 415 330 293 234 490 198 
Bin 28: 137 474 467 367 394 21 
Bin 29: 17 121 484 496 303 241 
Bin 30: 64 126 168 379 297 
Bin 31: 135 31 311 391 328 307 
Bin 32: 317 252 154 203 173 445 
Bin 33: 313 389 280 441 418 86 
Bin 34: 243 52 461 211 79 412 222 181 
Bin 35: 109 62 111 162 187 98 208 
Bin 36: 30 331 258 442 479 289 
Bin 37: 323 156 0 82 274 224 
Bin 38: 376 431 131 264 360 41 
Bin 39: 354 372 433 286 447 42 14 
Bin 40: 456 463 306 321 66 54 
Bin 41: 164 259 3 368 487 225 
Bin 42: 378 59 213 138 355 
Bin 43: 283 357 80 133 300 6 
Bin 44: 432 176 426 68 400 353 
Bin 45: 10 134 105 141 56 24 272 
Bin 46: 128 125 18 22 469 324 
Bin 47: 375 188 292 124 
Bin 48: 336 189 169 380 
Bin 49: 268 140 46 132 96 436 385 
Bin 50: 221 267 425 388 61 
Bin 51: 144 53 493 13 462 381 
Bin 52: 84 263 244 411 201 182 
Bin 53: 408 149 102 248 
Bin 54: 254 212 
Bin 55: 143 87 482 157 366 
Bin 56: 495 443 347 384 382 151 229 471 
Bin 57: 92 15 178 358 450 60 390 
Bin 58: 453 491 440 237 
Bin 59: 247 
Bin 60: 326 472 279 302 257 312 
Bin 61: 477 352 130 452 65 
Bin 62: 148 85 16 233 333 90 
Bin 63: 218 444 7 343 232 
Bin 64: 235 470 23 458 
Bin 65: 499 454 295 160 55 
Bin 66: 294 464 
Bin 67: 393 171 275 177 465 
Bin 68: 314 429 
Bin 69: 342 308 348 364 
Bin 70: 127 242 310 73 51 
Bin 71: 325 261 383 369 483 204 
Bin 72: 350 70 209 2 449 421 437 
Bin 73: 417 282 265 
Bin 74: 142 35 260 226 
Bin 75: 416 27 245 76 
Bin 76: 240 407 94 434 210 340 363 424 29 
Bin 77: 438 
Bin 78: 104 43 174 
Bin 79: 136 196 277 365 
Bin 80: 114 19 95 255 296 
Bin 81: 47 186 163 
Bin 82: 116 
Bin 83: 410 191 
Bin 84: 251 214 
Bin 85: 480 
Bin 86: 273 230 337 341 270 
Bin 87: 152 401 
Bin 88: 397 172 
Bin 89: 37 165 427 
Bin 90: 202 197 103 327 
Bin 91: 329 
Bin 92: 414 
Bin 93: 473 
Bin 94: 457 
Bin 95: 309 
Bin 96: 175 
Bin 97: 5 
Bin 98: 97 
