# Objective: 17
# Time: 0.417849
# Feasible: 1
# Solution:
Bin 0: 54 1 18 46 68 84 25 49 
Bin 1: 0 113 16 27 72 117 11 28 87 
Bin 2: 55 67 98 88 38 
Bin 3: 61 91 8 104 20 32 94 
Bin 4: 110 44 63 17 107 
Bin 5: 74 19 79 58 95 48 85 4 26 89 
Bin 6: 24 114 116 80 56 40 3 10 
Bin 7: 5 30 78 101 81 66 100 
Bin 8: 50 76 102 97 86 22 52 
Bin 9: 96 75 12 29 62 37 112 
Bin 10: 82 105 33 83 43 35 45 31 65 34 
Bin 11: 9 15 77 64 93 73 115 59 
Bin 12: 21 71 70 36 42 
Bin 13: 47 111 51 109 92 
Bin 14: 57 99 13 14 39 60 7 6 
Bin 15: 41 118 108 119 69 
Bin 16: 90 23 103 2 106 53 
