# Objective: 18
# Time: 0.377416
# Feasible: 1
# Solution:
Bin 0: 114 68 14 59 117 110 
Bin 1: 15 71 62 9 25 102 
Bin 2: 12 13 86 104 73 61 92 44 
Bin 3: 97 82 45 115 100 46 31 43 
Bin 4: 105 79 54 11 57 
Bin 5: 63 88 0 101 91 
Bin 6: 98 89 28 10 58 41 95 49 118 42 
Bin 7: 60 93 53 40 69 112 64 
Bin 8: 36 109 21 81 83 76 26 
Bin 9: 3 70 74 27 30 75 108 
Bin 10: 52 56 77 18 99 6 72 22 
Bin 11: 29 35 19 106 7 55 20 
Bin 12: 32 39 103 66 80 111 2 
Bin 13: 107 94 78 50 51 23 5 
Bin 14: 87 96 113 38 33 
Bin 15: 67 47 85 1 4 65 
Bin 16: 48 8 17 116 37 16 
Bin 17: 34 119 84 90 24 
