# Objective: 76
# Time: 17.3695
# Feasible: 1
# Solution:
Bin 0: 61 258 269 228 475 352 
Bin 1: 245 216 167 16 339 270 
Bin 2: 174 268 6 238 306 210 75 
Bin 3: 223 351 198 31 179 
Bin 4: 481 135 280 468 444 
Bin 5: 373 275 32 333 462 312 231 224 88 
Bin 6: 115 203 267 343 127 437 
Bin 7: 300 335 337 226 376 442 295 
Bin 8: 349 78 234 184 94 98 
Bin 9: 20 152 156 297 87 
Bin 10: 50 342 13 169 463 
Bin 11: 133 93 0 72 406 485 195 382 
Bin 12: 283 473 14 359 176 236 65 
Bin 13: 146 357 414 113 371 389 73 
Bin 14: 353 441 344 153 334 56 456 
Bin 15: 35 388 327 145 330 62 
Bin 16: 246 49 106 494 220 
Bin 17: 375 29 304 89 229 
Bin 18: 125 79 58 293 486 422 
Bin 19: 436 377 450 426 452 321 
Bin 20: 336 105 356 129 243 183 497 96 
Bin 21: 118 362 102 36 404 307 111 
Bin 22: 107 355 227 120 365 
Bin 23: 225 311 244 215 278 150 39 
Bin 24: 103 489 235 148 403 
Bin 25: 364 175 182 487 320 472 134 416 
Bin 26: 121 33 27 380 130 294 
Bin 27: 10 310 70 252 142 158 172 
Bin 28: 360 51 332 83 214 4 
Bin 29: 425 282 322 478 455 495 387 411 
Bin 30: 91 124 476 263 26 201 143 40 
Bin 31: 313 137 197 170 138 402 
Bin 32: 296 7 122 52 42 457 
Bin 33: 286 328 483 272 326 398 479 242 315 
Bin 34: 166 37 445 316 391 448 233 
Bin 35: 54 114 132 374 254 340 25 23 222 241 
Bin 36: 350 417 488 192 101 393 
Bin 37: 273 434 221 499 285 265 
Bin 38: 465 45 151 154 323 454 90 
Bin 39: 17 248 449 168 232 496 
Bin 40: 325 34 429 407 459 433 428 
Bin 41: 408 415 99 206 438 213 
Bin 42: 21 187 109 277 108 395 69 28 100 
Bin 43: 420 368 249 405 369 287 
Bin 44: 256 498 363 193 314 209 292 
Bin 45: 47 412 163 401 59 299 218 
Bin 46: 239 341 30 43 200 291 250 
Bin 47: 53 207 319 230 85 63 430 
Bin 48: 22 385 208 64 281 451 
Bin 49: 443 298 80 9 237 435 97 112 
Bin 50: 11 188 2 390 173 461 247 
Bin 51: 381 366 185 302 413 147 446 
Bin 52: 180 181 264 1 81 212 164 482 
Bin 53: 301 394 379 490 160 
Bin 54: 424 177 141 284 110 199 
Bin 55: 260 92 464 271 74 331 139 
Bin 56: 427 131 219 165 423 
Bin 57: 15 305 460 82 358 318 136 262 205 
Bin 58: 55 186 123 119 378 
Bin 59: 259 474 439 392 289 
Bin 60: 329 67 12 162 157 
Bin 61: 155 288 431 447 399 178 276 191 217 346 
Bin 62: 367 440 144 60 384 44 386 
Bin 63: 470 104 76 419 196 469 354 
Bin 64: 128 211 396 372 95 194 
Bin 65: 397 18 71 480 347 477 
Bin 66: 161 383 324 257 84 361 290 3 
Bin 67: 453 348 117 309 421 24 
Bin 68: 409 492 140 86 253 
Bin 69: 189 467 308 279 19 491 
Bin 70: 204 274 190 8 46 458 400 
Bin 71: 418 159 202 116 370 57 432 5 266 
Bin 72: 38 410 68 48 466 345 
Bin 73: 251 171 493 149 338 77 
Bin 74: 303 261 240 255 66 
Bin 75: 126 484 471 317 41 
