# Objective: 37
# Time: 2.5014
# Feasible: 1
# Solution:
Bin 0: 211 32 89 57 124 56 103 
Bin 1: 119 79 20 166 47 23 15 204 
Bin 2: 200 81 67 50 224 
Bin 3: 5 69 159 188 123 43 205 41 70 
Bin 4: 114 241 101 14 109 246 45 233 40 
Bin 5: 116 78 136 26 48 155 158 
Bin 6: 131 247 148 146 202 46 
Bin 7: 105 198 213 34 16 4 
Bin 8: 134 91 22 42 126 111 151 
Bin 9: 61 144 215 163 174 21 
Bin 10: 125 115 37 223 235 35 161 
Bin 11: 245 192 150 99 49 217 106 
Bin 12: 238 222 172 118 83 104 86 
Bin 13: 231 18 232 38 96 230 8 156 147 
Bin 14: 73 29 225 122 85 210 199 39 
Bin 15: 218 194 135 95 113 
Bin 16: 82 132 197 6 17 9 175 171 
Bin 17: 216 52 189 177 112 94 165 129 
Bin 18: 88 169 214 190 92 10 64 
Bin 19: 62 27 209 110 90 236 
Bin 20: 13 98 24 179 33 19 
Bin 21: 183 54 167 206 220 133 
Bin 22: 173 243 2 191 152 130 240 
Bin 23: 102 180 237 120 80 185 28 93 
Bin 24: 227 25 127 229 3 31 
Bin 25: 244 107 71 239 157 143 141 55 
Bin 26: 182 187 44 139 221 75 84 
Bin 27: 36 195 249 138 53 7 242 63 
Bin 28: 59 226 11 66 117 
Bin 29: 178 207 145 65 58 212 
Bin 30: 181 137 128 154 12 160 
Bin 31: 87 203 248 30 164 108 234 
Bin 32: 0 162 97 219 1 121 
Bin 33: 51 184 153 76 228 140 
Bin 34: 193 142 72 149 68 
Bin 35: 170 176 100 60 208 
Bin 36: 201 74 77 168 196 186 
