# Objective: 18
# Time: 0.368944
# Feasible: 1
# Solution:
Bin 0: 58 59 51 101 65 79 108 64 0 
Bin 1: 114 4 35 9 107 14 67 118 76 15 
Bin 2: 109 49 36 71 72 22 
Bin 3: 100 119 7 41 90 57 52 
Bin 4: 43 98 1 104 96 60 25 82 
Bin 5: 20 105 62 55 30 46 
Bin 6: 42 6 45 85 68 
Bin 7: 21 12 23 86 88 78 34 
Bin 8: 19 56 99 37 103 91 74 
Bin 9: 97 112 75 26 39 84 44 
Bin 10: 47 8 13 17 115 50 77 32 48 
Bin 11: 24 89 27 40 54 
Bin 12: 95 11 93 5 53 2 
Bin 13: 29 110 70 102 16 83 
Bin 14: 113 92 10 38 81 28 
Bin 15: 31 80 66 116 61 
Bin 16: 106 18 73 94 87 
Bin 17: 117 63 69 33 3 111 
