# Objective: 39
# Time: 2.23306
# Feasible: 1
# Solution:
Bin 0: 134 62 216 238 148 1 
Bin 1: 137 4 42 22 133 124 242 94 
Bin 2: 163 205 19 26 16 57 146 132 
Bin 3: 196 91 89 183 74 
Bin 4: 7 212 79 197 200 49 
Bin 5: 29 218 70 190 14 15 78 86 
Bin 6: 107 92 0 213 45 100 141 
Bin 7: 217 177 68 72 158 173 
Bin 8: 199 122 176 66 131 235 229 
Bin 9: 155 102 40 116 53 
Bin 10: 195 80 188 248 110 87 75 186 
Bin 11: 185 206 27 46 112 59 8 
Bin 12: 233 50 207 243 77 
Bin 13: 103 30 47 106 157 166 
Bin 14: 161 104 44 67 231 227 127 
Bin 15: 194 130 214 237 81 35 136 
Bin 16: 108 201 208 84 144 
Bin 17: 55 3 168 142 203 234 225 236 
Bin 18: 230 88 34 61 151 83 
Bin 19: 25 156 241 192 215 18 28 
Bin 20: 37 244 5 152 23 120 228 113 
Bin 21: 117 31 211 114 149 2 245 
Bin 22: 54 9 95 189 43 209 204 
Bin 23: 21 33 105 115 220 118 
Bin 24: 135 126 226 11 167 58 
Bin 25: 164 6 60 123 125 219 
Bin 26: 93 96 24 179 174 181 175 
Bin 27: 240 32 170 150 147 247 
Bin 28: 13 178 101 51 65 
Bin 29: 232 184 64 56 119 162 
Bin 30: 198 187 202 222 111 239 20 
Bin 31: 39 191 143 82 153 
Bin 32: 246 182 221 38 160 109 138 85 
Bin 33: 223 97 210 140 159 63 
Bin 34: 17 52 165 99 121 145 
Bin 35: 36 169 224 48 76 
Bin 36: 41 98 73 128 154 249 
Bin 37: 180 193 129 10 139 12 
Bin 38: 69 172 171 71 90 
