# Objective: 18
# Time: 0.390765
# Feasible: 1
# Solution:
Bin 0: 104 83 36 57 105 1 
Bin 1: 11 47 33 58 51 32 23 77 
Bin 2: 34 29 24 112 106 43 
Bin 3: 85 91 68 2 93 
Bin 4: 5 71 75 55 89 31 39 7 35 
Bin 5: 44 18 63 86 66 118 4 103 
Bin 6: 46 113 72 19 53 49 99 94 
Bin 7: 108 95 42 88 13 40 116 69 
Bin 8: 21 59 115 78 22 100 76 9 
Bin 9: 61 6 37 81 26 117 25 
Bin 10: 80 114 60 41 30 50 82 45 
Bin 11: 27 0 102 74 62 
Bin 12: 73 101 90 56 111 3 67 
Bin 13: 98 28 14 96 8 110 
Bin 14: 20 119 52 64 12 
Bin 15: 16 65 54 97 84 
Bin 16: 79 38 92 48 10 
Bin 17: 109 107 15 87 70 17 
