# Objective: 18
# Time: 0.248338
# Feasible: 1
# Solution:
Bin 0: 94 9 24 62 87 13 105 
Bin 1: 69 38 1 95 2 75 48 20 
Bin 2: 56 113 52 34 77 51 
Bin 3: 70 111 93 91 32 66 
Bin 4: 18 22 60 28 49 14 36 101 
Bin 5: 21 7 4 43 11 68 85 86 
Bin 6: 19 6 29 31 23 58 107 
Bin 7: 12 106 110 61 79 99 
Bin 8: 78 89 54 71 114 65 39 
Bin 9: 90 30 81 25 33 84 109 45 
Bin 10: 92 97 53 64 98 55 100 
Bin 11: 83 40 115 112 76 108 
Bin 12: 116 26 57 67 44 8 35 
Bin 13: 15 72 63 16 42 10 
Bin 14: 119 103 17 80 46 88 41 
Bin 15: 47 50 27 96 74 
Bin 16: 117 5 104 118 102 82 
Bin 17: 59 0 37 3 73 
