# Objective: 18
# Time: 0.295676
# Feasible: 1
# Solution:
Bin 0: 116 32 6 55 86 10 
Bin 1: 70 118 9 78 72 
Bin 2: 36 64 14 98 106 73 
Bin 3: 8 63 71 58 91 109 
Bin 4: 50 112 111 66 88 43 39 45 
Bin 5: 100 35 16 83 44 30 34 52 
Bin 6: 60 12 101 4 75 0 65 
Bin 7: 94 107 77 47 21 61 51 81 
Bin 8: 49 59 20 90 95 41 24 67 
Bin 9: 15 31 113 93 17 33 
Bin 10: 28 5 1 54 25 56 53 
Bin 11: 87 27 18 42 76 62 48 80 
Bin 12: 11 119 99 29 96 40 
Bin 13: 26 3 110 69 89 97 
Bin 14: 74 19 108 84 79 68 
Bin 15: 117 23 13 103 105 102 85 104 38 
Bin 16: 57 115 114 2 22 82 
Bin 17: 92 7 37 46 
