# Objective: 75
# Time: 12.7746
# Feasible: 1
# Solution:
Bin 0: 135 19 196 274 125 496 421 
Bin 1: 354 72 269 412 454 147 
Bin 2: 247 313 226 64 87 
Bin 3: 463 132 96 493 462 253 352 11 35 
Bin 4: 428 248 303 13 47 179 281 
Bin 5: 296 275 107 232 340 123 
Bin 6: 258 324 145 346 71 121 211 195 
Bin 7: 388 157 254 82 304 357 
Bin 8: 472 385 261 241 252 
Bin 9: 129 106 284 198 383 495 359 112 
Bin 10: 494 483 100 377 171 379 372 
Bin 11: 118 381 51 1 133 230 362 231 29 
Bin 12: 8 62 225 266 374 156 191 127 85 
Bin 13: 278 311 286 37 318 150 34 283 
Bin 14: 310 259 103 332 409 117 
Bin 15: 25 321 84 410 204 
Bin 16: 197 141 397 342 478 175 
Bin 17: 376 67 94 433 336 488 244 
Bin 18: 499 217 169 408 32 105 450 
Bin 19: 38 245 492 395 333 109 380 411 
Bin 20: 420 59 438 268 43 99 221 203 229 86 316 
Bin 21: 317 382 315 350 293 18 
Bin 22: 338 327 339 414 358 267 461 
Bin 23: 475 425 7 280 489 
Bin 24: 404 399 93 417 181 54 
Bin 25: 477 31 130 309 234 213 124 
Bin 26: 242 23 331 271 165 289 471 
Bin 27: 356 288 167 406 423 98 308 481 
Bin 28: 416 17 467 80 158 163 151 292 83 
Bin 29: 361 57 365 79 102 216 386 405 436 
Bin 30: 363 119 70 108 413 210 451 434 497 
Bin 31: 209 120 185 140 193 143 
Bin 32: 391 40 148 205 305 
Bin 33: 326 78 347 180 155 
Bin 34: 192 302 487 15 89 176 
Bin 35: 53 384 402 373 473 443 
Bin 36: 61 491 88 4 389 437 
Bin 37: 101 250 364 218 170 110 
Bin 38: 46 366 369 116 90 432 
Bin 39: 144 76 392 440 240 367 264 
Bin 40: 458 415 21 325 453 353 
Bin 41: 212 287 28 262 422 206 
Bin 42: 249 219 237 162 279 257 307 
Bin 43: 42 126 295 41 224 202 138 
Bin 44: 320 312 199 161 297 334 
Bin 45: 92 455 469 233 187 
Bin 46: 270 419 328 299 360 418 378 26 
Bin 47: 498 55 115 344 24 77 
Bin 48: 370 341 393 114 81 468 
Bin 49: 166 355 190 49 447 201 276 
Bin 50: 184 401 329 189 474 301 
Bin 51: 95 476 390 74 330 30 97 
Bin 52: 68 457 160 200 39 
Bin 53: 228 431 482 122 466 448 
Bin 54: 427 178 282 306 394 403 
Bin 55: 337 236 149 387 285 449 152 
Bin 56: 104 319 429 277 136 12 223 
Bin 57: 349 69 153 246 265 
Bin 58: 142 273 146 44 113 239 345 
Bin 59: 45 5 442 75 260 445 243 424 
Bin 60: 446 172 251 33 465 371 
Bin 61: 159 484 441 66 456 314 
Bin 62: 480 452 300 470 368 128 220 
Bin 63: 375 27 183 444 164 490 
Bin 64: 73 14 222 2 400 256 194 464 
Bin 65: 348 459 131 235 294 
Bin 66: 91 154 16 48 272 0 
Bin 67: 407 335 398 263 20 22 351 323 
Bin 68: 186 207 188 322 435 
Bin 69: 173 343 137 58 9 50 182 177 
Bin 70: 298 134 290 291 215 52 
Bin 71: 139 111 168 255 439 6 
Bin 72: 430 174 485 396 426 3 
Bin 73: 56 208 227 60 238 36 10 
Bin 74: 63 460 479 214 486 65 
