# Objective: 205
# Time: 24.9391
# Feasible: 1
# Solution:
Bin 0: 36 691 143 982 210 399 
Bin 1: 182 433 145 326 797 587 428 209 961 
Bin 2: 889 860 248 200 341 275 
Bin 3: 262 233 959 358 
Bin 4: 566 286 892 552 
Bin 5: 442 729 420 152 778 565 
Bin 6: 0 159 260 644 826 443 
Bin 7: 952 385 50 
Bin 8: 911 786 343 866 141 987 
Bin 9: 263 245 
Bin 10: 775 267 498 581 489 484 640 865 
Bin 11: 255 303 131 
Bin 12: 981 791 594 727 53 
Bin 13: 77 715 294 
Bin 14: 688 368 81 894 478 
Bin 15: 670 586 849 4 339 46 
Bin 16: 532 74 
Bin 17: 595 127 242 947 185 783 
Bin 18: 371 323 755 
Bin 19: 115 525 806 170 482 374 538 
Bin 20: 605 917 
Bin 21: 583 155 695 925 475 
Bin 22: 100 35 809 793 
Bin 23: 497 950 322 
Bin 24: 166 337 991 744 356 798 814 920 
Bin 25: 774 914 379 896 724 
Bin 26: 327 800 
Bin 27: 172 719 666 59 867 222 230 
Bin 28: 779 73 687 630 394 649 651 
Bin 29: 274 563 828 655 726 904 269 
Bin 30: 511 932 464 376 
Bin 31: 500 988 190 72 106 
Bin 32: 710 508 582 734 355 235 
Bin 33: 258 803 299 164 157 927 
Bin 34: 614 193 225 548 108 
Bin 35: 558 847 147 589 307 868 
Bin 36: 822 214 261 56 
Bin 37: 492 181 469 752 113 738 697 
Bin 38: 574 990 460 517 921 142 309 671 
Bin 39: 681 278 463 
Bin 40: 407 454 
Bin 41: 641 501 954 
Bin 42: 216 34 
Bin 43: 955 130 413 280 57 
Bin 44: 881 901 491 617 764 
Bin 45: 931 598 316 391 781 412 
Bin 46: 421 604 684 383 
Bin 47: 656 156 928 
Bin 48: 206 
Bin 49: 728 638 
Bin 50: 381 732 968 706 
Bin 51: 812 964 654 486 239 
Bin 52: 689 148 
Bin 53: 175 273 395 293 125 602 3 
Bin 54: 43 71 837 621 218 662 317 907 
Bin 55: 833 213 529 215 953 929 941 
Bin 56: 530 83 12 839 109 499 523 
Bin 57: 795 956 811 241 
Bin 58: 701 975 149 298 514 51 970 
Bin 59: 776 536 121 
Bin 60: 359 714 
Bin 61: 146 288 119 893 913 
Bin 62: 596 449 853 
Bin 63: 516 704 513 626 
Bin 64: 796 790 862 711 20 522 
Bin 65: 897 527 279 891 
Bin 66: 419 611 173 902 471 
Bin 67: 58 898 983 823 876 960 24 
Bin 68: 301 16 
Bin 69: 365 597 930 768 227 984 304 870 
Bin 70: 488 741 98 
Bin 71: 466 805 603 713 
Bin 72: 139 135 592 
Bin 73: 619 380 507 305 572 44 48 
Bin 74: 631 936 163 977 813 944 642 
Bin 75: 114 702 
Bin 76: 571 794 534 770 
Bin 77: 246 444 943 679 934 
Bin 78: 75 718 908 855 576 
Bin 79: 556 422 760 212 
Bin 80: 132 257 187 219 874 
Bin 81: 283 372 553 388 220 408 
Bin 82: 369 939 297 974 857 818 361 
Bin 83: 40 692 754 436 350 
Bin 84: 455 667 676 705 915 66 861 
Bin 85: 573 203 819 414 470 49 731 903 325 345 
Bin 86: 321 629 628 244 310 178 620 
Bin 87: 830 334 320 616 600 201 
Bin 88: 871 
Bin 89: 844 65 918 124 
Bin 90: 650 742 504 272 827 521 253 
Bin 91: 945 21 856 
Bin 92: 208 541 347 448 923 217 
Bin 93: 378 912 637 569 759 
Bin 94: 708 989 1 184 
Bin 95: 773 103 47 
Bin 96: 807 660 352 144 
Bin 97: 105 900 418 564 648 733 
Bin 98: 535 550 101 153 42 495 882 
Bin 99: 784 549 846 635 696 561 67 
Bin 100: 37 625 940 485 192 452 
Bin 101: 134 338 110 864 751 924 
Bin 102: 226 606 546 281 590 467 476 416 
Bin 103: 277 748 547 296 852 434 
Bin 104: 933 817 122 575 480 
Bin 105: 815 737 62 204 636 829 
Bin 106: 804 848 567 386 966 150 835 199 33 
Bin 107: 995 97 370 
Bin 108: 802 228 580 709 810 895 
Bin 109: 30 698 314 287 843 363 
Bin 110: 461 252 
Bin 111: 985 963 998 555 
Bin 112: 403 415 198 609 643 
Bin 113: 986 236 99 
Bin 114: 118 61 584 302 690 946 937 
Bin 115: 762 117 880 
Bin 116: 788 820 425 
Bin 117: 883 70 588 45 39 446 
Bin 118: 685 533 531 502 
Bin 119: 645 11 5 366 949 
Bin 120: 404 52 165 158 276 
Bin 121: 496 313 
Bin 122: 79 324 693 
Bin 123: 634 472 
Bin 124: 211 562 716 292 599 673 
Bin 125: 423 243 284 663 465 308 622 387 
Bin 126: 194 451 808 382 29 411 763 
Bin 127: 346 311 612 
Bin 128: 247 854 524 980 490 393 483 
Bin 129: 747 137 161 375 647 6 289 
Bin 130: 264 926 84 398 479 
Bin 131: 906 116 111 384 23 756 909 
Bin 132: 503 659 845 440 354 196 
Bin 133: 177 518 424 104 
Bin 134: 405 699 624 151 133 400 
Bin 135: 229 441 577 627 367 396 
Bin 136: 730 237 458 333 
Bin 137: 107 138 593 520 890 570 
Bin 138: 766 457 432 682 646 
Bin 139: 683 473 717 745 859 300 
Bin 140: 95 557 
Bin 141: 526 607 348 992 431 
Bin 142: 94 512 623 669 256 677 951 462 
Bin 143: 373 10 186 390 834 447 
Bin 144: 539 694 997 189 
Bin 145: 633 92 972 675 678 
Bin 146: 22 364 82 89 591 
Bin 147: 842 266 801 653 2 169 879 
Bin 148: 919 735 
Bin 149: 554 680 91 
Bin 150: 608 202 342 437 
Bin 151: 389 615 887 481 86 
Bin 152: 85 789 27 757 969 205 
Bin 153: 922 632 9 430 712 68 427 
Bin 154: 840 397 542 
Bin 155: 349 942 438 87 720 
Bin 156: 223 251 221 799 439 973 
Bin 157: 740 290 315 
Bin 158: 450 769 494 102 639 
Bin 159: 234 306 136 329 869 888 772 935 
Bin 160: 785 613 758 80 231 551 54 25 38 
Bin 161: 976 560 197 409 191 18 14 
Bin 162: 330 957 63 537 
Bin 163: 505 722 76 
Bin 164: 271 13 41 543 477 468 910 174 
Bin 165: 188 171 331 652 721 406 585 
Bin 166: 493 250 168 994 875 318 
Bin 167: 777 841 962 
Bin 168: 362 878 
Bin 169: 64 167 129 851 28 
Bin 170: 340 519 401 767 703 360 
Bin 171: 746 509 750 
Bin 172: 540 332 723 120 
Bin 173: 816 749 336 357 410 162 78 
Bin 174: 112 877 836 487 618 700 
Bin 175: 19 821 736 686 916 
Bin 176: 657 32 160 
Bin 177: 179 474 128 
Bin 178: 435 792 661 707 
Bin 179: 824 265 249 259 
Bin 180: 232 780 899 
Bin 181: 254 55 787 
Bin 182: 224 240 319 392 402 884 
Bin 183: 873 578 268 96 
Bin 184: 579 658 545 
Bin 185: 850 
Bin 186: 456 771 971 739 93 996 858 
Bin 187: 948 885 664 938 610 15 26 31 
Bin 188: 965 183 672 782 
Bin 189: 674 765 
Bin 190: 559 328 351 426 69 
Bin 191: 453 238 90 
Bin 192: 291 506 510 
Bin 193: 958 207 7 872 
Bin 194: 905 761 285 999 743 
Bin 195: 88 335 568 154 
Bin 196: 978 544 
Bin 197: 979 445 429 
Bin 198: 886 725 528 
Bin 199: 8 825 753 417 295 665 
Bin 200: 180 353 282 993 668 967 
Bin 201: 459 176 123 601 863 126 
Bin 202: 515 195 
Bin 203: 17 312 838 60 140 344 
Bin 204: 270 832 377 831 
