# Objective: 43
# Time: 0.462385
# Feasible: 1
# Solution:
Bin 0: 197 147 210 52 51 217 38 
Bin 1: 139 32 33 153 145 249 162 
Bin 2: 79 22 89 11 196 199 98 
Bin 3: 23 240 131 43 16 29 174 
Bin 4: 241 80 144 209 93 244 216 238 
Bin 5: 198 243 158 187 242 177 190 70 
Bin 6: 246 39 175 135 150 137 195 
Bin 7: 103 126 99 94 49 
Bin 8: 168 90 142 182 101 
Bin 9: 1 104 116 88 91 186 2 
Bin 10: 233 234 3 35 15 73 
Bin 11: 7 95 24 134 20 
Bin 12: 61 46 85 146 19 58 67 
Bin 13: 164 247 191 64 127 50 
Bin 14: 132 59 17 47 45 8 143 136 
Bin 15: 92 149 172 207 27 
Bin 16: 10 173 148 25 183 213 227 163 
Bin 17: 71 245 5 78 231 26 
Bin 18: 42 206 108 14 170 188 165 
Bin 19: 13 6 166 9 111 87 75 97 53 
Bin 20: 62 232 56 84 205 185 128 66 
Bin 21: 180 105 130 86 122 18 
Bin 22: 83 117 229 120 220 222 236 
Bin 23: 129 110 204 179 21 34 
Bin 24: 133 121 106 178 112 119 194 
Bin 25: 211 109 12 124 161 
Bin 26: 68 160 77 140 151 44 
Bin 27: 54 224 138 41 225 154 76 
Bin 28: 96 226 141 157 55 114 189 155 
Bin 29: 81 192 228 69 235 
Bin 30: 200 156 203 30 28 
Bin 31: 115 212 102 152 181 60 193 
Bin 32: 202 214 208 37 159 63 
Bin 33: 248 107 
Bin 34: 230 239 72 218 74 
Bin 35: 48 0 4 100 82 
Bin 36: 118 123 
Bin 37: 184 113 31 57 171 201 176 
Bin 38: 215 36 125 169 167 
Bin 39: 65 237 221 
Bin 40: 40 
Bin 41: 223 
Bin 42: 219 
