# Objective: 19
# Time: 0.352338
# Feasible: 1
# Solution:
Bin 0: 32 61 92 3 82 26 30 
Bin 1: 13 119 10 27 77 
Bin 2: 64 54 57 59 75 73 102 15 
Bin 3: 9 98 41 38 118 86 
Bin 4: 62 63 69 80 117 43 96 
Bin 5: 83 107 34 28 52 95 
Bin 6: 33 97 46 47 55 100 116 
Bin 7: 2 49 20 6 115 18 58 
Bin 8: 91 14 48 50 51 71 101 
Bin 9: 108 8 78 67 36 39 84 105 89 
Bin 10: 37 35 114 7 88 22 
Bin 11: 40 94 23 29 19 60 
Bin 12: 103 42 45 72 65 99 
Bin 13: 85 25 68 1 106 0 93 
Bin 14: 109 113 16 90 56 4 
Bin 15: 31 87 111 70 81 
Bin 16: 44 104 17 24 21 
Bin 17: 79 53 76 112 74 
Bin 18: 12 5 11 66 110 
