# Objective: 20
# Time: 0.242505
# Feasible: 1
# Solution:
Bin 0: 9 63 84 52 103 29 
Bin 1: 89 61 46 26 53 24 28 25 
Bin 2: 32 86 118 92 62 99 39 
Bin 3: 65 96 42 43 75 90 0 
Bin 4: 108 102 71 97 79 82 57 30 
Bin 5: 18 70 49 101 107 33 
Bin 6: 54 87 112 4 6 36 19 
Bin 7: 35 55 116 22 11 
Bin 8: 83 58 38 40 113 67 
Bin 9: 104 27 76 12 60 74 
Bin 10: 72 59 119 81 98 23 114 
Bin 11: 115 73 117 15 110 93 111 
Bin 12: 77 37 5 50 3 69 
Bin 13: 56 105 85 95 10 
Bin 14: 7 68 106 17 45 
Bin 15: 100 21 78 88 34 
Bin 16: 20 66 44 2 47 
Bin 17: 16 1 91 14 64 94 
Bin 18: 41 51 8 48 80 
Bin 19: 13 109 31 
