# Objective: 148
# Time: 193.311
# Feasible: 1
# Solution:
Bin 0: 50 683 485 116 557 
Bin 1: 677 549 63 193 570 472 
Bin 2: 915 831 813 955 621 428 197 
Bin 3: 223 594 735 636 225 539 191 
Bin 4: 80 666 731 708 458 952 149 
Bin 5: 236 515 904 738 427 715 868 
Bin 6: 89 886 819 157 854 129 
Bin 7: 478 291 54 200 495 45 172 756 
Bin 8: 259 571 133 209 411 527 67 26 376 
Bin 9: 518 57 436 997 489 43 
Bin 10: 532 665 755 682 598 968 250 40 
Bin 11: 669 305 607 368 519 462 
Bin 12: 978 388 108 690 555 295 476 97 
Bin 13: 28 928 764 913 301 364 
Bin 14: 709 734 767 554 449 701 81 960 
Bin 15: 874 777 785 565 720 336 
Bin 16: 453 322 674 937 454 902 239 
Bin 17: 646 780 837 684 605 887 282 33 
Bin 18: 353 293 751 816 945 464 112 
Bin 19: 477 850 217 107 809 37 967 
Bin 20: 347 294 484 397 103 503 258 
Bin 21: 126 143 704 988 343 82 505 796 
Bin 22: 844 86 789 900 810 546 750 779 
Bin 23: 649 812 558 60 791 523 
Bin 24: 771 94 237 834 920 486 776 801 
Bin 25: 817 204 174 244 48 182 
Bin 26: 190 871 118 275 596 
Bin 27: 588 860 846 873 483 29 630 
Bin 28: 168 917 431 461 687 466 166 356 
Bin 29: 699 531 567 161 138 746 857 
Bin 30: 42 61 306 158 507 543 
Bin 31: 342 732 975 340 134 3 328 703 983 
Bin 32: 417 0 8 910 370 889 
Bin 33: 981 317 463 918 371 290 283 
Bin 34: 922 513 492 757 135 77 
Bin 35: 826 123 44 341 165 
Bin 36: 247 806 824 212 691 139 612 
Bin 37: 276 382 475 787 339 942 
Bin 38: 976 845 924 509 835 600 
Bin 39: 41 698 695 260 712 215 675 405 
Bin 40: 243 602 650 898 270 870 794 
Bin 41: 662 926 931 319 109 
Bin 42: 357 863 859 362 741 240 830 566 
Bin 43: 876 727 189 537 206 354 87 
Bin 44: 729 678 820 506 668 27 402 
Bin 45: 345 398 201 892 891 412 
Bin 46: 696 963 479 403 73 332 
Bin 47: 442 4 104 728 989 556 
Bin 48: 933 959 842 325 114 932 542 
Bin 49: 661 10 198 194 616 85 
Bin 50: 956 221 805 935 140 591 510 597 592 885 
Bin 51: 49 778 151 214 377 394 
Bin 52: 374 574 98 284 15 310 936 
Bin 53: 359 14 400 655 389 664 999 
Bin 54: 550 415 312 562 827 150 
Bin 55: 855 1 261 526 440 748 447 795 
Bin 56: 488 752 420 145 946 386 
Bin 57: 803 156 867 745 393 
Bin 58: 169 547 350 676 170 652 939 
Bin 59: 561 552 24 994 582 34 307 455 
Bin 60: 344 521 390 303 833 
Bin 61: 697 137 297 966 772 839 581 227 
Bin 62: 471 743 894 843 672 211 627 
Bin 63: 348 352 961 285 32 
Bin 64: 115 800 694 434 869 520 511 
Bin 65: 653 560 493 929 893 64 
Bin 66: 274 383 187 838 406 707 487 768 
Bin 67: 457 366 992 387 205 430 
Bin 68: 880 747 497 414 540 195 
Bin 69: 13 105 648 153 949 246 
Bin 70: 658 615 287 586 969 346 614 52 
Bin 71: 783 460 872 765 375 852 
Bin 72: 36 979 529 2 875 749 
Bin 73: 516 541 808 972 545 499 970 722 
Bin 74: 953 22 644 500 739 361 338 
Bin 75: 308 6 782 180 271 279 851 
Bin 76: 693 925 407 723 426 288 121 
Bin 77: 736 635 120 609 327 396 
Bin 78: 355 508 921 737 349 146 987 232 
Bin 79: 797 173 273 577 451 424 381 639 
Bin 80: 329 740 947 930 299 69 323 
Bin 81: 192 316 321 569 233 47 
Bin 82: 862 853 19 829 534 358 324 
Bin 83: 117 496 78 568 858 848 
Bin 84: 99 401 897 196 628 856 784 958 
Bin 85: 79 171 584 142 264 
Bin 86: 618 964 409 468 256 300 262 711 681 
Bin 87: 804 326 799 238 429 825 633 
Bin 88: 641 159 111 726 450 717 991 504 369 
Bin 89: 818 632 864 656 769 439 445 654 
Bin 90: 996 208 20 228 119 798 501 
Bin 91: 152 927 815 351 298 408 601 38 
Bin 92: 216 914 585 686 517 122 631 66 
Bin 93: 587 313 257 774 266 721 136 
Bin 94: 714 590 907 62 811 943 974 793 
Bin 95: 954 625 879 278 56 948 175 
Bin 96: 903 525 692 12 399 773 
Bin 97: 595 269 35 372 96 469 422 
Bin 98: 613 127 11 512 718 203 807 113 
Bin 99: 899 575 553 536 95 608 841 
Bin 100: 580 419 163 705 593 836 
Bin 101: 162 576 188 130 433 884 
Bin 102: 788 828 823 218 763 912 957 
Bin 103: 235 53 207 905 962 753 775 213 
Bin 104: 680 761 255 822 141 186 
Bin 105: 100 622 908 432 578 716 626 
Bin 106: 642 74 176 311 318 671 
Bin 107: 202 583 378 548 39 465 154 
Bin 108: 882 742 480 706 404 459 253 643 
Bin 109: 941 296 865 919 611 251 380 
Bin 110: 314 482 289 878 950 147 
Bin 111: 940 993 110 373 443 144 
Bin 112: 986 385 638 148 998 
Bin 113: 167 128 985 263 762 68 640 
Bin 114: 530 421 413 280 951 248 
Bin 115: 101 416 573 790 760 51 
Bin 116: 982 76 770 55 890 418 
Bin 117: 990 861 183 916 83 84 866 
Bin 118: 620 724 16 660 392 679 589 410 623 
Bin 119: 252 923 524 330 502 315 222 132 
Bin 120: 234 535 766 46 980 
Bin 121: 363 792 199 254 131 470 896 
Bin 122: 91 23 498 229 733 30 688 92 
Bin 123: 391 572 90 938 335 245 
Bin 124: 184 379 995 911 832 177 610 
Bin 125: 522 438 446 435 821 155 265 395 617 
Bin 126: 474 425 437 759 93 
Bin 127: 781 973 106 102 179 241 
Bin 128: 164 309 224 802 551 629 65 
Bin 129: 700 70 210 645 21 5 
Bin 130: 292 634 249 334 286 659 
Bin 131: 384 579 18 185 467 685 651 
Bin 132: 877 673 667 888 320 
Bin 133: 624 494 702 758 219 984 
Bin 134: 814 713 268 367 452 906 663 
Bin 135: 619 331 544 220 491 178 514 124 
Bin 136: 242 441 710 423 231 75 
Bin 137: 725 333 7 230 647 528 
Bin 138: 72 754 564 637 538 302 360 
Bin 139: 448 719 977 337 281 
Bin 140: 670 563 58 160 71 25 272 744 
Bin 141: 599 883 125 944 895 
Bin 142: 901 533 9 965 226 
Bin 143: 59 88 277 490 604 
Bin 144: 456 31 606 559 17 365 881 
Bin 145: 971 267 730 847 444 
Bin 146: 657 481 909 934 473 849 304 
Bin 147: 181 786 689 603 840 
