# Objective: 18
# Time: 0.240379
# Feasible: 1
# Solution:
Bin 0: 3 53 106 77 62 29 84 
Bin 1: 15 64 18 39 35 108 10 
Bin 2: 47 88 9 11 49 37 
Bin 3: 38 55 26 60 46 79 48 100 
Bin 4: 99 78 119 107 104 20 
Bin 5: 42 22 68 24 85 111 109 
Bin 6: 72 117 8 45 33 2 
Bin 7: 86 105 118 98 110 82 14 
Bin 8: 112 81 5 66 0 87 28 
Bin 9: 102 34 103 4 1 83 90 
Bin 10: 92 25 19 43 36 80 40 
Bin 11: 91 41 51 7 116 57 
Bin 12: 50 73 115 93 54 17 114 13 
Bin 13: 74 23 27 69 96 71 
Bin 14: 76 52 21 94 16 44 
Bin 15: 6 30 56 58 12 75 65 
Bin 16: 89 95 97 101 59 31 67 
Bin 17: 32 113 61 63 70 
