# Objective: 19
# Time: 0.275771
# Feasible: 1
# Solution:
Bin 0: 1 113 34 78 36 14 109 30 
Bin 1: 15 33 116 10 23 107 88 
Bin 2: 99 90 21 12 41 6 
Bin 3: 79 94 13 87 98 89 91 64 
Bin 4: 77 49 24 83 54 
Bin 5: 71 112 105 59 46 16 7 22 
Bin 6: 60 4 110 5 45 74 51 
Bin 7: 62 84 20 81 96 29 
Bin 8: 92 115 48 38 85 42 114 
Bin 9: 73 70 9 28 66 40 
Bin 10: 108 25 86 97 65 118 
Bin 11: 57 26 27 18 52 19 0 
Bin 12: 44 80 31 82 101 75 47 
Bin 13: 61 50 53 17 93 72 95 
Bin 14: 111 39 63 3 37 55 
Bin 15: 67 32 68 117 56 43 
Bin 16: 8 102 100 2 58 
Bin 17: 119 76 11 69 104 
Bin 18: 106 103 35 
