# Objective: 19
# Time: 0.315595
# Feasible: 1
# Solution:
Bin 0: 13 4 18 20 50 46 76 
Bin 1: 73 66 57 102 1 8 
Bin 2: 25 40 38 26 19 6 36 
Bin 3: 111 63 48 64 115 51 
Bin 4: 104 58 103 14 93 22 
Bin 5: 116 9 89 90 106 3 55 
Bin 6: 7 109 33 27 98 82 37 
Bin 7: 30 74 107 70 88 59 
Bin 8: 101 118 112 41 110 92 117 
Bin 9: 108 71 53 34 79 100 119 
Bin 10: 65 78 97 42 61 28 86 
Bin 11: 54 114 91 35 96 87 11 
Bin 12: 72 21 0 60 45 12 
Bin 13: 77 32 49 113 56 69 
Bin 14: 2 67 10 94 39 47 75 
Bin 15: 81 15 99 83 5 23 
Bin 16: 62 105 85 29 52 
Bin 17: 43 31 16 44 24 
Bin 18: 80 95 84 17 68 
