# Objective: 19
# Time: 0.335318
# Feasible: 1
# Solution:
Bin 0: 118 9 101 103 82 72 87 
Bin 1: 64 115 116 35 88 57 75 
Bin 2: 36 7 44 95 86 49 53 
Bin 3: 29 89 79 63 119 20 16 
Bin 4: 41 39 98 68 27 1 80 62 
Bin 5: 99 67 21 17 37 0 48 
Bin 6: 97 34 108 56 22 32 
Bin 7: 55 96 117 94 8 31 
Bin 8: 33 14 5 110 30 85 
Bin 9: 73 4 40 100 52 59 61 
Bin 10: 65 112 58 45 113 43 
Bin 11: 60 109 105 23 2 81 47 
Bin 12: 71 28 6 77 12 92 
Bin 13: 76 114 83 66 78 42 18 15 
Bin 14: 11 19 26 111 74 
Bin 15: 104 93 13 90 102 69 84 
Bin 16: 46 38 70 51 54 25 
Bin 17: 50 24 3 106 
Bin 18: 10 91 107 
