# Objective: 42
# Time: 0.554835
# Feasible: 1
# Solution:
Bin 0: 3 152 164 222 37 189 194 201 
Bin 1: 117 187 0 226 102 90 13 
Bin 2: 186 206 197 35 77 126 205 177 181 
Bin 3: 44 6 80 118 50 19 242 45 
Bin 4: 246 239 20 47 53 227 221 121 
Bin 5: 83 5 52 141 91 51 93 
Bin 6: 38 243 230 89 238 85 108 
Bin 7: 74 145 109 97 195 128 185 26 157 
Bin 8: 219 245 188 62 247 
Bin 9: 103 34 87 59 142 203 
Bin 10: 218 22 41 184 1 
Bin 11: 249 156 148 115 225 144 39 
Bin 12: 16 25 190 231 33 132 30 36 
Bin 13: 173 104 43 61 212 2 
Bin 14: 248 67 171 70 224 191 169 193 175 
Bin 15: 23 140 134 158 8 17 12 
Bin 16: 120 229 149 223 176 
Bin 17: 139 14 170 27 99 123 
Bin 18: 64 220 151 113 4 119 111 
Bin 19: 233 24 72 162 154 11 
Bin 20: 207 88 15 244 7 236 
Bin 21: 100 58 166 92 94 
Bin 22: 96 209 228 146 105 55 163 
Bin 23: 147 174 160 131 172 159 215 
Bin 24: 130 210 66 114 79 153 122 
Bin 25: 106 73 107 112 84 31 129 192 
Bin 26: 56 49 135 65 183 217 
Bin 27: 82 21 179 48 
Bin 28: 71 46 136 204 101 
Bin 29: 86 180 214 137 196 241 
Bin 30: 28 199 124 32 78 68 
Bin 31: 116 200 60 234 138 
Bin 32: 76 133 213 
Bin 33: 81 75 161 98 95 155 
Bin 34: 10 165 
Bin 35: 40 150 232 216 237 110 
Bin 36: 168 182 240 143 69 
Bin 37: 235 54 167 
Bin 38: 29 57 198 127 
Bin 39: 9 211 
Bin 40: 42 178 
Bin 41: 202 208 125 18 63 
