# Objective: 37
# Time: 1.43135
# Feasible: 1
# Solution:
Bin 0: 188 15 55 197 131 243 88 93 
Bin 1: 10 98 51 175 154 63 138 
Bin 2: 29 144 115 145 198 18 25 
Bin 3: 136 64 242 54 9 95 
Bin 4: 173 206 172 239 116 174 
Bin 5: 176 181 248 61 223 207 11 
Bin 6: 79 166 50 104 129 224 180 
Bin 7: 213 101 184 120 151 168 
Bin 8: 43 148 30 127 78 12 110 
Bin 9: 208 99 28 47 193 84 
Bin 10: 229 190 141 134 8 37 179 
Bin 11: 222 87 48 36 150 191 
Bin 12: 211 246 69 165 220 22 83 
Bin 13: 155 40 221 39 205 209 
Bin 14: 182 185 140 5 139 162 103 
Bin 15: 156 3 177 159 108 1 164 
Bin 16: 74 122 143 89 65 2 249 218 195 
Bin 17: 70 44 35 38 31 153 160 
Bin 18: 0 26 19 118 130 86 102 119 
Bin 19: 34 132 66 212 123 82 
Bin 20: 109 81 137 237 142 112 202 
Bin 21: 238 170 77 225 232 234 27 
Bin 22: 94 217 146 41 75 135 128 13 
Bin 23: 147 226 62 121 210 
Bin 24: 16 85 7 92 169 72 163 
Bin 25: 241 68 21 105 199 161 
Bin 26: 247 230 149 58 42 4 167 
Bin 27: 53 24 227 20 235 152 219 171 
Bin 28: 6 80 126 17 96 178 14 
Bin 29: 33 106 56 158 76 
Bin 30: 111 23 45 91 200 52 
Bin 31: 125 244 216 133 114 57 231 
Bin 32: 186 97 73 113 201 46 60 
Bin 33: 214 59 236 157 90 117 233 
Bin 34: 196 194 32 228 49 124 240 
Bin 35: 183 204 189 192 107 100 
Bin 36: 245 67 203 71 215 187 
