# Objective: 76
# Time: 18.2381
# Feasible: 1
# Solution:
Bin 0: 354 114 253 448 325 434 
Bin 1: 259 248 83 295 108 185 452 96 
Bin 2: 406 235 342 479 332 177 208 
Bin 3: 404 313 137 94 7 
Bin 4: 294 128 55 204 472 441 125 
Bin 5: 219 57 469 153 433 11 18 487 
Bin 6: 227 99 33 120 29 197 
Bin 7: 112 196 22 378 319 52 13 
Bin 8: 70 401 369 156 104 138 336 144 
Bin 9: 370 3 66 265 242 301 206 
Bin 10: 212 393 331 286 78 357 426 337 
Bin 11: 297 51 106 111 312 262 
Bin 12: 135 110 486 34 284 302 
Bin 13: 24 292 269 372 440 
Bin 14: 380 65 361 203 481 494 143 
Bin 15: 427 360 450 124 428 463 193 
Bin 16: 457 464 0 390 68 171 
Bin 17: 129 26 224 374 165 308 382 
Bin 18: 232 41 142 200 211 482 49 
Bin 19: 198 264 44 289 218 379 161 
Bin 20: 296 175 48 407 306 168 
Bin 21: 444 367 126 477 73 436 363 462 
Bin 22: 59 435 192 405 88 377 418 46 
Bin 23: 333 327 461 442 371 
Bin 24: 483 305 420 376 216 359 
Bin 25: 396 431 465 42 254 53 300 
Bin 26: 499 257 238 157 388 115 422 
Bin 27: 119 131 63 150 40 77 455 
Bin 28: 223 90 498 229 375 493 237 
Bin 29: 147 255 249 133 293 413 423 
Bin 30: 101 275 98 288 172 247 429 
Bin 31: 391 397 451 266 258 45 260 105 
Bin 32: 400 76 220 488 10 
Bin 33: 5 272 309 351 261 324 341 74 
Bin 34: 240 113 279 490 231 
Bin 35: 280 166 109 167 316 118 495 
Bin 36: 478 75 366 417 221 430 
Bin 37: 445 476 148 358 205 2 343 
Bin 38: 72 491 328 16 447 489 
Bin 39: 132 20 475 470 146 17 323 60 
Bin 40: 80 180 384 217 61 91 154 151 162 
Bin 41: 173 86 392 28 340 79 263 
Bin 42: 362 459 317 290 276 
Bin 43: 199 474 14 246 458 123 
Bin 44: 408 402 169 311 443 202 
Bin 45: 184 95 27 425 187 398 87 
Bin 46: 468 243 245 385 460 321 399 
Bin 47: 228 383 389 349 415 449 480 
Bin 48: 310 127 348 471 19 355 
Bin 49: 304 270 190 492 394 387 
Bin 50: 409 473 365 251 241 36 
Bin 51: 307 277 386 121 239 56 
Bin 52: 207 213 21 454 322 252 
Bin 53: 234 439 419 182 395 250 
Bin 54: 64 299 71 368 163 352 
Bin 55: 282 346 318 281 339 364 330 
Bin 56: 256 30 233 93 189 122 50 
Bin 57: 170 244 285 278 194 283 15 456 
Bin 58: 139 160 195 145 183 103 329 
Bin 59: 178 416 81 116 117 38 453 186 
Bin 60: 485 9 267 225 134 410 82 314 97 152 
Bin 61: 467 230 201 344 174 
Bin 62: 334 497 179 215 271 
Bin 63: 222 236 85 345 496 32 226 
Bin 64: 159 43 37 100 403 69 432 
Bin 65: 412 35 350 326 12 
Bin 66: 136 54 446 1 140 315 47 
Bin 67: 268 411 102 84 438 181 437 
Bin 68: 130 373 62 92 356 
Bin 69: 164 107 155 424 414 338 210 
Bin 70: 466 421 141 188 191 484 
Bin 71: 31 273 4 89 347 
Bin 72: 58 214 287 67 303 6 
Bin 73: 25 320 149 381 158 
Bin 74: 353 23 8 291 209 
Bin 75: 176 298 335 274 39 
