# Objective: 147
# Time: 161.868
# Feasible: 1
# Solution:
Bin 0: 728 665 273 80 561 892 563 341 
Bin 1: 827 429 264 917 690 907 731 834 
Bin 2: 374 723 292 786 385 818 36 
Bin 3: 2 772 339 568 190 132 
Bin 4: 695 792 617 691 551 329 391 260 
Bin 5: 740 315 943 325 726 599 126 727 
Bin 6: 77 61 840 191 108 566 196 
Bin 7: 35 992 543 708 931 174 902 750 114 
Bin 8: 97 29 236 805 652 765 936 219 
Bin 9: 810 175 313 562 939 158 671 978 
Bin 10: 257 28 135 554 98 938 344 
Bin 11: 643 363 423 165 597 555 91 
Bin 12: 1 872 188 768 406 
Bin 13: 662 773 31 211 607 544 72 109 
Bin 14: 76 366 447 756 457 231 243 803 
Bin 15: 364 301 961 404 141 684 895 248 696 689 
Bin 16: 62 578 527 265 15 528 745 309 452 620 
Bin 17: 692 822 670 760 987 323 156 
Bin 18: 100 448 254 758 856 850 832 
Bin 19: 616 215 928 649 908 812 251 
Bin 20: 82 479 107 17 171 550 163 
Bin 21: 11 442 595 681 494 596 
Bin 22: 213 660 266 611 896 878 
Bin 23: 146 972 535 275 303 676 89 465 
Bin 24: 482 431 789 998 656 12 25 
Bin 25: 565 394 825 229 466 836 867 
Bin 26: 919 279 974 935 706 673 
Bin 27: 921 541 610 55 904 819 915 
Bin 28: 631 387 507 30 797 461 13 390 270 793 
Bin 29: 411 173 44 516 244 
Bin 30: 167 207 467 505 352 194 503 360 
Bin 31: 362 137 53 19 300 184 50 633 511 
Bin 32: 117 661 33 813 351 199 556 
Bin 33: 862 102 962 548 500 354 166 
Bin 34: 237 970 545 964 94 252 
Bin 35: 369 707 24 399 436 
Bin 36: 317 201 331 409 879 657 
Bin 37: 151 375 217 806 183 759 288 
Bin 38: 336 598 647 155 619 755 468 
Bin 39: 193 641 312 522 185 506 443 304 
Bin 40: 940 68 697 293 305 263 
Bin 41: 460 854 694 714 64 319 664 821 729 
Bin 42: 37 93 866 711 297 838 944 
Bin 43: 923 804 187 287 389 458 719 604 347 
Bin 44: 746 259 639 682 674 335 0 
Bin 45: 547 783 912 355 455 668 966 
Bin 46: 295 147 291 569 118 621 280 473 
Bin 47: 96 143 934 927 321 870 948 777 
Bin 48: 874 678 439 725 493 769 549 
Bin 49: 210 736 602 368 282 38 843 
Bin 50: 428 412 130 350 396 105 
Bin 51: 702 802 808 586 886 234 525 
Bin 52: 26 514 314 353 894 979 720 340 
Bin 53: 770 49 308 816 433 41 
Bin 54: 538 424 222 722 150 800 910 
Bin 55: 945 386 119 580 421 298 519 
Bin 56: 669 909 212 261 761 18 
Bin 57: 334 104 831 680 913 861 136 
Bin 58: 474 570 584 296 182 956 558 
Bin 59: 747 916 148 258 890 405 271 152 
Bin 60: 859 699 882 842 876 416 
Bin 61: 521 581 324 206 971 784 732 
Bin 62: 701 533 471 955 310 648 
Bin 63: 197 898 116 318 449 855 66 180 228 
Bin 64: 985 204 377 667 975 
Bin 65: 883 592 763 591 849 817 
Bin 66: 744 954 127 34 489 920 176 716 953 
Bin 67: 666 995 903 585 203 478 456 546 149 
Bin 68: 73 787 249 162 957 356 880 
Bin 69: 675 247 181 477 420 
Bin 70: 75 774 524 924 626 891 845 376 
Bin 71: 472 884 343 469 791 419 357 
Bin 72: 131 603 52 852 444 735 629 332 
Bin 73: 232 446 365 330 111 504 440 492 27 925 
Bin 74: 370 425 712 9 688 
Bin 75: 250 841 46 642 815 582 540 942 
Bin 76: 459 144 574 851 23 57 687 
Bin 77: 762 262 71 338 899 679 99 470 
Bin 78: 8 402 361 608 900 993 654 205 
Bin 79: 218 486 320 820 739 253 
Bin 80: 625 120 86 733 367 400 
Bin 81: 359 853 776 513 172 379 106 575 530 877 
Bin 82: 103 95 69 982 835 814 
Bin 83: 969 730 790 846 508 230 946 632 307 
Bin 84: 663 495 430 653 622 
Bin 85: 996 388 161 826 410 823 
Bin 86: 216 192 464 529 613 157 445 
Bin 87: 557 74 209 128 134 672 968 
Bin 88: 32 373 636 140 484 85 
Bin 89: 110 160 39 202 623 988 
Bin 90: 289 345 51 475 828 
Bin 91: 422 45 78 285 54 766 
Bin 92: 7 677 847 893 645 372 593 
Bin 93: 651 983 401 698 434 
Bin 94: 863 537 618 686 658 5 
Bin 95: 796 235 655 451 272 
Bin 96: 601 590 294 926 133 517 220 824 
Bin 97: 518 932 316 914 403 799 947 
Bin 98: 67 627 139 92 638 737 
Bin 99: 922 941 208 781 881 81 
Bin 100: 277 435 415 559 43 715 145 441 
Bin 101: 241 742 588 994 630 397 624 
Bin 102: 871 115 382 245 427 502 
Bin 103: 200 239 426 839 560 754 
Bin 104: 650 990 346 286 779 778 281 
Bin 105: 637 453 283 48 226 
Bin 106: 567 901 798 138 860 123 
Bin 107: 930 450 349 101 393 
Bin 108: 418 959 490 788 311 246 
Bin 109: 977 628 764 520 509 
Bin 110: 483 113 659 710 801 242 
Bin 111: 981 634 223 384 326 159 887 
Bin 112: 960 589 269 437 267 929 
Bin 113: 991 198 830 973 164 
Bin 114: 748 709 571 552 22 463 
Bin 115: 306 918 337 705 274 
Bin 116: 322 635 454 189 738 240 
Bin 117: 741 721 195 532 125 255 837 
Bin 118: 47 594 965 785 984 
Bin 119: 121 278 646 488 573 615 
Bin 120: 186 534 407 238 526 302 56 767 
Bin 121: 614 42 510 700 809 276 
Bin 122: 999 438 14 16 476 
Bin 123: 3 967 371 496 498 577 864 169 
Bin 124: 536 858 873 40 933 480 564 976 
Bin 125: 284 743 718 179 233 
Bin 126: 328 58 811 112 885 
Bin 127: 865 644 782 70 168 
Bin 128: 579 225 142 906 833 59 
Bin 129: 462 724 392 583 693 542 
Bin 130: 685 950 398 327 515 177 122 383 481 
Bin 131: 21 342 905 485 807 897 290 844 531 
Bin 132: 952 780 414 178 395 
Bin 133: 612 713 997 640 958 378 911 
Bin 134: 79 749 499 497 63 417 
Bin 135: 576 794 775 20 432 539 87 
Bin 136: 848 857 829 501 704 889 
Bin 137: 491 348 553 90 487 609 
Bin 138: 937 224 963 734 84 572 
Bin 139: 888 214 868 358 10 299 986 751 
Bin 140: 124 154 875 523 512 153 
Bin 141: 949 683 600 60 587 
Bin 142: 951 4 795 757 980 
Bin 143: 703 605 65 83 227 88 
Bin 144: 381 129 869 989 333 
Bin 145: 268 753 606 221 256 752 
Bin 146: 771 408 717 6 413 170 380 
