# Objective: 76
# Time: 18.5956
# Feasible: 1
# Solution:
Bin 0: 64 124 428 313 196 234 
Bin 1: 401 115 52 48 2 373 72 
Bin 2: 353 30 253 191 410 162 
Bin 3: 40 111 31 174 422 230 
Bin 4: 350 464 307 248 154 104 153 
Bin 5: 184 146 314 228 361 287 116 338 
Bin 6: 443 312 303 202 7 62 
Bin 7: 1 54 193 121 150 143 
Bin 8: 222 400 449 29 357 23 
Bin 9: 245 70 97 417 490 204 
Bin 10: 247 213 210 363 220 301 286 469 413 28 
Bin 11: 137 44 83 475 84 91 217 
Bin 12: 237 89 110 328 167 476 50 445 
Bin 13: 378 77 405 310 418 345 372 
Bin 14: 473 35 385 76 131 215 244 
Bin 15: 10 316 261 12 339 432 26 
Bin 16: 112 364 55 442 133 381 359 
Bin 17: 284 315 468 465 81 98 135 
Bin 18: 0 66 134 156 318 99 
Bin 19: 289 268 106 163 78 273 
Bin 20: 138 419 324 408 109 4 148 
Bin 21: 75 487 459 129 56 
Bin 22: 486 340 24 22 302 489 
Bin 23: 352 246 333 118 280 
Bin 24: 308 343 206 105 456 435 281 
Bin 25: 479 88 144 243 103 330 61 11 
Bin 26: 139 482 434 421 117 441 
Bin 27: 427 299 463 262 388 226 267 
Bin 28: 274 294 311 159 391 185 
Bin 29: 27 219 354 205 300 406 
Bin 30: 256 266 382 251 218 326 
Bin 31: 175 325 252 494 335 492 254 
Bin 32: 123 277 42 102 484 497 258 114 221 
Bin 33: 467 436 65 411 32 179 447 
Bin 34: 480 183 229 93 470 448 155 
Bin 35: 374 214 141 370 282 15 472 
Bin 36: 260 478 212 288 239 21 
Bin 37: 390 455 224 58 51 351 
Bin 38: 346 142 271 47 18 38 
Bin 39: 168 423 403 380 132 181 
Bin 40: 8 41 53 433 9 368 296 
Bin 41: 430 454 17 108 387 292 398 493 
Bin 42: 211 223 331 317 462 71 
Bin 43: 203 481 188 356 321 386 3 20 
Bin 44: 337 67 96 147 127 6 164 
Bin 45: 265 200 60 376 412 19 446 383 
Bin 46: 394 197 379 355 49 397 166 451 186 
Bin 47: 366 120 358 461 172 458 
Bin 48: 122 25 495 5 100 426 367 
Bin 49: 250 82 460 438 320 238 283 
Bin 50: 389 420 384 249 404 329 344 
Bin 51: 39 425 499 371 236 232 
Bin 52: 34 416 396 295 375 73 
Bin 53: 293 457 180 199 392 136 275 
Bin 54: 198 68 290 86 297 
Bin 55: 240 157 14 334 130 87 
Bin 56: 225 393 453 362 477 348 342 466 119 
Bin 57: 414 151 128 309 471 263 452 
Bin 58: 242 424 233 279 59 194 13 298 
Bin 59: 79 209 57 165 126 190 306 
Bin 60: 399 483 43 291 439 
Bin 61: 36 207 69 63 107 
Bin 62: 327 189 272 496 227 46 402 
Bin 63: 201 37 80 264 347 
Bin 64: 113 259 319 125 160 336 
Bin 65: 158 177 178 485 208 257 377 
Bin 66: 431 92 16 305 192 
Bin 67: 407 149 173 45 170 498 
Bin 68: 278 152 365 171 140 450 
Bin 69: 332 241 231 90 94 349 
Bin 70: 95 444 74 182 437 255 
Bin 71: 323 195 440 341 216 
Bin 72: 101 85 270 187 33 285 
Bin 73: 360 409 161 488 235 322 415 
Bin 74: 395 369 145 269 304 169 
Bin 75: 176 429 491 474 276 
