# Objective: 150
# Time: 178.72
# Feasible: 1
# Solution:
Bin 0: 524 516 964 147 219 802 
Bin 1: 178 290 254 837 466 912 
Bin 2: 986 356 661 299 70 160 621 
Bin 3: 346 864 740 139 136 29 
Bin 4: 870 12 824 87 920 656 124 7 
Bin 5: 53 938 745 362 691 902 894 
Bin 6: 392 192 443 561 854 3 249 207 976 128 
Bin 7: 855 763 72 360 111 664 
Bin 8: 181 46 679 775 527 980 649 521 
Bin 9: 274 871 138 690 725 137 
Bin 10: 760 892 662 907 381 315 799 
Bin 11: 263 464 955 904 243 727 842 861 74 
Bin 12: 242 21 185 177 693 666 403 531 
Bin 13: 221 522 465 15 326 751 506 862 
Bin 14: 807 495 657 63 549 404 812 577 
Bin 15: 818 449 537 951 335 
Bin 16: 928 877 23 343 232 79 430 
Bin 17: 863 107 387 707 845 421 794 338 90 
Bin 18: 223 947 914 700 423 633 749 
Bin 19: 143 624 758 170 218 108 
Bin 20: 425 417 407 246 823 489 750 75 
Bin 21: 988 14 127 100 473 97 937 
Bin 22: 739 653 659 544 68 776 471 
Bin 23: 55 434 942 783 67 602 926 
Bin 24: 627 390 188 597 789 34 873 827 
Bin 25: 42 38 685 456 785 975 485 792 
Bin 26: 438 652 80 78 196 
Bin 27: 397 41 655 94 910 281 499 505 
Bin 28: 28 936 446 216 788 935 704 330 641 
Bin 29: 32 86 256 735 562 203 569 
Bin 30: 977 259 158 225 307 
Bin 31: 271 625 580 999 445 418 20 206 
Bin 32: 515 364 370 578 945 835 
Bin 33: 104 744 26 556 723 631 93 
Bin 34: 337 560 468 843 836 795 
Bin 35: 801 571 563 599 682 251 
Bin 36: 371 176 676 142 746 971 
Bin 37: 934 135 733 820 133 896 348 
Bin 38: 301 172 538 573 167 433 
Bin 39: 587 534 231 112 37 414 
Bin 40: 210 565 846 797 204 58 398 
Bin 41: 575 144 85 184 803 30 732 
Bin 42: 228 298 476 929 550 95 731 
Bin 43: 166 567 363 671 889 773 45 200 
Bin 44: 503 959 692 51 470 481 
Bin 45: 689 149 475 359 366 18 132 586 535 
Bin 46: 944 688 780 508 213 
Bin 47: 774 155 982 399 962 539 541 
Bin 48: 695 742 762 183 702 747 
Bin 49: 946 378 19 778 293 289 
Bin 50: 354 545 963 420 969 941 878 724 
Bin 51: 759 967 130 906 636 388 444 
Bin 52: 519 106 678 102 123 349 257 
Bin 53: 880 244 252 948 684 670 594 756 831 
Bin 54: 17 828 717 990 605 358 978 
Bin 55: 321 849 9 411 618 311 
Bin 56: 838 718 703 715 917 840 931 
Bin 57: 710 199 285 822 777 396 984 
Bin 58: 814 129 954 604 612 288 786 
Bin 59: 730 726 992 994 876 
Bin 60: 752 940 220 546 268 81 813 
Bin 61: 419 154 913 383 379 642 
Bin 62: 372 270 610 566 532 157 436 
Bin 63: 741 47 672 716 925 
Bin 64: 658 960 317 634 452 559 125 
Bin 65: 109 292 815 208 490 457 409 
Bin 66: 767 175 406 391 451 816 
Bin 67: 66 283 429 442 833 278 306 
Bin 68: 324 96 377 819 294 
Bin 69: 479 874 957 584 56 22 832 156 477 698 
Bin 70: 915 333 265 369 350 169 408 
Bin 71: 334 258 696 709 753 
Bin 72: 325 482 422 357 958 909 663 163 
Bin 73: 888 198 900 261 439 817 36 
Bin 74: 375 194 222 300 736 721 930 48 
Bin 75: 279 523 33 699 302 386 728 332 
Bin 76: 342 501 437 189 483 368 171 644 
Bin 77: 923 253 502 885 680 209 668 
Bin 78: 195 579 705 983 993 922 
Bin 79: 987 517 536 576 879 637 
Bin 80: 865 353 872 182 484 275 395 
Bin 81: 486 600 60 426 669 997 891 250 
Bin 82: 687 84 91 784 647 331 853 979 
Bin 83: 712 191 617 911 193 
Bin 84: 105 886 782 361 150 427 
Bin 85: 588 61 280 65 629 511 533 
Bin 86: 296 117 164 901 943 478 
Bin 87: 754 638 867 174 116 706 453 
Bin 88: 410 895 205 450 860 856 738 905 
Bin 89: 677 809 454 69 711 772 
Bin 90: 981 525 2 491 869 924 
Bin 91: 956 510 887 613 620 768 615 
Bin 92: 805 529 238 57 881 970 82 
Bin 93: 313 413 614 273 402 868 187 
Bin 94: 73 277 412 603 720 643 161 
Bin 95: 875 351 340 99 339 808 405 
Bin 96: 547 859 557 764 432 428 
Bin 97: 646 385 933 961 719 134 598 
Bin 98: 844 494 202 146 590 461 382 
Bin 99: 0 781 89 883 498 628 
Bin 100: 148 908 310 341 308 282 328 841 
Bin 101: 355 59 611 267 632 
Bin 102: 173 234 31 507 626 492 
Bin 103: 168 585 291 214 509 5 
Bin 104: 463 217 212 821 472 245 319 596 
Bin 105: 44 458 327 570 714 
Bin 106: 574 514 589 542 329 635 
Bin 107: 989 512 101 829 548 852 
Bin 108: 811 374 755 675 49 734 
Bin 109: 898 916 266 804 312 
Bin 110: 650 27 113 564 54 966 365 62 
Bin 111: 179 40 4 851 921 309 
Bin 112: 440 991 555 462 77 115 
Bin 113: 323 416 122 297 686 
Bin 114: 737 850 998 180 504 623 239 
Bin 115: 474 609 847 826 996 393 919 
Bin 116: 674 608 866 683 400 24 286 262 384 
Bin 117: 11 713 126 601 255 
Bin 118: 235 839 654 345 236 950 645 
Bin 119: 145 380 540 211 186 233 
Bin 120: 488 543 264 806 13 606 
Bin 121: 766 771 110 431 858 460 448 
Bin 122: 927 622 743 554 985 165 
Bin 123: 260 141 248 224 50 8 
Bin 124: 790 825 318 226 415 513 701 
Bin 125: 120 304 932 552 694 748 952 
Bin 126: 10 526 581 722 52 441 
Bin 127: 528 64 667 884 347 
Bin 128: 530 83 367 316 152 757 
Bin 129: 88 729 593 151 918 903 373 
Bin 130: 314 893 98 572 630 798 697 
Bin 131: 769 103 673 480 227 
Bin 132: 791 619 765 965 500 322 43 
Bin 133: 76 394 607 551 215 995 582 
Bin 134: 665 681 708 201 114 229 
Bin 135: 558 237 595 553 389 
Bin 136: 35 401 272 890 899 897 
Bin 137: 779 190 459 269 972 1 
Bin 138: 493 496 848 592 118 
Bin 139: 518 295 140 287 435 276 974 
Bin 140: 447 949 121 6 616 520 336 
Bin 141: 973 352 240 651 810 660 640 
Bin 142: 939 39 953 469 320 
Bin 143: 303 467 487 639 796 882 
Bin 144: 153 247 648 568 497 
Bin 145: 770 793 162 591 284 
Bin 146: 455 92 787 305 830 119 857 
Bin 147: 25 344 800 159 197 834 
Bin 148: 16 583 424 761 241 
Bin 149: 230 71 968 376 131 
