# Objective: 38
# Time: 2.35465
# Feasible: 1
# Solution:
Bin 0: 206 217 85 54 219 187 170 
Bin 1: 223 193 212 2 142 43 116 
Bin 2: 88 6 124 171 57 96 140 202 16 
Bin 3: 238 27 4 129 24 197 44 
Bin 4: 30 147 70 164 112 14 180 
Bin 5: 13 123 100 144 198 207 
Bin 6: 245 66 222 127 136 229 
Bin 7: 45 95 114 121 87 109 5 
Bin 8: 175 249 186 137 80 150 
Bin 9: 28 117 91 35 122 62 
Bin 10: 52 42 236 69 133 183 182 
Bin 11: 166 191 190 159 8 139 174 169 
Bin 12: 18 97 181 120 204 234 215 
Bin 13: 241 194 138 41 108 118 
Bin 14: 134 20 167 99 154 72 
Bin 15: 226 205 7 71 239 90 33 102 
Bin 16: 55 220 59 51 148 
Bin 17: 68 216 141 130 49 195 
Bin 18: 40 37 50 161 48 31 
Bin 19: 146 151 106 149 143 93 81 
Bin 20: 89 214 47 38 63 201 119 177 
Bin 21: 208 21 9 107 172 10 39 
Bin 22: 61 203 235 192 19 1 
Bin 23: 110 76 0 98 25 22 94 
Bin 24: 152 196 74 246 244 101 
Bin 25: 128 160 211 233 210 
Bin 26: 15 65 176 75 173 242 32 103 
Bin 27: 58 92 73 237 23 221 224 179 
Bin 28: 156 240 243 26 84 11 230 188 
Bin 29: 199 218 64 83 158 168 135 
Bin 30: 79 34 162 111 157 
Bin 31: 227 86 132 247 232 185 
Bin 32: 12 56 225 29 17 113 
Bin 33: 153 78 77 82 105 
Bin 34: 209 104 131 231 60 228 155 
Bin 35: 165 213 248 67 46 
Bin 36: 200 189 3 115 36 184 
Bin 37: 126 163 53 145 125 178 
