# Objective: 39
# Time: 1.93242
# Feasible: 1
# Solution:
Bin 0: 77 101 109 33 180 119 
Bin 1: 43 71 90 204 44 65 229 
Bin 2: 183 197 198 156 2 207 16 
Bin 3: 102 113 209 84 239 82 120 
Bin 4: 114 175 157 230 98 32 188 
Bin 5: 162 42 206 208 194 14 
Bin 6: 70 8 0 94 246 223 
Bin 7: 164 26 56 61 37 78 
Bin 8: 231 125 107 118 212 
Bin 9: 205 146 179 211 64 47 
Bin 10: 189 159 87 31 13 121 67 
Bin 11: 177 191 85 7 86 105 160 
Bin 12: 213 24 66 110 168 
Bin 13: 104 89 106 30 165 88 
Bin 14: 174 45 220 218 108 210 145 
Bin 15: 99 137 167 173 25 34 
Bin 16: 249 38 216 182 92 243 
Bin 17: 128 103 74 6 115 186 
Bin 18: 28 10 215 225 49 3 27 
Bin 19: 9 187 181 79 35 178 1 
Bin 20: 80 185 55 236 237 196 241 
Bin 21: 4 219 22 200 153 73 12 
Bin 22: 151 238 18 199 60 138 
Bin 23: 163 20 227 142 148 23 
Bin 24: 233 244 75 141 95 158 
Bin 25: 147 171 214 123 139 81 150 
Bin 26: 192 217 72 39 48 172 
Bin 27: 184 19 228 15 96 122 83 124 
Bin 28: 144 247 131 100 232 245 112 
Bin 29: 63 170 224 126 190 
Bin 30: 117 140 135 127 50 235 
Bin 31: 221 226 130 11 133 58 57 
Bin 32: 5 51 176 222 68 240 154 
Bin 33: 53 40 152 93 76 143 54 
Bin 34: 29 248 59 242 166 155 
Bin 35: 161 69 62 111 21 132 
Bin 36: 129 193 17 97 134 
Bin 37: 36 41 116 149 203 169 202 46 
Bin 38: 195 234 201 91 52 136 
