# Objective: 149
# Time: 190.715
# Feasible: 1
# Solution:
Bin 0: 983 755 521 978 82 206 
Bin 1: 907 593 553 303 277 547 142 253 368 
Bin 2: 184 450 86 339 140 746 208 112 
Bin 3: 577 263 345 59 181 392 939 387 51 
Bin 4: 480 211 104 964 478 359 318 
Bin 5: 502 370 879 403 251 309 812 
Bin 6: 474 178 606 61 108 137 699 
Bin 7: 962 714 239 129 673 395 
Bin 8: 822 715 284 134 217 973 150 
Bin 9: 918 756 936 317 701 543 660 
Bin 10: 934 452 301 203 369 507 5 
Bin 11: 269 87 727 60 83 182 400 195 
Bin 12: 338 841 312 873 466 788 31 
Bin 13: 272 498 488 273 477 749 512 
Bin 14: 394 471 156 146 275 329 
Bin 15: 866 88 13 147 779 230 985 
Bin 16: 475 853 570 366 384 
Bin 17: 524 620 224 703 689 485 712 63 336 
Bin 18: 238 955 257 493 350 116 163 
Bin 19: 653 310 304 406 744 741 93 
Bin 20: 738 341 733 540 382 798 376 951 600 
Bin 21: 867 634 781 807 276 913 279 
Bin 22: 187 262 644 728 255 271 
Bin 23: 295 592 393 469 131 194 583 
Bin 24: 209 476 69 900 454 97 
Bin 25: 399 598 888 927 780 676 
Bin 26: 151 404 578 557 153 401 121 
Bin 27: 713 105 398 711 421 880 389 
Bin 28: 868 674 111 725 784 884 
Bin 29: 694 857 614 608 7 240 
Bin 30: 935 419 43 872 937 874 459 
Bin 31: 707 862 334 799 828 162 
Bin 32: 666 465 248 629 167 179 731 804 
Bin 33: 787 286 573 453 945 764 963 
Bin 34: 189 627 113 538 158 221 355 
Bin 35: 818 721 527 425 758 776 135 
Bin 36: 814 126 775 684 730 125 997 
Bin 37: 864 852 264 449 214 504 
Bin 38: 877 53 819 902 85 642 438 
Bin 39: 754 455 231 657 605 558 412 817 
Bin 40: 996 820 352 917 265 
Bin 41: 510 994 26 225 515 748 106 
Bin 42: 67 495 548 889 157 869 
Bin 43: 665 141 619 429 522 541 168 
Bin 44: 397 556 420 528 977 999 
Bin 45: 344 324 245 688 549 79 89 23 
Bin 46: 298 497 374 213 164 256 199 
Bin 47: 435 984 361 408 851 706 139 
Bin 48: 220 119 291 144 871 734 536 
Bin 49: 500 64 45 29 965 351 796 
Bin 50: 856 816 584 893 259 922 974 2 
Bin 51: 586 486 207 842 850 670 
Bin 52: 563 914 855 443 574 826 793 761 
Bin 53: 632 30 840 823 958 899 173 
Bin 54: 637 305 750 625 530 171 
Bin 55: 835 534 210 447 947 266 800 
Bin 56: 930 41 186 11 219 201 726 4 
Bin 57: 767 249 607 143 386 274 517 165 
Bin 58: 903 589 428 487 307 
Bin 59: 742 122 671 306 160 
Bin 60: 575 37 846 766 811 554 636 409 433 
Bin 61: 912 720 166 35 953 691 33 
Bin 62: 848 422 34 710 92 185 
Bin 63: 373 132 353 49 669 378 529 191 
Bin 64: 656 80 479 831 152 379 
Bin 65: 430 9 302 380 639 768 
Bin 66: 244 511 597 130 601 136 971 
Bin 67: 594 442 145 786 708 610 
Bin 68: 581 468 590 599 588 190 
Bin 69: 587 73 246 723 432 451 531 623 
Bin 70: 72 223 410 299 915 525 753 
Bin 71: 628 40 175 957 250 20 624 
Bin 72: 84 297 559 967 322 445 124 
Bin 73: 932 331 616 138 415 718 
Bin 74: 292 98 891 821 128 411 16 472 
Bin 75: 118 658 661 17 890 838 648 
Bin 76: 417 564 929 235 133 518 
Bin 77: 687 423 330 760 232 227 
Bin 78: 860 456 931 148 174 885 926 
Bin 79: 805 483 802 6 68 795 
Bin 80: 704 431 567 830 102 516 258 679 
Bin 81: 356 861 933 15 402 778 
Bin 82: 457 77 878 381 32 
Bin 83: 513 267 200 458 328 782 
Bin 84: 643 327 427 418 544 62 992 25 
Bin 85: 751 790 388 70 909 993 416 
Bin 86: 260 514 801 698 813 22 311 695 
Bin 87: 579 296 448 319 785 
Bin 88: 81 875 923 120 638 14 
Bin 89: 571 825 882 107 293 832 52 18 
Bin 90: 717 539 824 371 806 
Bin 91: 732 364 809 155 188 690 
Bin 92: 463 27 774 659 282 
Bin 93: 550 289 103 545 975 237 847 
Bin 94: 391 735 569 110 48 357 
Bin 95: 833 667 506 920 56 887 228 
Bin 96: 724 961 654 719 672 375 646 39 662 
Bin 97: 682 894 183 568 757 467 546 759 
Bin 98: 365 791 243 526 585 501 747 363 
Bin 99: 901 57 95 970 154 737 
Bin 100: 663 172 36 46 202 678 552 
Bin 101: 54 348 65 50 772 508 709 
Bin 102: 192 572 942 739 635 71 
Bin 103: 337 176 19 280 321 946 
Bin 104: 617 535 604 372 489 740 405 
Bin 105: 354 283 640 582 252 492 346 
Bin 106: 242 976 358 876 602 55 
Bin 107: 494 91 736 815 603 998 
Bin 108: 320 677 349 75 792 745 
Bin 109: 810 770 76 159 332 972 
Bin 110: 743 631 839 94 941 247 
Bin 111: 233 911 407 681 10 473 904 
Bin 112: 908 101 834 437 460 615 959 
Bin 113: 621 863 281 216 686 481 
Bin 114: 204 325 576 96 533 773 980 
Bin 115: 385 968 729 441 261 316 
Bin 116: 287 436 595 44 580 950 
Bin 117: 12 439 989 836 948 925 
Bin 118: 24 254 180 383 865 702 
Bin 119: 664 0 484 675 794 668 
Bin 120: 928 1 193 612 340 
Bin 121: 362 783 396 777 892 979 
Bin 122: 591 683 347 991 771 464 
Bin 123: 697 314 837 940 367 611 523 503 
Bin 124: 426 326 982 377 649 827 
Bin 125: 434 218 700 499 844 
Bin 126: 633 849 843 74 212 127 988 716 520 
Bin 127: 229 797 960 169 858 596 532 
Bin 128: 859 335 461 323 28 300 268 
Bin 129: 898 652 198 462 763 290 21 
Bin 130: 444 952 647 752 886 390 680 
Bin 131: 897 170 270 808 333 626 905 
Bin 132: 895 555 655 854 440 924 234 
Bin 133: 565 692 803 222 986 542 
Bin 134: 622 870 66 641 765 205 896 
Bin 135: 987 47 197 58 482 149 618 123 
Bin 136: 294 42 919 949 414 115 413 
Bin 137: 78 969 215 645 906 943 
Bin 138: 491 313 537 881 315 
Bin 139: 519 100 3 90 829 342 
Bin 140: 693 109 769 696 288 236 
Bin 141: 38 921 99 651 789 990 285 
Bin 142: 308 561 613 883 630 446 
Bin 143: 685 966 424 910 845 560 509 
Bin 144: 177 650 8 995 562 762 
Bin 145: 505 470 954 360 196 609 944 
Bin 146: 490 938 278 114 916 551 
Bin 147: 117 705 226 981 566 241 
Bin 148: 956 722 161 343 496 
