# Objective: 18
# Time: 0.224325
# Feasible: 1
# Solution:
Bin 0: 15 116 25 12 0 56 80 
Bin 1: 49 14 32 34 111 65 
Bin 2: 105 113 118 99 67 77 107 
Bin 3: 72 22 51 36 3 35 103 104 
Bin 4: 79 44 29 115 10 64 94 
Bin 5: 114 8 110 33 40 89 
Bin 6: 28 119 66 31 11 87 117 
Bin 7: 19 23 98 4 53 13 
Bin 8: 17 59 74 37 38 2 
Bin 9: 60 62 86 48 96 55 
Bin 10: 71 63 6 61 93 69 47 
Bin 11: 1 24 68 46 57 16 5 
Bin 12: 7 83 95 41 109 73 90 39 
Bin 13: 30 27 52 20 75 43 18 92 
Bin 14: 97 9 70 76 26 
Bin 15: 88 108 82 91 50 84 
Bin 16: 85 102 58 106 21 101 100 
Bin 17: 112 42 54 81 78 45 
