# Objective: 39
# Time: 2.4369
# Feasible: 1
# Solution:
Bin 0: 37 94 74 111 97 189 85 124 239 
Bin 1: 65 93 160 5 32 163 54 
Bin 2: 123 143 120 205 64 25 195 
Bin 3: 113 125 207 70 103 234 
Bin 4: 26 105 112 227 13 242 225 
Bin 5: 104 233 29 161 230 44 
Bin 6: 36 68 4 78 215 80 
Bin 7: 109 188 208 229 175 101 
Bin 8: 136 139 88 221 150 
Bin 9: 87 159 151 245 100 53 28 210 
Bin 10: 19 241 228 118 194 182 243 
Bin 11: 0 173 174 237 166 39 
Bin 12: 62 144 42 12 199 1 
Bin 13: 156 149 147 154 214 137 
Bin 14: 240 46 153 141 57 27 9 
Bin 15: 69 71 168 184 129 
Bin 16: 157 190 11 51 84 102 
Bin 17: 33 171 90 142 231 247 63 
Bin 18: 49 92 249 16 235 22 162 
Bin 19: 158 89 201 186 35 43 67 131 
Bin 20: 244 86 216 213 132 106 
Bin 21: 181 222 20 76 66 
Bin 22: 127 212 193 167 56 179 40 
Bin 23: 126 21 48 217 133 98 34 
Bin 24: 152 24 219 140 232 31 75 
Bin 25: 52 8 107 155 248 198 38 3 
Bin 26: 218 45 238 72 197 146 224 206 
Bin 27: 61 204 169 47 60 23 
Bin 28: 81 220 119 2 209 99 
Bin 29: 41 246 95 172 145 
Bin 30: 183 14 10 164 135 55 
Bin 31: 128 96 192 50 211 114 
Bin 32: 148 170 7 30 73 
Bin 33: 110 115 165 178 91 
Bin 34: 18 177 6 185 223 236 191 
Bin 35: 17 116 180 203 138 200 
Bin 36: 130 176 117 202 108 77 121 122 
Bin 37: 82 59 134 226 196 
Bin 38: 79 58 187 15 83 
