# Objective: 152
# Time: 171.865
# Feasible: 1
# Solution:
Bin 0: 413 214 730 520 106 
Bin 1: 267 769 971 41 545 804 356 
Bin 2: 412 940 199 992 360 906 347 103 887 
Bin 3: 881 578 895 42 931 985 
Bin 4: 776 71 953 496 216 210 
Bin 5: 901 880 115 843 834 944 506 
Bin 6: 631 909 383 289 311 674 
Bin 7: 179 268 146 809 683 248 766 299 
Bin 8: 245 947 307 763 462 644 
Bin 9: 139 345 247 514 915 647 
Bin 10: 218 838 984 102 442 84 685 
Bin 11: 542 178 172 751 221 416 722 11 
Bin 12: 795 15 388 488 782 991 
Bin 13: 943 438 180 266 714 16 656 
Bin 14: 490 725 614 609 701 
Bin 15: 833 841 654 951 136 548 594 
Bin 16: 621 861 677 851 502 370 436 305 
Bin 17: 59 60 521 790 723 276 499 152 
Bin 18: 849 243 384 456 132 227 702 55 142 
Bin 19: 852 333 696 44 159 124 497 603 
Bin 20: 898 827 558 219 606 326 
Bin 21: 399 184 1 547 26 105 163 817 765 
Bin 22: 611 511 924 651 358 655 
Bin 23: 353 57 846 925 495 
Bin 24: 182 731 348 646 454 550 784 
Bin 25: 613 414 541 540 483 517 
Bin 26: 948 69 346 254 65 562 563 
Bin 27: 519 473 693 426 39 791 774 
Bin 28: 290 476 318 164 860 
Bin 29: 52 566 38 890 894 
Bin 30: 240 681 608 908 23 234 634 823 
Bin 31: 423 995 709 138 486 777 
Bin 32: 430 319 806 799 667 675 181 917 
Bin 33: 570 213 134 271 918 429 262 882 
Bin 34: 691 77 700 397 300 261 581 942 
Bin 35: 112 464 897 719 421 250 288 878 
Bin 36: 905 278 792 593 712 902 34 
Bin 37: 718 270 158 724 778 89 
Bin 38: 263 708 673 242 297 664 
Bin 39: 189 209 552 58 747 648 165 615 
Bin 40: 25 680 554 100 528 169 
Bin 41: 965 689 637 120 228 875 745 
Bin 42: 596 292 440 682 137 837 802 824 
Bin 43: 999 586 589 642 996 935 831 
Bin 44: 259 173 737 350 92 231 633 
Bin 45: 432 628 885 200 727 858 753 844 375 
Bin 46: 205 921 5 960 479 494 
Bin 47: 855 565 546 352 364 512 
Bin 48: 653 856 946 914 840 919 
Bin 49: 958 376 963 141 293 807 303 
Bin 50: 420 604 676 929 503 
Bin 51: 480 952 813 964 808 264 
Bin 52: 679 934 933 997 619 126 489 14 
Bin 53: 389 678 96 380 910 355 684 
Bin 54: 900 40 871 970 966 632 641 
Bin 55: 741 368 160 579 17 171 
Bin 56: 588 756 836 183 994 
Bin 57: 196 275 222 406 329 
Bin 58: 411 767 797 668 529 322 659 68 
Bin 59: 945 330 904 888 452 814 457 
Bin 60: 738 291 246 669 273 392 192 920 
Bin 61: 736 893 959 450 118 990 50 51 
Bin 62: 236 202 743 572 385 927 755 
Bin 63: 309 81 564 233 70 733 
Bin 64: 532 130 155 599 298 342 903 
Bin 65: 433 235 692 33 24 469 896 801 
Bin 66: 201 899 590 643 461 85 87 
Bin 67: 156 876 224 998 481 523 315 835 
Bin 68: 391 688 186 650 811 362 527 127 
Bin 69: 793 980 467 175 282 525 
Bin 70: 781 422 636 255 302 157 61 
Bin 71: 143 671 453 280 635 343 
Bin 72: 587 549 409 466 501 331 
Bin 73: 314 657 223 911 283 
Bin 74: 591 694 815 93 612 962 916 
Bin 75: 768 90 522 43 324 939 746 381 
Bin 76: 377 829 530 225 94 
Bin 77: 607 410 936 602 698 954 788 
Bin 78: 734 67 870 695 889 46 864 
Bin 79: 316 498 728 713 754 638 313 477 
Bin 80: 987 398 232 119 295 187 505 
Bin 81: 983 428 625 230 31 580 
Bin 82: 463 435 418 937 779 798 
Bin 83: 367 153 533 12 344 975 
Bin 84: 117 518 717 128 475 758 
Bin 85: 437 272 932 460 818 969 195 
Bin 86: 786 22 976 125 170 
Bin 87: 9 310 560 865 88 191 
Bin 88: 543 448 874 145 912 447 744 949 
Bin 89: 241 8 286 394 515 
Bin 90: 859 863 597 468 337 950 425 
Bin 91: 220 419 569 301 472 
Bin 92: 877 449 739 328 7 704 926 
Bin 93: 244 109 80 253 752 446 
Bin 94: 238 98 83 208 176 133 395 
Bin 95: 867 95 749 402 19 338 
Bin 96: 492 393 349 622 74 
Bin 97: 378 574 116 616 10 857 194 121 239 122 
Bin 98: 390 123 108 706 884 
Bin 99: 308 361 716 471 320 557 537 
Bin 100: 63 269 850 509 459 805 
Bin 101: 822 639 417 257 584 327 
Bin 102: 670 866 500 624 2 796 
Bin 103: 955 131 605 274 101 
Bin 104: 773 556 762 610 37 666 
Bin 105: 47 485 524 783 150 374 663 
Bin 106: 764 114 785 277 510 404 444 832 
Bin 107: 803 583 407 705 354 
Bin 108: 819 986 325 249 20 742 
Bin 109: 339 526 629 828 317 161 
Bin 110: 551 296 913 359 886 484 816 
Bin 111: 892 13 907 649 826 405 363 
Bin 112: 989 217 129 458 206 30 
Bin 113: 553 382 408 726 193 35 627 
Bin 114: 974 341 972 54 775 
Bin 115: 531 174 455 335 830 623 
Bin 116: 620 281 357 618 686 340 
Bin 117: 812 18 787 177 4 
Bin 118: 748 513 207 735 941 29 
Bin 119: 252 439 538 379 162 536 707 687 
Bin 120: 334 508 306 104 770 
Bin 121: 190 465 113 256 825 938 167 
Bin 122: 981 872 665 968 661 699 794 
Bin 123: 251 304 86 285 66 961 600 
Bin 124: 923 73 226 151 99 891 
Bin 125: 842 212 810 53 854 571 
Bin 126: 323 284 568 977 862 821 582 32 
Bin 127: 332 3 211 401 312 
Bin 128: 365 45 595 491 690 
Bin 129: 567 107 956 573 729 539 703 
Bin 130: 630 507 443 197 424 780 640 967 
Bin 131: 757 848 97 215 6 371 771 
Bin 132: 839 451 761 800 28 427 516 
Bin 133: 78 434 287 853 478 198 
Bin 134: 386 441 185 575 993 110 
Bin 135: 168 845 559 772 928 
Bin 136: 592 62 373 0 883 
Bin 137: 577 601 396 760 188 
Bin 138: 715 400 544 873 351 711 260 
Bin 139: 697 868 431 48 265 372 626 
Bin 140: 149 403 229 148 445 82 820 
Bin 141: 652 534 922 204 957 294 988 
Bin 142: 56 789 561 672 415 
Bin 143: 21 135 366 555 617 598 
Bin 144: 504 203 387 336 64 493 487 
Bin 145: 49 576 154 740 72 979 111 27 
Bin 146: 732 91 645 930 470 
Bin 147: 662 321 79 76 978 750 
Bin 148: 166 879 973 36 847 
Bin 149: 710 721 759 982 535 75 
Bin 150: 147 474 258 144 369 585 
Bin 151: 279 660 140 869 658 720 482 237 
