# Objective: 101
# Time: 2.54372
# Feasible: 1
# Solution:
Bin 0: 98 176 265 315 493 489 23 330 331 
Bin 1: 186 183 146 498 327 236 405 150 
Bin 2: 227 232 132 282 73 68 293 51 491 
Bin 3: 462 438 436 316 433 347 270 
Bin 4: 92 339 2 221 343 31 53 319 37 
Bin 5: 246 474 291 398 275 
Bin 6: 412 185 262 313 18 413 
Bin 7: 167 389 403 39 79 472 36 
Bin 8: 285 273 394 10 231 71 
Bin 9: 144 109 471 372 439 257 
Bin 10: 87 33 452 326 281 458 219 
Bin 11: 260 384 111 95 235 145 
Bin 12: 353 238 427 446 154 61 366 
Bin 13: 121 494 481 211 492 130 
Bin 14: 391 255 364 91 464 478 287 
Bin 15: 143 424 4 48 209 56 193 
Bin 16: 216 249 278 225 222 429 
Bin 17: 415 263 306 11 346 495 149 371 
Bin 18: 445 72 138 418 226 206 
Bin 19: 114 269 178 416 86 254 336 171 
Bin 20: 180 352 52 396 108 1 461 
Bin 21: 50 447 362 125 317 351 409 
Bin 22: 164 83 356 245 348 386 422 
Bin 23: 454 354 300 272 305 374 411 455 
Bin 24: 177 93 470 307 16 88 97 
Bin 25: 342 47 122 75 81 153 
Bin 26: 148 188 8 341 383 67 
Bin 27: 486 258 127 213 0 421 
Bin 28: 267 34 15 361 85 385 195 
Bin 29: 243 373 333 420 239 369 207 
Bin 30: 166 20 406 296 496 
Bin 31: 314 345 268 3 170 6 229 
Bin 32: 247 78 139 274 217 
Bin 33: 89 375 134 294 397 335 
Bin 34: 63 128 38 465 
Bin 35: 482 165 58 64 325 173 
Bin 36: 378 292 380 100 190 21 
Bin 37: 310 124 196 69 212 156 123 250 
Bin 38: 45 44 26 80 414 440 159 253 
Bin 39: 43 215 9 13 46 175 
Bin 40: 283 240 230 441 205 155 469 408 
Bin 41: 328 234 208 290 261 425 463 140 
Bin 42: 475 451 251 473 172 423 
Bin 43: 340 220 323 435 32 218 
Bin 44: 162 286 365 485 223 
Bin 45: 434 101 105 204 479 
Bin 46: 27 116 322 136 66 57 
Bin 47: 135 393 288 112 126 160 
Bin 48: 442 466 320 483 237 467 
Bin 49: 90 304 324 490 194 430 
Bin 50: 344 76 29 450 103 404 
Bin 51: 5 244 488 338 477 106 
Bin 52: 311 60 367 256 142 284 
Bin 53: 42 7 449 163 448 
Bin 54: 399 459 35 174 370 12 
Bin 55: 289 368 309 119 
Bin 56: 359 318 357 115 484 
Bin 57: 152 332 131 487 200 301 
Bin 58: 437 248 392 191 199 
Bin 59: 280 179 
Bin 60: 182 96 62 28 74 
Bin 61: 117 161 360 
Bin 62: 49 382 197 297 402 129 184 
Bin 63: 480 151 298 
Bin 64: 259 19 
Bin 65: 456 
Bin 66: 444 40 302 476 168 241 30 
Bin 67: 228 312 70 158 137 77 
Bin 68: 252 22 201 400 147 
Bin 69: 141 17 277 
Bin 70: 395 419 410 
Bin 71: 334 65 271 210 
Bin 72: 54 468 276 110 
Bin 73: 59 189 497 387 295 
Bin 74: 264 308 355 187 84 407 
Bin 75: 443 
Bin 76: 303 376 14 
Bin 77: 214 
Bin 78: 431 192 377 428 299 
Bin 79: 25 102 157 
Bin 80: 457 198 
Bin 81: 118 453 107 
Bin 82: 358 242 
Bin 83: 279 133 432 94 
Bin 84: 363 
Bin 85: 104 
Bin 86: 233 82 
Bin 87: 499 
Bin 88: 426 24 329 
Bin 89: 379 321 203 460 
Bin 90: 181 401 113 349 
Bin 91: 169 350 
Bin 92: 55 
Bin 93: 120 390 
Bin 94: 41 417 
Bin 95: 381 266 
Bin 96: 99 
Bin 97: 388 
Bin 98: 224 
Bin 99: 202 
Bin 100: 337 
