# Objective: 19
# Time: 0.269632
# Feasible: 1
# Solution:
Bin 0: 54 13 72 29 50 12 
Bin 1: 10 99 107 70 75 23 93 
Bin 2: 45 110 116 115 40 88 
Bin 3: 84 3 86 49 7 4 
Bin 4: 106 47 9 39 78 
Bin 5: 67 79 35 5 18 59 21 
Bin 6: 2 94 17 62 51 
Bin 7: 64 43 24 14 44 101 108 
Bin 8: 25 28 81 113 71 97 32 
Bin 9: 36 33 66 1 8 52 22 
Bin 10: 42 76 73 57 85 105 
Bin 11: 114 118 90 30 56 46 31 
Bin 12: 80 20 53 48 92 82 100 55 
Bin 13: 26 6 102 60 41 63 89 
Bin 14: 61 15 65 34 74 109 98 95 
Bin 15: 38 87 83 91 77 
Bin 16: 104 96 58 117 27 0 
Bin 17: 68 103 69 111 112 
Bin 18: 11 37 119 16 19 
