# Objective: 38
# Time: 2.1611
# Feasible: 1
# Solution:
Bin 0: 50 26 71 181 231 69 46 214 
Bin 1: 183 244 54 163 33 249 49 
Bin 2: 146 19 95 202 14 107 57 20 
Bin 3: 60 44 22 239 221 175 151 
Bin 4: 203 246 232 176 56 
Bin 5: 134 31 165 10 35 193 
Bin 6: 36 74 159 12 135 99 84 
Bin 7: 67 97 113 131 180 81 
Bin 8: 236 91 237 198 23 215 93 58 
Bin 9: 154 59 240 138 1 116 13 
Bin 10: 73 11 205 30 109 178 206 5 40 224 
Bin 11: 220 90 160 217 125 
Bin 12: 190 80 143 108 118 161 114 
Bin 13: 15 172 213 248 225 196 241 
Bin 14: 186 55 150 47 238 37 
Bin 15: 208 155 141 85 139 102 140 191 
Bin 16: 129 2 96 100 142 185 243 52 70 
Bin 17: 53 62 94 88 230 133 192 171 
Bin 18: 157 98 158 8 242 209 164 
Bin 19: 174 106 234 110 204 119 197 
Bin 20: 200 65 245 75 101 144 166 
Bin 21: 87 147 28 103 169 0 
Bin 22: 4 233 112 32 86 207 
Bin 23: 229 25 72 126 152 
Bin 24: 77 132 111 48 226 122 
Bin 25: 187 127 21 76 137 7 45 63 
Bin 26: 219 201 184 128 16 104 162 
Bin 27: 218 195 24 177 9 136 117 
Bin 28: 170 82 182 173 79 41 
Bin 29: 83 167 38 3 188 27 
Bin 30: 216 124 199 120 227 123 
Bin 31: 194 78 92 223 29 
Bin 32: 105 115 39 17 212 
Bin 33: 130 121 43 34 6 247 
Bin 34: 148 89 156 18 168 
Bin 35: 179 64 51 66 228 
Bin 36: 61 68 211 42 153 
Bin 37: 145 235 189 149 210 222 
