# Objective: 39
# Time: 2.46445
# Feasible: 1
# Solution:
Bin 0: 108 246 140 223 44 131 
Bin 1: 107 36 43 178 177 73 1 
Bin 2: 78 136 188 162 164 198 
Bin 3: 72 168 206 113 232 59 129 242 87 
Bin 4: 233 6 30 142 48 
Bin 5: 46 50 122 104 85 
Bin 6: 51 203 195 161 180 235 98 20 77 
Bin 7: 14 58 185 217 243 179 189 
Bin 8: 148 31 190 244 99 97 114 
Bin 9: 89 220 192 160 92 19 157 
Bin 10: 123 23 137 115 112 96 
Bin 11: 225 111 32 103 79 222 56 130 
Bin 12: 205 63 218 12 121 
Bin 13: 132 75 150 37 71 62 182 39 
Bin 14: 219 93 127 141 2 126 81 
Bin 15: 74 238 15 152 159 105 55 
Bin 16: 10 26 70 202 68 33 
Bin 17: 210 135 53 120 124 125 
Bin 18: 38 196 34 155 133 197 163 7 
Bin 19: 169 65 176 4 110 234 22 199 
Bin 20: 245 128 29 95 8 84 227 57 
Bin 21: 237 86 221 60 214 
Bin 22: 151 117 5 138 9 
Bin 23: 11 207 145 18 230 
Bin 24: 45 170 91 213 88 144 
Bin 25: 17 147 153 200 201 94 27 54 
Bin 26: 69 109 209 47 204 187 
Bin 27: 231 216 224 80 165 174 0 
Bin 28: 240 100 66 184 149 212 
Bin 29: 90 119 208 154 172 226 146 
Bin 30: 181 167 116 158 42 
Bin 31: 194 191 102 236 64 173 
Bin 32: 83 249 106 211 183 248 
Bin 33: 82 49 215 247 134 186 
Bin 34: 52 28 21 171 41 
Bin 35: 67 228 139 156 229 25 
Bin 36: 61 24 175 16 35 
Bin 37: 3 76 40 13 241 
Bin 38: 143 193 101 239 118 166 
