# Objective: 18
# Time: 0.36311
# Feasible: 1
# Solution:
Bin 0: 84 94 13 71 60 31 67 
Bin 1: 32 114 45 69 76 10 74 19 
Bin 2: 65 0 4 88 40 3 17 
Bin 3: 41 55 106 46 72 37 113 110 
Bin 4: 6 117 44 115 112 80 73 26 
Bin 5: 35 29 82 20 22 49 47 
Bin 6: 28 27 100 99 9 30 42 
Bin 7: 85 21 118 39 8 1 23 
Bin 8: 116 11 50 57 63 38 
Bin 9: 43 24 75 90 104 70 93 
Bin 10: 107 79 91 18 103 66 
Bin 11: 98 86 109 56 33 95 15 
Bin 12: 53 108 119 101 5 
Bin 13: 97 77 62 68 2 36 
Bin 14: 92 48 58 16 89 96 
Bin 15: 34 105 54 52 111 
Bin 16: 78 64 51 12 81 59 87 
Bin 17: 14 61 25 83 102 7 
