# Objective: 42
# Time: 0.910127
# Feasible: 1
# Solution:
Bin 0: 3 227 191 226 210 185 84 153 65 136 
Bin 1: 133 25 95 59 52 146 236 
Bin 2: 155 96 79 167 230 124 244 
Bin 3: 62 49 231 55 87 159 75 219 
Bin 4: 57 36 19 9 165 211 
Bin 5: 249 140 201 174 151 107 121 115 
Bin 6: 196 187 235 215 221 
Bin 7: 13 76 104 177 106 56 4 53 66 
Bin 8: 70 178 38 190 73 169 223 
Bin 9: 61 30 78 119 99 175 108 
Bin 10: 74 85 171 35 192 163 69 117 
Bin 11: 8 243 41 193 92 
Bin 12: 23 12 222 20 157 156 170 131 
Bin 13: 195 158 245 150 239 67 200 
Bin 14: 54 213 60 143 135 
Bin 15: 233 126 137 199 112 6 97 
Bin 16: 88 40 114 188 14 
Bin 17: 198 162 181 224 22 247 33 176 
Bin 18: 116 207 31 1 93 120 204 
Bin 19: 91 172 229 90 186 7 
Bin 20: 132 82 47 43 197 237 184 152 
Bin 21: 214 101 241 86 44 147 
Bin 22: 238 27 26 111 98 122 28 148 
Bin 23: 246 45 37 80 0 51 141 
Bin 24: 139 189 39 242 166 2 
Bin 25: 232 68 15 220 128 
Bin 26: 248 109 218 34 154 24 
Bin 27: 81 216 64 32 89 5 194 206 
Bin 28: 50 160 17 123 212 10 
Bin 29: 21 168 149 225 46 
Bin 30: 228 180 105 130 125 
Bin 31: 71 144 142 58 16 
Bin 32: 208 209 63 18 202 11 
Bin 33: 29 234 113 183 173 
Bin 34: 100 83 161 127 
Bin 35: 103 203 102 240 
Bin 36: 48 138 182 134 
Bin 37: 217 110 205 72 94 145 
Bin 38: 164 179 77 
Bin 39: 129 
Bin 40: 118 
Bin 41: 42 
