# Objective: 19
# Time: 0.240117
# Feasible: 1
# Solution:
Bin 0: 75 23 98 69 103 
Bin 1: 86 85 108 95 64 71 
Bin 2: 84 37 13 0 112 
Bin 3: 118 10 33 60 104 25 81 
Bin 4: 80 19 12 49 91 102 74 
Bin 5: 35 16 70 26 11 89 31 
Bin 6: 72 56 34 43 1 52 40 
Bin 7: 55 48 32 77 67 97 65 
Bin 8: 110 68 66 99 59 
Bin 9: 51 96 54 92 30 24 
Bin 10: 21 107 63 29 36 3 115 
Bin 11: 14 79 46 94 2 42 82 
Bin 12: 50 39 58 22 100 47 93 
Bin 13: 41 44 27 61 17 9 8 
Bin 14: 20 38 73 53 62 113 
Bin 15: 5 78 6 116 119 76 87 
Bin 16: 114 18 105 88 4 45 
Bin 17: 106 15 109 7 83 57 
Bin 18: 111 117 28 90 101 
