# Objective: 39
# Time: 2.42693
# Feasible: 1
# Solution:
Bin 0: 226 231 68 92 154 212 
Bin 1: 46 190 245 127 195 119 7 
Bin 2: 172 2 61 201 93 188 17 
Bin 3: 159 109 100 178 81 132 215 121 228 
Bin 4: 62 98 72 6 200 104 
Bin 5: 183 137 5 186 110 123 
Bin 6: 24 76 103 179 67 220 174 
Bin 7: 169 124 71 22 248 173 157 
Bin 8: 111 175 134 139 14 246 34 
Bin 9: 126 106 120 161 45 162 205 
Bin 10: 78 8 85 189 165 129 
Bin 11: 207 164 241 181 10 211 
Bin 12: 160 176 40 218 166 84 
Bin 13: 36 198 105 156 53 196 142 
Bin 14: 217 158 96 213 74 
Bin 15: 41 240 177 236 182 20 
Bin 16: 152 32 58 23 112 122 242 27 28 
Bin 17: 19 18 210 229 102 50 
Bin 18: 97 197 51 16 70 64 4 
Bin 19: 48 21 191 38 86 87 153 
Bin 20: 237 163 89 33 43 42 131 
Bin 21: 185 108 225 224 244 235 
Bin 22: 116 138 118 216 214 234 
Bin 23: 3 202 9 13 69 204 
Bin 24: 249 101 0 167 12 31 
Bin 25: 221 180 150 90 39 155 
Bin 26: 227 128 232 223 193 209 
Bin 27: 147 44 192 187 148 80 107 133 
Bin 28: 91 203 63 247 145 77 
Bin 29: 208 26 95 184 113 239 
Bin 30: 135 206 151 60 66 146 115 
Bin 31: 140 37 54 79 65 199 56 
Bin 32: 47 125 82 130 114 94 
Bin 33: 49 233 73 57 238 117 
Bin 34: 15 25 222 171 29 
Bin 35: 219 83 1 194 149 230 
Bin 36: 75 30 243 136 170 59 
Bin 37: 168 55 141 11 52 
Bin 38: 35 88 144 143 99 
