# Objective: 37
# Time: 2.66784
# Feasible: 1
# Solution:
Bin 0: 165 248 164 74 245 217 69 221 249 
Bin 1: 157 13 17 242 0 116 2 239 
Bin 2: 236 5 79 180 62 80 67 
Bin 3: 100 151 30 82 6 138 235 105 29 
Bin 4: 31 192 214 58 207 
Bin 5: 195 173 150 169 117 85 
Bin 6: 44 78 39 77 162 45 23 
Bin 7: 57 35 154 176 101 133 
Bin 8: 111 84 140 161 167 59 166 124 241 
Bin 9: 61 33 193 72 19 
Bin 10: 229 179 60 177 160 175 102 
Bin 11: 228 209 18 194 32 114 73 
Bin 12: 14 184 206 197 227 
Bin 13: 65 182 143 92 11 98 246 
Bin 14: 205 12 187 90 202 49 3 141 
Bin 15: 38 87 121 204 185 71 216 
Bin 16: 43 118 1 158 110 47 
Bin 17: 190 219 26 128 125 123 148 
Bin 18: 163 54 172 28 146 233 64 
Bin 19: 53 115 94 139 15 108 135 186 
Bin 20: 51 225 189 152 113 99 20 
Bin 21: 199 68 120 91 97 220 240 208 
Bin 22: 40 183 41 55 93 247 211 218 
Bin 23: 130 127 159 231 107 
Bin 24: 86 238 171 88 16 
Bin 25: 234 201 89 106 119 
Bin 26: 131 153 36 147 96 224 136 104 
Bin 27: 56 137 21 222 170 66 
Bin 28: 196 129 134 109 48 200 
Bin 29: 112 22 203 149 83 9 4 226 
Bin 30: 95 37 244 198 10 
Bin 31: 103 232 42 155 8 188 76 191 
Bin 32: 122 132 63 126 145 181 70 
Bin 33: 142 75 210 24 81 46 52 
Bin 34: 156 144 213 174 230 
Bin 35: 243 7 34 223 212 237 
Bin 36: 168 27 215 25 178 50 
