# Objective: 19
# Time: 0.325679
# Feasible: 1
# Solution:
Bin 0: 6 114 1 92 69 116 15 23 40 
Bin 1: 84 54 57 65 108 3 89 
Bin 2: 112 105 83 113 73 
Bin 3: 50 56 14 52 8 
Bin 4: 7 42 26 49 38 62 18 87 
Bin 5: 106 47 22 13 102 25 
Bin 6: 21 5 30 29 41 
Bin 7: 91 117 88 98 17 115 66 95 
Bin 8: 111 74 11 43 63 
Bin 9: 36 10 67 61 110 51 19 68 
Bin 10: 96 58 107 16 33 
Bin 11: 64 48 93 85 70 27 35 
Bin 12: 39 37 46 80 4 78 
Bin 13: 104 90 24 20 59 9 12 
Bin 14: 60 118 34 75 44 103 
Bin 15: 101 53 97 45 76 100 
Bin 16: 99 31 109 86 77 2 72 
Bin 17: 119 32 0 28 81 
Bin 18: 71 82 79 94 55 
