# Objective: 18
# Time: 0.382892
# Feasible: 1
# Solution:
Bin 0: 111 43 51 34 32 115 78 
Bin 1: 99 112 53 110 11 6 79 
Bin 2: 106 75 107 45 105 57 
Bin 3: 76 18 93 70 7 94 86 104 
Bin 4: 68 101 102 55 42 46 
Bin 5: 92 25 100 116 85 
Bin 6: 31 82 50 69 24 44 8 108 113 
Bin 7: 37 49 3 119 19 59 10 48 
Bin 8: 72 80 15 23 1 16 41 
Bin 9: 38 27 77 117 58 47 
Bin 10: 52 26 81 64 0 66 22 
Bin 11: 63 73 88 89 56 9 17 74 
Bin 12: 83 114 118 13 36 20 
Bin 13: 96 14 109 35 87 
Bin 14: 33 67 29 28 60 30 
Bin 15: 40 103 61 54 98 62 2 
Bin 16: 84 65 91 4 5 21 
Bin 17: 12 95 71 90 97 39 
