# Objective: 19
# Time: 0.252773
# Feasible: 1
# Solution:
Bin 0: 6 104 80 49 110 0 2 
Bin 1: 48 60 99 29 30 73 27 
Bin 2: 10 41 20 52 54 
Bin 3: 71 24 43 90 69 26 
Bin 4: 4 112 18 106 11 7 
Bin 5: 86 103 117 22 116 
Bin 6: 85 53 61 76 65 
Bin 7: 12 96 28 32 93 66 
Bin 8: 46 102 70 42 36 16 62 95 
Bin 9: 115 113 35 108 82 109 56 
Bin 10: 1 17 34 87 39 74 
Bin 11: 9 40 19 81 8 118 72 14 
Bin 12: 89 105 58 23 31 63 91 
Bin 13: 5 15 83 59 94 75 
Bin 14: 50 97 45 101 47 33 114 78 
Bin 15: 3 77 84 79 38 100 64 
Bin 16: 119 55 98 57 51 92 
Bin 17: 107 21 37 111 44 
Bin 18: 25 68 88 13 67 
