# Objective: 38
# Time: 2.29811
# Feasible: 1
# Solution:
Bin 0: 216 27 41 14 239 134 
Bin 1: 190 193 191 43 90 84 162 
Bin 2: 185 116 70 201 242 243 194 59 
Bin 3: 29 102 8 172 61 182 69 85 26 
Bin 4: 161 19 230 133 226 224 152 
Bin 5: 115 140 82 176 168 
Bin 6: 145 55 94 22 180 76 184 
Bin 7: 0 158 54 237 173 3 107 91 
Bin 8: 79 218 7 195 137 163 48 150 
Bin 9: 131 100 167 157 189 77 
Bin 10: 1 86 62 170 99 
Bin 11: 118 227 78 169 12 147 
Bin 12: 220 71 37 9 207 197 188 
Bin 13: 53 143 177 73 244 210 92 
Bin 14: 95 31 222 23 13 231 126 
Bin 15: 178 117 112 174 45 200 25 
Bin 16: 98 57 42 96 119 240 223 
Bin 17: 236 74 166 156 67 
Bin 18: 206 179 159 81 234 75 5 187 93 
Bin 19: 217 139 44 88 103 87 
Bin 20: 221 151 215 16 11 127 68 
Bin 21: 213 80 52 241 129 144 
Bin 22: 132 110 46 63 109 130 160 
Bin 23: 122 33 97 205 58 4 245 
Bin 24: 146 32 114 235 106 229 232 
Bin 25: 203 204 202 153 219 
Bin 26: 165 142 246 64 238 15 186 
Bin 27: 135 49 104 83 89 65 
Bin 28: 105 56 247 128 211 181 
Bin 29: 175 60 17 225 36 50 
Bin 30: 249 123 148 111 10 208 
Bin 31: 125 149 183 34 47 
Bin 32: 20 66 108 164 40 72 
Bin 33: 155 233 199 6 171 101 192 124 
Bin 34: 228 39 24 214 141 
Bin 35: 196 138 38 30 2 198 51 
Bin 36: 248 28 113 18 154 121 
Bin 37: 120 35 21 212 209 136 
