# Objective: 76
# Time: 16.4271
# Feasible: 1
# Solution:
Bin 0: 196 250 281 156 378 
Bin 1: 326 129 136 476 101 170 312 
Bin 2: 404 377 415 440 361 463 
Bin 3: 26 493 448 32 322 5 347 
Bin 4: 13 484 197 489 475 291 
Bin 5: 447 438 212 181 47 90 406 
Bin 6: 471 48 433 62 399 25 230 429 
Bin 7: 133 490 173 246 421 189 44 
Bin 8: 187 161 437 318 487 428 215 416 346 174 
Bin 9: 353 43 41 65 337 464 283 146 
Bin 10: 51 188 46 481 19 149 
Bin 11: 227 267 255 100 191 4 466 
Bin 12: 125 58 324 111 409 8 
Bin 13: 27 435 210 382 335 152 
Bin 14: 259 292 157 116 342 
Bin 15: 225 407 386 64 370 186 351 
Bin 16: 485 284 301 363 269 308 110 96 85 
Bin 17: 233 343 103 61 238 163 356 
Bin 18: 470 410 167 178 374 183 441 
Bin 19: 498 50 454 28 93 6 109 309 
Bin 20: 266 115 419 334 366 390 165 
Bin 21: 99 379 236 217 368 
Bin 22: 443 144 430 203 339 432 
Bin 23: 137 12 341 205 158 461 153 
Bin 24: 497 354 172 66 336 362 271 
Bin 25: 37 42 314 108 182 305 138 33 372 
Bin 26: 444 486 0 88 9 459 
Bin 27: 364 495 479 394 132 201 24 
Bin 28: 223 287 112 120 204 395 
Bin 29: 53 375 298 76 320 303 
Bin 30: 121 168 304 237 94 264 29 
Bin 31: 254 425 245 405 83 494 224 
Bin 32: 79 18 229 16 209 311 
Bin 33: 288 54 299 198 496 87 15 
Bin 34: 39 348 119 106 293 84 275 286 
Bin 35: 385 381 145 323 97 23 260 369 
Bin 36: 279 295 162 199 391 126 
Bin 37: 313 256 397 34 71 
Bin 38: 306 113 155 140 392 453 
Bin 39: 373 249 315 104 30 38 355 
Bin 40: 21 226 263 380 220 179 
Bin 41: 280 456 35 72 359 
Bin 42: 420 349 389 98 159 452 63 
Bin 43: 417 2 154 142 69 190 67 
Bin 44: 365 491 228 446 195 177 
Bin 45: 261 211 68 434 49 
Bin 46: 376 465 160 92 122 
Bin 47: 175 218 418 451 424 
Bin 48: 426 7 241 282 436 396 460 
Bin 49: 123 147 357 166 232 
Bin 50: 22 457 107 285 422 455 
Bin 51: 55 31 458 40 131 
Bin 52: 468 219 193 247 310 
Bin 53: 338 393 371 143 102 128 277 
Bin 54: 321 272 141 176 413 
Bin 55: 319 86 243 251 290 367 
Bin 56: 117 36 208 332 387 70 
Bin 57: 214 235 294 478 360 57 89 
Bin 58: 239 56 253 302 340 73 95 150 231 445 
Bin 59: 234 329 462 431 59 257 185 
Bin 60: 317 402 207 216 411 414 388 
Bin 61: 345 82 483 105 240 
Bin 62: 403 1 222 488 244 408 
Bin 63: 78 139 492 325 427 60 127 
Bin 64: 307 248 242 202 331 328 439 
Bin 65: 270 297 130 221 74 499 344 
Bin 66: 45 171 14 124 383 472 276 10 134 
Bin 67: 252 258 164 75 274 350 
Bin 68: 17 469 213 300 330 412 
Bin 69: 77 3 180 442 200 148 
Bin 70: 265 81 192 278 467 449 206 398 
Bin 71: 118 289 11 20 473 273 
Bin 72: 268 474 262 91 482 52 184 
Bin 73: 333 296 114 358 384 316 327 
Bin 74: 400 135 194 151 169 480 477 
Bin 75: 450 401 352 423 80 
