# Objective: 19
# Time: 0.280283
# Feasible: 1
# Solution:
Bin 0: 17 88 111 33 105 67 
Bin 1: 60 101 46 18 23 68 19 92 
Bin 2: 80 28 94 118 72 0 
Bin 3: 11 69 20 74 35 
Bin 4: 107 93 6 39 82 58 57 71 
Bin 5: 25 16 83 38 47 95 
Bin 6: 100 116 63 59 91 79 40 85 
Bin 7: 108 99 24 12 36 
Bin 8: 7 87 54 75 114 29 109 
Bin 9: 119 44 65 41 15 30 55 
Bin 10: 78 112 117 61 37 96 
Bin 11: 103 1 86 62 52 42 
Bin 12: 76 66 73 49 51 43 56 26 
Bin 13: 70 106 89 32 90 45 
Bin 14: 110 31 48 14 8 13 22 
Bin 15: 98 21 84 10 97 102 
Bin 16: 77 115 3 64 27 34 
Bin 17: 113 50 5 2 104 
Bin 18: 53 9 81 4 
