# Objective: 85
# Time: 122.39
# Feasible: 1
# Solution:
Bin 0: 22 190 21 445 305 427 343 
Bin 1: 49 286 248 361 404 253 483 152 433 
Bin 2: 45 492 271 458 415 177 238 484 
Bin 3: 287 210 460 154 86 479 
Bin 4: 204 341 173 308 
Bin 5: 388 123 268 264 413 291 387 324 
Bin 6: 129 3 32 451 376 
Bin 7: 384 281 270 480 432 
Bin 8: 486 50 252 482 312 
Bin 9: 348 449 84 192 375 61 487 
Bin 10: 389 75 473 160 229 47 
Bin 11: 488 219 144 101 453 48 
Bin 12: 290 426 438 
Bin 13: 357 406 494 4 156 16 96 
Bin 14: 416 110 112 325 284 
Bin 15: 217 321 176 44 
Bin 16: 399 366 218 131 109 497 167 
Bin 17: 202 11 12 454 19 374 
Bin 18: 428 236 9 222 7 475 
Bin 19: 392 304 390 414 358 378 386 
Bin 20: 106 257 447 379 328 280 
Bin 21: 51 199 155 
Bin 22: 1 95 209 309 317 
Bin 23: 188 212 437 295 425 234 182 
Bin 24: 174 213 435 239 54 344 365 
Bin 25: 249 396 130 349 417 13 
Bin 26: 491 411 147 207 52 91 464 211 
Bin 27: 121 340 452 367 489 145 153 224 
Bin 28: 124 78 57 
Bin 29: 243 18 466 107 364 150 274 
Bin 30: 120 170 82 468 393 
Bin 31: 360 444 498 142 256 116 
Bin 32: 43 245 470 299 137 255 
Bin 33: 298 168 342 92 90 
Bin 34: 329 431 99 186 20 
Bin 35: 93 214 377 294 398 371 471 
Bin 36: 183 477 369 143 352 135 
Bin 37: 495 330 332 370 247 117 
Bin 38: 410 151 53 394 331 381 215 
Bin 39: 261 79 403 133 194 
Bin 40: 336 203 206 408 373 316 233 
Bin 41: 111 335 244 122 17 
Bin 42: 88 235 288 478 232 67 65 
Bin 43: 163 326 277 459 228 179 27 
Bin 44: 259 37 346 169 58 
Bin 45: 262 412 407 171 15 39 463 333 
Bin 46: 409 351 250 467 303 184 
Bin 47: 197 246 397 400 446 424 319 56 
Bin 48: 395 383 283 302 
Bin 49: 442 429 80 334 355 66 63 322 
Bin 50: 296 421 181 180 189 327 
Bin 51: 419 461 405 251 103 254 
Bin 52: 266 231 100 26 
Bin 53: 320 38 
Bin 54: 221 353 476 
Bin 55: 104 216 347 359 198 
Bin 56: 456 272 323 267 
Bin 57: 23 24 187 195 159 372 
Bin 58: 42 118 499 85 
Bin 59: 350 402 430 362 313 
Bin 60: 141 300 237 5 285 
Bin 61: 201 223 220 420 481 33 165 
Bin 62: 172 226 441 146 297 434 
Bin 63: 265 440 83 138 76 225 
Bin 64: 162 140 68 8 132 
Bin 65: 102 474 72 356 46 208 62 
Bin 66: 278 230 418 337 40 35 
Bin 67: 276 0 485 315 282 
Bin 68: 289 363 128 
Bin 69: 310 178 401 448 469 490 436 
Bin 70: 493 158 385 354 
Bin 71: 318 450 185 139 293 462 
Bin 72: 115 108 258 455 125 496 161 
Bin 73: 301 193 368 6 423 157 
Bin 74: 472 292 126 380 64 77 87 227 
Bin 75: 273 114 59 134 30 81 55 241 
Bin 76: 149 443 71 345 269 275 314 97 
Bin 77: 94 311 263 10 391 175 
Bin 78: 29 191 260 148 98 465 105 
Bin 79: 119 60 422 69 196 306 457 
Bin 80: 127 113 14 74 200 
Bin 81: 166 339 36 
Bin 82: 307 279 2 136 
Bin 83: 164 439 205 382 73 338 25 
Bin 84: 242 41 28 89 34 31 240 70 
