# Objective: 19
# Time: 0.208479
# Feasible: 1
# Solution:
Bin 0: 23 90 62 50 64 87 
Bin 1: 55 59 91 38 44 88 
Bin 2: 78 3 11 14 46 96 49 
Bin 3: 47 111 74 101 61 106 
Bin 4: 83 0 8 58 82 
Bin 5: 109 73 100 22 26 
Bin 6: 9 7 48 5 86 66 
Bin 7: 110 84 115 36 70 45 33 
Bin 8: 51 37 41 98 28 1 
Bin 9: 21 53 89 118 94 29 
Bin 10: 69 25 77 52 104 79 108 
Bin 11: 43 57 71 119 85 19 30 13 
Bin 12: 39 4 81 56 60 65 
Bin 13: 68 6 67 99 35 2 
Bin 14: 31 54 15 92 107 
Bin 15: 114 105 93 32 95 16 117 
Bin 16: 112 76 72 34 18 20 
Bin 17: 40 42 113 17 75 12 116 63 
Bin 18: 24 10 103 27 102 80 97 
