# Objective: 152
# Time: 174.538
# Feasible: 1
# Solution:
Bin 0: 258 687 656 263 970 653 30 
Bin 1: 17 678 224 208 242 333 166 660 
Bin 2: 483 646 241 535 210 345 774 
Bin 3: 142 906 106 536 336 87 206 
Bin 4: 543 642 860 475 278 
Bin 5: 767 221 262 129 743 434 715 739 
Bin 6: 692 329 245 612 627 
Bin 7: 118 362 759 984 455 85 400 31 
Bin 8: 139 199 814 819 22 28 690 983 423 
Bin 9: 980 294 482 393 138 135 494 387 
Bin 10: 546 204 719 309 19 
Bin 11: 461 901 174 829 737 991 748 332 703 
Bin 12: 276 298 555 458 727 670 744 
Bin 13: 663 994 448 380 394 973 599 705 588 
Bin 14: 211 38 289 807 802 
Bin 15: 896 403 615 173 288 51 902 
Bin 16: 674 353 903 876 14 635 
Bin 17: 246 693 283 63 696 649 
Bin 18: 884 841 308 849 597 443 
Bin 19: 781 523 837 271 961 
Bin 20: 314 909 938 836 347 454 46 
Bin 21: 425 215 999 349 666 401 
Bin 22: 181 112 429 433 100 60 128 312 496 
Bin 23: 411 274 916 551 197 
Bin 24: 630 524 943 933 305 541 788 
Bin 25: 226 587 328 281 654 470 778 
Bin 26: 480 479 209 910 334 156 34 420 
Bin 27: 202 872 941 407 427 205 711 
Bin 28: 124 751 64 195 772 301 
Bin 29: 402 590 828 84 149 
Bin 30: 109 505 908 537 982 450 554 503 
Bin 31: 406 900 113 929 187 887 441 931 
Bin 32: 632 975 261 789 335 456 952 
Bin 33: 638 606 130 444 297 892 797 
Bin 34: 71 398 924 104 123 216 91 409 
Bin 35: 764 140 540 834 374 45 647 
Bin 36: 732 350 279 747 408 763 
Bin 37: 487 488 68 440 578 
Bin 38: 799 419 160 514 915 914 24 803 874 
Bin 39: 691 491 363 682 669 948 356 
Bin 40: 157 806 534 169 770 633 
Bin 41: 926 753 996 629 266 905 
Bin 42: 376 116 385 520 33 466 725 69 
Bin 43: 360 853 269 35 942 422 107 
Bin 44: 190 775 341 247 477 442 
Bin 45: 765 248 762 74 641 581 675 
Bin 46: 695 704 460 741 886 583 526 
Bin 47: 5 469 500 154 979 625 
Bin 48: 533 820 569 396 928 
Bin 49: 66 508 285 988 498 
Bin 50: 176 361 831 787 318 
Bin 51: 164 843 3 250 325 471 
Bin 52: 90 196 746 424 57 562 198 515 655 50 
Bin 53: 812 78 869 102 435 476 0 478 
Bin 54: 153 472 934 82 287 133 745 
Bin 55: 65 650 98 516 673 
Bin 56: 6 110 324 275 212 
Bin 57: 320 640 738 966 236 815 685 364 
Bin 58: 292 203 220 405 59 990 259 
Bin 59: 808 688 718 184 651 
Bin 60: 761 101 963 657 978 9 507 
Bin 61: 228 545 998 720 930 382 618 
Bin 62: 4 937 421 117 637 97 
Bin 63: 634 81 122 848 183 229 88 344 664 
Bin 64: 989 93 73 818 786 188 
Bin 65: 397 827 125 986 159 838 
Bin 66: 721 168 684 949 79 255 
Bin 67: 689 492 608 41 734 844 282 
Bin 68: 446 780 858 658 44 161 134 
Bin 69: 771 826 371 61 891 620 
Bin 70: 798 912 944 716 542 548 917 
Bin 71: 26 316 319 436 706 468 
Bin 72: 432 390 776 145 602 
Bin 73: 594 238 389 366 801 974 
Bin 74: 378 214 793 322 186 
Bin 75: 148 714 750 379 105 
Bin 76: 927 40 639 956 817 253 833 936 239 
Bin 77: 449 954 180 839 223 
Bin 78: 92 592 865 240 939 965 951 
Bin 79: 342 355 857 39 754 32 165 
Bin 80: 825 307 437 510 701 313 
Bin 81: 521 850 785 890 539 
Bin 82: 141 904 56 391 580 237 280 
Bin 83: 447 119 573 667 626 677 708 995 552 
Bin 84: 923 571 821 299 194 452 709 
Bin 85: 72 565 598 331 373 330 147 
Bin 86: 859 628 560 399 861 614 609 
Bin 87: 381 413 303 579 317 415 323 
Bin 88: 729 369 143 960 467 585 
Bin 89: 624 244 840 601 67 972 
Bin 90: 895 694 348 144 235 464 375 
Bin 91: 723 222 277 522 756 131 
Bin 92: 459 513 252 563 564 742 867 816 
Bin 93: 108 947 414 404 410 417 845 
Bin 94: 576 310 80 481 296 
Bin 95: 619 922 518 913 792 531 286 412 
Bin 96: 21 967 813 225 575 295 
Bin 97: 127 37 811 749 574 474 
Bin 98: 873 955 16 846 321 
Bin 99: 617 120 170 115 272 532 
Bin 100: 352 175 946 96 453 777 549 921 
Bin 101: 676 717 613 757 644 724 
Bin 102: 512 217 191 595 428 791 7 
Bin 103: 383 10 530 888 267 766 172 27 290 
Bin 104: 76 268 146 8 919 899 326 264 962 
Bin 105: 137 189 736 740 964 357 557 
Bin 106: 570 528 679 257 42 779 
Bin 107: 731 969 43 661 728 636 
Bin 108: 622 525 158 416 11 270 
Bin 109: 55 707 465 49 359 882 
Bin 110: 306 358 985 577 610 800 
Bin 111: 218 880 686 18 593 584 589 605 
Bin 112: 354 177 256 981 940 596 62 302 631 
Bin 113: 868 75 213 284 768 976 
Bin 114: 822 950 878 337 529 132 
Bin 115: 484 473 338 499 136 
Bin 116: 207 881 852 367 958 185 671 462 
Bin 117: 783 386 568 2 339 
Bin 118: 273 623 52 179 372 
Bin 119: 561 291 920 760 201 12 
Bin 120: 968 665 862 823 810 871 769 
Bin 121: 804 162 178 550 368 54 
Bin 122: 847 907 463 388 925 260 343 
Bin 123: 796 538 755 265 13 182 
Bin 124: 86 752 877 163 957 987 438 
Bin 125: 681 445 603 855 114 722 997 932 
Bin 126: 699 83 959 509 89 
Bin 127: 36 431 486 897 864 490 885 
Bin 128: 506 243 70 392 231 519 
Bin 129: 547 485 370 395 851 875 251 
Bin 130: 870 293 300 790 315 935 
Bin 131: 384 809 489 192 879 773 
Bin 132: 993 77 351 1 863 795 824 
Bin 133: 652 611 99 556 304 710 668 
Bin 134: 683 894 527 712 733 
Bin 135: 567 977 586 607 604 
Bin 136: 591 430 953 418 152 662 
Bin 137: 713 700 234 544 648 155 
Bin 138: 232 150 497 311 697 457 233 
Bin 139: 835 553 200 504 230 365 
Bin 140: 898 911 830 94 832 889 
Bin 141: 559 784 672 493 95 439 
Bin 142: 23 502 340 945 866 
Bin 143: 451 680 782 48 918 883 
Bin 144: 517 726 758 511 893 47 
Bin 145: 558 659 856 572 735 121 
Bin 146: 249 643 327 992 645 58 566 501 
Bin 147: 254 29 346 730 167 
Bin 148: 426 219 20 600 805 25 15 971 698 
Bin 149: 621 495 111 151 103 794 
Bin 150: 702 193 126 854 582 227 
Bin 151: 842 616 171 53 377 
