# Objective: 152
# Time: 178.272
# Feasible: 1
# Solution:
Bin 0: 790 712 300 231 489 
Bin 1: 56 699 738 51 45 
Bin 2: 4 415 980 806 548 248 
Bin 3: 18 362 774 82 970 164 297 780 
Bin 4: 546 49 998 161 759 485 441 265 
Bin 5: 436 196 952 5 54 290 147 302 
Bin 6: 743 253 364 828 820 830 9 
Bin 7: 627 795 409 944 250 461 194 478 
Bin 8: 283 130 186 165 722 655 153 448 451 589 
Bin 9: 624 532 801 332 866 
Bin 10: 360 978 345 858 434 273 966 109 
Bin 11: 422 324 658 60 363 404 135 992 
Bin 12: 988 84 757 391 646 650 272 
Bin 13: 816 389 169 621 252 72 31 531 
Bin 14: 367 484 839 590 571 881 110 
Bin 15: 91 239 317 162 53 101 677 230 
Bin 16: 603 877 611 746 207 
Bin 17: 79 383 702 862 727 880 
Bin 18: 691 683 90 912 926 659 
Bin 19: 726 705 719 837 995 929 237 
Bin 20: 849 442 406 137 935 
Bin 21: 960 563 649 318 401 673 964 
Bin 22: 121 731 741 768 412 50 458 933 687 
Bin 23: 775 251 14 542 47 474 
Bin 24: 891 984 904 696 463 30 388 
Bin 25: 539 359 552 277 920 948 665 834 
Bin 26: 206 709 381 577 778 394 794 
Bin 27: 521 170 266 582 105 183 343 584 
Bin 28: 325 990 449 657 965 172 914 55 
Bin 29: 220 3 779 863 182 
Bin 30: 850 792 536 645 98 524 
Bin 31: 354 257 996 949 527 733 
Bin 32: 66 518 276 43 446 
Bin 33: 455 972 923 876 310 716 
Bin 34: 886 676 303 887 561 633 
Bin 35: 113 435 452 313 94 777 69 500 
Bin 36: 24 234 508 270 797 824 357 221 
Bin 37: 879 629 428 374 46 771 146 
Bin 38: 366 11 163 810 368 203 857 
Bin 39: 120 212 97 735 505 931 942 
Bin 40: 569 718 28 989 637 99 
Bin 41: 158 355 860 154 917 295 
Bin 42: 477 959 681 945 323 740 48 573 
Bin 43: 222 390 667 456 104 160 282 
Bin 44: 155 954 939 427 703 218 176 
Bin 45: 772 981 551 523 711 17 
Bin 46: 907 821 643 927 936 538 605 644 
Bin 47: 411 636 663 494 243 896 128 464 
Bin 48: 52 460 241 42 906 189 486 
Bin 49: 298 15 180 991 238 588 853 309 
Bin 50: 211 642 956 614 347 133 842 
Bin 51: 553 641 817 753 666 786 732 
Bin 52: 574 804 320 138 808 
Bin 53: 148 399 280 85 475 
Bin 54: 620 747 132 545 57 997 739 
Bin 55: 119 888 223 19 38 
Bin 56: 818 88 336 423 874 682 286 40 22 878 
Bin 57: 467 799 356 240 915 179 
Bin 58: 647 377 261 581 905 
Bin 59: 168 352 315 562 634 188 908 652 
Bin 60: 431 284 900 934 559 199 1 
Bin 61: 376 151 701 598 694 
Bin 62: 83 438 34 215 572 23 
Bin 63: 209 762 556 805 108 337 398 414 
Bin 64: 375 116 305 192 773 796 501 
Bin 65: 145 408 259 510 781 841 675 
Bin 66: 943 440 78 835 393 64 
Bin 67: 897 200 6 689 385 784 
Bin 68: 371 809 535 769 758 791 
Bin 69: 349 95 903 987 845 197 
Bin 70: 308 752 844 889 525 304 
Bin 71: 520 269 249 868 529 865 
Bin 72: 350 37 143 534 823 840 264 
Bin 73: 745 400 867 0 604 662 382 
Bin 74: 848 729 550 672 268 977 
Bin 75: 2 387 74 471 232 260 958 
Bin 76: 750 156 639 217 916 947 
Bin 77: 321 227 32 742 855 421 700 
Bin 78: 125 813 246 765 403 
Bin 79: 331 418 312 540 12 149 
Bin 80: 661 619 892 468 660 515 301 
Bin 81: 361 340 334 979 528 76 789 
Bin 82: 928 327 803 117 129 476 229 344 
Bin 83: 378 87 592 405 919 
Bin 84: 522 751 291 267 822 827 419 
Bin 85: 351 871 697 429 70 256 225 462 
Bin 86: 426 470 565 760 971 601 479 669 
Bin 87: 612 410 92 924 174 973 678 
Bin 88: 533 185 721 80 102 190 
Bin 89: 668 10 615 941 787 115 
Bin 90: 625 181 730 142 570 607 27 
Bin 91: 281 983 495 560 776 131 236 
Bin 92: 986 175 761 201 537 417 826 
Bin 93: 424 894 736 608 472 651 
Bin 94: 150 353 258 631 610 114 
Bin 95: 502 86 271 214 193 
Bin 96: 953 635 798 899 144 593 454 
Bin 97: 93 319 695 139 872 469 380 
Bin 98: 488 854 62 567 819 511 339 
Bin 99: 245 693 89 294 491 
Bin 100: 586 492 490 566 576 
Bin 101: 453 628 734 969 788 882 957 
Bin 102: 329 557 811 756 909 938 
Bin 103: 622 783 292 514 141 370 326 
Bin 104: 497 728 564 118 706 555 177 482 
Bin 105: 296 544 638 466 262 
Bin 106: 749 379 688 807 591 
Bin 107: 335 829 946 58 825 263 
Bin 108: 963 976 913 940 288 202 299 
Bin 109: 767 985 233 930 595 
Bin 110: 13 365 587 583 8 111 852 
Bin 111: 921 713 785 287 714 178 
Bin 112: 873 493 171 465 585 
Bin 113: 704 397 450 61 692 
Bin 114: 81 950 480 898 496 623 
Bin 115: 134 333 656 599 812 870 
Bin 116: 167 503 597 342 664 782 
Bin 117: 720 122 216 228 836 723 575 
Bin 118: 549 254 725 846 847 609 444 
Bin 119: 993 481 219 504 864 242 833 
Bin 120: 112 289 974 395 437 617 
Bin 121: 543 341 686 579 922 235 
Bin 122: 279 851 443 386 937 925 328 
Bin 123: 159 498 519 685 126 247 
Bin 124: 717 856 530 547 600 173 447 
Bin 125: 68 348 580 226 648 715 994 358 
Bin 126: 285 902 982 890 815 140 
Bin 127: 63 578 509 744 316 
Bin 128: 65 618 869 255 346 293 513 96 
Bin 129: 770 616 754 885 473 106 838 
Bin 130: 932 457 516 861 910 77 
Bin 131: 369 670 416 445 44 306 
Bin 132: 558 680 373 512 517 
Bin 133: 707 764 20 338 901 157 204 596 
Bin 134: 21 402 187 41 674 
Bin 135: 884 968 274 425 25 
Bin 136: 407 330 802 895 39 483 541 
Bin 137: 594 710 67 800 432 967 
Bin 138: 75 198 439 708 911 124 737 
Bin 139: 195 832 205 640 698 136 
Bin 140: 613 883 671 166 526 224 210 653 
Bin 141: 322 107 793 632 103 
Bin 142: 430 314 875 602 690 568 
Bin 143: 384 975 506 843 893 208 814 955 
Bin 144: 29 307 35 152 606 396 
Bin 145: 487 184 499 33 26 100 191 
Bin 146: 684 36 16 748 123 554 
Bin 147: 507 459 859 311 724 999 59 
Bin 148: 763 372 755 275 278 
Bin 149: 73 413 71 962 918 420 
Bin 150: 831 626 679 244 392 7 961 766 
Bin 151: 433 951 630 127 654 213 
