# Objective: 150
# Time: 184.962
# Feasible: 1
# Solution:
Bin 0: 718 412 606 28 141 215 445 862 825 
Bin 1: 150 355 827 729 361 548 993 
Bin 2: 788 135 123 517 110 203 112 
Bin 3: 966 940 957 180 763 106 340 
Bin 4: 202 113 451 712 810 455 813 
Bin 5: 263 605 846 353 728 638 421 909 155 
Bin 6: 153 471 248 385 376 72 
Bin 7: 231 61 907 305 842 418 
Bin 8: 364 352 49 908 450 341 910 365 382 
Bin 9: 55 611 257 247 434 725 641 
Bin 10: 567 960 689 927 826 374 967 
Bin 11: 582 523 637 419 875 433 871 
Bin 12: 805 63 996 795 259 711 159 
Bin 13: 901 23 844 865 432 322 276 
Bin 14: 506 119 926 54 439 83 569 895 
Bin 15: 317 745 460 287 132 768 
Bin 16: 994 363 511 246 431 924 520 811 
Bin 17: 833 914 681 218 653 292 139 959 
Bin 18: 486 301 443 999 37 465 816 209 
Bin 19: 253 758 666 73 863 812 
Bin 20: 607 99 571 949 921 142 864 93 201 564 
Bin 21: 449 800 441 596 375 916 
Bin 22: 661 324 519 501 51 
Bin 23: 271 288 406 510 799 555 24 126 
Bin 24: 262 213 330 489 881 685 388 
Bin 25: 613 81 608 312 801 644 336 
Bin 26: 751 695 380 207 430 359 707 224 
Bin 27: 531 824 655 423 890 597 545 264 
Bin 28: 294 932 200 665 74 206 731 413 
Bin 29: 314 235 319 255 332 931 609 956 
Bin 30: 254 828 636 227 866 849 345 
Bin 31: 977 318 192 420 85 351 918 
Bin 32: 547 738 177 278 1 784 293 490 
Bin 33: 240 965 183 191 149 504 551 995 
Bin 34: 757 479 19 678 950 
Bin 35: 592 893 391 556 604 134 
Bin 36: 776 953 667 832 197 939 
Bin 37: 761 205 4 389 298 111 
Bin 38: 464 856 943 261 541 736 559 76 
Bin 39: 208 15 730 483 45 673 580 
Bin 40: 70 600 221 446 971 898 
Bin 41: 436 368 705 917 411 958 251 
Bin 42: 372 339 747 645 2 172 
Bin 43: 273 733 808 280 870 137 
Bin 44: 975 225 823 342 484 782 
Bin 45: 804 98 474 267 16 952 
Bin 46: 988 598 579 663 59 161 31 398 680 
Bin 47: 244 998 581 923 963 859 
Bin 48: 127 766 310 48 367 186 
Bin 49: 228 90 136 550 906 337 
Bin 50: 223 163 601 646 879 664 884 
Bin 51: 643 338 742 216 647 525 651 
Bin 52: 416 94 697 333 560 752 
Bin 53: 984 619 900 793 316 530 378 
Bin 54: 540 633 549 990 500 282 954 724 
Bin 55: 573 482 9 151 189 584 
Bin 56: 60 334 771 787 22 843 507 
Bin 57: 302 347 749 65 790 721 
Bin 58: 659 32 857 75 236 12 836 794 
Bin 59: 410 145 320 165 245 401 
Bin 60: 306 462 632 623 854 838 
Bin 61: 524 493 513 925 311 
Bin 62: 852 873 614 911 708 
Bin 63: 889 68 256 25 270 882 144 453 
Bin 64: 408 698 357 779 777 238 118 806 492 
Bin 65: 190 395 778 417 527 741 
Bin 66: 674 370 491 62 495 331 80 563 
Bin 67: 554 831 668 86 618 982 948 104 
Bin 68: 657 935 706 6 21 760 701 
Bin 69: 109 488 796 503 447 572 
Bin 70: 639 162 575 896 682 
Bin 71: 53 820 487 759 371 14 
Bin 72: 755 321 122 284 577 
Bin 73: 737 195 970 508 690 226 
Bin 74: 883 686 366 181 860 296 
Bin 75: 3 631 29 807 688 877 485 947 
Bin 76: 583 269 354 399 912 
Bin 77: 928 97 458 295 505 902 252 
Bin 78: 237 837 466 858 534 179 
Bin 79: 603 774 220 286 473 
Bin 80: 335 886 978 309 649 409 
Bin 81: 822 157 526 670 815 
Bin 82: 115 498 454 612 91 92 187 
Bin 83: 387 899 635 120 362 239 17 
Bin 84: 903 726 570 456 699 679 
Bin 85: 930 532 974 304 95 266 178 
Bin 86: 428 642 691 356 397 7 478 684 
Bin 87: 915 343 44 590 922 
Bin 88: 481 630 980 50 920 326 152 
Bin 89: 746 117 754 658 616 791 538 
Bin 90: 392 272 568 103 383 379 
Bin 91: 429 427 989 973 204 5 627 290 919 
Bin 92: 414 133 753 769 937 861 
Bin 93: 561 69 586 565 589 344 546 
Bin 94: 946 692 941 562 955 8 346 621 
Bin 95: 39 289 38 258 983 
Bin 96: 438 176 373 20 979 89 
Bin 97: 405 437 834 277 300 905 845 535 281 
Bin 98: 84 634 96 676 515 533 640 
Bin 99: 283 767 461 740 536 714 
Bin 100: 143 214 558 242 756 87 107 
Bin 101: 522 512 102 578 369 
Bin 102: 814 656 722 929 553 
Bin 103: 539 13 199 232 743 628 
Bin 104: 964 260 872 557 77 164 393 
Bin 105: 748 835 268 0 610 
Bin 106: 710 672 124 125 615 762 502 694 
Bin 107: 158 448 867 847 156 148 
Bin 108: 624 789 735 968 360 626 
Bin 109: 497 291 851 716 477 945 
Bin 110: 27 58 543 576 913 222 
Bin 111: 30 962 171 18 891 219 82 
Bin 112: 105 629 229 196 878 64 
Bin 113: 415 702 167 587 182 146 350 594 
Bin 114: 552 11 885 703 669 
Bin 115: 715 154 36 817 874 934 841 
Bin 116: 997 625 894 732 396 210 193 
Bin 117: 704 230 212 717 234 880 435 
Bin 118: 588 131 444 285 514 
Bin 119: 57 422 855 67 467 160 425 
Bin 120: 426 241 79 818 693 
Bin 121: 377 328 138 602 981 
Bin 122: 114 785 403 442 734 168 
Bin 123: 936 424 617 720 303 868 457 
Bin 124: 101 798 469 100 591 496 
Bin 125: 802 185 770 250 951 440 
Bin 126: 709 249 853 35 349 775 42 783 
Bin 127: 593 275 620 599 348 175 
Bin 128: 696 47 313 299 848 
Bin 129: 537 475 130 88 648 121 850 
Bin 130: 933 470 308 217 969 40 
Bin 131: 985 652 386 358 463 265 
Bin 132: 987 43 595 147 840 654 243 
Bin 133: 480 809 750 821 390 887 33 315 
Bin 134: 991 683 297 739 938 529 944 
Bin 135: 26 71 66 188 892 677 
Bin 136: 528 713 765 972 888 
Bin 137: 650 521 184 786 129 211 675 727 
Bin 138: 173 687 566 307 992 
Bin 139: 509 452 829 472 494 961 108 904 662 
Bin 140: 876 174 772 542 819 671 
Bin 141: 128 574 233 140 803 792 404 
Bin 142: 839 279 56 198 499 78 325 
Bin 143: 323 869 764 10 942 476 
Bin 144: 34 797 622 723 773 46 402 
Bin 145: 329 52 830 381 719 
Bin 146: 781 116 407 744 170 468 700 400 
Bin 147: 169 897 516 976 459 41 
Bin 148: 986 166 544 384 194 780 518 
Bin 149: 274 585 394 327 660 
