# Objective: 39
# Time: 2.29591
# Feasible: 1
# Solution:
Bin 0: 3 92 229 244 4 124 243 71 
Bin 1: 161 154 86 91 207 132 59 
Bin 2: 177 142 164 62 77 79 183 171 
Bin 3: 28 105 147 102 203 230 
Bin 4: 156 31 160 239 223 32 157 
Bin 5: 112 90 76 173 65 107 
Bin 6: 178 20 214 25 185 226 96 
Bin 7: 159 139 247 245 137 146 176 
Bin 8: 8 163 43 41 101 19 234 
Bin 9: 60 158 27 197 201 12 
Bin 10: 89 213 235 106 195 108 17 125 219 
Bin 11: 116 134 52 192 155 1 200 
Bin 12: 82 122 140 0 22 204 
Bin 13: 215 45 166 15 11 169 74 
Bin 14: 187 68 30 110 75 208 152 
Bin 15: 100 14 123 24 111 167 
Bin 16: 179 99 174 233 37 113 98 149 
Bin 17: 130 63 88 67 16 168 
Bin 18: 83 216 246 175 209 128 
Bin 19: 2 151 50 196 55 49 
Bin 20: 61 53 46 181 220 
Bin 21: 198 222 44 206 228 131 
Bin 22: 194 153 54 115 205 129 
Bin 23: 240 36 64 38 73 135 
Bin 24: 42 118 21 188 120 212 
Bin 25: 249 210 242 202 144 224 127 
Bin 26: 232 47 33 114 225 66 182 133 
Bin 27: 9 211 109 93 189 
Bin 28: 193 13 18 58 72 138 56 
Bin 29: 35 227 162 26 199 
Bin 30: 190 104 6 119 145 
Bin 31: 87 40 121 34 103 
Bin 32: 236 191 69 81 217 180 172 
Bin 33: 5 241 170 143 165 218 
Bin 34: 39 51 184 84 237 
Bin 35: 136 95 48 80 238 148 29 
Bin 36: 10 186 141 78 23 70 94 
Bin 37: 221 57 7 150 126 
Bin 38: 85 231 248 117 97 
