# Objective: 18
# Time: 0.30545
# Feasible: 1
# Solution:
Bin 0: 11 99 96 61 69 
Bin 1: 72 42 89 95 80 10 68 56 
Bin 2: 114 37 2 57 101 107 
Bin 3: 60 62 102 14 86 59 
Bin 4: 117 70 44 12 66 18 47 
Bin 5: 79 21 58 54 50 9 0 
Bin 6: 116 25 53 20 119 4 
Bin 7: 64 51 3 29 106 35 105 
Bin 8: 71 74 91 103 40 108 55 48 
Bin 9: 1 23 28 13 85 94 27 52 
Bin 10: 97 15 73 34 109 16 81 38 
Bin 11: 19 115 98 63 43 67 104 75 
Bin 12: 49 33 39 32 77 83 
Bin 13: 88 41 84 110 111 113 93 
Bin 14: 87 30 8 6 118 5 
Bin 15: 24 100 76 82 90 45 26 
Bin 16: 22 36 92 7 46 65 
Bin 17: 17 31 112 78 
