# Objective: 19
# Time: 0.238826
# Feasible: 1
# Solution:
Bin 0: 52 32 51 65 98 54 90 
Bin 1: 24 6 77 110 15 22 
Bin 2: 43 109 4 83 111 84 93 
Bin 3: 70 1 86 71 27 85 82 88 
Bin 4: 103 9 14 18 55 91 30 63 
Bin 5: 38 108 19 47 11 107 
Bin 6: 21 41 53 97 99 80 16 
Bin 7: 56 57 113 117 60 87 
Bin 8: 42 69 12 68 28 
Bin 9: 50 33 76 100 114 115 96 
Bin 10: 67 66 62 104 64 44 40 
Bin 11: 37 2 58 34 78 95 48 
Bin 12: 17 5 3 92 116 23 
Bin 13: 118 29 59 119 8 39 
Bin 14: 7 46 75 45 49 
Bin 15: 36 13 61 72 79 101 0 
Bin 16: 73 89 31 20 10 
Bin 17: 35 105 112 102 74 81 26 
Bin 18: 94 25 106 
