# Objective: 19
# Time: 0.228402
# Feasible: 1
# Solution:
Bin 0: 42 58 57 81 87 14 78 
Bin 1: 39 19 27 33 116 10 
Bin 2: 90 112 72 28 41 
Bin 3: 30 38 89 105 31 79 71 
Bin 4: 82 34 83 62 106 45 55 
Bin 5: 24 23 69 96 9 111 70 
Bin 6: 59 117 66 80 110 
Bin 7: 85 37 99 53 7 
Bin 8: 16 118 77 104 63 68 86 
Bin 9: 91 88 36 84 49 64 
Bin 10: 35 26 47 50 8 12 1 
Bin 11: 2 97 107 61 74 18 
Bin 12: 54 44 3 102 21 108 
Bin 13: 115 51 65 103 93 98 95 
Bin 14: 25 40 73 101 60 6 
Bin 15: 92 11 4 5 100 22 
Bin 16: 75 15 0 113 109 48 29 
Bin 17: 76 32 20 13 52 17 
Bin 18: 67 56 94 43 114 119 46 
