# Objective: 97
# Time: 2.41504
# Feasible: 1
# Solution:
Bin 0: 420 91 84 306 235 332 99 
Bin 1: 440 290 303 382 193 67 221 
Bin 2: 230 180 448 469 267 139 177 59 394 
Bin 3: 497 257 493 241 426 73 
Bin 4: 109 156 298 244 134 159 334 423 
Bin 5: 32 472 275 419 24 363 255 42 
Bin 6: 133 496 258 96 154 122 22 225 
Bin 7: 405 346 495 171 393 223 82 
Bin 8: 39 278 9 187 488 417 50 69 
Bin 9: 264 392 492 283 352 287 297 323 
Bin 10: 295 380 481 166 74 296 
Bin 11: 487 324 97 41 422 401 
Bin 12: 343 105 75 344 111 149 
Bin 13: 157 465 216 142 424 452 354 304 
Bin 14: 483 236 253 10 329 358 263 14 
Bin 15: 464 413 191 388 129 128 317 165 103 
Bin 16: 234 442 68 79 210 
Bin 17: 141 474 90 80 414 335 398 
Bin 18: 7 174 52 57 146 212 231 
Bin 19: 432 313 404 83 341 237 138 
Bin 20: 19 56 20 293 226 199 
Bin 21: 240 460 428 172 441 175 373 
Bin 22: 26 232 470 15 11 252 198 
Bin 23: 458 94 280 48 320 340 
Bin 24: 209 403 51 412 443 185 314 
Bin 25: 168 130 355 95 27 43 
Bin 26: 444 116 312 71 331 467 291 
Bin 27: 217 66 318 499 282 33 
Bin 28: 239 229 215 284 366 162 305 
Bin 29: 18 250 204 224 121 371 54 
Bin 30: 152 400 89 143 13 351 456 0 
Bin 31: 302 494 6 333 369 299 101 88 
Bin 32: 347 118 372 222 53 454 
Bin 33: 4 117 486 179 92 345 
Bin 34: 153 196 247 123 170 188 348 
Bin 35: 353 131 390 85 391 462 
Bin 36: 167 468 321 338 38 326 
Bin 37: 434 349 490 145 248 480 
Bin 38: 227 176 377 378 183 
Bin 39: 271 350 31 61 309 409 
Bin 40: 161 49 107 446 158 70 
Bin 41: 81 150 272 120 173 113 
Bin 42: 381 482 427 260 201 37 273 
Bin 43: 485 307 213 367 421 243 
Bin 44: 379 374 402 445 208 491 
Bin 45: 40 268 106 163 194 218 259 328 
Bin 46: 12 246 294 64 479 
Bin 47: 2 262 125 459 21 
Bin 48: 207 8 336 86 311 408 362 
Bin 49: 164 169 376 451 124 
Bin 50: 449 339 277 184 115 
Bin 51: 450 261 76 228 34 35 
Bin 52: 211 100 182 233 60 140 
Bin 53: 364 385 47 375 437 114 
Bin 54: 387 361 62 87 386 457 
Bin 55: 189 29 249 126 416 
Bin 56: 72 463 78 181 415 192 407 368 
Bin 57: 238 396 285 411 316 
Bin 58: 359 281 289 147 425 
Bin 59: 266 357 136 160 301 144 55 
Bin 60: 276 251 77 256 473 360 
Bin 61: 438 319 25 370 498 
Bin 62: 439 254 383 286 484 
Bin 63: 206 477 418 242 151 
Bin 64: 455 58 399 476 102 202 
Bin 65: 356 466 5 30 429 132 
Bin 66: 108 397 342 
Bin 67: 310 186 
Bin 68: 436 200 315 23 447 219 
Bin 69: 45 98 
Bin 70: 327 322 197 
Bin 71: 389 265 
Bin 72: 365 337 430 
Bin 73: 127 330 44 395 203 
Bin 74: 308 300 
Bin 75: 214 178 433 104 28 
Bin 76: 461 16 
Bin 77: 270 190 63 
Bin 78: 17 288 453 
Bin 79: 269 245 137 
Bin 80: 435 292 
Bin 81: 36 410 1 
Bin 82: 471 220 325 431 119 478 
Bin 83: 65 
Bin 84: 3 475 
Bin 85: 205 
Bin 86: 279 
Bin 87: 155 
Bin 88: 148 
Bin 89: 93 195 
Bin 90: 489 274 
Bin 91: 110 
Bin 92: 384 
Bin 93: 112 
Bin 94: 406 
Bin 95: 135 
Bin 96: 46 
