# Objective: 74
# Time: 19.8853
# Feasible: 1
# Solution:
Bin 0: 5 148 207 372 244 467 
Bin 1: 117 283 205 497 297 322 
Bin 2: 487 62 56 273 275 270 417 108 
Bin 3: 347 127 0 493 168 459 190 
Bin 4: 253 298 284 259 452 248 
Bin 5: 28 122 362 364 192 249 405 
Bin 6: 363 126 349 173 296 307 152 257 
Bin 7: 462 170 150 351 72 237 243 480 343 
Bin 8: 444 317 455 196 329 340 359 66 
Bin 9: 144 332 240 285 184 354 407 333 330 
Bin 10: 418 228 412 402 39 22 303 
Bin 11: 79 326 233 427 198 408 
Bin 12: 336 41 143 133 10 60 496 247 
Bin 13: 20 80 17 357 466 232 85 
Bin 14: 194 92 421 479 469 293 15 
Bin 15: 174 254 235 201 186 105 
Bin 16: 44 291 123 263 110 390 38 
Bin 17: 392 393 481 319 434 276 265 409 
Bin 18: 318 182 286 274 437 46 
Bin 19: 473 137 220 301 64 465 107 
Bin 20: 124 384 157 215 227 483 302 
Bin 21: 165 374 464 172 420 176 59 
Bin 22: 14 377 391 438 135 153 
Bin 23: 450 54 229 367 212 
Bin 24: 213 471 406 378 398 
Bin 25: 454 230 396 13 139 43 241 151 
Bin 26: 74 3 287 160 156 429 131 
Bin 27: 485 445 440 121 6 30 
Bin 28: 101 365 128 320 2 75 
Bin 29: 371 100 219 267 11 328 313 
Bin 30: 81 428 175 52 57 300 
Bin 31: 203 33 401 159 188 
Bin 32: 109 472 309 463 414 65 
Bin 33: 304 271 76 397 268 93 
Bin 34: 51 446 162 400 234 7 200 
Bin 35: 376 449 164 32 369 112 272 311 58 
Bin 36: 69 324 120 91 125 299 
Bin 37: 335 21 488 18 163 490 71 
Bin 38: 433 119 208 346 325 355 305 
Bin 39: 218 457 221 423 383 341 
Bin 40: 26 141 416 210 16 
Bin 41: 106 179 419 389 89 129 35 289 
Bin 42: 216 77 118 161 178 338 499 342 111 
Bin 43: 448 350 399 353 245 
Bin 44: 294 183 84 204 339 
Bin 45: 68 49 146 430 145 9 61 
Bin 46: 206 102 316 169 314 87 180 
Bin 47: 251 104 258 193 236 199 
Bin 48: 492 12 385 436 195 238 280 90 53 
Bin 49: 269 475 461 197 498 25 477 
Bin 50: 395 103 95 439 279 132 260 246 
Bin 51: 242 358 460 491 224 158 
Bin 52: 45 155 344 379 486 116 226 
Bin 53: 142 312 166 404 382 277 239 
Bin 54: 37 187 345 138 494 370 495 
Bin 55: 97 214 394 422 426 361 
Bin 56: 443 130 424 181 282 453 261 368 
Bin 57: 48 442 55 306 310 348 380 
Bin 58: 432 366 387 482 410 476 
Bin 59: 27 352 34 167 4 185 321 
Bin 60: 375 36 42 73 191 381 202 
Bin 61: 1 154 281 78 327 50 292 
Bin 62: 278 255 256 231 136 8 211 484 
Bin 63: 115 70 403 489 415 140 
Bin 64: 252 441 308 334 388 209 82 315 
Bin 65: 458 250 413 217 468 288 447 
Bin 66: 19 67 94 86 63 171 24 386 
Bin 67: 29 114 31 47 189 99 470 
Bin 68: 113 425 331 149 356 
Bin 69: 451 222 225 266 177 
Bin 70: 360 264 295 223 96 337 
Bin 71: 262 40 431 290 98 478 
Bin 72: 373 323 23 435 147 
Bin 73: 456 83 134 411 474 88 
