# Objective: 75
# Time: 17.0448
# Feasible: 1
# Solution:
Bin 0: 14 220 16 303 71 113 200 356 
Bin 1: 258 454 414 380 109 176 277 378 
Bin 2: 233 206 453 164 451 91 328 
Bin 3: 457 385 309 476 400 
Bin 4: 283 317 55 152 371 404 
Bin 5: 488 496 325 456 377 268 117 118 95 
Bin 6: 116 204 311 424 442 143 
Bin 7: 217 9 66 214 252 
Bin 8: 474 244 279 245 85 396 
Bin 9: 410 3 227 160 259 329 418 427 
Bin 10: 197 425 169 301 271 33 60 202 
Bin 11: 230 69 398 407 274 238 184 298 
Bin 12: 499 170 367 349 119 296 
Bin 13: 98 198 415 270 351 420 
Bin 14: 145 189 130 12 379 347 139 
Bin 15: 469 211 47 287 107 196 432 
Bin 16: 386 49 419 41 148 40 426 340 
Bin 17: 133 440 234 266 225 153 359 
Bin 18: 471 185 373 468 269 147 78 
Bin 19: 24 477 458 281 64 286 104 
Bin 20: 174 228 65 256 487 212 159 382 236 
Bin 21: 51 81 492 341 7 54 
Bin 22: 376 473 138 105 291 
Bin 23: 82 111 431 264 120 475 
Bin 24: 142 34 466 80 190 218 132 112 
Bin 25: 310 402 242 62 232 237 332 210 
Bin 26: 363 226 416 31 365 29 444 423 
Bin 27: 150 344 436 381 36 308 
Bin 28: 163 430 99 435 495 146 493 
Bin 29: 123 90 77 199 319 327 166 43 
Bin 30: 61 97 364 172 412 74 
Bin 31: 478 422 96 183 110 201 56 
Bin 32: 288 135 361 32 428 405 
Bin 33: 216 144 489 262 21 102 299 231 
Bin 34: 134 126 297 179 44 358 27 
Bin 35: 175 368 221 243 149 19 282 
Bin 36: 399 37 35 437 434 178 
Bin 37: 0 20 18 375 362 470 215 
Bin 38: 408 180 455 490 140 167 75 10 
Bin 39: 348 307 168 124 472 306 8 
Bin 40: 485 125 157 300 58 316 254 
Bin 41: 127 131 411 384 223 188 11 
Bin 42: 92 72 187 393 322 59 278 
Bin 43: 290 122 30 128 162 156 
Bin 44: 280 333 445 465 251 326 161 154 
Bin 45: 482 355 141 42 357 
Bin 46: 108 88 165 336 484 181 441 
Bin 47: 100 115 83 370 383 195 461 
Bin 48: 392 151 240 294 446 101 15 28 
Bin 49: 352 401 4 22 448 57 158 229 
Bin 50: 450 403 193 137 498 48 295 
Bin 51: 239 314 186 464 246 114 265 276 
Bin 52: 106 250 467 222 417 247 
Bin 53: 387 321 305 394 249 391 39 
Bin 54: 491 389 203 388 460 433 205 
Bin 55: 449 331 443 255 350 273 87 
Bin 56: 337 89 323 70 285 
Bin 57: 463 155 219 171 302 
Bin 58: 46 353 136 253 284 369 395 173 
Bin 59: 481 335 354 289 191 177 192 
Bin 60: 330 224 342 272 315 129 483 
Bin 61: 207 53 390 452 52 
Bin 62: 209 339 494 479 84 
Bin 63: 318 275 38 25 182 366 
Bin 64: 2 421 480 438 304 346 
Bin 65: 462 79 67 86 45 
Bin 66: 447 13 121 409 50 26 
Bin 67: 429 208 397 413 73 
Bin 68: 320 17 345 103 5 63 
Bin 69: 6 372 374 260 1 
Bin 70: 267 334 360 213 257 76 235 
Bin 71: 23 459 93 324 313 
Bin 72: 241 343 338 497 68 248 
Bin 73: 293 292 439 261 263 
Bin 74: 194 94 486 406 312 
