# Objective: 74
# Time: 18.1723
# Feasible: 1
# Solution:
Bin 0: 218 335 359 179 109 307 
Bin 1: 32 47 98 150 236 269 41 
Bin 2: 438 277 334 350 308 90 442 374 
Bin 3: 430 242 283 456 36 180 498 
Bin 4: 137 117 303 152 268 160 468 470 229 
Bin 5: 206 103 125 86 381 336 70 
Bin 6: 148 391 400 212 494 370 231 493 
Bin 7: 97 187 211 454 302 
Bin 8: 59 13 469 131 50 66 
Bin 9: 205 230 416 225 244 184 349 80 
Bin 10: 485 285 368 371 149 476 217 
Bin 11: 451 260 62 116 392 136 
Bin 12: 140 188 464 428 304 
Bin 13: 122 325 104 3 385 10 181 33 
Bin 14: 112 51 387 439 399 280 
Bin 15: 337 256 247 35 326 153 
Bin 16: 478 155 75 126 250 124 
Bin 17: 443 288 28 319 300 123 475 
Bin 18: 290 25 196 207 151 453 
Bin 19: 48 372 11 255 362 424 
Bin 20: 65 463 369 134 135 373 18 
Bin 21: 315 55 96 490 356 138 407 
Bin 22: 23 85 278 69 243 389 
Bin 23: 224 338 449 169 332 31 183 
Bin 24: 165 266 316 92 354 
Bin 25: 323 170 175 234 491 79 489 365 
Bin 26: 409 412 420 174 417 53 366 
Bin 27: 419 43 360 45 339 346 484 
Bin 28: 318 390 289 313 483 264 
Bin 29: 406 263 161 282 172 312 
Bin 30: 226 284 191 114 403 113 296 232 388 
Bin 31: 105 89 259 210 405 192 251 
Bin 32: 233 352 258 492 452 393 
Bin 33: 82 204 240 299 429 423 
Bin 34: 81 273 383 95 74 99 301 340 
Bin 35: 118 327 487 222 281 154 189 
Bin 36: 1 249 444 141 398 472 54 30 
Bin 37: 194 462 434 271 9 130 427 
Bin 38: 57 471 330 448 355 418 87 
Bin 39: 267 361 382 295 473 
Bin 40: 253 499 93 496 84 292 
Bin 41: 482 363 5 63 8 177 466 396 425 495 
Bin 42: 7 166 245 291 203 297 
Bin 43: 380 44 386 16 2 235 197 
Bin 44: 132 435 461 488 26 460 209 
Bin 45: 162 120 347 331 279 239 275 163 
Bin 46: 147 309 228 410 314 158 
Bin 47: 311 276 78 320 145 458 61 
Bin 48: 401 56 83 497 102 322 
Bin 49: 198 27 142 176 450 168 
Bin 50: 133 293 100 375 119 201 440 
Bin 51: 129 20 15 414 39 167 357 
Bin 52: 17 223 182 465 115 128 248 342 305 
Bin 53: 219 344 341 49 445 21 190 
Bin 54: 157 411 107 446 257 171 221 
Bin 55: 480 159 376 306 101 106 467 415 286 
Bin 56: 474 195 353 185 477 457 60 436 
Bin 57: 261 76 274 329 58 
Bin 58: 200 238 433 270 378 379 
Bin 59: 37 72 108 321 12 127 
Bin 60: 42 395 317 34 345 459 384 227 
Bin 61: 215 77 186 310 364 
Bin 62: 220 246 46 397 193 455 
Bin 63: 38 333 29 73 139 94 
Bin 64: 421 252 146 6 121 199 486 
Bin 65: 441 402 213 4 294 447 
Bin 66: 88 156 426 404 164 64 343 
Bin 67: 254 22 173 241 265 324 
Bin 68: 71 237 479 408 348 272 67 
Bin 69: 178 110 208 19 413 287 111 432 
Bin 70: 351 377 91 202 367 216 358 
Bin 71: 431 298 143 214 52 
Bin 72: 262 14 394 328 40 0 
Bin 73: 24 481 68 422 437 144 
