# Objective: 19
# Time: 0.335399
# Feasible: 1
# Solution:
Bin 0: 14 68 71 9 115 111 64 
Bin 1: 94 61 73 5 15 39 
Bin 2: 108 6 85 16 84 81 8 13 
Bin 3: 89 47 54 23 117 59 107 
Bin 4: 32 102 98 105 55 65 46 4 
Bin 5: 37 114 10 91 72 2 38 97 
Bin 6: 66 45 82 48 99 62 
Bin 7: 40 42 36 60 90 30 93 106 
Bin 8: 74 11 67 112 110 29 
Bin 9: 24 96 34 1 19 63 88 78 
Bin 10: 18 118 103 49 41 
Bin 11: 35 25 56 69 119 
Bin 12: 86 31 20 0 57 
Bin 13: 76 87 104 100 3 
Bin 14: 28 26 75 95 50 53 
Bin 15: 80 83 21 44 92 7 
Bin 16: 22 70 27 101 77 51 
Bin 17: 17 109 43 12 79 
Bin 18: 58 113 52 116 33 
