# Objective: 19
# Time: 0.294685
# Feasible: 1
# Solution:
Bin 0: 90 16 15 48 9 64 88 
Bin 1: 106 23 110 13 54 81 87 
Bin 2: 70 117 114 82 102 41 105 
Bin 3: 99 101 5 109 12 65 
Bin 4: 29 52 60 95 113 62 66 72 
Bin 5: 8 97 116 10 43 40 44 
Bin 6: 38 19 58 91 79 56 85 74 
Bin 7: 61 18 108 53 69 89 
Bin 8: 32 25 45 75 55 31 
Bin 9: 59 26 33 2 51 6 119 76 
Bin 10: 47 112 1 17 107 86 71 34 
Bin 11: 118 92 84 42 27 14 
Bin 12: 28 83 21 57 24 
Bin 13: 73 100 111 7 0 22 
Bin 14: 115 4 80 36 94 30 
Bin 15: 37 50 67 20 39 
Bin 16: 49 63 11 96 35 
Bin 17: 77 46 93 98 103 78 
Bin 18: 104 68 3 
