# Objective: 148
# Time: 181.264
# Feasible: 1
# Solution:
Bin 0: 550 795 127 300 901 882 812 684 
Bin 1: 376 367 99 180 680 966 475 597 108 711 
Bin 2: 657 362 585 520 301 173 652 
Bin 3: 437 390 799 785 692 
Bin 4: 406 826 499 21 797 213 819 431 
Bin 5: 641 126 465 898 372 931 
Bin 6: 399 963 519 991 716 582 614 397 
Bin 7: 224 299 477 441 353 710 956 
Bin 8: 947 205 834 625 676 366 969 169 798 
Bin 9: 91 706 467 392 81 455 418 365 
Bin 10: 962 848 578 485 745 
Bin 11: 536 559 561 53 175 401 806 
Bin 12: 470 26 831 177 517 928 622 246 
Bin 13: 569 794 903 451 678 313 111 155 215 
Bin 14: 556 873 902 128 182 168 974 
Bin 15: 658 988 948 552 640 346 463 22 85 
Bin 16: 749 382 35 373 253 
Bin 17: 454 790 312 200 195 229 434 
Bin 18: 906 688 340 965 7 940 
Bin 19: 41 540 636 137 577 922 114 
Bin 20: 225 497 265 616 331 78 
Bin 21: 715 872 953 143 232 587 
Bin 22: 283 808 524 258 191 226 290 756 
Bin 23: 970 404 1 333 31 323 615 102 
Bin 24: 779 228 920 767 761 234 633 
Bin 25: 871 930 343 474 158 
Bin 26: 751 752 667 494 933 555 
Bin 27: 987 924 28 681 319 10 
Bin 28: 181 822 936 293 491 723 747 
Bin 29: 984 868 516 782 634 351 
Bin 30: 961 403 592 422 187 564 542 
Bin 31: 12 328 308 586 95 773 310 501 
Bin 32: 436 321 816 581 762 207 844 50 
Bin 33: 167 354 15 222 19 968 65 770 
Bin 34: 500 378 738 452 263 890 895 
Bin 35: 115 139 281 891 34 683 
Bin 36: 707 192 221 38 919 277 802 
Bin 37: 284 563 849 955 355 666 
Bin 38: 412 257 357 171 589 758 106 
Bin 39: 460 869 394 303 54 160 132 530 
Bin 40: 105 278 473 493 748 
Bin 41: 202 433 777 832 410 612 352 
Bin 42: 25 888 599 84 576 77 363 
Bin 43: 943 56 531 381 917 400 104 916 
Bin 44: 838 861 194 43 259 396 
Bin 45: 110 954 786 416 507 448 
Bin 46: 64 820 787 840 792 985 
Bin 47: 320 528 23 337 660 653 219 461 
Bin 48: 138 686 291 11 374 979 316 
Bin 49: 566 80 430 18 896 83 562 
Bin 50: 42 775 674 894 951 453 741 
Bin 51: 972 496 874 729 925 892 
Bin 52: 55 643 476 237 549 407 
Bin 53: 483 712 601 408 950 694 
Bin 54: 462 295 135 941 469 63 298 
Bin 55: 189 347 918 521 190 398 914 
Bin 56: 719 342 696 766 829 276 197 
Bin 57: 811 495 294 163 393 606 322 
Bin 58: 855 617 458 230 750 121 425 
Bin 59: 623 335 835 644 86 402 442 
Bin 60: 982 757 136 217 62 
Bin 61: 358 421 261 952 533 72 151 
Bin 62: 329 897 725 6 701 241 
Bin 63: 860 740 450 878 94 575 
Bin 64: 101 282 662 938 134 
Bin 65: 833 199 642 656 986 659 
Bin 66: 939 424 369 810 544 409 
Bin 67: 251 889 929 567 570 90 697 
Bin 68: 603 944 350 912 978 691 905 
Bin 69: 289 648 244 287 324 490 
Bin 70: 523 630 594 876 30 243 
Bin 71: 803 911 204 274 146 935 435 
Bin 72: 714 426 515 98 724 854 964 650 805 
Bin 73: 846 344 411 140 718 315 593 
Bin 74: 737 486 679 185 522 178 242 464 
Bin 75: 466 198 973 417 45 413 
Bin 76: 649 771 814 296 509 256 
Bin 77: 247 250 720 535 288 122 
Bin 78: 66 600 58 624 909 671 904 595 598 
Bin 79: 206 926 588 345 639 852 
Bin 80: 880 183 73 349 96 949 97 900 
Bin 81: 995 669 629 610 428 654 626 
Bin 82: 360 264 0 635 685 655 
Bin 83: 554 934 631 79 20 
Bin 84: 395 731 4 851 446 807 
Bin 85: 809 793 118 311 722 628 188 356 
Bin 86: 164 801 541 176 269 746 721 478 627 
Bin 87: 976 605 379 557 389 266 837 
Bin 88: 59 508 825 165 632 174 
Bin 89: 579 548 609 427 821 209 440 196 
Bin 90: 364 804 375 439 608 40 
Bin 91: 942 60 503 131 511 910 
Bin 92: 162 239 651 388 607 611 908 960 
Bin 93: 314 48 157 332 279 864 754 302 405 
Bin 94: 514 877 853 742 489 67 161 
Bin 95: 620 604 70 325 44 645 
Bin 96: 120 71 445 245 57 646 
Bin 97: 818 432 732 518 201 824 
Bin 98: 743 51 17 492 267 672 682 
Bin 99: 573 74 863 545 513 391 574 
Bin 100: 14 736 270 330 456 68 423 
Bin 101: 233 52 414 980 92 784 149 621 
Bin 102: 326 739 16 87 529 231 
Bin 103: 218 361 124 560 885 700 
Bin 104: 117 734 27 268 255 292 695 
Bin 105: 141 670 789 668 781 
Bin 106: 764 999 553 100 262 591 713 
Bin 107: 339 867 673 776 429 997 152 
Bin 108: 527 830 89 689 568 482 
Bin 109: 998 546 841 693 472 159 543 166 571 
Bin 110: 946 147 484 123 443 
Bin 111: 238 223 318 280 699 957 791 
Bin 112: 88 471 613 663 893 675 768 
Bin 113: 883 989 690 76 839 526 
Bin 114: 32 733 387 336 580 33 
Bin 115: 212 260 717 698 481 583 
Bin 116: 753 107 193 778 348 285 459 
Bin 117: 61 254 927 93 438 780 506 534 
Bin 118: 994 971 153 709 46 618 
Bin 119: 103 142 2 584 913 907 
Bin 120: 728 923 220 386 214 216 
Bin 121: 765 744 297 817 305 505 884 
Bin 122: 857 815 596 661 359 
Bin 123: 845 565 510 179 959 
Bin 124: 3 272 537 866 708 13 921 800 383 
Bin 125: 879 119 702 981 9 
Bin 126: 915 755 479 704 703 772 327 
Bin 127: 444 504 859 203 730 384 69 558 
Bin 128: 665 154 572 828 865 842 468 983 449 
Bin 129: 887 144 637 368 937 769 273 249 
Bin 130: 309 858 47 240 306 252 385 
Bin 131: 275 512 760 875 420 447 172 823 
Bin 132: 236 687 532 148 843 958 
Bin 133: 286 975 977 996 37 590 39 
Bin 134: 638 133 487 116 886 
Bin 135: 208 186 29 547 113 705 184 
Bin 136: 334 370 75 870 82 317 
Bin 137: 759 380 5 967 130 338 8 
Bin 138: 539 774 862 788 945 498 170 150 
Bin 139: 341 49 647 602 850 
Bin 140: 210 235 112 480 827 
Bin 141: 881 990 783 796 304 248 727 
Bin 142: 677 763 726 36 307 899 145 735 
Bin 143: 227 377 847 488 156 
Bin 144: 271 551 129 457 993 
Bin 145: 371 24 664 992 836 932 538 
Bin 146: 211 419 525 619 415 
Bin 147: 109 813 125 856 502 
