# Objective: 101
# Time: 4.13156
# Feasible: 1
# Solution:
Bin 0: 69 16 213 456 110 23 
Bin 1: 176 187 64 76 133 332 402 
Bin 2: 198 352 77 435 259 92 
Bin 3: 476 266 95 310 289 129 365 
Bin 4: 255 321 252 487 57 
Bin 5: 276 20 356 4 251 136 328 
Bin 6: 496 334 445 453 400 375 338 
Bin 7: 308 204 194 473 172 410 436 
Bin 8: 116 151 416 493 457 358 
Bin 9: 490 34 202 395 183 362 175 
Bin 10: 40 214 9 296 127 282 71 
Bin 11: 25 294 290 165 424 185 443 
Bin 12: 381 302 459 48 179 14 
Bin 13: 341 41 190 42 370 373 455 
Bin 14: 49 166 84 427 207 43 392 
Bin 15: 495 50 498 287 254 171 311 336 
Bin 16: 21 193 90 96 363 244 324 
Bin 17: 221 162 10 399 216 279 438 
Bin 18: 238 307 11 301 312 351 211 168 
Bin 19: 119 404 160 236 125 295 37 277 
Bin 20: 422 349 146 442 12 24 
Bin 21: 393 467 466 265 230 256 261 
Bin 22: 489 113 164 250 68 374 138 
Bin 23: 298 396 159 149 273 406 
Bin 24: 355 384 153 145 203 81 
Bin 25: 58 217 70 451 368 105 
Bin 26: 371 80 227 19 169 411 
Bin 27: 471 390 75 33 94 195 209 
Bin 28: 488 329 270 319 412 86 
Bin 29: 491 468 420 65 85 
Bin 30: 39 408 26 17 5 200 
Bin 31: 387 470 454 348 314 
Bin 32: 2 377 196 231 269 13 
Bin 33: 32 87 379 300 449 297 347 333 
Bin 34: 472 97 7 437 222 403 3 
Bin 35: 141 59 484 497 62 156 430 
Bin 36: 433 51 245 139 479 469 
Bin 37: 317 448 465 281 89 354 413 
Bin 38: 157 360 337 331 104 131 
Bin 39: 480 475 225 63 122 388 189 
Bin 40: 15 326 320 28 241 
Bin 41: 253 135 154 118 419 272 
Bin 42: 450 112 124 364 425 
Bin 43: 38 29 401 335 229 
Bin 44: 432 492 418 286 382 275 248 447 
Bin 45: 284 372 192 357 482 407 292 
Bin 46: 378 53 262 79 461 405 462 
Bin 47: 409 258 309 147 186 240 
Bin 48: 228 350 197 182 366 342 
Bin 49: 243 0 267 458 152 1 
Bin 50: 66 260 346 263 486 483 140 
Bin 51: 446 386 325 36 170 134 
Bin 52: 285 74 30 219 303 144 
Bin 53: 428 180 44 398 306 224 280 
Bin 54: 220 181 191 205 313 132 72 
Bin 55: 249 223 91 478 199 460 
Bin 56: 421 98 163 226 114 148 55 
Bin 57: 120 102 288 444 158 
Bin 58: 109 108 439 474 
Bin 59: 323 499 299 383 380 
Bin 60: 268 327 304 100 
Bin 61: 385 83 130 315 271 
Bin 62: 441 161 8 82 234 
Bin 63: 440 173 431 115 
Bin 64: 126 291 35 184 27 429 106 201 
Bin 65: 264 167 463 143 
Bin 66: 88 123 
Bin 67: 233 56 101 452 391 343 
Bin 68: 389 235 242 417 
Bin 69: 177 155 278 67 
Bin 70: 369 103 
Bin 71: 215 188 464 246 52 111 
Bin 72: 394 73 293 
Bin 73: 318 232 22 
Bin 74: 359 237 
Bin 75: 212 316 
Bin 76: 353 46 206 
Bin 77: 142 434 117 
Bin 78: 345 210 344 477 
Bin 79: 93 121 137 
Bin 80: 257 426 60 54 
Bin 81: 485 
Bin 82: 340 274 
Bin 83: 423 
Bin 84: 481 174 
Bin 85: 178 31 61 78 
Bin 86: 247 330 361 415 494 
Bin 87: 376 
Bin 88: 322 45 208 
Bin 89: 107 
Bin 90: 305 
Bin 91: 414 218 6 
Bin 92: 47 
Bin 93: 239 
Bin 94: 339 
Bin 95: 397 99 
Bin 96: 150 
Bin 97: 283 
Bin 98: 18 
Bin 99: 367 
Bin 100: 128 
