# Objective: 37
# Time: 2.6242
# Feasible: 1
# Solution:
Bin 0: 23 205 27 150 43 3 
Bin 1: 106 11 120 114 209 40 
Bin 2: 203 200 97 130 163 170 249 
Bin 3: 206 111 190 178 39 60 35 87 10 
Bin 4: 17 149 119 9 173 
Bin 5: 216 144 102 241 175 88 76 
Bin 6: 174 159 14 156 34 86 
Bin 7: 59 42 138 189 161 58 94 56 167 
Bin 8: 71 207 7 179 52 184 176 237 
Bin 9: 26 182 67 95 192 47 66 54 
Bin 10: 146 214 134 13 186 46 57 
Bin 11: 194 83 131 191 198 90 80 5 116 
Bin 12: 145 12 29 232 123 226 
Bin 13: 139 223 235 109 160 75 63 2 
Bin 14: 213 168 28 212 143 
Bin 15: 211 112 132 137 108 74 217 
Bin 16: 38 84 113 153 51 
Bin 17: 154 222 215 224 127 162 126 164 
Bin 18: 37 91 48 128 19 142 22 219 
Bin 19: 155 152 49 140 185 
Bin 20: 181 101 236 73 77 0 78 
Bin 21: 220 188 158 141 239 
Bin 22: 147 233 30 171 72 129 177 
Bin 23: 33 242 81 221 133 
Bin 24: 201 31 15 20 85 53 199 24 
Bin 25: 96 234 240 25 61 44 196 231 
Bin 26: 103 68 246 204 62 243 195 
Bin 27: 36 32 1 64 65 8 107 238 
Bin 28: 247 100 248 151 118 93 165 
Bin 29: 105 82 110 4 169 193 208 98 
Bin 30: 245 228 148 41 202 225 18 
Bin 31: 70 210 124 99 166 218 
Bin 32: 55 122 157 121 135 117 230 
Bin 33: 69 197 187 115 16 
Bin 34: 6 92 172 21 229 
Bin 35: 45 79 180 104 89 50 
Bin 36: 183 227 125 136 244 
