# Objective: 75
# Time: 17.1626
# Feasible: 1
# Solution:
Bin 0: 90 281 116 216 95 61 403 462 
Bin 1: 473 210 366 155 56 221 275 
Bin 2: 335 34 303 166 31 75 234 
Bin 3: 255 47 327 244 123 26 442 
Bin 4: 167 301 57 228 226 10 
Bin 5: 387 66 122 92 467 87 430 
Bin 6: 134 299 94 199 124 106 346 138 143 384 
Bin 7: 152 59 294 171 258 312 250 290 
Bin 8: 475 458 246 254 456 86 
Bin 9: 11 37 44 85 418 344 247 163 197 306 
Bin 10: 19 119 45 451 175 33 
Bin 11: 461 21 270 296 97 
Bin 12: 340 190 411 55 114 406 133 
Bin 13: 395 204 104 13 375 438 338 186 
Bin 14: 46 173 355 420 400 483 14 
Bin 15: 318 316 337 35 329 310 
Bin 16: 128 230 68 150 421 293 291 292 
Bin 17: 356 446 490 207 413 328 471 454 
Bin 18: 111 58 248 298 237 399 
Bin 19: 121 64 481 485 367 3 185 60 
Bin 20: 29 188 209 191 416 397 
Bin 21: 100 259 342 453 284 
Bin 22: 4 365 239 189 308 396 
Bin 23: 486 52 203 262 429 153 
Bin 24: 176 256 27 423 16 136 494 263 
Bin 25: 422 48 313 457 330 435 
Bin 26: 353 302 286 374 426 118 
Bin 27: 385 460 50 368 277 73 148 
Bin 28: 393 372 227 404 219 440 43 
Bin 29: 67 32 370 177 15 240 
Bin 30: 183 264 482 364 477 
Bin 31: 91 459 245 51 419 360 319 
Bin 32: 213 297 466 252 394 6 
Bin 33: 307 225 402 280 117 
Bin 34: 101 257 311 137 478 272 231 151 
Bin 35: 144 305 71 391 439 
Bin 36: 378 405 63 98 96 362 321 267 333 
Bin 37: 76 317 24 260 320 
Bin 38: 331 235 196 41 223 437 83 
Bin 39: 269 441 162 253 224 354 287 
Bin 40: 168 154 300 161 184 268 
Bin 41: 218 448 357 390 105 229 180 
Bin 42: 261 18 236 193 334 345 
Bin 43: 332 149 182 9 77 1 249 
Bin 44: 424 28 42 211 358 468 
Bin 45: 488 361 410 206 425 412 409 125 
Bin 46: 326 2 276 238 49 74 145 
Bin 47: 20 201 89 498 126 282 432 220 
Bin 48: 81 352 315 17 142 469 492 
Bin 49: 212 323 452 164 192 341 295 
Bin 50: 472 322 108 443 496 373 170 
Bin 51: 470 380 202 408 480 283 
Bin 52: 132 205 392 363 455 349 233 
Bin 53: 187 274 383 350 135 
Bin 54: 495 72 62 407 179 388 417 
Bin 55: 8 79 251 343 414 147 5 
Bin 56: 428 265 54 181 7 
Bin 57: 289 115 489 324 271 112 431 
Bin 58: 78 285 131 232 497 40 
Bin 59: 12 200 38 377 69 
Bin 60: 379 436 444 433 463 314 398 198 304 
Bin 61: 146 266 389 427 84 113 450 
Bin 62: 499 369 141 158 165 159 
Bin 63: 401 93 215 242 449 169 
Bin 64: 129 279 107 208 140 339 174 
Bin 65: 99 157 30 479 371 386 351 
Bin 66: 434 217 288 382 278 376 
Bin 67: 36 80 476 160 39 447 
Bin 68: 347 139 336 102 491 127 
Bin 69: 0 359 70 415 309 465 130 
Bin 70: 178 195 120 484 381 
Bin 71: 82 487 445 222 243 103 348 
Bin 72: 464 22 23 110 109 156 65 
Bin 73: 493 172 25 241 53 
Bin 74: 273 325 214 194 474 88 
