# Objective: 18
# Time: 0.25822
# Feasible: 1
# Solution:
Bin 0: 76 97 114 15 95 6 
Bin 1: 32 20 42 37 115 110 
Bin 2: 74 9 68 98 86 59 
Bin 3: 93 39 117 103 62 100 
Bin 4: 85 34 88 54 106 50 23 
Bin 5: 82 40 58 112 8 49 109 
Bin 6: 104 11 52 18 14 80 87 75 
Bin 7: 73 25 64 102 2 89 45 16 
Bin 8: 99 116 92 47 3 
Bin 9: 38 26 91 28 84 56 81 35 
Bin 10: 113 105 31 77 70 65 19 
Bin 11: 5 67 0 119 90 60 46 17 
Bin 12: 7 101 51 63 55 57 94 
Bin 13: 29 33 48 69 44 
Bin 14: 4 78 30 83 61 13 
Bin 15: 21 96 36 22 10 108 24 
Bin 16: 72 107 71 53 79 41 66 118 
Bin 17: 43 111 12 27 1 
