# Objective: 147
# Time: 155.018
# Feasible: 1
# Solution:
Bin 0: 659 150 781 241 646 192 
Bin 1: 963 366 979 252 206 439 808 
Bin 2: 484 711 939 433 784 293 
Bin 3: 499 14 264 532 584 738 
Bin 4: 166 76 834 728 424 222 730 383 
Bin 5: 980 757 333 828 361 
Bin 6: 438 334 606 507 170 325 
Bin 7: 125 88 922 662 335 919 689 
Bin 8: 108 597 97 859 92 214 
Bin 9: 850 235 394 467 729 696 877 
Bin 10: 495 742 45 592 811 
Bin 11: 827 876 416 769 364 410 287 243 
Bin 12: 26 657 231 304 303 
Bin 13: 896 488 743 897 494 766 
Bin 14: 221 471 368 847 724 244 288 910 
Bin 15: 542 510 315 577 821 621 9 312 
Bin 16: 835 101 913 256 401 457 691 
Bin 17: 660 213 772 604 903 447 327 961 
Bin 18: 879 319 339 329 599 427 32 
Bin 19: 786 348 929 118 920 311 
Bin 20: 228 581 857 953 77 722 248 
Bin 21: 291 306 403 676 157 892 28 
Bin 22: 143 346 851 397 958 996 726 
Bin 23: 500 823 51 412 178 
Bin 24: 926 420 342 483 575 814 641 
Bin 25: 946 988 353 593 210 80 
Bin 26: 328 573 140 775 16 858 
Bin 27: 680 737 2 168 161 
Bin 28: 764 38 134 299 572 523 377 773 
Bin 29: 486 201 53 52 533 27 58 
Bin 30: 453 413 787 430 578 992 656 613 
Bin 31: 648 793 112 709 830 838 473 
Bin 32: 900 332 163 756 776 530 588 17 894 
Bin 33: 94 822 740 8 240 735 
Bin 34: 40 475 65 825 978 614 
Bin 35: 545 695 853 418 307 522 884 
Bin 36: 673 591 82 411 630 745 959 
Bin 37: 549 380 54 437 736 518 
Bin 38: 322 7 395 904 355 
Bin 39: 215 815 616 280 539 171 948 
Bin 40: 846 174 3 901 973 490 
Bin 41: 622 204 162 164 449 
Bin 42: 122 194 681 234 270 698 964 947 
Bin 43: 774 71 971 37 179 152 
Bin 44: 73 965 387 48 924 354 576 258 
Bin 45: 563 237 29 701 443 138 
Bin 46: 607 317 263 12 732 690 316 
Bin 47: 369 260 257 464 915 216 0 
Bin 48: 444 801 796 629 46 83 276 
Bin 49: 207 190 59 602 655 969 
Bin 50: 124 277 610 136 340 99 759 960 
Bin 51: 4 943 415 812 888 42 265 10 91 
Bin 52: 103 434 713 665 987 75 232 400 
Bin 53: 450 707 658 623 275 223 702 
Bin 54: 921 951 675 912 928 119 
Bin 55: 918 869 23 640 69 778 
Bin 56: 81 887 782 632 282 115 
Bin 57: 384 816 442 35 286 386 647 352 
Bin 58: 57 779 802 375 789 790 917 
Bin 59: 126 255 363 330 184 463 455 
Bin 60: 783 560 874 141 667 620 
Bin 61: 625 153 503 899 763 664 1 
Bin 62: 370 553 147 666 780 160 406 
Bin 63: 62 86 121 950 791 954 
Bin 64: 983 290 95 55 818 359 863 
Bin 65: 493 468 753 984 189 398 
Bin 66: 146 123 419 628 885 
Bin 67: 831 470 130 861 537 350 721 889 165 84 
Bin 68: 460 544 955 274 309 114 994 661 279 
Bin 69: 583 428 754 543 580 
Bin 70: 944 848 694 697 50 155 30 
Bin 71: 504 700 716 594 259 111 310 
Bin 72: 642 747 718 116 296 527 107 880 
Bin 73: 482 536 87 682 734 
Bin 74: 224 128 21 33 382 300 
Bin 75: 149 829 868 480 376 810 
Bin 76: 85 824 524 477 843 902 491 
Bin 77: 349 219 47 633 991 
Bin 78: 239 739 864 997 284 687 875 534 338 
Bin 79: 649 605 227 175 840 618 
Bin 80: 873 683 612 686 262 173 343 481 
Bin 81: 615 253 595 990 371 931 890 297 
Bin 82: 345 250 432 183 305 39 617 
Bin 83: 977 706 273 497 181 693 
Bin 84: 172 819 278 389 671 64 36 
Bin 85: 806 650 323 20 765 562 807 448 
Bin 86: 292 496 362 626 374 185 708 18 938 744 
Bin 87: 746 408 644 159 390 548 
Bin 88: 501 56 940 247 78 668 414 
Bin 89: 836 236 502 771 705 145 230 177 
Bin 90: 392 590 105 653 712 
Bin 91: 298 566 748 611 135 792 561 993 
Bin 92: 102 404 182 552 619 378 
Bin 93: 567 538 643 212 720 966 
Bin 94: 485 891 266 331 849 313 326 741 
Bin 95: 208 871 685 44 516 
Bin 96: 677 514 999 596 74 358 
Bin 97: 837 717 196 508 725 872 
Bin 98: 550 865 867 459 565 67 678 
Bin 99: 176 267 564 188 941 845 
Bin 100: 233 93 435 407 674 295 
Bin 101: 367 314 794 249 402 272 559 61 513 
Bin 102: 761 445 968 600 767 431 942 
Bin 103: 169 981 465 90 283 914 254 
Bin 104: 472 396 886 636 462 478 645 
Bin 105: 881 627 285 104 768 669 
Bin 106: 426 217 476 906 529 341 795 
Bin 107: 582 893 749 195 609 866 
Bin 108: 68 60 799 809 79 505 
Bin 109: 923 226 344 261 949 
Bin 110: 568 733 198 106 197 758 546 
Bin 111: 750 246 186 936 372 672 209 927 
Bin 112: 925 833 15 417 515 66 995 957 855 
Bin 113: 144 70 421 133 930 479 
Bin 114: 127 826 798 895 72 932 852 180 
Bin 115: 337 587 429 556 498 320 
Bin 116: 25 425 31 142 933 528 381 
Bin 117: 11 301 43 540 934 976 785 520 
Bin 118: 579 245 541 409 148 446 624 905 357 
Bin 119: 451 820 49 436 6 569 456 
Bin 120: 998 271 704 385 211 638 710 158 
Bin 121: 586 952 985 110 670 703 
Bin 122: 422 405 839 688 956 531 318 
Bin 123: 139 492 631 356 679 854 
Bin 124: 571 423 336 558 268 466 
Bin 125: 909 225 5 205 804 187 129 684 547 
Bin 126: 803 832 200 113 570 663 
Bin 127: 585 89 797 844 399 24 651 
Bin 128: 554 373 862 608 461 635 137 
Bin 129: 777 199 41 151 692 841 
Bin 130: 935 360 100 982 975 
Bin 131: 474 752 379 393 842 302 860 
Bin 132: 269 637 788 365 22 156 817 
Bin 133: 974 220 441 294 251 574 120 
Bin 134: 324 517 321 511 229 967 347 883 898 
Bin 135: 962 440 907 870 487 535 555 723 
Bin 136: 391 760 489 755 167 519 762 
Bin 137: 589 109 727 388 770 
Bin 138: 191 512 805 469 351 521 289 
Bin 139: 856 970 193 202 19 911 
Bin 140: 34 634 908 813 132 154 506 525 
Bin 141: 281 972 714 598 989 238 
Bin 142: 699 557 986 945 452 308 
Bin 143: 218 719 13 751 937 63 551 603 131 
Bin 144: 454 117 98 731 715 882 652 
Bin 145: 878 654 916 601 242 
Bin 146: 458 800 509 526 96 203 639 
