# Objective: 204
# Time: 21.8744
# Feasible: 1
# Solution:
Bin 0: 815 261 618 463 931 180 484 570 
Bin 1: 491 655 428 797 431 636 117 
Bin 2: 493 764 288 83 717 817 981 
Bin 3: 825 160 658 744 858 
Bin 4: 604 369 709 940 524 556 667 615 
Bin 5: 864 829 240 511 449 10 
Bin 6: 741 707 140 832 498 890 735 
Bin 7: 379 74 492 103 733 377 
Bin 8: 281 391 199 605 737 585 
Bin 9: 191 670 394 855 130 267 455 
Bin 10: 921 794 777 278 687 827 596 
Bin 11: 156 542 114 539 916 58 609 943 787 
Bin 12: 773 42 344 43 342 
Bin 13: 298 501 672 40 776 392 
Bin 14: 872 863 6 464 436 483 899 236 
Bin 15: 148 704 721 149 109 121 
Bin 16: 12 23 866 386 119 519 316 
Bin 17: 55 162 674 973 332 
Bin 18: 270 310 447 238 92 705 
Bin 19: 558 545 76 152 928 
Bin 20: 513 597 229 283 543 715 333 69 
Bin 21: 440 314 167 836 729 766 814 804 
Bin 22: 961 340 52 253 155 843 516 
Bin 23: 727 410 791 538 472 294 987 
Bin 24: 196 192 245 569 972 
Bin 25: 371 923 291 354 495 
Bin 26: 694 637 142 640 153 27 
Bin 27: 970 957 644 231 343 874 
Bin 28: 215 277 753 151 563 308 469 
Bin 29: 865 677 412 32 742 
Bin 30: 376 133 300 720 409 631 
Bin 31: 780 481 651 208 202 
Bin 32: 305 567 517 360 212 120 263 675 
Bin 33: 320 624 823 546 722 805 
Bin 34: 399 809 653 688 475 918 
Bin 35: 220 88 808 734 
Bin 36: 350 608 751 382 361 663 789 
Bin 37: 807 761 468 603 690 
Bin 38: 368 953 956 7 950 867 
Bin 39: 965 646 434 830 700 359 656 
Bin 40: 884 762 756 106 813 
Bin 41: 116 870 986 681 161 978 659 
Bin 42: 111 181 100 895 228 303 893 257 
Bin 43: 795 401 28 592 860 266 906 
Bin 44: 962 318 839 61 746 876 
Bin 45: 393 576 259 995 718 600 
Bin 46: 134 338 38 275 922 
Bin 47: 269 833 207 769 471 217 385 945 
Bin 48: 907 127 405 165 790 712 364 
Bin 49: 105 938 339 357 3 664 
Bin 50: 390 778 143 574 124 699 897 
Bin 51: 512 760 767 535 800 850 154 
Bin 52: 662 619 421 774 419 242 730 
Bin 53: 187 489 265 660 920 426 
Bin 54: 363 878 349 905 246 703 947 
Bin 55: 914 682 466 367 915 726 
Bin 56: 131 968 541 701 96 
Bin 57: 93 669 683 559 129 520 53 
Bin 58: 414 329 844 
Bin 59: 964 889 854 993 334 502 
Bin 60: 272 697 786 522 840 702 448 
Bin 61: 227 444 634 413 848 591 710 
Bin 62: 788 408 39 952 613 221 150 
Bin 63: 903 285 304 59 319 214 857 
Bin 64: 356 974 853 835 803 198 
Bin 65: 842 980 887 473 
Bin 66: 125 45 951 647 0 346 691 341 
Bin 67: 487 982 163 258 268 476 
Bin 68: 960 297 759 
Bin 69: 144 911 173 327 271 
Bin 70: 467 197 239 654 
Bin 71: 713 460 211 
Bin 72: 57 174 462 584 402 422 
Bin 73: 331 218 159 172 612 280 
Bin 74: 999 404 851 930 26 1 
Bin 75: 295 13 678 33 966 
Bin 76: 138 518 441 235 689 292 
Bin 77: 418 799 249 578 73 954 
Bin 78: 20 919 335 996 284 490 824 
Bin 79: 365 657 528 819 417 178 
Bin 80: 748 849 716 565 779 358 
Bin 81: 731 432 826 195 551 838 
Bin 82: 24 110 910 380 169 494 
Bin 83: 985 582 994 147 67 306 
Bin 84: 577 256 575 395 145 
Bin 85: 686 164 79 210 232 877 
Bin 86: 290 64 18 
Bin 87: 86 321 880 736 251 771 537 
Bin 88: 758 935 118 508 496 668 387 
Bin 89: 529 719 586 671 81 139 41 587 
Bin 90: 49 784 353 625 869 
Bin 91: 564 307 666 482 230 738 
Bin 92: 200 403 711 676 775 724 765 
Bin 93: 891 248 723 311 
Bin 94: 123 934 488 598 78 
Bin 95: 113 590 2 80 580 243 661 
Bin 96: 226 68 801 749 480 
Bin 97: 929 22 755 
Bin 98: 406 82 486 706 632 
Bin 99: 984 442 35 112 
Bin 100: 115 601 276 21 63 14 366 
Bin 101: 944 638 868 975 971 101 
Bin 102: 75 536 526 188 680 209 
Bin 103: 875 44 485 255 
Bin 104: 635 768 927 812 
Bin 105: 963 845 286 477 988 
Bin 106: 48 313 822 616 85 90 381 
Bin 107: 330 595 941 579 89 222 550 
Bin 108: 170 71 967 
Bin 109: 946 62 732 47 30 352 
Bin 110: 370 614 252 461 
Bin 111: 347 457 430 
Bin 112: 652 561 837 525 168 
Bin 113: 871 885 900 828 
Bin 114: 416 429 783 95 698 
Bin 115: 740 122 225 504 514 811 
Bin 116: 781 599 958 639 725 560 224 
Bin 117: 888 54 798 323 301 
Bin 118: 459 50 158 262 70 566 948 
Bin 119: 465 976 507 847 324 622 
Bin 120: 396 11 326 852 821 548 424 
Bin 121: 389 420 757 497 
Bin 122: 260 9 573 282 588 317 
Bin 123: 611 969 679 693 
Bin 124: 594 505 772 959 997 
Bin 125: 479 831 445 454 882 
Bin 126: 879 223 617 5 
Bin 127: 244 955 743 527 552 695 398 
Bin 128: 135 437 407 503 241 
Bin 129: 685 692 752 383 31 557 186 325 
Bin 130: 400 397 547 991 17 
Bin 131: 176 630 60 593 322 861 94 
Bin 132: 435 532 509 87 374 296 873 
Bin 133: 937 523 201 917 415 451 739 620 
Bin 134: 66 540 302 91 279 77 
Bin 135: 562 182 19 793 250 645 309 521 
Bin 136: 708 355 650 185 901 643 
Bin 137: 46 572 747 219 
Bin 138: 108 384 171 
Bin 139: 375 912 898 629 213 206 
Bin 140: 555 989 299 128 234 881 
Bin 141: 818 423 373 126 924 602 
Bin 142: 4 237 474 194 328 763 
Bin 143: 942 926 183 607 633 
Bin 144: 439 979 289 908 499 
Bin 145: 549 886 782 841 146 892 
Bin 146: 904 15 745 
Bin 147: 696 351 247 810 315 
Bin 148: 336 
Bin 149: 913 450 553 983 
Bin 150: 816 189 287 
Bin 151: 894 902 862 568 896 
Bin 152: 820 796 264 
Bin 153: 84 
Bin 154: 427 
Bin 155: 583 
Bin 156: 770 834 216 925 
Bin 157: 378 425 571 
Bin 158: 806 36 589 
Bin 159: 98 190 714 438 909 
Bin 160: 628 649 102 785 
Bin 161: 345 203 179 554 
Bin 162: 37 684 362 
Bin 163: 610 530 204 
Bin 164: 883 107 728 
Bin 165: 136 626 621 205 175 
Bin 166: 411 
Bin 167: 25 56 
Bin 168: 166 802 932 
Bin 169: 977 141 665 34 
Bin 170: 533 
Bin 171: 65 
Bin 172: 157 534 
Bin 173: 97 337 627 
Bin 174: 478 
Bin 175: 470 510 453 
Bin 176: 531 29 
Bin 177: 642 673 
Bin 178: 990 
Bin 179: 846 274 606 992 132 
Bin 180: 99 754 859 
Bin 181: 388 433 372 
Bin 182: 8 
Bin 183: 51 856 
Bin 184: 936 
Bin 185: 348 72 16 
Bin 186: 500 792 
Bin 187: 193 443 623 933 
Bin 188: 446 515 
Bin 189: 458 177 
Bin 190: 648 949 
Bin 191: 452 312 
Bin 192: 456 641 
Bin 193: 293 
Bin 194: 544 
Bin 195: 104 
Bin 196: 273 233 184 
Bin 197: 254 
Bin 198: 137 
Bin 199: 939 
Bin 200: 581 
Bin 201: 998 
Bin 202: 750 
Bin 203: 506 
