# Objective: 20
# Time: 0.189575
# Feasible: 1
# Solution:
Bin 0: 89 17 45 108 116 
Bin 1: 25 102 66 26 38 12 32 
Bin 2: 93 42 70 28 65 20 98 33 
Bin 3: 91 15 88 40 29 62 
Bin 4: 78 103 96 107 47 
Bin 5: 74 34 11 9 13 60 71 
Bin 6: 61 43 75 69 44 
Bin 7: 104 86 27 36 24 56 30 
Bin 8: 0 52 94 4 92 3 57 10 
Bin 9: 46 23 37 114 81 83 49 
Bin 10: 112 73 21 58 51 63 
Bin 11: 87 67 5 76 82 31 85 
Bin 12: 100 77 68 8 90 99 
Bin 13: 48 64 14 106 95 111 
Bin 14: 53 119 79 2 1 22 
Bin 15: 6 105 7 35 39 
Bin 16: 54 113 118 50 101 72 
Bin 17: 55 115 59 18 117 
Bin 18: 19 41 109 80 84 110 
Bin 19: 16 97 
