# Objective: 149
# Time: 167.906
# Feasible: 1
# Solution:
Bin 0: 791 578 694 471 874 191 205 842 344 
Bin 1: 144 464 366 669 449 624 
Bin 2: 714 897 997 737 547 181 519 
Bin 3: 45 512 609 640 674 878 
Bin 4: 506 576 704 111 496 257 683 955 
Bin 5: 141 407 183 820 663 738 
Bin 6: 122 939 969 555 305 
Bin 7: 378 240 138 296 585 816 564 455 
Bin 8: 727 750 184 597 62 789 967 30 
Bin 9: 381 953 865 25 698 387 43 
Bin 10: 691 131 688 27 681 634 998 
Bin 11: 687 528 307 951 190 315 660 
Bin 12: 63 605 639 983 602 368 112 347 
Bin 13: 317 322 365 401 935 
Bin 14: 867 483 868 548 421 241 418 
Bin 15: 247 259 642 173 976 719 
Bin 16: 151 780 833 562 266 797 225 
Bin 17: 995 470 360 913 279 821 394 
Bin 18: 851 956 343 224 64 325 79 
Bin 19: 440 498 493 536 608 826 646 
Bin 20: 260 901 204 452 862 379 755 
Bin 21: 121 165 59 273 657 263 964 685 
Bin 22: 581 280 701 212 105 647 222 648 
Bin 23: 491 174 892 975 746 341 234 
Bin 24: 168 915 655 335 290 971 316 
Bin 25: 580 615 132 60 95 558 313 
Bin 26: 659 339 902 774 847 243 
Bin 27: 206 770 961 495 170 993 
Bin 28: 429 436 768 909 306 680 264 246 
Bin 29: 476 556 756 153 472 
Bin 30: 281 117 395 210 427 202 
Bin 31: 844 319 236 875 480 
Bin 32: 818 332 696 668 277 26 702 195 
Bin 33: 561 786 179 333 823 209 100 
Bin 34: 559 363 439 916 689 886 193 600 
Bin 35: 110 321 922 747 907 118 972 327 545 
Bin 36: 77 102 233 589 447 223 
Bin 37: 189 227 836 114 622 488 163 443 
Bin 38: 751 527 125 139 567 858 
Bin 39: 385 508 979 74 692 522 822 9 954 
Bin 40: 957 98 801 817 616 926 253 928 
Bin 41: 782 805 762 423 369 517 575 
Bin 42: 606 140 101 475 574 880 
Bin 43: 386 679 415 924 380 124 413 502 50 
Bin 44: 710 357 93 812 992 802 
Bin 45: 295 568 806 741 287 598 732 
Bin 46: 450 531 389 180 142 214 856 
Bin 47: 542 245 160 282 781 272 
Bin 48: 90 529 784 143 921 265 
Bin 49: 18 643 188 958 431 182 
Bin 50: 129 765 697 65 219 107 944 175 
Bin 51: 572 8 162 854 310 720 136 
Bin 52: 73 651 29 894 462 342 650 
Bin 53: 473 156 323 451 115 384 724 130 
Bin 54: 877 123 809 825 808 610 666 
Bin 55: 354 758 793 444 566 308 432 
Bin 56: 611 783 201 675 779 78 
Bin 57: 309 511 879 748 16 904 4 171 
Bin 58: 607 571 753 302 494 
Bin 59: 340 461 147 708 899 
Bin 60: 362 99 550 134 242 703 592 
Bin 61: 968 937 577 837 154 840 438 
Bin 62: 996 367 390 213 391 633 636 
Bin 63: 627 911 740 715 479 
Bin 64: 938 484 267 337 41 
Bin 65: 799 994 255 13 546 699 399 
Bin 66: 283 885 999 269 46 718 863 
Bin 67: 252 838 970 278 795 414 
Bin 68: 943 42 742 980 215 203 767 
Bin 69: 599 665 841 962 166 945 
Bin 70: 54 261 927 230 706 509 44 884 311 
Bin 71: 92 403 769 763 289 510 735 
Bin 72: 291 76 348 288 345 437 
Bin 73: 397 649 560 684 538 150 312 505 
Bin 74: 507 739 256 612 931 58 965 
Bin 75: 120 501 594 695 420 36 
Bin 76: 398 723 630 551 52 582 
Bin 77: 557 903 370 211 445 172 754 
Bin 78: 334 40 249 148 829 104 
Bin 79: 402 613 262 157 3 28 
Bin 80: 152 424 146 824 51 887 889 
Bin 81: 388 482 466 185 87 987 346 503 
Bin 82: 936 11 731 773 712 583 849 
Bin 83: 930 231 839 677 67 565 749 
Bin 84: 827 776 948 207 275 7 
Bin 85: 20 88 520 949 137 500 730 
Bin 86: 187 235 32 71 942 6 
Bin 87: 686 515 635 518 775 338 
Bin 88: 468 364 959 400 286 199 845 
Bin 89: 716 276 673 541 164 258 37 229 39 268 
Bin 90: 807 537 350 652 604 
Bin 91: 521 744 543 601 377 299 
Bin 92: 145 61 274 469 433 328 
Bin 93: 672 973 34 320 988 977 
Bin 94: 736 831 682 55 670 952 
Bin 95: 91 982 569 984 169 221 524 
Bin 96: 645 570 49 492 329 355 409 
Bin 97: 617 787 883 760 435 906 
Bin 98: 238 974 31 198 989 489 
Bin 99: 353 898 895 644 846 
Bin 100: 653 717 533 135 15 
Bin 101: 410 912 428 116 526 
Bin 102: 614 33 857 133 294 
Bin 103: 881 2 53 590 891 448 620 
Bin 104: 419 893 300 947 752 832 637 
Bin 105: 932 525 563 661 35 626 960 
Bin 106: 925 726 888 514 406 711 586 167 
Bin 107: 94 292 693 587 828 596 914 
Bin 108: 430 910 149 785 352 595 
Bin 109: 404 532 810 70 232 963 326 
Bin 110: 481 905 68 196 376 900 920 
Bin 111: 866 119 24 804 442 919 
Bin 112: 843 664 552 722 743 813 128 
Bin 113: 81 853 513 662 778 103 981 
Bin 114: 374 759 516 554 772 228 
Bin 115: 830 852 318 250 733 671 
Bin 116: 349 603 270 303 540 66 890 10 
Bin 117: 351 876 109 986 490 127 593 
Bin 118: 940 416 408 412 549 850 
Bin 119: 226 383 393 745 497 690 
Bin 120: 38 358 22 21 248 678 372 
Bin 121: 97 621 882 106 872 324 709 
Bin 122: 23 835 848 293 194 477 237 985 
Bin 123: 82 991 460 966 790 208 
Bin 124: 456 485 487 796 126 392 864 
Bin 125: 869 200 908 297 631 
Bin 126: 499 584 978 929 705 5 860 
Bin 127: 814 192 896 178 396 375 
Bin 128: 48 56 656 933 89 764 
Bin 129: 707 591 47 12 794 859 990 
Bin 130: 654 1 251 777 803 
Bin 131: 757 285 453 641 523 625 422 
Bin 132: 75 457 454 761 159 792 371 
Bin 133: 798 474 441 539 239 
Bin 134: 177 158 855 734 950 629 176 304 
Bin 135: 356 728 465 83 72 941 766 
Bin 136: 298 788 458 80 658 425 284 
Bin 137: 463 57 544 217 553 861 186 
Bin 138: 417 373 676 535 721 811 218 534 14 
Bin 139: 244 86 628 725 69 573 
Bin 140: 579 467 819 504 638 85 216 
Bin 141: 361 870 618 271 871 434 771 
Bin 142: 486 873 314 923 459 446 411 
Bin 143: 918 700 917 254 478 405 
Bin 144: 19 17 729 619 834 
Bin 145: 632 197 946 331 336 108 330 301 
Bin 146: 713 113 623 155 359 96 0 
Bin 147: 382 934 530 667 220 426 
Bin 148: 588 800 84 815 161 
