# Objective: 150
# Time: 184.916
# Feasible: 1
# Solution:
Bin 0: 485 691 488 600 434 
Bin 1: 315 432 306 669 89 14 198 981 
Bin 2: 501 743 126 898 207 936 576 473 
Bin 3: 380 5 682 583 764 335 427 512 859 
Bin 4: 734 412 591 752 151 880 276 332 
Bin 5: 336 99 626 783 854 408 170 
Bin 6: 659 420 230 550 159 210 721 
Bin 7: 444 188 152 689 409 608 272 
Bin 8: 692 508 871 907 605 522 322 618 
Bin 9: 344 131 596 28 580 924 392 885 
Bin 10: 577 932 687 368 475 678 770 226 
Bin 11: 440 537 292 173 841 
Bin 12: 673 802 530 599 547 732 
Bin 13: 216 87 975 817 391 650 724 973 716 
Bin 14: 127 524 620 220 727 900 
Bin 15: 696 847 255 180 943 725 
Bin 16: 304 834 617 476 736 243 
Bin 17: 693 648 361 574 16 205 
Bin 18: 212 759 213 438 958 695 284 
Bin 19: 708 362 59 328 780 711 807 317 
Bin 20: 467 876 813 527 797 901 55 379 
Bin 21: 69 686 182 553 611 111 120 
Bin 22: 211 849 856 63 630 308 499 
Bin 23: 971 142 822 289 192 
Bin 24: 726 6 54 868 505 803 
Bin 25: 399 357 128 365 999 879 675 835 968 
Bin 26: 48 641 830 217 845 498 735 
Bin 27: 652 781 698 594 294 121 90 
Bin 28: 477 91 758 872 17 585 140 
Bin 29: 83 19 4 31 372 862 647 728 
Bin 30: 480 340 538 115 506 541 156 
Bin 31: 295 174 889 153 359 396 21 
Bin 32: 513 461 704 249 169 206 905 
Bin 33: 446 603 671 147 955 
Bin 34: 443 483 124 569 161 190 
Bin 35: 445 638 252 225 154 137 946 
Bin 36: 371 937 281 523 755 394 
Bin 37: 785 806 670 941 919 956 
Bin 38: 44 65 93 556 987 914 279 489 163 
Bin 39: 765 75 960 58 237 1 
Bin 40: 640 631 787 333 815 191 406 966 
Bin 41: 703 910 821 903 521 773 819 
Bin 42: 402 119 542 320 568 481 560 
Bin 43: 300 616 814 393 241 799 248 355 
Bin 44: 417 291 352 712 52 258 
Bin 45: 433 870 584 684 353 555 664 
Bin 46: 863 776 741 884 961 915 707 
Bin 47: 827 486 575 228 623 458 96 
Bin 48: 358 908 714 447 718 607 
Bin 49: 238 808 628 866 35 451 275 
Bin 50: 897 403 247 114 602 454 387 
Bin 51: 437 274 68 733 610 117 
Bin 52: 12 76 462 382 299 261 
Bin 53: 974 450 73 737 172 676 185 654 549 
Bin 54: 264 378 287 27 860 466 
Bin 55: 851 112 41 345 209 658 
Bin 56: 739 244 22 268 613 53 129 624 
Bin 57: 546 980 598 571 532 559 197 428 
Bin 58: 377 107 410 441 286 313 894 
Bin 59: 464 418 572 685 331 720 141 
Bin 60: 809 235 414 911 24 657 
Bin 61: 51 713 148 544 303 978 110 
Bin 62: 762 563 116 240 338 40 
Bin 63: 25 738 297 927 761 902 694 39 
Bin 64: 223 636 487 104 888 30 
Bin 65: 452 492 251 779 597 236 649 
Bin 66: 977 706 771 482 36 109 
Bin 67: 494 57 933 11 266 913 
Bin 68: 77 760 893 280 80 
Bin 69: 208 528 384 179 954 
Bin 70: 873 346 963 227 364 470 354 
Bin 71: 769 948 959 424 644 376 
Bin 72: 474 348 906 166 231 178 472 554 
Bin 73: 534 701 837 204 385 160 786 567 
Bin 74: 688 516 875 751 242 176 349 200 
Bin 75: 878 950 184 309 805 887 334 
Bin 76: 566 881 8 49 967 123 996 
Bin 77: 103 672 62 88 949 660 
Bin 78: 459 347 102 826 976 66 518 369 
Bin 79: 590 699 187 982 64 861 
Bin 80: 232 502 32 257 614 325 
Bin 81: 26 411 951 319 144 679 301 912 
Bin 82: 233 757 587 181 635 810 239 343 
Bin 83: 339 398 146 366 86 926 430 
Bin 84: 831 667 15 957 312 627 
Bin 85: 917 581 113 277 143 663 515 
Bin 86: 283 419 106 288 782 543 162 
Bin 87: 215 47 23 705 772 71 997 70 
Bin 88: 29 118 796 84 931 95 
Bin 89: 323 270 56 843 94 
Bin 90: 7 526 825 267 150 766 
Bin 91: 668 386 253 164 612 925 194 
Bin 92: 789 561 431 922 254 442 
Bin 93: 823 784 296 531 629 195 918 
Bin 94: 439 606 496 833 774 122 710 136 
Bin 95: 839 390 744 108 520 730 995 
Bin 96: 723 625 848 763 18 186 
Bin 97: 858 298 330 509 643 
Bin 98: 639 463 468 510 588 778 400 
Bin 99: 680 507 514 326 214 
Bin 100: 909 895 899 426 132 
Bin 101: 804 273 74 407 634 846 965 545 
Bin 102: 539 456 490 199 465 285 
Bin 103: 321 867 562 828 363 135 
Bin 104: 416 869 448 984 229 269 
Bin 105: 852 100 203 564 756 916 586 
Bin 106: 593 993 342 2 952 189 991 994 
Bin 107: 423 82 529 282 637 
Bin 108: 551 85 578 990 989 790 
Bin 109: 877 632 865 381 801 842 
Bin 110: 138 3 665 988 422 302 373 
Bin 111: 404 367 929 811 329 
Bin 112: 570 747 883 67 953 622 816 535 
Bin 113: 970 533 388 471 832 595 
Bin 114: 314 370 175 697 421 33 
Bin 115: 890 795 278 850 666 
Bin 116: 168 940 9 307 729 265 677 
Bin 117: 857 293 655 310 234 
Bin 118: 715 171 155 731 145 305 415 429 
Bin 119: 401 891 938 683 750 853 
Bin 120: 621 540 992 493 290 374 
Bin 121: 92 536 792 920 201 619 
Bin 122: 609 259 579 503 157 42 
Bin 123: 998 700 702 453 935 435 969 
Bin 124: 604 651 78 681 818 38 582 
Bin 125: 177 436 661 517 457 360 158 
Bin 126: 413 788 986 491 79 101 262 
Bin 127: 13 777 34 45 896 962 753 656 
Bin 128: 318 46 979 469 548 271 
Bin 129: 942 500 449 690 592 
Bin 130: 246 519 311 972 37 479 224 
Bin 131: 202 844 558 167 662 939 10 
Bin 132: 749 855 395 97 921 
Bin 133: 838 134 165 589 484 748 356 
Bin 134: 923 105 425 405 767 719 800 
Bin 135: 775 930 222 324 565 904 397 256 
Bin 136: 740 43 820 98 791 928 495 
Bin 137: 350 260 645 219 794 
Bin 138: 793 245 653 389 945 
Bin 139: 552 944 829 633 642 149 341 
Bin 140: 674 964 375 218 316 
Bin 141: 798 61 139 601 504 646 455 
Bin 142: 882 511 81 133 985 250 
Bin 143: 745 0 497 337 824 183 
Bin 144: 50 221 60 836 947 742 
Bin 145: 573 525 383 351 722 840 717 
Bin 146: 72 460 874 746 20 983 
Bin 147: 478 812 615 709 754 193 
Bin 148: 130 557 263 934 886 125 
Bin 149: 892 196 864 327 768 
