# Objective: 18
# Time: 0.259989
# Feasible: 1
# Solution:
Bin 0: 53 98 78 21 59 88 11 71 65 57 
Bin 1: 95 110 119 30 107 3 
Bin 2: 50 99 77 40 34 44 
Bin 3: 93 118 6 75 8 96 74 48 
Bin 4: 22 69 7 33 9 38 25 
Bin 5: 39 5 73 109 64 
Bin 6: 94 68 80 36 85 
Bin 7: 111 31 103 54 18 4 
Bin 8: 72 82 46 67 32 84 28 70 
Bin 9: 52 61 13 15 43 60 49 104 
Bin 10: 105 83 114 100 37 62 
Bin 11: 24 92 56 117 91 51 
Bin 12: 42 87 81 14 89 10 102 
Bin 13: 86 76 1 23 0 16 116 
Bin 14: 112 35 26 106 45 115 
Bin 15: 12 17 19 101 55 29 63 
Bin 16: 108 41 2 58 66 79 
Bin 17: 90 27 20 47 113 97 
