# Objective: 150
# Time: 186.841
# Feasible: 1
# Solution:
Bin 0: 312 123 534 2 11 374 
Bin 1: 195 777 50 191 725 612 135 
Bin 2: 937 865 137 664 256 109 
Bin 3: 337 590 277 311 431 242 415 
Bin 4: 595 690 272 449 406 629 
Bin 5: 736 75 289 330 992 945 
Bin 6: 971 929 704 884 162 778 
Bin 7: 491 827 463 347 581 768 
Bin 8: 377 899 120 450 459 866 
Bin 9: 909 160 492 453 101 
Bin 10: 83 796 604 532 386 472 163 
Bin 11: 543 152 678 924 857 973 990 185 
Bin 12: 699 510 366 80 531 582 627 
Bin 13: 760 954 430 385 229 519 209 
Bin 14: 783 708 479 705 569 876 499 
Bin 15: 315 99 241 447 761 688 298 881 567 
Bin 16: 164 108 955 427 313 111 488 980 382 
Bin 17: 811 539 102 327 274 504 
Bin 18: 658 77 336 712 999 157 
Bin 19: 390 354 550 842 38 683 
Bin 20: 233 938 26 836 530 846 288 
Bin 21: 113 655 436 361 594 806 
Bin 22: 552 791 183 51 273 263 35 
Bin 23: 669 949 332 348 648 988 128 650 115 
Bin 24: 521 601 166 686 197 451 
Bin 25: 194 805 216 557 520 148 966 
Bin 26: 61 770 684 860 784 442 434 
Bin 27: 554 6 268 306 981 744 331 
Bin 28: 854 232 64 52 535 555 
Bin 29: 217 249 565 258 360 962 923 961 
Bin 30: 773 553 958 147 136 615 694 
Bin 31: 7 78 355 580 528 155 
Bin 32: 428 424 221 838 210 848 570 
Bin 33: 260 959 455 672 858 877 
Bin 34: 674 719 486 165 271 685 626 
Bin 35: 733 657 225 141 219 30 230 476 
Bin 36: 932 847 180 828 662 
Bin 37: 294 218 255 158 53 867 
Bin 38: 921 60 93 89 378 283 
Bin 39: 541 896 815 279 863 766 904 701 
Bin 40: 350 248 184 342 832 720 130 
Bin 41: 845 592 758 500 982 57 
Bin 42: 868 844 412 104 607 223 
Bin 43: 782 593 439 182 795 527 68 116 
Bin 44: 469 596 976 91 670 69 375 262 
Bin 45: 474 411 741 307 47 790 722 940 
Bin 46: 820 887 224 969 546 321 338 407 948 
Bin 47: 448 886 602 365 636 738 76 
Bin 48: 723 341 575 810 45 656 974 
Bin 49: 513 893 960 72 914 201 
Bin 50: 509 276 43 936 352 309 880 
Bin 51: 721 426 401 329 468 190 
Bin 52: 205 97 59 302 676 156 19 96 
Bin 53: 561 489 591 142 779 237 
Bin 54: 235 964 134 215 387 
Bin 55: 709 825 66 454 586 
Bin 56: 769 291 456 574 114 
Bin 57: 127 381 9 693 490 
Bin 58: 913 240 502 882 264 804 677 
Bin 59: 320 477 15 119 70 522 679 
Bin 60: 318 25 995 396 143 220 
Bin 61: 682 620 666 764 706 
Bin 62: 464 833 754 257 170 563 900 
Bin 63: 445 63 681 231 198 238 780 105 
Bin 64: 927 998 14 617 746 717 
Bin 65: 993 925 67 775 809 3 906 126 
Bin 66: 505 5 239 894 482 963 353 
Bin 67: 371 402 536 252 36 994 322 
Bin 68: 538 834 0 174 841 731 55 
Bin 69: 743 508 88 756 234 952 647 
Bin 70: 726 153 619 812 526 813 
Bin 71: 140 533 124 922 908 251 
Bin 72: 665 199 287 297 637 514 518 
Bin 73: 803 495 817 310 729 56 897 
Bin 74: 21 437 933 934 849 829 912 44 
Bin 75: 878 24 703 918 689 920 560 
Bin 76: 323 749 583 259 668 394 
Bin 77: 714 821 850 192 458 358 
Bin 78: 138 92 417 879 8 862 
Bin 79: 33 584 261 625 986 524 345 
Bin 80: 316 919 888 600 23 400 814 
Bin 81: 161 497 697 771 168 
Bin 82: 200 609 37 253 732 559 
Bin 83: 831 700 680 295 292 606 
Bin 84: 611 340 41 660 393 786 935 
Bin 85: 246 789 572 98 110 837 245 
Bin 86: 671 496 303 742 618 942 
Bin 87: 892 917 989 373 129 772 171 
Bin 88: 333 852 408 788 631 86 943 370 
Bin 89: 319 794 395 525 498 822 
Bin 90: 325 774 718 588 745 
Bin 91: 901 651 661 293 254 
Bin 92: 740 621 418 691 645 
Bin 93: 903 79 372 853 438 214 243 
Bin 94: 364 802 628 646 117 715 
Bin 95: 178 951 349 204 649 551 
Bin 96: 422 635 885 734 824 751 244 799 275 
Bin 97: 440 765 755 65 614 403 
Bin 98: 547 388 757 339 344 898 475 
Bin 99: 90 737 727 603 122 856 409 
Bin 100: 167 851 644 132 423 835 
Bin 101: 529 145 62 462 579 983 
Bin 102: 750 716 31 759 859 702 613 823 711 421 
Bin 103: 762 290 537 151 979 548 363 
Bin 104: 953 916 493 186 481 991 748 429 
Bin 105: 861 653 202 698 875 556 
Bin 106: 687 944 800 905 149 840 359 328 
Bin 107: 1 267 94 911 654 414 
Bin 108: 133 139 208 785 634 425 
Bin 109: 930 624 978 819 466 154 179 
Bin 110: 28 855 368 159 511 22 
Bin 111: 49 269 34 300 392 
Bin 112: 642 915 798 577 460 100 391 568 
Bin 113: 515 444 308 667 188 81 
Bin 114: 446 4 266 763 357 696 236 
Bin 115: 566 278 484 707 343 957 317 984 
Bin 116: 873 301 752 652 818 17 872 987 334 640 
Bin 117: 864 632 150 367 839 564 
Bin 118: 118 470 975 545 346 739 281 576 
Bin 119: 692 506 280 776 131 571 121 
Bin 120: 597 286 473 314 728 598 227 926 
Bin 121: 211 296 663 931 883 107 
Bin 122: 467 542 977 907 487 507 74 
Bin 123: 443 384 213 494 630 175 870 
Bin 124: 480 18 633 20 735 889 523 675 
Bin 125: 144 362 125 558 112 335 578 
Bin 126: 95 599 203 622 643 807 
Bin 127: 452 781 282 10 939 587 351 
Bin 128: 13 398 410 12 207 172 84 73 405 
Bin 129: 713 874 29 471 946 420 
Bin 130: 573 792 441 285 416 724 616 
Bin 131: 82 169 228 304 87 
Bin 132: 585 826 891 549 941 457 181 389 
Bin 133: 747 435 972 48 808 
Bin 134: 413 212 830 397 432 369 
Bin 135: 638 54 299 710 379 895 
Bin 136: 540 85 797 305 605 284 176 193 659 
Bin 137: 793 461 956 265 206 
Bin 138: 483 673 324 695 970 947 
Bin 139: 250 177 965 103 562 146 
Bin 140: 843 380 503 871 517 
Bin 141: 404 39 270 910 419 
Bin 142: 968 173 928 816 433 544 623 
Bin 143: 589 641 753 985 485 376 106 
Bin 144: 730 997 42 189 226 247 639 
Bin 145: 40 32 222 516 801 383 501 
Bin 146: 478 356 465 187 512 46 16 
Bin 147: 196 326 967 996 890 767 
Bin 148: 58 27 71 399 869 
Bin 149: 610 787 902 608 950 
