# Objective: 17
# Time: 0.387263
# Feasible: 1
# Solution:
Bin 0: 54 114 11 4 61 109 
Bin 1: 73 32 22 108 35 2 37 84 
Bin 2: 85 101 48 103 75 29 14 
Bin 3: 9 56 98 18 96 41 
Bin 4: 63 24 107 26 38 64 42 
Bin 5: 55 59 94 10 106 3 
Bin 6: 74 25 77 66 93 8 39 19 104 115 
Bin 7: 72 86 116 112 87 0 
Bin 8: 5 43 52 15 113 79 99 80 88 
Bin 9: 57 65 28 95 111 46 89 31 102 
Bin 10: 91 21 81 20 105 119 
Bin 11: 44 78 110 1 83 71 
Bin 12: 12 47 67 76 68 7 30 6 
Bin 13: 51 13 92 16 23 45 33 
Bin 14: 117 82 49 36 17 118 
Bin 15: 100 34 69 97 60 62 27 
Bin 16: 40 90 58 70 53 50 
