# Objective: 76
# Time: 21.3909
# Feasible: 1
# Solution:
Bin 0: 415 355 488 423 322 217 424 
Bin 1: 441 402 13 387 27 481 190 
Bin 2: 275 368 360 314 436 495 237 228 123 
Bin 3: 480 210 208 52 82 113 318 74 
Bin 4: 158 499 2 120 117 418 139 279 
Bin 5: 166 181 361 375 419 205 250 373 
Bin 6: 183 17 344 316 276 290 
Bin 7: 300 425 244 329 484 77 5 345 143 
Bin 8: 427 163 359 179 362 22 236 
Bin 9: 130 467 404 160 42 194 136 
Bin 10: 408 390 169 97 284 37 
Bin 11: 152 446 180 157 414 99 101 363 
Bin 12: 299 46 259 218 271 445 
Bin 13: 8 272 476 69 321 248 233 357 61 432 
Bin 14: 98 352 149 58 121 16 96 
Bin 15: 243 438 105 452 285 256 
Bin 16: 57 133 417 461 331 328 
Bin 17: 429 251 282 291 154 71 
Bin 18: 411 420 378 261 399 456 311 
Bin 19: 268 234 85 124 25 324 
Bin 20: 403 273 466 167 479 168 254 
Bin 21: 263 104 232 497 367 142 
Bin 22: 307 439 49 249 370 430 162 
Bin 23: 224 313 55 356 384 87 227 
Bin 24: 65 410 286 200 336 187 125 135 494 
Bin 25: 335 39 15 131 281 67 79 
Bin 26: 24 334 156 7 144 448 
Bin 27: 170 28 221 412 193 433 475 47 20 
Bin 28: 264 60 277 463 199 305 437 
Bin 29: 138 337 431 246 315 391 
Bin 30: 283 491 253 134 302 296 
Bin 31: 398 165 38 458 267 192 306 453 51 
Bin 32: 278 454 4 252 76 
Bin 33: 490 487 153 381 343 
Bin 34: 196 41 242 247 320 485 469 64 
Bin 35: 380 172 348 182 301 347 
Bin 36: 266 122 426 119 459 496 
Bin 37: 220 23 108 177 354 186 
Bin 38: 346 493 211 161 102 229 462 
Bin 39: 86 287 126 392 449 413 239 
Bin 40: 109 464 203 317 112 145 
Bin 41: 326 148 421 240 341 
Bin 42: 340 280 383 201 1 
Bin 43: 395 332 389 72 95 
Bin 44: 174 188 310 422 140 66 
Bin 45: 443 12 442 206 137 
Bin 46: 216 369 327 492 70 83 405 365 
Bin 47: 62 434 219 43 289 
Bin 48: 308 312 400 84 118 81 235 
Bin 49: 176 338 468 215 214 330 
Bin 50: 465 80 288 59 245 447 
Bin 51: 416 94 478 128 257 
Bin 52: 374 319 0 222 471 435 
Bin 53: 396 150 309 358 265 451 377 115 294 
Bin 54: 173 393 241 29 226 184 31 
Bin 55: 260 297 293 325 385 132 
Bin 56: 195 350 34 106 151 36 
Bin 57: 292 339 270 397 48 376 379 
Bin 58: 111 382 189 89 295 159 88 
Bin 59: 489 482 93 32 45 164 116 63 
Bin 60: 262 75 409 455 198 
Bin 61: 50 225 274 91 107 14 477 147 
Bin 62: 56 303 44 3 53 444 
Bin 63: 178 406 100 353 175 473 
Bin 64: 472 364 6 255 26 10 
Bin 65: 483 204 209 460 304 
Bin 66: 386 269 103 342 30 223 258 
Bin 67: 298 19 146 127 9 68 35 
Bin 68: 401 78 40 90 474 11 388 
Bin 69: 440 191 349 18 129 202 
Bin 70: 114 73 457 372 238 185 
Bin 71: 21 230 207 407 171 
Bin 72: 54 371 470 110 366 
Bin 73: 486 428 33 351 394 
Bin 74: 213 197 141 323 231 
Bin 75: 92 333 450 212 498 155 
