# Objective: 74
# Time: 8.93779
# Feasible: 1
# Solution:
Bin 0: 57 265 120 482 107 110 
Bin 1: 16 488 58 296 35 384 55 149 
Bin 2: 306 418 361 441 19 184 14 
Bin 3: 348 326 189 398 354 135 
Bin 4: 139 165 314 194 221 20 
Bin 5: 294 481 319 53 203 51 145 
Bin 6: 311 166 60 340 41 315 
Bin 7: 191 364 198 367 195 124 100 
Bin 8: 445 197 409 485 440 342 
Bin 9: 493 146 408 339 6 394 
Bin 10: 334 137 281 392 336 411 250 
Bin 11: 379 382 308 98 387 201 328 305 
Bin 12: 68 248 226 123 251 341 62 45 46 
Bin 13: 11 456 89 447 158 117 260 
Bin 14: 291 108 472 375 385 465 368 
Bin 15: 454 435 102 360 94 
Bin 16: 214 410 321 473 396 313 486 
Bin 17: 105 75 225 494 179 246 
Bin 18: 249 29 309 162 271 377 99 
Bin 19: 448 183 115 390 457 171 429 
Bin 20: 259 331 114 157 380 143 
Bin 21: 366 175 24 126 215 467 
Bin 22: 273 443 278 2 292 
Bin 23: 142 23 386 349 65 18 87 
Bin 24: 463 130 125 498 245 86 113 
Bin 25: 407 192 154 144 210 297 173 
Bin 26: 307 181 277 275 299 383 84 119 
Bin 27: 416 216 484 470 373 72 155 
Bin 28: 244 399 121 36 397 204 
Bin 29: 316 241 369 131 371 395 279 
Bin 30: 312 310 453 359 43 289 
Bin 31: 64 268 320 8 358 233 178 
Bin 32: 469 38 464 136 193 318 
Bin 33: 471 421 230 7 381 362 
Bin 34: 491 231 333 474 71 258 372 338 
Bin 35: 478 243 95 199 355 34 
Bin 36: 436 262 148 116 129 301 487 344 
Bin 37: 424 28 287 202 109 219 
Bin 38: 288 370 218 97 220 81 
Bin 39: 42 54 351 255 303 232 0 80 209 
Bin 40: 286 400 5 389 50 356 208 
Bin 41: 82 256 412 151 77 353 
Bin 42: 32 17 56 140 300 388 
Bin 43: 234 93 479 134 428 350 
Bin 44: 363 205 322 442 357 415 185 374 432 476 111 302 30 
Bin 45: 101 176 190 96 236 164 44 475 490 427 425 
Bin 46: 222 229 365 112 405 196 496 480 
Bin 47: 61 74 420 10 450 147 70 
Bin 48: 206 150 284 15 66 468 128 324 
Bin 49: 240 187 261 402 67 343 31 
Bin 50: 280 327 483 21 293 118 
Bin 51: 85 25 323 335 431 497 266 
Bin 52: 434 254 458 73 460 91 345 
Bin 53: 253 247 182 414 242 378 276 
Bin 54: 167 452 263 69 290 186 
Bin 55: 133 22 106 285 168 282 459 
Bin 56: 33 347 461 153 13 152 433 
Bin 57: 449 1 49 495 419 79 
Bin 58: 172 391 169 446 462 212 
Bin 59: 26 76 422 224 430 174 272 188 317 
Bin 60: 223 103 37 238 156 403 
Bin 61: 270 92 269 163 401 
Bin 62: 207 141 39 9 90 52 
Bin 63: 489 177 48 426 352 132 170 
Bin 64: 4 12 423 59 47 239 417 
Bin 65: 406 83 492 180 63 298 
Bin 66: 40 499 376 283 78 346 
Bin 67: 295 257 159 160 393 304 444 
Bin 68: 274 330 104 329 332 337 
Bin 69: 477 439 404 213 264 217 466 
Bin 70: 127 211 161 235 
Bin 71: 413 228 88 252 3 227 
Bin 72: 200 122 455 267 27 451 
Bin 73: 438 138 237 437 325 
