# Objective: 99
# Time: 2.38382
# Feasible: 1
# Solution:
Bin 0: 194 431 433 142 273 291 73 252 115 
Bin 1: 347 58 156 297 443 177 384 
Bin 2: 89 187 345 409 495 
Bin 3: 14 231 205 201 197 120 126 
Bin 4: 103 427 380 454 318 
Bin 5: 479 61 402 93 485 11 229 
Bin 6: 127 52 148 408 348 356 429 
Bin 7: 401 57 160 266 185 237 
Bin 8: 268 200 38 263 208 493 
Bin 9: 407 452 392 342 346 480 
Bin 10: 206 36 383 81 385 406 
Bin 11: 316 302 331 381 153 253 264 
Bin 12: 87 54 317 183 258 238 75 
Bin 13: 144 72 118 112 191 463 289 234 
Bin 14: 23 327 313 312 338 371 386 461 398 
Bin 15: 102 236 287 483 248 
Bin 16: 32 59 393 26 47 254 135 
Bin 17: 97 308 245 223 68 279 459 
Bin 18: 474 12 344 259 497 328 168 415 64 
Bin 19: 158 375 203 129 257 173 
Bin 20: 145 285 265 447 131 
Bin 21: 4 134 389 232 226 227 
Bin 22: 29 418 63 374 152 2 490 
Bin 23: 417 116 162 90 435 94 
Bin 24: 496 290 425 413 184 
Bin 25: 99 363 136 60 467 489 
Bin 26: 388 10 151 444 303 261 
Bin 27: 45 149 84 448 179 224 
Bin 28: 121 164 83 122 468 
Bin 29: 476 400 79 358 340 20 
Bin 30: 370 198 311 262 140 123 
Bin 31: 382 336 133 275 221 159 18 
Bin 32: 424 62 170 28 225 357 438 
Bin 33: 491 372 323 146 366 7 343 379 
Bin 34: 276 255 300 325 175 
Bin 35: 182 404 321 111 210 
Bin 36: 244 17 51 92 478 214 
Bin 37: 280 364 16 15 108 422 
Bin 38: 85 150 369 482 441 114 
Bin 39: 213 492 405 416 333 484 
Bin 40: 378 411 283 274 423 442 329 
Bin 41: 130 498 361 315 243 
Bin 42: 330 169 137 139 
Bin 43: 24 107 337 449 432 246 
Bin 44: 307 27 141 40 212 
Bin 45: 235 53 132 339 445 196 166 
Bin 46: 240 296 37 390 304 437 
Bin 47: 147 421 355 0 458 249 293 
Bin 48: 180 354 365 472 42 119 
Bin 49: 202 397 359 222 430 481 
Bin 50: 242 309 48 192 301 74 387 
Bin 51: 178 414 373 494 295 466 
Bin 52: 100 277 124 462 
Bin 53: 305 143 104 334 451 
Bin 54: 286 486 165 272 368 
Bin 55: 41 320 5 353 70 
Bin 56: 488 101 269 288 8 460 
Bin 57: 350 377 125 469 189 
Bin 58: 477 217 49 499 43 161 
Bin 59: 456 464 113 82 209 
Bin 60: 360 188 455 470 109 
Bin 61: 396 31 154 33 110 
Bin 62: 251 80 426 471 117 256 
Bin 63: 176 281 314 13 403 412 
Bin 64: 155 439 332 267 193 69 
Bin 65: 352 50 138 35 211 77 
Bin 66: 399 220 450 128 410 
Bin 67: 310 199 434 91 6 1 440 
Bin 68: 163 394 21 78 319 446 
Bin 69: 453 157 260 278 
Bin 70: 419 294 282 
Bin 71: 95 457 3 96 335 
Bin 72: 171 324 219 250 228 
Bin 73: 76 19 22 362 
Bin 74: 322 
Bin 75: 88 
Bin 76: 299 207 56 270 
Bin 77: 341 376 465 
Bin 78: 306 230 239 55 247 
Bin 79: 105 436 
Bin 80: 167 106 204 
Bin 81: 487 172 298 
Bin 82: 9 44 241 218 473 
Bin 83: 71 
Bin 84: 65 
Bin 85: 190 174 420 
Bin 86: 39 
Bin 87: 292 395 25 
Bin 88: 67 34 367 
Bin 89: 30 284 
Bin 90: 216 
Bin 91: 351 391 
Bin 92: 428 186 
Bin 93: 475 215 
Bin 94: 181 326 195 
Bin 95: 271 
Bin 96: 86 46 
Bin 97: 233 98 
Bin 98: 66 349 
