# Objective: 74
# Time: 20.8776
# Feasible: 1
# Solution:
Bin 0: 453 95 55 155 322 140 400 
Bin 1: 64 498 212 52 266 430 111 307 19 
Bin 2: 208 414 448 394 29 
Bin 3: 73 460 175 49 220 371 
Bin 4: 344 387 10 16 37 60 454 
Bin 5: 136 481 456 340 438 421 218 485 
Bin 6: 89 132 7 231 152 174 464 
Bin 7: 372 374 3 403 299 12 83 116 
Bin 8: 373 377 347 475 259 149 348 
Bin 9: 88 15 363 129 271 439 329 469 
Bin 10: 247 153 115 433 173 
Bin 11: 355 365 59 432 46 40 305 
Bin 12: 252 104 263 224 160 67 267 6 
Bin 13: 352 309 108 75 196 35 
Bin 14: 290 131 41 72 161 221 253 376 
Bin 15: 358 5 44 94 151 418 123 486 
Bin 16: 301 162 413 303 308 411 
Bin 17: 182 326 21 264 389 289 
Bin 18: 168 187 491 254 370 163 
Bin 19: 318 429 353 317 38 436 
Bin 20: 467 428 178 70 273 343 
Bin 21: 201 105 50 406 65 401 113 
Bin 22: 190 452 404 327 461 270 154 
Bin 23: 4 238 392 339 398 63 
Bin 24: 82 470 23 256 250 375 328 93 118 
Bin 25: 248 412 228 157 81 
Bin 26: 87 189 320 213 445 192 143 
Bin 27: 11 137 86 338 222 33 
Bin 28: 426 71 145 0 420 27 
Bin 29: 378 431 295 298 159 211 61 
Bin 30: 66 282 133 130 126 164 493 362 53 
Bin 31: 397 490 342 198 146 193 172 297 
Bin 32: 122 315 321 424 280 478 205 
Bin 33: 13 449 98 195 319 361 349 451 
Bin 34: 215 333 138 261 474 459 31 
Bin 35: 368 350 239 127 434 462 260 311 
Bin 36: 251 79 43 232 354 
Bin 37: 384 316 395 245 26 47 
Bin 38: 314 244 203 419 483 121 
Bin 39: 402 22 441 359 144 437 158 
Bin 40: 9 51 20 102 482 237 293 
Bin 41: 54 103 407 357 492 236 423 494 150 
Bin 42: 142 291 379 165 275 427 435 302 
Bin 43: 134 42 367 25 207 455 496 18 
Bin 44: 312 255 335 405 240 78 139 101 97 
Bin 45: 479 106 466 206 277 330 
Bin 46: 223 422 191 210 416 57 
Bin 47: 109 85 488 258 364 39 425 415 128 
Bin 48: 241 269 1 181 169 332 382 209 
Bin 49: 385 91 148 120 199 
Bin 50: 8 76 410 450 499 227 
Bin 51: 177 383 62 487 477 
Bin 52: 242 281 331 92 180 
Bin 53: 147 369 341 184 219 274 325 
Bin 54: 360 96 356 306 99 
Bin 55: 457 497 473 179 399 484 114 
Bin 56: 14 444 194 243 465 125 
Bin 57: 388 283 447 214 183 380 
Bin 58: 417 171 489 74 117 336 296 
Bin 59: 32 230 119 313 446 292 2 393 
Bin 60: 300 17 167 287 472 
Bin 61: 233 276 386 69 257 90 48 
Bin 62: 463 185 334 265 124 45 396 
Bin 63: 186 476 351 310 202 80 285 156 
Bin 64: 234 107 278 56 468 100 
Bin 65: 268 68 36 288 200 249 458 
Bin 66: 366 294 58 324 471 141 
Bin 67: 272 24 166 440 170 262 
Bin 68: 225 391 216 30 304 
Bin 69: 390 408 235 197 34 110 
Bin 70: 28 346 176 77 112 337 
Bin 71: 84 286 443 217 495 226 284 
Bin 72: 188 204 135 409 323 279 
Bin 73: 480 246 229 442 381 345 
