# Objective: 18
# Time: 0.102601
# Feasible: 1
# Solution:
Bin 0: 110 117 109 33 101 29 
Bin 1: 31 108 51 15 49 32 
Bin 2: 70 65 85 0 42 119 84 
Bin 3: 69 102 22 18 27 12 13 
Bin 4: 97 26 96 92 100 90 45 
Bin 5: 4 44 3 86 77 11 34 24 
Bin 6: 68 116 37 80 118 46 87 
Bin 7: 113 115 59 39 16 66 67 
Bin 8: 83 76 93 72 17 56 54 
Bin 9: 94 89 48 60 61 
Bin 10: 50 21 114 63 19 6 58 
Bin 11: 57 36 81 71 104 5 75 1 
Bin 12: 98 73 82 62 91 88 
Bin 13: 112 43 9 103 99 
Bin 14: 95 28 30 8 111 35 
Bin 15: 52 47 106 79 74 40 7 
Bin 16: 41 107 20 78 55 10 38 25 
Bin 17: 14 53 105 23 64 2 
