# Objective: 38
# Time: 2.65159
# Feasible: 1
# Solution:
Bin 0: 89 134 125 239 104 194 
Bin 1: 111 59 43 42 149 174 84 114 
Bin 2: 83 245 248 229 72 
Bin 3: 99 60 138 160 78 27 
Bin 4: 226 6 90 70 182 52 38 
Bin 5: 95 167 186 151 7 216 
Bin 6: 2 35 205 212 224 150 159 235 202 
Bin 7: 172 166 98 48 30 45 94 
Bin 8: 163 81 71 195 197 113 152 
Bin 9: 233 204 190 126 140 191 
Bin 10: 13 17 63 46 187 176 
Bin 11: 237 4 129 121 32 22 33 
Bin 12: 16 156 145 219 177 144 
Bin 13: 143 199 221 23 64 200 198 75 
Bin 14: 132 5 122 100 57 155 154 9 93 80 
Bin 15: 115 106 120 25 26 209 107 
Bin 16: 118 173 171 47 162 102 164 
Bin 17: 208 169 246 184 44 3 210 
Bin 18: 74 82 76 188 56 91 8 168 
Bin 19: 249 11 180 136 108 79 14 37 
Bin 20: 65 124 161 238 68 139 135 
Bin 21: 31 141 189 123 86 
Bin 22: 147 55 19 232 116 214 
Bin 23: 69 41 170 228 36 
Bin 24: 185 148 58 236 117 
Bin 25: 61 101 196 137 62 175 142 
Bin 26: 240 0 218 217 241 215 
Bin 27: 12 53 165 201 119 181 130 222 
Bin 28: 73 179 92 50 230 127 192 
Bin 29: 157 206 211 213 51 
Bin 30: 88 244 15 87 220 110 
Bin 31: 54 77 131 223 128 234 
Bin 32: 29 21 243 40 97 39 
Bin 33: 247 49 112 193 146 227 
Bin 34: 183 225 18 153 207 96 158 
Bin 35: 1 105 133 203 28 
Bin 36: 231 103 109 242 178 20 85 
Bin 37: 66 24 34 67 10 
