# Objective: 102
# Time: 2.17138
# Feasible: 1
# Solution:
Bin 0: 377 449 40 167 232 176 429 187 
Bin 1: 329 251 361 270 309 237 
Bin 2: 365 244 422 354 11 351 292 328 
Bin 3: 16 55 322 410 326 144 75 
Bin 4: 233 212 98 111 362 276 8 
Bin 5: 188 409 334 417 269 426 201 
Bin 6: 94 38 441 82 478 491 359 
Bin 7: 246 30 191 273 445 39 22 23 472 209 
Bin 8: 345 178 466 401 184 382 
Bin 9: 96 261 160 356 427 379 432 294 
Bin 10: 279 255 245 110 390 36 350 
Bin 11: 186 223 352 10 462 
Bin 12: 395 400 369 321 69 380 
Bin 13: 498 298 436 1 469 241 229 27 
Bin 14: 164 327 430 266 315 60 
Bin 15: 460 219 44 203 290 304 79 183 376 
Bin 16: 63 485 262 196 53 150 83 
Bin 17: 419 250 119 3 228 127 338 
Bin 18: 313 438 386 453 101 74 
Bin 19: 152 306 204 471 463 396 324 
Bin 20: 388 240 316 234 85 366 231 175 433 
Bin 21: 347 278 25 406 402 424 70 
Bin 22: 397 134 124 88 146 248 418 323 
Bin 23: 90 435 151 332 158 190 29 
Bin 24: 172 21 93 300 384 275 391 455 
Bin 25: 118 468 62 89 272 256 106 
Bin 26: 257 302 452 213 458 225 420 132 
Bin 27: 73 24 120 464 123 
Bin 28: 337 317 185 295 305 
Bin 29: 381 268 281 211 133 2 
Bin 30: 442 411 37 56 428 447 408 
Bin 31: 253 45 208 52 116 403 
Bin 32: 5 496 230 357 168 131 137 
Bin 33: 214 348 46 349 341 
Bin 34: 431 394 35 355 297 258 
Bin 35: 59 135 92 195 476 242 475 
Bin 36: 495 330 210 483 19 197 174 343 
Bin 37: 325 434 368 115 166 
Bin 38: 54 346 425 125 107 446 
Bin 39: 180 26 136 370 66 385 271 
Bin 40: 41 64 318 138 263 
Bin 41: 91 308 109 33 221 299 
Bin 42: 277 473 224 474 
Bin 43: 414 47 159 457 465 
Bin 44: 443 4 459 156 439 236 
Bin 45: 117 112 375 398 97 
Bin 46: 456 31 193 194 364 
Bin 47: 14 331 486 470 423 20 12 77 
Bin 48: 99 301 108 179 488 387 
Bin 49: 440 217 451 130 282 202 
Bin 50: 121 95 80 
Bin 51: 265 287 34 192 320 76 
Bin 52: 254 243 
Bin 53: 216 339 49 489 189 173 293 
Bin 54: 169 307 13 360 57 378 
Bin 55: 148 487 373 
Bin 56: 161 296 235 479 
Bin 57: 314 71 484 72 
Bin 58: 499 215 165 7 61 
Bin 59: 104 421 481 32 374 
Bin 60: 100 128 155 392 102 
Bin 61: 238 9 291 252 199 
Bin 62: 340 389 492 140 249 
Bin 63: 206 207 371 84 68 415 
Bin 64: 280 198 461 494 65 
Bin 65: 405 372 78 448 383 407 
Bin 66: 114 129 149 477 222 
Bin 67: 363 170 413 467 145 336 
Bin 68: 87 51 18 416 58 
Bin 69: 42 
Bin 70: 482 239 303 
Bin 71: 227 264 
Bin 72: 437 153 
Bin 73: 289 220 17 335 
Bin 74: 157 497 333 
Bin 75: 412 393 
Bin 76: 344 147 205 312 
Bin 77: 444 
Bin 78: 141 113 86 
Bin 79: 259 274 
Bin 80: 358 48 122 154 6 288 103 67 
Bin 81: 311 
Bin 82: 285 
Bin 83: 310 218 490 367 81 
Bin 84: 480 286 
Bin 85: 267 226 139 142 
Bin 86: 182 
Bin 87: 353 163 105 171 
Bin 88: 283 260 404 
Bin 89: 319 
Bin 90: 126 
Bin 91: 0 
Bin 92: 399 
Bin 93: 342 28 493 284 
Bin 94: 181 
Bin 95: 43 15 200 
Bin 96: 177 
Bin 97: 454 
Bin 98: 450 247 
Bin 99: 143 
Bin 100: 162 
Bin 101: 50 
