# Objective: 19
# Time: 0.244651
# Feasible: 1
# Solution:
Bin 0: 8 95 83 86 96 46 90 16 
Bin 1: 56 59 34 7 22 84 
Bin 2: 116 51 82 119 50 102 
Bin 3: 30 94 77 18 103 78 
Bin 4: 74 11 54 66 52 72 
Bin 5: 97 23 109 105 41 15 
Bin 6: 21 13 81 69 12 76 
Bin 7: 73 67 58 114 101 4 
Bin 8: 68 112 99 85 36 
Bin 9: 91 61 6 26 28 70 
Bin 10: 35 38 32 62 63 10 
Bin 11: 117 53 3 5 19 
Bin 12: 20 108 42 57 14 40 
Bin 13: 49 37 65 27 107 44 33 
Bin 14: 39 48 2 75 115 79 47 
Bin 15: 43 104 100 55 111 17 29 9 93 
Bin 16: 0 71 106 113 1 98 
Bin 17: 80 64 87 118 89 88 45 
Bin 18: 92 25 110 31 60 24 
