# Objective: 19
# Time: 0.276496
# Feasible: 1
# Solution:
Bin 0: 72 48 106 23 62 2 114 
Bin 1: 118 63 27 35 59 64 109 
Bin 2: 9 28 90 110 29 
Bin 3: 80 41 33 112 24 44 43 
Bin 4: 57 65 4 36 111 0 
Bin 5: 8 117 70 99 105 34 88 
Bin 6: 20 77 7 12 82 
Bin 7: 50 119 11 68 51 55 
Bin 8: 115 95 32 58 100 98 22 89 97 
Bin 9: 14 56 93 49 13 61 46 
Bin 10: 38 103 52 16 79 47 113 
Bin 11: 10 37 83 116 30 6 
Bin 12: 78 92 21 5 81 18 26 
Bin 13: 15 96 84 108 87 3 
Bin 14: 60 53 91 19 86 107 101 94 
Bin 15: 76 102 66 17 1 69 
Bin 16: 39 74 71 75 42 85 
Bin 17: 73 31 40 45 25 
Bin 18: 104 54 67 
