# Objective: 180
# Time: 84.6754
# Feasible: 1
# Solution:
Bin 0: 652 661 495 4 49 31 747 
Bin 1: 738 403 614 172 520 970 
Bin 2: 795 622 93 490 491 832 226 486 
Bin 3: 793 135 318 270 238 106 571 
Bin 4: 744 336 337 467 896 801 893 898 542 
Bin 5: 167 977 684 202 639 865 
Bin 6: 725 52 761 174 700 102 
Bin 7: 666 596 141 431 438 426 122 178 867 21 408 
Bin 8: 443 225 719 540 179 740 282 925 
Bin 9: 156 19 319 402 422 250 455 
Bin 10: 996 241 430 690 964 483 861 245 
Bin 11: 20 994 528 728 143 845 479 
Bin 12: 907 756 643 219 471 94 
Bin 13: 678 76 248 119 72 753 
Bin 14: 968 986 201 367 668 956 586 
Bin 15: 328 737 207 541 464 391 849 863 
Bin 16: 71 191 154 37 381 29 227 292 
Bin 17: 416 436 564 730 234 233 357 796 866 273 218 
Bin 18: 70 631 810 659 704 435 505 
Bin 19: 405 882 308 920 788 758 630 
Bin 20: 605 217 59 947 764 493 474 378 
Bin 21: 38 594 355 111 257 
Bin 22: 959 322 127 34 327 5 349 720 
Bin 23: 2 477 711 398 360 266 203 
Bin 24: 9 53 961 790 948 
Bin 25: 452 543 338 530 942 876 236 470 
Bin 26: 500 290 26 525 229 930 232 
Bin 27: 875 354 536 417 905 602 
Bin 28: 953 733 196 628 918 769 
Bin 29: 672 342 61 949 962 993 646 
Bin 30: 587 247 379 370 368 590 478 
Bin 31: 937 524 894 451 771 921 850 165 
Bin 32: 694 724 967 346 481 14 
Bin 33: 664 47 411 466 375 840 98 
Bin 34: 329 113 30 321 461 825 807 
Bin 35: 231 881 999 425 655 181 877 
Bin 36: 384 745 645 303 644 829 
Bin 37: 984 6 717 307 941 458 576 
Bin 38: 166 855 209 176 352 874 924 424 
Bin 39: 168 597 214 164 414 610 103 
Bin 40: 54 432 326 858 193 224 331 88 558 681 
Bin 41: 757 347 888 350 691 554 539 689 237 480 
Bin 42: 16 718 373 770 291 676 
Bin 43: 423 603 789 215 615 656 844 97 637 
Bin 44: 510 475 255 304 272 503 394 
Bin 45: 23 794 736 980 577 808 931 
Bin 46: 621 444 944 134 919 274 504 
Bin 47: 366 635 713 473 259 
Bin 48: 137 169 345 121 380 124 
Bin 49: 569 627 494 283 880 811 374 
Bin 50: 456 335 992 462 78 469 535 776 939 
Bin 51: 334 722 971 18 975 286 950 
Bin 52: 208 624 763 629 184 707 966 69 108 
Bin 53: 721 782 859 611 498 204 826 
Bin 54: 372 415 390 58 288 363 
Bin 55: 619 182 606 885 339 
Bin 56: 965 312 82 735 527 264 265 
Bin 57: 230 395 159 223 256 612 55 
Bin 58: 285 814 489 800 673 887 316 823 
Bin 59: 325 190 726 279 987 750 138 
Bin 60: 625 548 333 609 163 915 
Bin 61: 313 549 433 277 786 129 362 847 816 
Bin 62: 818 729 852 951 910 
Bin 63: 192 960 104 457 315 620 
Bin 64: 472 803 762 560 903 864 781 
Bin 65: 27 837 578 392 693 521 
Bin 66: 429 371 33 293 314 904 
Bin 67: 260 649 294 923 651 487 674 
Bin 68: 488 305 712 434 263 550 300 
Bin 69: 213 680 739 983 133 96 552 101 
Bin 70: 555 249 890 570 642 
Bin 71: 834 441 872 235 160 
Bin 72: 695 703 765 830 75 990 670 
Bin 73: 323 562 575 955 332 501 
Bin 74: 136 687 775 81 853 
Bin 75: 600 883 85 682 484 110 351 568 
Bin 76: 40 258 989 511 189 240 954 900 
Bin 77: 734 839 90 62 41 778 
Bin 78: 298 50 222 170 783 114 
Bin 79: 212 985 760 364 696 
Bin 80: 633 601 749 841 565 45 836 
Bin 81: 280 7 130 87 125 320 827 679 
Bin 82: 933 60 206 979 147 727 
Bin 83: 410 388 330 73 938 439 791 369 
Bin 84: 533 442 531 723 998 
Bin 85: 46 648 534 39 17 957 685 
Bin 86: 131 74 843 572 67 
Bin 87: 115 773 309 604 3 301 289 382 
Bin 88: 447 785 671 175 981 220 692 86 
Bin 89: 132 897 559 63 828 607 437 748 
Bin 90: 509 936 485 453 353 815 
Bin 91: 297 732 519 547 514 
Bin 92: 831 838 662 616 988 420 310 65 973 
Bin 93: 854 512 742 593 638 995 
Bin 94: 582 24 716 871 508 848 817 
Bin 95: 636 741 626 344 683 522 912 
Bin 96: 916 89 819 991 518 
Bin 97: 821 784 150 914 450 
Bin 98: 1 242 563 187 180 358 
Bin 99: 588 361 400 714 340 
Bin 100: 271 262 922 584 632 419 11 
Bin 101: 580 148 909 161 517 
Bin 102: 669 188 699 107 386 806 
Bin 103: 772 142 566 972 393 
Bin 104: 56 197 404 200 299 856 482 
Bin 105: 100 946 79 476 302 
Bin 106: 777 675 513 43 278 228 
Bin 107: 324 857 195 574 705 
Bin 108: 623 399 640 599 84 879 
Bin 109: 221 185 421 585 902 
Bin 110: 813 774 151 275 567 
Bin 111: 824 873 812 
Bin 112: 343 112 982 123 573 
Bin 113: 389 917 891 459 
Bin 114: 348 969 261 28 385 383 145 667 
Bin 115: 413 409 396 140 57 
Bin 116: 356 731 155 109 35 269 
Bin 117: 377 799 171 12 617 454 598 
Bin 118: 751 688 641 974 152 804 
Bin 119: 556 862 118 698 884 
Bin 120: 173 153 66 546 529 
Bin 121: 22 537 906 244 
Bin 122: 869 177 126 449 797 
Bin 123: 116 468 911 412 653 
Bin 124: 365 787 553 608 48 
Bin 125: 886 846 663 376 715 120 465 95 
Bin 126: 268 978 833 579 835 211 
Bin 127: 809 387 754 997 892 499 146 
Bin 128: 658 243 460 889 496 44 
Bin 129: 0 448 767 284 144 
Bin 130: 406 8 
Bin 131: 516 913 820 595 239 932 927 
Bin 132: 561 851 32 589 311 418 
Bin 133: 860 613 647 697 252 
Bin 134: 952 702 149 780 958 
Bin 135: 802 701 660 929 
Bin 136: 397 128 899 
Bin 137: 976 506 551 507 
Bin 138: 766 752 545 246 25 
Bin 139: 755 205 497 706 427 
Bin 140: 657 492 296 139 
Bin 141: 281 267 253 934 445 80 
Bin 142: 407 13 878 51 
Bin 143: 15 105 523 677 908 68 83 
Bin 144: 162 
Bin 145: 446 
Bin 146: 654 943 306 117 557 746 
Bin 147: 591 64 805 91 538 618 
Bin 148: 502 901 798 199 870 
Bin 149: 592 945 295 
Bin 150: 581 
Bin 151: 526 92 
Bin 152: 428 
Bin 153: 532 
Bin 154: 216 183 317 544 
Bin 155: 650 251 
Bin 156: 359 99 341 158 10 
Bin 157: 895 
Bin 158: 708 
Bin 159: 926 210 
Bin 160: 157 
Bin 161: 792 
Bin 162: 634 779 
Bin 163: 36 
Bin 164: 928 842 198 868 
Bin 165: 42 
Bin 166: 686 
Bin 167: 768 
Bin 168: 822 77 
Bin 169: 287 515 440 710 
Bin 170: 254 963 583 
Bin 171: 940 194 709 
Bin 172: 463 
Bin 173: 186 
Bin 174: 665 
Bin 175: 401 
Bin 176: 743 
Bin 177: 276 
Bin 178: 935 
Bin 179: 759 
