# Objective: 150
# Time: 165.703
# Feasible: 1
# Solution:
Bin 0: 423 606 256 468 392 204 764 
Bin 1: 16 54 244 366 697 509 
Bin 2: 489 851 946 983 472 550 834 975 981 
Bin 3: 738 889 906 909 648 241 
Bin 4: 445 194 862 233 832 919 92 816 938 
Bin 5: 437 709 149 114 575 995 21 
Bin 6: 98 381 875 553 296 377 279 
Bin 7: 295 556 486 891 332 
Bin 8: 85 570 928 593 317 882 324 
Bin 9: 818 30 652 258 483 
Bin 10: 310 808 481 211 839 
Bin 11: 623 302 845 94 654 315 115 726 
Bin 12: 440 514 453 146 841 50 112 680 
Bin 13: 568 365 686 723 976 407 
Bin 14: 488 825 56 142 915 1 
Bin 15: 334 868 272 174 535 106 494 
Bin 16: 239 162 73 804 756 350 924 
Bin 17: 314 663 783 929 175 624 892 
Bin 18: 118 988 843 188 373 205 379 
Bin 19: 281 555 203 558 79 968 596 283 997 538 705 
Bin 20: 520 187 667 255 484 104 560 896 
Bin 21: 198 540 954 101 627 775 
Bin 22: 75 301 982 327 886 452 476 
Bin 23: 292 333 998 745 618 235 97 743 902 
Bin 24: 571 261 977 937 186 247 600 219 306 469 
Bin 25: 920 865 232 376 823 569 733 
Bin 26: 949 858 612 694 607 528 151 601 
Bin 27: 943 100 681 903 986 513 
Bin 28: 123 375 714 49 992 226 695 96 923 
Bin 29: 904 670 807 687 63 
Bin 30: 887 642 249 191 495 93 
Bin 31: 154 649 319 748 647 551 
Bin 32: 480 8 347 231 518 
Bin 33: 970 293 554 337 715 767 90 
Bin 34: 202 720 53 86 55 184 914 888 
Bin 35: 926 736 972 464 901 356 26 
Bin 36: 426 620 168 861 646 383 466 771 
Bin 37: 749 88 303 584 984 543 
Bin 38: 922 989 549 266 615 339 510 
Bin 39: 799 209 237 210 780 307 777 
Bin 40: 778 683 190 42 493 138 475 323 
Bin 41: 753 527 831 131 262 120 
Bin 42: 668 165 316 664 126 107 67 
Bin 43: 690 717 28 5 605 47 363 17 76 461 
Bin 44: 385 824 390 803 576 74 417 
Bin 45: 789 446 95 109 31 
Bin 46: 835 374 655 602 519 
Bin 47: 206 294 378 129 857 
Bin 48: 956 313 19 91 342 496 610 140 
Bin 49: 153 973 698 368 864 490 
Bin 50: 792 557 872 809 326 
Bin 51: 178 589 428 13 739 836 29 
Bin 52: 895 562 656 325 213 588 180 566 
Bin 53: 900 18 458 43 268 
Bin 54: 523 229 905 338 581 64 
Bin 55: 651 700 474 673 287 750 532 
Bin 56: 300 754 537 820 573 931 
Bin 57: 682 328 224 762 264 674 
Bin 58: 590 134 945 941 167 731 439 254 637 
Bin 59: 89 639 413 957 14 506 155 
Bin 60: 595 773 999 51 879 409 
Bin 61: 853 913 855 214 685 312 
Bin 62: 885 286 774 661 769 
Bin 63: 420 72 539 251 948 348 542 321 
Bin 64: 761 969 415 840 360 119 
Bin 65: 786 991 579 448 691 974 121 
Bin 66: 141 505 223 81 117 298 
Bin 67: 427 934 35 545 137 
Bin 68: 419 944 897 844 299 671 728 
Bin 69: 367 465 930 344 208 908 
Bin 70: 23 442 636 710 894 37 
Bin 71: 199 833 145 41 994 246 898 
Bin 72: 61 400 718 959 921 779 
Bin 73: 741 541 798 866 193 215 
Bin 74: 497 44 45 516 220 678 3 
Bin 75: 278 925 676 582 628 608 
Bin 76: 341 755 629 725 152 587 59 
Bin 77: 388 911 144 240 565 399 236 
Bin 78: 810 422 812 531 702 150 830 
Bin 79: 658 336 721 961 57 450 432 
Bin 80: 404 958 732 372 734 996 116 
Bin 81: 66 893 34 216 172 
Bin 82: 201 962 288 58 225 724 
Bin 83: 156 357 955 491 784 430 706 
Bin 84: 280 508 849 147 967 435 20 609 
Bin 85: 846 386 69 960 689 111 477 747 
Bin 86: 704 228 819 800 221 985 572 
Bin 87: 6 580 672 331 305 130 
Bin 88: 722 183 181 456 781 169 
Bin 89: 675 785 309 870 708 110 
Bin 90: 62 311 414 536 793 
Bin 91: 567 10 243 854 11 166 758 863 980 
Bin 92: 933 822 772 473 12 136 521 
Bin 93: 716 217 349 433 2 265 304 289 
Bin 94: 438 765 951 83 871 874 
Bin 95: 501 502 693 634 406 277 
Bin 96: 176 411 389 952 259 598 
Bin 97: 222 171 561 899 850 
Bin 98: 40 679 22 737 52 544 245 791 
Bin 99: 847 343 821 814 291 790 
Bin 100: 485 68 856 443 253 393 935 470 
Bin 101: 632 196 788 828 148 447 
Bin 102: 234 586 859 950 359 455 776 
Bin 103: 425 177 382 322 766 269 159 
Bin 104: 907 444 335 837 467 
Bin 105: 354 257 752 397 395 
Bin 106: 369 157 852 7 912 987 640 9 
Bin 107: 512 273 641 0 621 212 
Bin 108: 644 534 421 881 796 547 
Bin 109: 457 358 46 525 263 511 
Bin 110: 616 384 577 402 39 548 238 
Bin 111: 132 492 838 526 802 
Bin 112: 719 487 964 744 635 
Bin 113: 24 77 82 712 703 32 103 329 84 
Bin 114: 179 4 815 626 524 161 
Bin 115: 197 230 218 770 330 990 517 
Bin 116: 890 482 760 751 735 848 267 
Bin 117: 530 412 684 227 27 282 
Bin 118: 143 340 742 170 275 434 
Bin 119: 817 939 746 250 659 285 
Bin 120: 364 867 478 563 424 666 398 
Bin 121: 880 966 36 768 507 38 
Bin 122: 611 500 60 463 729 884 515 591 
Bin 123: 308 763 603 696 787 105 707 15 657 
Bin 124: 645 842 574 993 195 346 
Bin 125: 70 248 585 290 829 460 
Bin 126: 692 963 122 396 795 877 936 
Bin 127: 276 353 318 163 113 
Bin 128: 320 99 498 878 940 394 
Bin 129: 801 625 604 806 701 133 730 87 
Bin 130: 650 352 271 727 740 873 918 
Bin 131: 813 71 711 436 827 182 260 
Bin 132: 564 826 345 125 979 910 
Bin 133: 978 713 932 160 504 597 869 
Bin 134: 471 942 408 207 284 441 
Bin 135: 805 78 391 669 622 370 759 
Bin 136: 947 633 614 361 592 916 431 
Bin 137: 380 499 252 80 631 
Bin 138: 794 917 619 583 677 410 
Bin 139: 158 429 449 405 124 25 
Bin 140: 529 297 462 418 451 643 883 
Bin 141: 533 459 617 403 613 173 
Bin 142: 599 200 454 371 630 
Bin 143: 135 274 797 355 401 416 
Bin 144: 164 387 971 860 662 128 757 
Bin 145: 48 362 665 65 102 782 660 811 
Bin 146: 594 127 552 108 953 559 
Bin 147: 33 927 242 578 522 185 479 699 
Bin 148: 546 653 139 965 688 270 503 
Bin 149: 189 351 638 876 192 
