# Objective: 37
# Time: 2.47338
# Feasible: 1
# Solution:
Bin 0: 58 76 220 244 247 209 
Bin 1: 222 7 171 10 131 240 116 130 114 
Bin 2: 5 121 30 161 21 64 231 53 
Bin 3: 37 223 184 51 102 176 85 186 
Bin 4: 82 242 77 63 23 122 8 
Bin 5: 157 214 170 89 22 145 106 
Bin 6: 9 88 68 15 239 42 215 
Bin 7: 249 49 115 103 34 141 56 
Bin 8: 69 13 174 35 125 201 
Bin 9: 4 163 41 62 2 177 
Bin 10: 44 200 109 167 165 206 120 
Bin 11: 57 72 216 132 118 154 
Bin 12: 79 113 74 105 0 134 
Bin 13: 210 168 166 90 164 149 78 
Bin 14: 124 199 97 155 133 230 107 
Bin 15: 217 110 162 126 48 153 198 235 
Bin 16: 196 47 26 190 67 224 129 146 181 
Bin 17: 46 59 87 137 169 175 225 80 
Bin 18: 182 194 14 241 61 83 179 
Bin 19: 86 212 128 195 27 32 178 33 
Bin 20: 218 237 20 144 236 156 135 
Bin 21: 117 93 221 91 66 25 16 
Bin 22: 180 28 197 73 43 
Bin 23: 152 18 191 29 143 150 104 
Bin 24: 123 183 71 219 139 151 11 65 
Bin 25: 173 45 147 60 227 
Bin 26: 142 160 108 94 95 31 100 189 193 
Bin 27: 19 96 140 172 204 
Bin 28: 55 158 202 187 12 127 208 
Bin 29: 192 229 52 17 39 226 101 
Bin 30: 207 159 50 148 70 84 
Bin 31: 234 228 211 75 213 
Bin 32: 203 1 246 136 111 232 
Bin 33: 24 54 233 36 98 38 
Bin 34: 205 40 3 188 119 
Bin 35: 243 92 185 81 99 
Bin 36: 112 248 245 238 6 138 
