# Objective: 37
# Time: 2.14205
# Feasible: 1
# Solution:
Bin 0: 5 105 132 177 205 194 143 
Bin 1: 200 116 136 238 4 244 17 134 
Bin 2: 125 145 68 104 90 41 14 164 
Bin 3: 110 162 2 184 187 11 3 83 47 
Bin 4: 179 219 199 236 121 230 
Bin 5: 207 176 72 115 141 29 
Bin 6: 98 220 95 165 224 198 
Bin 7: 233 78 243 237 55 64 26 246 50 
Bin 8: 10 137 150 102 212 221 
Bin 9: 24 82 239 214 96 75 84 
Bin 10: 160 128 45 155 0 231 49 131 
Bin 11: 218 44 133 118 206 144 22 
Bin 12: 66 92 168 25 196 
Bin 13: 139 23 175 242 161 170 122 
Bin 14: 182 85 40 91 37 70 30 
Bin 15: 100 142 148 103 222 223 167 
Bin 16: 52 31 204 9 76 225 229 
Bin 17: 158 249 13 88 57 
Bin 18: 146 228 113 247 86 181 215 69 
Bin 19: 159 34 62 203 87 107 
Bin 20: 154 1 43 51 208 60 46 
Bin 21: 202 94 63 80 120 152 106 
Bin 22: 56 16 195 21 81 33 
Bin 23: 178 166 138 38 183 193 15 
Bin 24: 241 27 99 71 79 73 
Bin 25: 58 54 235 188 108 48 123 
Bin 26: 190 210 114 130 97 36 
Bin 27: 174 124 217 126 248 213 147 61 
Bin 28: 20 111 42 12 234 172 
Bin 29: 156 232 157 135 53 211 151 
Bin 30: 189 8 101 226 77 67 28 59 32 
Bin 31: 171 74 173 163 140 227 180 
Bin 32: 18 191 117 93 185 216 240 
Bin 33: 192 89 65 209 149 
Bin 34: 19 197 201 6 129 
Bin 35: 112 7 245 39 119 
Bin 36: 186 35 127 109 169 153 
