# Objective: 18
# Time: 0.272382
# Feasible: 1
# Solution:
Bin 0: 104 93 72 11 30 92 
Bin 1: 25 75 2 80 103 77 46 110 
Bin 2: 44 63 76 22 106 51 
Bin 3: 33 59 48 3 102 99 55 117 
Bin 4: 16 1 45 62 64 
Bin 5: 109 37 56 91 60 84 10 
Bin 6: 0 74 50 17 118 114 97 58 
Bin 7: 111 52 54 47 27 112 43 90 
Bin 8: 38 14 66 107 15 87 65 
Bin 9: 20 81 119 73 40 
Bin 10: 26 96 23 39 115 35 
Bin 11: 31 5 67 29 49 69 
Bin 12: 34 100 88 71 12 
Bin 13: 9 24 42 116 57 7 82 
Bin 14: 85 83 78 86 113 68 61 98 
Bin 15: 21 94 53 28 13 4 19 
Bin 16: 8 41 105 101 79 89 70 
Bin 17: 6 32 18 36 108 95 
