# Objective: 19
# Time: 0.256064
# Feasible: 1
# Solution:
Bin 0: 1 110 55 72 49 6 75 
Bin 1: 65 5 118 73 113 14 
Bin 2: 100 37 95 56 48 68 16 
Bin 3: 8 81 94 24 33 89 
Bin 4: 90 38 44 12 50 
Bin 5: 108 86 87 47 13 78 107 
Bin 6: 106 3 18 27 34 21 97 93 
Bin 7: 83 80 61 15 91 51 
Bin 8: 26 101 58 109 77 42 67 
Bin 9: 20 43 31 99 115 4 
Bin 10: 28 88 104 98 76 66 36 
Bin 11: 60 69 74 84 85 71 112 
Bin 12: 9 116 53 52 11 
Bin 13: 103 35 22 29 63 39 
Bin 14: 59 2 7 19 54 64 
Bin 15: 105 117 119 82 70 114 96 
Bin 16: 79 45 25 111 30 92 
Bin 17: 46 57 17 102 32 23 
Bin 18: 41 40 62 0 10 
