# Objective: 39
# Time: 2.45059
# Feasible: 1
# Solution:
Bin 0: 235 184 69 10 229 201 50 197 
Bin 1: 60 155 130 91 103 82 
Bin 2: 52 234 122 233 215 173 204 
Bin 3: 12 209 213 38 141 67 35 
Bin 4: 218 168 20 28 25 26 95 140 
Bin 5: 227 182 164 222 59 1 
Bin 6: 101 249 193 178 167 46 112 228 
Bin 7: 150 162 90 224 181 102 190 191 
Bin 8: 136 30 16 80 110 153 64 
Bin 9: 97 189 108 113 70 232 203 
Bin 10: 93 157 116 172 111 161 187 54 
Bin 11: 117 198 146 8 134 44 115 127 
Bin 12: 63 192 129 151 114 66 65 78 
Bin 13: 109 226 33 154 176 51 128 43 
Bin 14: 23 17 107 120 133 106 169 123 
Bin 15: 137 21 48 15 205 
Bin 16: 19 94 220 152 105 139 
Bin 17: 219 144 126 13 31 
Bin 18: 148 24 138 210 166 202 
Bin 19: 195 3 76 239 100 186 5 75 
Bin 20: 27 143 175 85 163 53 
Bin 21: 160 92 212 4 159 
Bin 22: 244 132 156 241 83 188 
Bin 23: 47 32 131 221 158 225 
Bin 24: 180 37 9 88 62 243 
Bin 25: 81 77 194 45 230 247 
Bin 26: 183 196 86 98 55 214 
Bin 27: 79 217 36 170 73 
Bin 28: 237 199 42 125 145 72 
Bin 29: 61 165 56 216 18 142 
Bin 30: 248 89 147 41 236 124 
Bin 31: 207 135 118 2 22 39 
Bin 32: 231 149 119 34 99 
Bin 33: 87 208 179 14 223 171 
Bin 34: 29 7 68 245 0 238 
Bin 35: 71 58 211 40 6 
Bin 36: 57 104 185 49 240 
Bin 37: 121 206 246 96 74 200 
Bin 38: 242 174 84 177 11 
