# Objective: 45
# Time: 0.387187
# Feasible: 1
# Solution:
Bin 0: 170 140 228 79 45 
Bin 1: 48 154 220 73 194 179 203 108 74 
Bin 2: 216 93 47 27 141 33 
Bin 3: 193 50 34 86 172 
Bin 4: 115 120 94 218 130 0 88 81 
Bin 5: 57 243 237 195 241 200 
Bin 6: 188 171 58 126 169 224 114 
Bin 7: 105 236 25 217 97 
Bin 8: 166 31 131 66 15 147 91 
Bin 9: 122 13 197 138 59 192 
Bin 10: 167 84 67 246 2 116 
Bin 11: 127 29 201 62 198 152 143 
Bin 12: 23 82 99 212 128 132 150 
Bin 13: 233 28 238 4 207 40 30 161 
Bin 14: 103 210 213 98 145 185 229 149 90 
Bin 15: 78 119 41 118 144 180 17 
Bin 16: 178 14 190 87 136 9 71 
Bin 17: 36 177 148 22 157 189 
Bin 18: 63 175 51 215 117 70 
Bin 19: 162 24 109 249 111 80 
Bin 20: 187 168 49 21 214 221 38 
Bin 21: 184 77 204 1 240 222 174 
Bin 22: 156 42 37 106 113 227 139 199 
Bin 23: 43 19 102 183 6 129 
Bin 24: 56 159 235 225 3 247 
Bin 25: 100 134 32 125 208 
Bin 26: 18 85 142 112 202 234 
Bin 27: 239 209 191 44 46 
Bin 28: 83 75 39 65 95 
Bin 29: 61 244 219 223 176 
Bin 30: 173 153 230 96 12 
Bin 31: 205 164 186 20 
Bin 32: 64 226 232 53 124 110 
Bin 33: 155 92 
Bin 34: 54 10 181 104 135 242 
Bin 35: 5 69 68 26 8 
Bin 36: 165 137 248 160 89 121 60 
Bin 37: 231 7 
Bin 38: 151 123 107 55 
Bin 39: 158 211 16 
Bin 40: 245 101 76 
Bin 41: 35 163 182 52 196 146 
Bin 42: 11 206 
Bin 43: 72 
Bin 44: 133 
