# Objective: 20
# Time: 0.12774
# Feasible: 1
# Solution:
Bin 0: 118 46 83 106 97 98 
Bin 1: 79 55 87 14 56 30 86 
Bin 2: 21 7 22 109 23 
Bin 3: 39 32 82 73 81 13 33 
Bin 4: 15 80 5 4 42 47 
Bin 5: 107 37 45 74 59 71 
Bin 6: 90 1 69 102 26 96 40 93 
Bin 7: 2 44 112 19 52 
Bin 8: 8 12 65 0 61 10 
Bin 9: 41 108 115 53 64 111 
Bin 10: 16 38 17 54 60 
Bin 11: 72 67 66 76 75 113 99 27 
Bin 12: 25 88 70 34 36 119 91 
Bin 13: 95 101 24 58 9 3 77 
Bin 14: 62 6 103 20 28 43 
Bin 15: 57 92 105 89 31 68 
Bin 16: 116 78 50 114 11 85 
Bin 17: 100 35 29 18 49 
Bin 18: 104 94 
Bin 19: 51 48 110 63 84 117 
