# Objective: 19
# Time: 0.301307
# Feasible: 1
# Solution:
Bin 0: 81 16 107 109 27 102 13 22 
Bin 1: 38 18 11 26 30 54 79 
Bin 2: 43 24 115 114 4 2 93 
Bin 3: 68 10 76 17 99 
Bin 4: 52 110 57 108 21 
Bin 5: 69 65 113 48 25 59 88 
Bin 6: 12 94 70 67 33 34 
Bin 7: 46 85 5 3 98 8 6 40 
Bin 8: 106 90 97 45 44 61 
Bin 9: 39 60 51 72 56 112 74 23 
Bin 10: 73 96 14 32 100 28 
Bin 11: 101 117 15 1 91 86 82 
Bin 12: 111 31 35 116 118 
Bin 13: 9 103 84 87 75 0 
Bin 14: 71 53 63 49 89 7 55 
Bin 15: 47 105 62 64 20 95 58 
Bin 16: 50 83 42 41 78 66 
Bin 17: 19 37 92 104 77 29 
Bin 18: 80 36 119 
