# Objective: 37
# Time: 2.70402
# Feasible: 1
# Solution:
Bin 0: 217 162 149 120 152 127 153 
Bin 1: 21 220 135 137 100 
Bin 2: 39 68 146 30 29 227 240 
Bin 3: 61 64 130 40 116 166 200 
Bin 4: 194 110 103 124 105 167 202 89 186 231 
Bin 5: 185 51 128 53 31 97 96 
Bin 6: 93 67 235 72 41 18 247 249 142 
Bin 7: 145 9 92 24 73 
Bin 8: 173 69 86 78 90 201 101 
Bin 9: 125 17 2 87 219 226 
Bin 10: 222 224 32 42 1 133 98 
Bin 11: 132 43 189 188 192 129 
Bin 12: 55 181 203 118 108 245 211 6 
Bin 13: 37 74 107 112 109 25 157 
Bin 14: 191 123 176 184 199 113 244 
Bin 15: 140 62 139 50 246 141 54 
Bin 16: 193 59 95 83 88 230 229 209 
Bin 17: 121 35 106 23 19 8 48 
Bin 18: 22 5 248 66 7 165 182 
Bin 19: 49 84 91 237 27 134 
Bin 20: 190 119 80 13 223 164 187 111 175 
Bin 21: 172 77 215 161 214 218 232 
Bin 22: 16 169 236 10 144 138 206 12 
Bin 23: 14 117 82 160 114 170 4 196 85 
Bin 24: 178 70 150 238 47 197 216 
Bin 25: 154 205 102 151 52 58 71 
Bin 26: 180 171 155 94 3 239 57 
Bin 27: 115 168 76 208 122 
Bin 28: 44 136 15 79 195 65 204 
Bin 29: 207 63 46 212 99 143 20 
Bin 30: 221 159 213 75 198 
Bin 31: 45 38 228 148 104 
Bin 32: 242 131 0 179 234 174 
Bin 33: 81 210 126 11 34 
Bin 34: 163 36 241 26 28 
Bin 35: 183 60 158 177 147 
Bin 36: 56 33 156 243 233 225 
