# Objective: 76
# Time: 16.9238
# Feasible: 1
# Solution:
Bin 0: 350 450 98 453 212 
Bin 1: 110 304 223 383 169 279 
Bin 2: 216 251 52 343 367 190 
Bin 3: 91 461 102 412 247 275 4 183 
Bin 4: 140 483 270 184 301 75 358 
Bin 5: 325 49 148 435 92 213 
Bin 6: 252 66 104 256 310 
Bin 7: 146 154 84 406 58 57 302 296 416 
Bin 8: 127 474 355 307 475 306 
Bin 9: 261 397 109 187 44 71 366 
Bin 10: 434 351 368 393 107 
Bin 11: 106 41 438 126 93 476 421 
Bin 12: 112 312 79 360 165 
Bin 13: 469 37 7 43 276 374 77 188 
Bin 14: 235 227 193 485 334 297 119 388 433 
Bin 15: 376 141 197 23 50 199 144 
Bin 16: 241 149 42 103 253 
Bin 17: 158 14 139 9 114 377 346 99 
Bin 18: 448 316 76 166 495 74 246 
Bin 19: 135 192 370 399 36 133 398 254 
Bin 20: 267 78 413 498 382 
Bin 21: 456 210 118 328 303 
Bin 22: 202 289 477 64 463 59 86 
Bin 23: 226 262 39 418 422 430 
Bin 24: 494 292 321 323 478 234 
Bin 25: 21 372 201 479 375 290 231 
Bin 26: 120 70 394 371 239 249 
Bin 27: 17 411 122 260 220 224 317 
Bin 28: 209 396 269 340 454 459 357 
Bin 29: 35 464 242 80 286 258 
Bin 30: 117 320 282 150 250 85 45 
Bin 31: 259 489 439 26 28 405 
Bin 32: 105 336 300 332 309 206 237 341 446 
Bin 33: 364 410 111 81 48 481 
Bin 34: 347 319 101 123 362 69 96 
Bin 35: 179 327 373 365 473 
Bin 36: 156 72 181 159 205 447 121 
Bin 37: 128 134 155 67 361 13 
Bin 38: 215 342 8 338 3 281 
Bin 39: 313 402 204 263 277 491 
Bin 40: 34 264 452 455 482 94 61 344 
Bin 41: 222 182 353 214 51 369 472 308 97 
Bin 42: 409 83 404 441 335 19 419 324 
Bin 43: 427 60 171 6 132 243 233 458 499 
Bin 44: 420 436 153 407 457 178 
Bin 45: 345 432 467 228 285 0 
Bin 46: 271 496 403 445 460 378 65 
Bin 47: 68 462 142 229 288 2 108 
Bin 48: 470 298 131 443 339 326 
Bin 49: 82 248 163 294 12 283 490 
Bin 50: 442 400 22 480 1 423 
Bin 51: 174 129 329 484 95 492 
Bin 52: 10 62 387 15 348 379 414 428 32 
Bin 53: 471 363 54 55 381 87 
Bin 54: 255 274 449 244 293 208 245 
Bin 55: 444 311 218 440 318 391 
Bin 56: 152 333 203 230 177 238 56 431 
Bin 57: 186 89 392 33 30 299 
Bin 58: 100 354 466 196 257 29 
Bin 59: 219 27 486 468 273 380 
Bin 60: 198 437 24 287 331 487 161 337 
Bin 61: 151 265 88 429 164 136 359 
Bin 62: 415 217 291 176 185 384 
Bin 63: 401 47 167 200 160 
Bin 64: 115 240 330 268 11 284 
Bin 65: 157 207 352 124 349 
Bin 66: 211 493 125 426 130 5 
Bin 67: 497 170 236 25 272 147 
Bin 68: 18 408 488 191 386 40 
Bin 69: 116 232 389 314 356 173 90 
Bin 70: 180 145 280 266 315 385 
Bin 71: 143 395 194 172 16 189 225 195 
Bin 72: 53 162 138 175 31 63 73 425 
Bin 73: 278 322 46 295 20 137 
Bin 74: 305 417 168 451 390 
Bin 75: 113 465 221 38 424 
