# Objective: 100
# Time: 2.77106
# Feasible: 1
# Solution:
Bin 0: 272 238 152 112 413 221 
Bin 1: 243 196 101 175 194 163 127 208 
Bin 2: 337 482 367 443 200 268 264 
Bin 3: 117 421 168 325 484 391 170 
Bin 4: 28 186 394 388 
Bin 5: 478 311 65 306 
Bin 6: 279 123 496 120 38 
Bin 7: 187 145 408 398 257 297 
Bin 8: 172 47 253 182 23 218 
Bin 9: 231 20 13 246 4 263 2 
Bin 10: 295 385 147 335 364 435 275 
Bin 11: 328 431 88 37 
Bin 12: 270 329 254 267 121 273 3 
Bin 13: 288 225 370 377 363 173 499 110 
Bin 14: 130 22 150 492 202 
Bin 15: 358 199 292 201 276 149 
Bin 16: 432 294 106 291 382 471 57 98 86 
Bin 17: 281 222 418 299 157 406 395 9 
Bin 18: 190 256 230 314 198 457 407 
Bin 19: 34 74 159 404 488 451 
Bin 20: 87 379 125 244 455 454 339 90 
Bin 21: 487 169 213 15 16 
Bin 22: 102 338 334 252 336 
Bin 23: 52 300 286 180 0 427 97 456 
Bin 24: 36 191 475 54 410 176 
Bin 25: 285 277 140 148 461 327 467 72 313 396 
Bin 26: 44 212 350 151 137 
Bin 27: 115 245 100 166 405 81 
Bin 28: 341 207 188 429 
Bin 29: 387 32 63 340 361 449 116 420 
Bin 30: 124 399 344 26 355 
Bin 31: 415 462 46 247 330 464 
Bin 32: 373 203 439 154 359 
Bin 33: 453 384 132 468 261 
Bin 34: 177 
Bin 35: 255 310 
Bin 36: 262 83 118 409 448 353 51 122 
Bin 37: 287 305 433 161 
Bin 38: 12 41 249 
Bin 39: 189 303 326 6 324 349 69 289 
Bin 40: 422 476 71 50 64 181 302 
Bin 41: 271 171 442 362 452 226 319 48 483 
Bin 42: 234 162 144 441 82 113 
Bin 43: 458 141 5 209 357 
Bin 44: 284 232 466 472 403 
Bin 45: 92 158 30 474 
Bin 46: 351 114 146 215 447 7 
Bin 47: 241 229 219 131 195 
Bin 48: 107 354 197 493 96 235 378 33 
Bin 49: 348 356 174 430 59 371 440 
Bin 50: 216 375 43 437 93 
Bin 51: 465 425 211 283 434 91 312 
Bin 52: 491 
Bin 53: 77 258 17 
Bin 54: 239 386 444 
Bin 55: 366 317 
Bin 56: 39 250 94 480 372 248 105 
Bin 57: 278 167 269 19 
Bin 58: 322 240 469 498 266 
Bin 59: 60 78 204 296 
Bin 60: 89 280 136 402 184 490 109 
Bin 61: 307 479 223 274 
Bin 62: 400 61 104 417 10 
Bin 63: 183 459 227 76 55 397 389 
Bin 64: 486 438 309 108 332 419 346 494 160 
Bin 65: 323 477 35 260 347 45 390 
Bin 66: 58 75 103 156 133 
Bin 67: 153 205 282 308 99 21 
Bin 68: 165 139 242 138 
Bin 69: 342 111 29 8 237 
Bin 70: 392 119 343 224 374 473 497 
Bin 71: 321 70 316 333 67 228 
Bin 72: 412 14 401 251 66 
Bin 73: 1 331 135 179 193 
Bin 74: 49 320 365 
Bin 75: 143 
Bin 76: 155 134 84 414 352 
Bin 77: 27 18 214 463 436 481 
Bin 78: 376 
Bin 79: 42 80 393 446 236 315 
Bin 80: 53 206 56 24 185 
Bin 81: 369 95 79 129 424 
Bin 82: 495 128 
Bin 83: 233 470 345 25 
Bin 84: 426 460 416 73 
Bin 85: 62 450 360 
Bin 86: 142 40 178 11 368 301 381 
Bin 87: 318 383 
Bin 88: 126 
Bin 89: 265 298 164 217 192 293 445 
Bin 90: 31 
Bin 91: 85 489 
Bin 92: 380 
Bin 93: 411 259 
Bin 94: 220 
Bin 95: 210 304 
Bin 96: 423 68 
Bin 97: 290 
Bin 98: 428 
Bin 99: 485 
