# Objective: 99
# Time: 2.0713
# Feasible: 1
# Solution:
Bin 0: 201 472 7 60 20 295 320 
Bin 1: 207 177 272 439 441 338 387 
Bin 2: 383 70 265 132 350 
Bin 3: 437 206 277 454 238 459 
Bin 4: 379 187 152 154 180 
Bin 5: 210 116 464 445 96 184 
Bin 6: 126 82 217 57 434 61 
Bin 7: 214 50 493 362 340 131 115 
Bin 8: 87 369 463 442 106 312 151 91 303 313 
Bin 9: 36 114 356 264 173 300 194 176 
Bin 10: 299 58 466 230 79 253 
Bin 11: 127 429 382 470 241 274 222 
Bin 12: 399 89 62 421 11 229 293 239 
Bin 13: 489 480 405 225 490 392 97 436 
Bin 14: 190 189 255 343 156 192 308 246 
Bin 15: 311 260 365 64 219 86 
Bin 16: 431 113 108 342 324 415 
Bin 17: 102 236 425 40 28 
Bin 18: 330 385 358 371 319 
Bin 19: 468 42 141 76 15 
Bin 20: 155 420 314 323 254 122 38 
Bin 21: 347 393 297 204 301 19 
Bin 22: 39 55 484 422 269 
Bin 23: 167 359 446 372 168 193 
Bin 24: 247 185 404 368 281 165 
Bin 25: 224 403 146 266 199 283 105 
Bin 26: 284 164 438 198 497 475 
Bin 27: 406 203 346 112 213 426 
Bin 28: 121 125 287 90 428 
Bin 29: 278 473 92 84 377 
Bin 30: 305 16 306 485 3 
Bin 31: 243 31 408 263 471 73 
Bin 32: 45 373 492 43 138 33 252 
Bin 33: 286 101 386 30 53 
Bin 34: 353 290 315 292 
Bin 35: 388 309 85 363 56 140 
Bin 36: 487 209 329 486 128 397 
Bin 37: 396 221 232 413 458 
Bin 38: 360 302 455 133 435 476 
Bin 39: 424 226 391 270 394 304 
Bin 40: 71 488 52 233 80 
Bin 41: 163 111 162 
Bin 42: 477 317 197 336 183 
Bin 43: 4 432 332 447 10 325 
Bin 44: 147 344 285 294 179 134 
Bin 45: 195 298 170 142 398 248 17 
Bin 46: 307 423 478 0 389 118 
Bin 47: 316 2 21 354 452 6 244 289 
Bin 48: 94 326 282 172 
Bin 49: 407 433 66 123 291 109 
Bin 50: 9 231 
Bin 51: 495 48 261 49 498 
Bin 52: 280 110 139 318 159 81 
Bin 53: 216 124 63 47 182 
Bin 54: 401 72 8 
Bin 55: 491 328 256 27 
Bin 56: 24 469 119 400 13 
Bin 57: 251 137 465 1 453 
Bin 58: 268 481 166 161 212 54 
Bin 59: 75 418 59 37 26 103 
Bin 60: 276 188 345 494 376 
Bin 61: 271 380 462 467 
Bin 62: 349 258 427 169 12 
Bin 63: 482 104 262 32 245 327 14 
Bin 64: 351 409 242 499 411 67 
Bin 65: 419 273 275 249 
Bin 66: 235 259 78 348 160 339 218 
Bin 67: 410 25 483 390 181 135 
Bin 68: 310 
Bin 69: 158 175 334 93 46 355 402 
Bin 70: 171 375 196 361 107 120 
Bin 71: 178 417 267 440 296 
Bin 72: 205 457 150 149 211 18 
Bin 73: 186 288 35 
Bin 74: 352 333 250 143 74 364 
Bin 75: 496 414 416 68 
Bin 76: 335 395 450 148 461 443 174 
Bin 77: 144 129 153 
Bin 78: 322 234 
Bin 79: 69 99 
Bin 80: 370 449 448 257 
Bin 81: 479 200 
Bin 82: 23 117 
Bin 83: 29 384 
Bin 84: 215 237 381 374 34 
Bin 85: 460 220 444 228 51 
Bin 86: 100 
Bin 87: 41 191 5 130 157 
Bin 88: 412 95 331 357 378 22 
Bin 89: 202 366 136 451 
Bin 90: 474 208 430 
Bin 91: 367 77 
Bin 92: 83 65 44 
Bin 93: 341 279 223 321 
Bin 94: 88 337 
Bin 95: 240 227 
Bin 96: 456 
Bin 97: 145 
Bin 98: 98 
