# Objective: 18
# Time: 0.383866
# Feasible: 1
# Solution:
Bin 0: 9 10 35 89 28 41 82 104 39 
Bin 1: 77 115 19 56 13 97 4 12 
Bin 2: 107 0 53 113 48 
Bin 3: 65 16 62 83 94 
Bin 4: 100 102 34 61 119 
Bin 5: 118 8 45 81 75 51 5 47 
Bin 6: 44 106 20 68 32 109 
Bin 7: 93 103 40 43 98 24 116 26 
Bin 8: 54 2 21 79 30 76 
Bin 9: 88 73 71 29 50 63 49 
Bin 10: 78 64 59 37 52 7 60 31 
Bin 11: 96 74 87 114 70 15 
Bin 12: 58 95 69 36 85 55 92 
Bin 13: 22 112 86 117 14 99 72 18 
Bin 14: 66 23 67 6 80 17 1 
Bin 15: 110 38 11 108 42 46 3 
Bin 16: 111 27 105 90 57 
Bin 17: 33 91 101 25 84 
