# Objective: 19
# Time: 0.248465
# Feasible: 1
# Solution:
Bin 0: 76 37 51 77 43 70 
Bin 1: 101 109 33 32 34 
Bin 2: 86 100 66 117 79 25 23 4 
Bin 3: 28 13 20 47 31 19 
Bin 4: 83 63 108 93 5 94 95 
Bin 5: 50 119 9 58 89 106 17 
Bin 6: 98 99 16 59 113 114 
Bin 7: 3 84 49 2 56 12 6 
Bin 8: 42 103 87 81 102 88 96 
Bin 9: 54 118 48 24 26 
Bin 10: 68 67 65 15 60 97 
Bin 11: 8 69 75 36 35 57 
Bin 12: 46 18 40 22 1 85 55 104 
Bin 13: 0 21 45 14 41 
Bin 14: 105 10 107 61 38 
Bin 15: 39 112 92 27 82 115 
Bin 16: 110 72 52 91 73 80 11 
Bin 17: 78 116 29 71 90 44 
Bin 18: 30 62 111 53 7 74 64 
