# Objective: 75
# Time: 14.7417
# Feasible: 1
# Solution:
Bin 0: 101 0 61 158 462 491 
Bin 1: 460 304 418 348 14 24 174 
Bin 2: 465 272 369 39 181 496 184 
Bin 3: 315 469 248 314 77 337 
Bin 4: 440 390 3 254 163 461 202 
Bin 5: 428 230 70 138 107 488 211 484 
Bin 6: 329 68 449 388 117 
Bin 7: 402 245 284 187 139 
Bin 8: 445 459 36 431 22 165 458 222 
Bin 9: 238 400 123 467 438 234 10 59 326 
Bin 10: 290 48 332 299 481 374 417 433 258 
Bin 11: 295 493 395 112 464 64 
Bin 12: 324 372 175 498 335 156 166 
Bin 13: 420 362 176 339 183 128 316 221 
Bin 14: 378 170 133 224 52 265 241 
Bin 15: 134 330 251 306 310 208 357 
Bin 16: 23 404 116 242 121 142 108 210 
Bin 17: 489 188 44 359 106 345 151 358 
Bin 18: 147 51 286 63 87 29 256 444 
Bin 19: 442 334 185 206 406 57 
Bin 20: 97 159 40 30 346 19 
Bin 21: 249 143 33 2 323 485 169 43 
Bin 22: 135 457 8 228 207 149 
Bin 23: 25 75 203 302 360 430 243 47 
Bin 24: 422 380 280 276 11 78 
Bin 25: 455 293 7 450 60 333 331 85 
Bin 26: 468 83 264 312 416 351 343 
Bin 27: 214 1 56 419 38 
Bin 28: 490 435 443 413 354 37 373 219 171 
Bin 29: 195 236 32 275 26 229 
Bin 30: 394 499 344 205 12 429 
Bin 31: 452 448 300 403 79 119 5 118 
Bin 32: 287 273 285 109 81 456 
Bin 33: 475 54 200 361 342 
Bin 34: 308 267 466 305 223 209 
Bin 35: 168 89 164 160 366 392 383 
Bin 36: 391 100 104 399 408 50 
Bin 37: 318 91 301 21 66 190 103 
Bin 38: 367 317 226 53 244 
Bin 39: 356 65 313 246 146 49 365 
Bin 40: 274 396 191 421 154 126 
Bin 41: 385 398 352 436 415 84 13 
Bin 42: 426 140 182 297 240 386 294 
Bin 43: 447 180 71 76 381 379 
Bin 44: 451 113 277 363 193 213 319 
Bin 45: 432 487 74 9 186 42 355 
Bin 46: 370 27 237 102 309 232 
Bin 47: 152 173 303 172 424 
Bin 48: 255 155 179 253 263 55 407 
Bin 49: 478 6 111 387 62 162 441 153 
Bin 50: 18 88 384 266 411 225 292 
Bin 51: 120 125 144 410 401 
Bin 52: 474 141 114 482 268 130 463 
Bin 53: 347 178 177 217 31 201 
Bin 54: 389 129 412 93 446 376 137 409 
Bin 55: 427 252 250 194 492 136 353 
Bin 56: 291 132 259 377 425 124 98 
Bin 57: 218 4 281 320 45 
Bin 58: 368 145 470 279 341 28 
Bin 59: 278 216 227 212 150 35 231 235 
Bin 60: 260 157 375 80 72 327 454 115 198 95 
Bin 61: 99 321 257 439 382 340 
Bin 62: 131 94 322 96 148 298 338 
Bin 63: 204 288 167 393 471 480 
Bin 64: 46 325 67 86 90 350 437 
Bin 65: 283 58 73 328 17 261 
Bin 66: 41 215 233 472 336 
Bin 67: 161 122 486 271 262 
Bin 68: 92 16 434 189 220 239 
Bin 69: 307 371 196 476 20 497 
Bin 70: 82 192 483 15 69 
Bin 71: 199 127 296 495 282 34 
Bin 72: 197 289 423 105 414 270 247 110 
Bin 73: 473 269 349 405 364 311 
Bin 74: 397 494 479 477 453 
