# Objective: 19
# Time: 0.349084
# Feasible: 1
# Solution:
Bin 0: 15 97 80 11 60 28 
Bin 1: 21 61 88 58 12 35 
Bin 2: 52 116 20 66 34 
Bin 3: 83 37 81 94 118 117 55 
Bin 4: 44 40 41 111 25 
Bin 5: 96 107 22 114 62 49 
Bin 6: 8 90 9 0 115 13 54 63 59 
Bin 7: 112 71 27 32 51 119 
Bin 8: 47 4 77 67 92 36 18 
Bin 9: 50 100 95 76 91 99 82 29 
Bin 10: 72 19 74 78 1 103 43 
Bin 11: 84 106 105 38 2 101 64 56 87 102 
Bin 12: 48 93 24 73 75 109 
Bin 13: 14 57 33 69 89 104 
Bin 14: 26 113 85 110 42 98 
Bin 15: 108 30 86 6 79 23 
Bin 16: 3 16 39 31 7 
Bin 17: 46 10 45 53 68 
Bin 18: 17 70 65 5 
