# Objective: 101
# Time: 3.90727
# Feasible: 1
# Solution:
Bin 0: 21 193 371 282 489 164 
Bin 1: 388 291 158 128 154 215 
Bin 2: 407 66 402 475 295 492 
Bin 3: 258 393 159 196 469 240 0 
Bin 4: 248 103 438 133 168 419 227 
Bin 5: 330 420 405 487 435 494 206 440 445 
Bin 6: 363 473 102 292 176 
Bin 7: 113 317 382 449 463 42 96 
Bin 8: 54 255 74 281 217 304 
Bin 9: 178 44 355 447 354 351 441 253 45 
Bin 10: 223 61 37 213 257 144 
Bin 11: 252 146 49 484 130 239 470 
Bin 12: 10 211 293 180 35 
Bin 13: 191 17 197 302 225 92 482 
Bin 14: 400 321 474 14 106 185 
Bin 15: 228 377 188 271 1 466 
Bin 16: 198 396 153 244 99 
Bin 17: 78 48 403 446 332 235 
Bin 18: 311 123 306 385 22 387 
Bin 19: 251 290 237 161 100 98 
Bin 20: 404 389 481 309 115 173 27 
Bin 21: 140 486 313 318 142 52 267 
Bin 22: 138 436 245 325 347 165 
Bin 23: 167 349 401 155 2 86 23 151 294 
Bin 24: 129 348 65 224 284 
Bin 25: 451 207 56 163 118 
Bin 26: 340 32 134 339 145 58 
Bin 27: 152 374 468 175 108 112 11 326 
Bin 28: 141 331 488 170 425 
Bin 29: 495 458 199 3 250 288 131 498 
Bin 30: 33 200 249 222 417 456 
Bin 31: 431 421 95 453 485 160 
Bin 32: 43 477 324 229 394 135 127 
Bin 33: 72 238 97 179 31 51 40 283 
Bin 34: 454 16 429 256 84 85 234 
Bin 35: 300 448 75 433 279 
Bin 36: 337 307 320 322 308 268 
Bin 37: 476 105 20 499 232 208 
Bin 38: 162 93 38 415 195 
Bin 39: 104 34 266 46 369 150 
Bin 40: 149 53 493 316 122 90 423 
Bin 41: 219 301 360 460 15 416 265 
Bin 42: 186 119 6 275 57 
Bin 43: 269 359 277 398 203 418 366 
Bin 44: 177 472 28 367 352 221 
Bin 45: 125 47 174 184 
Bin 46: 411 459 452 210 263 88 397 
Bin 47: 406 430 64 110 338 334 230 
Bin 48: 409 444 335 426 9 67 323 
Bin 49: 124 26 189 172 147 373 296 
Bin 50: 471 18 350 395 312 
Bin 51: 79 497 80 408 314 
Bin 52: 384 286 241 94 214 
Bin 53: 182 8 413 391 270 
Bin 54: 137 126 422 69 370 89 356 
Bin 55: 437 13 273 479 132 7 
Bin 56: 101 305 260 439 
Bin 57: 353 109 60 212 462 111 464 
Bin 58: 246 491 201 390 226 
Bin 59: 358 297 428 29 19 73 218 
Bin 60: 82 231 62 383 117 
Bin 61: 259 392 327 25 262 
Bin 62: 361 36 59 427 
Bin 63: 209 434 483 41 364 
Bin 64: 272 194 5 333 190 
Bin 65: 346 432 362 50 
Bin 66: 368 192 399 
Bin 67: 169 70 183 278 375 276 
Bin 68: 114 107 298 376 242 287 341 490 
Bin 69: 467 204 365 166 
Bin 70: 77 357 68 136 379 
Bin 71: 202 
Bin 72: 410 329 
Bin 73: 24 171 378 216 
Bin 74: 55 372 116 
Bin 75: 71 143 345 
Bin 76: 63 12 461 
Bin 77: 480 39 
Bin 78: 120 156 81 380 30 
Bin 79: 457 386 
Bin 80: 285 299 
Bin 81: 220 236 91 496 
Bin 82: 328 424 450 478 
Bin 83: 83 205 443 
Bin 84: 315 303 280 
Bin 85: 233 264 
Bin 86: 243 4 
Bin 87: 76 344 343 
Bin 88: 336 274 381 
Bin 89: 87 
Bin 90: 414 157 
Bin 91: 319 
Bin 92: 261 139 412 
Bin 93: 442 187 
Bin 94: 121 
Bin 95: 148 
Bin 96: 342 
Bin 97: 247 
Bin 98: 181 
Bin 99: 254 455 310 
Bin 100: 465 289 
