# Objective: 19
# Time: 0.289269
# Feasible: 1
# Solution:
Bin 0: 57 108 16 84 1 97 
Bin 1: 94 23 74 90 89 26 81 
Bin 2: 3 63 77 53 20 106 
Bin 3: 40 114 25 66 0 93 35 51 22 
Bin 4: 61 28 56 41 6 31 
Bin 5: 5 10 82 73 78 55 
Bin 6: 70 48 17 45 99 19 
Bin 7: 12 110 11 46 58 
Bin 8: 111 59 119 118 2 112 
Bin 9: 44 92 117 32 54 7 
Bin 10: 24 65 80 47 50 43 95 
Bin 11: 105 33 116 39 42 87 
Bin 12: 115 38 102 75 98 
Bin 13: 67 68 71 69 21 29 
Bin 14: 37 49 8 100 60 113 30 88 
Bin 15: 9 27 36 62 109 
Bin 16: 104 91 103 101 15 52 
Bin 17: 72 13 4 79 64 14 76 18 107 34 
Bin 18: 85 83 86 96 
