# Objective: 97
# Time: 2.82429
# Feasible: 1
# Solution:
Bin 0: 458 52 240 401 254 403 
Bin 1: 264 318 60 57 37 323 358 404 
Bin 2: 491 222 288 75 200 118 
Bin 3: 269 304 247 216 429 489 40 
Bin 4: 483 23 165 229 127 92 284 
Bin 5: 353 156 117 425 5 218 
Bin 6: 426 360 74 10 475 292 
Bin 7: 152 447 443 299 351 444 259 256 282 
Bin 8: 388 369 430 486 484 187 332 
Bin 9: 2 412 407 186 372 398 192 
Bin 10: 295 374 275 409 363 436 233 
Bin 11: 432 339 448 311 131 445 312 
Bin 12: 72 268 345 306 181 402 
Bin 13: 457 87 243 78 492 297 
Bin 14: 46 194 354 473 410 341 
Bin 15: 276 153 140 21 147 497 
Bin 16: 364 44 185 228 336 255 291 
Bin 17: 384 270 333 183 421 392 257 
Bin 18: 434 322 411 225 89 343 130 
Bin 19: 171 138 296 123 419 236 
Bin 20: 167 460 102 313 367 212 
Bin 21: 266 487 499 209 260 413 477 
Bin 22: 238 494 418 373 368 258 350 
Bin 23: 12 466 56 493 452 370 
Bin 24: 328 248 125 326 320 423 
Bin 25: 273 15 81 399 176 188 293 
Bin 26: 110 121 346 99 150 129 252 
Bin 27: 79 51 116 30 272 35 476 
Bin 28: 109 316 142 70 442 408 
Bin 29: 112 424 427 355 151 371 
Bin 30: 261 105 310 88 94 67 
Bin 31: 173 474 196 172 25 68 28 
Bin 32: 450 383 253 137 365 97 
Bin 33: 49 394 77 241 393 301 302 
Bin 34: 18 182 414 488 396 
Bin 35: 161 244 0 285 220 226 146 
Bin 36: 455 145 265 163 303 58 122 
Bin 37: 439 84 246 375 498 
Bin 38: 347 349 342 405 210 290 
Bin 39: 65 262 237 415 433 321 204 
Bin 40: 111 242 16 263 11 
Bin 41: 4 38 479 437 472 
Bin 42: 59 160 280 267 305 184 289 
Bin 43: 315 8 34 198 175 317 
Bin 44: 189 22 334 468 64 294 
Bin 45: 420 463 6 154 62 201 
Bin 46: 217 451 230 496 80 309 
Bin 47: 481 90 115 435 324 32 
Bin 48: 135 281 400 100 387 231 390 
Bin 49: 190 283 382 249 459 
Bin 50: 308 73 27 98 431 
Bin 51: 148 454 114 159 86 
Bin 52: 157 162 179 
Bin 53: 155 13 251 352 
Bin 54: 337 245 482 48 178 416 
Bin 55: 54 76 55 106 95 113 325 478 
Bin 56: 36 31 469 53 1 91 357 
Bin 57: 406 85 42 193 
Bin 58: 26 104 464 43 422 221 199 
Bin 59: 132 107 168 
Bin 60: 356 33 66 101 232 391 224 
Bin 61: 19 
Bin 62: 340 277 344 143 376 166 462 
Bin 63: 3 362 
Bin 64: 359 381 417 202 141 286 
Bin 65: 164 39 428 126 330 380 
Bin 66: 314 61 361 307 287 495 
Bin 67: 239 136 250 470 395 119 
Bin 68: 274 366 215 386 203 
Bin 69: 438 446 214 174 
Bin 70: 449 441 149 
Bin 71: 319 103 205 
Bin 72: 440 234 
Bin 73: 461 128 158 96 278 
Bin 74: 7 338 14 490 348 63 20 
Bin 75: 17 29 456 219 169 82 
Bin 76: 327 134 480 
Bin 77: 120 397 
Bin 78: 170 144 331 208 197 
Bin 79: 50 191 377 69 
Bin 80: 195 329 124 300 139 93 
Bin 81: 45 223 465 47 
Bin 82: 24 71 
Bin 83: 389 213 
Bin 84: 378 
Bin 85: 271 
Bin 86: 467 298 453 
Bin 87: 211 9 379 235 
Bin 88: 471 83 180 177 
Bin 89: 206 
Bin 90: 41 385 227 
Bin 91: 108 
Bin 92: 133 
Bin 93: 207 
Bin 94: 335 
Bin 95: 279 
Bin 96: 485 
