# Objective: 75
# Time: 16.0717
# Feasible: 1
# Solution:
Bin 0: 429 228 296 88 357 44 463 193 
Bin 1: 379 72 17 135 263 146 129 
Bin 2: 109 309 480 285 448 311 316 
Bin 3: 301 206 160 158 278 57 149 173 212 
Bin 4: 499 34 492 314 407 470 241 159 449 
Bin 5: 445 132 103 292 114 408 111 
Bin 6: 24 153 274 387 89 497 
Bin 7: 346 35 362 45 302 438 222 
Bin 8: 96 349 411 150 54 93 151 252 
Bin 9: 43 444 136 417 483 351 134 223 
Bin 10: 8 75 329 250 437 388 191 
Bin 11: 28 176 277 273 180 
Bin 12: 102 305 272 161 27 488 
Bin 13: 41 71 406 86 467 74 211 283 
Bin 14: 29 117 105 126 327 430 
Bin 15: 350 226 491 213 209 259 91 
Bin 16: 19 4 457 70 183 208 
Bin 17: 171 293 219 348 398 145 
Bin 18: 47 266 139 308 2 369 56 
Bin 19: 431 90 290 367 424 199 14 
Bin 20: 85 101 343 107 326 83 
Bin 21: 471 380 58 115 478 474 
Bin 22: 217 253 403 123 336 81 246 
Bin 23: 172 221 381 258 201 
Bin 24: 414 419 76 66 255 385 
Bin 25: 164 100 452 404 395 331 168 
Bin 26: 432 204 482 306 140 368 324 286 
Bin 27: 152 200 271 304 127 
Bin 28: 355 374 279 63 328 108 
Bin 29: 49 297 466 220 94 268 147 354 
Bin 30: 60 120 333 276 347 
Bin 31: 251 156 434 15 73 340 460 155 
Bin 32: 295 359 299 300 459 321 269 
Bin 33: 356 192 1 338 169 133 
Bin 34: 218 410 257 393 382 245 485 214 496 12 
Bin 35: 365 189 435 254 122 216 198 
Bin 36: 462 154 375 128 124 51 195 270 
Bin 37: 22 9 360 409 137 
Bin 38: 33 142 7 188 174 235 233 
Bin 39: 25 402 262 119 487 121 
Bin 40: 334 144 323 392 320 3 
Bin 41: 232 26 225 484 240 78 
Bin 42: 143 182 421 468 366 210 
Bin 43: 425 498 389 138 399 104 428 
Bin 44: 455 386 42 344 39 52 40 275 
Bin 45: 106 230 267 475 373 215 451 
Bin 46: 372 67 436 10 186 21 
Bin 47: 167 477 439 441 23 234 260 
Bin 48: 197 493 284 99 92 261 
Bin 49: 177 53 325 280 243 237 113 
Bin 50: 461 427 95 31 203 
Bin 51: 236 318 16 298 442 396 264 358 59 287 
Bin 52: 116 353 162 87 364 68 384 
Bin 53: 249 397 476 420 165 247 416 
Bin 54: 184 307 319 187 130 446 490 456 
Bin 55: 405 163 18 194 352 473 
Bin 56: 37 289 447 433 479 391 
Bin 57: 224 48 443 337 244 30 472 
Bin 58: 412 77 282 415 317 6 50 394 
Bin 59: 294 390 341 363 98 489 
Bin 60: 494 313 202 175 110 378 
Bin 61: 422 371 11 401 229 
Bin 62: 361 426 495 69 288 38 454 
Bin 63: 256 418 20 125 322 166 
Bin 64: 131 231 170 423 181 
Bin 65: 413 80 61 79 118 13 
Bin 66: 400 242 265 450 291 453 0 
Bin 67: 486 238 157 383 190 
Bin 68: 312 377 179 97 330 370 
Bin 69: 303 185 335 36 196 464 55 
Bin 70: 332 5 469 481 339 345 141 
Bin 71: 239 62 458 465 248 
Bin 72: 315 310 32 376 65 
Bin 73: 64 112 205 281 178 46 
Bin 74: 84 440 227 342 207 82 148 
