# Objective: 19
# Time: 0.253629
# Feasible: 1
# Solution:
Bin 0: 111 11 17 46 29 42 36 
Bin 1: 89 119 81 23 87 86 7 78 
Bin 2: 48 83 108 3 27 
Bin 3: 107 41 66 19 49 
Bin 4: 62 106 14 113 110 16 55 
Bin 5: 60 30 101 114 54 
Bin 6: 21 32 104 56 88 
Bin 7: 28 117 105 103 75 74 
Bin 8: 38 73 77 99 1 9 
Bin 9: 85 52 67 92 37 25 
Bin 10: 58 102 43 5 45 96 72 15 
Bin 11: 69 61 98 34 35 44 
Bin 12: 0 100 50 57 8 91 
Bin 13: 26 95 79 109 68 33 59 
Bin 14: 84 20 6 63 2 47 
Bin 15: 116 39 13 64 112 
Bin 16: 53 82 65 118 31 71 24 
Bin 17: 93 18 76 22 40 94 12 70 115 
Bin 18: 97 51 90 4 80 10 
