# Objective: 19
# Time: 3.71868
# Feasible: 1
# Solution:
Bin 0: 86 76 114 74 83 16 116 
Bin 1: 87 80 8 35 49 68 102 82 
Bin 2: 110 13 42 34 69 29 22 
Bin 3: 30 91 43 57 109 101 60 
Bin 4: 5 37 95 38 47 
Bin 5: 75 54 100 14 66 70 
Bin 6: 41 81 97 115 7 18 
Bin 7: 48 52 108 44 12 45 24 
Bin 8: 26 99 63 88 118 
Bin 9: 90 73 9 113 104 59 21 53 
Bin 10: 17 46 25 105 79 72 
Bin 11: 31 65 96 84 103 23 
Bin 12: 19 39 89 67 112 1 
Bin 13: 40 78 56 20 92 2 
Bin 14: 36 106 51 4 55 50 
Bin 15: 33 28 85 111 119 77 71 
Bin 16: 0 93 117 27 6 15 
Bin 17: 32 61 94 62 107 98 
Bin 18: 64 11 3 58 10 
