# Objective: 38
# Time: 7.56277
# Feasible: 1
# Solution:
Bin 0: 238 246 145 118 93 12 24 156 
Bin 1: 228 239 208 227 119 124 107 177 
Bin 2: 110 35 39 182 237 171 172 194 
Bin 3: 218 91 132 245 233 28 148 
Bin 4: 224 173 114 23 220 54 32 41 
Bin 5: 154 31 47 126 150 232 103 
Bin 6: 80 189 87 222 86 11 129 205 
Bin 7: 116 240 10 89 174 6 97 
Bin 8: 180 221 68 84 201 70 106 
Bin 9: 108 102 140 217 183 33 60 
Bin 10: 193 67 155 190 186 146 49 
Bin 11: 215 59 164 209 223 98 95 
Bin 12: 64 152 113 151 153 231 
Bin 13: 169 185 210 243 143 78 
Bin 14: 241 130 100 94 128 176 248 
Bin 15: 211 25 90 135 249 
Bin 16: 170 69 55 187 101 92 
Bin 17: 195 26 42 82 134 17 
Bin 18: 83 236 149 244 40 162 
Bin 19: 139 115 14 127 207 71 
Bin 20: 165 13 204 199 7 121 160 
Bin 21: 229 15 225 96 104 63 
Bin 22: 20 157 61 214 73 163 105 144 192 203 
Bin 23: 27 142 175 133 76 3 
Bin 24: 53 161 51 234 18 117 
Bin 25: 184 38 109 178 2 19 48 
Bin 26: 138 219 242 166 137 123 191 
Bin 27: 202 29 230 37 36 66 213 
Bin 28: 72 235 58 200 77 43 
Bin 29: 158 4 34 111 46 226 
Bin 30: 0 147 247 57 81 5 
Bin 31: 62 16 120 112 8 
Bin 32: 85 125 21 206 167 
Bin 33: 122 22 216 75 197 52 
Bin 34: 44 9 196 212 198 30 181 99 
Bin 35: 168 136 179 88 50 
Bin 36: 131 79 45 159 
Bin 37: 56 65 1 141 188 74 
