# Objective: 101
# Time: 79.2126
# Feasible: 1
# Solution:
Bin 0: 50 430 409 204 
Bin 1: 402 222 463 391 315 242 
Bin 2: 116 70 152 69 246 
Bin 3: 154 322 252 253 
Bin 4: 459 87 85 64 
Bin 5: 98 303 289 178 224 321 
Bin 6: 389 458 106 291 197 
Bin 7: 449 426 439 362 
Bin 8: 107 277 411 393 
Bin 9: 311 499 164 112 390 373 
Bin 10: 288 339 141 408 6 168 
Bin 11: 394 114 263 39 147 
Bin 12: 356 355 45 81 66 
Bin 13: 203 282 305 162 318 71 
Bin 14: 257 143 129 227 
Bin 15: 228 46 92 249 425 157 
Bin 16: 215 108 342 93 300 
Bin 17: 149 343 254 388 104 
Bin 18: 18 41 274 294 102 304 
Bin 19: 419 22 455 72 266 
Bin 20: 51 58 479 330 
Bin 21: 245 471 115 135 286 
Bin 22: 68 283 217 9 
Bin 23: 399 485 349 431 372 54 
Bin 24: 460 122 19 211 367 
Bin 25: 125 489 16 52 361 
Bin 26: 378 198 84 208 174 183 
Bin 27: 48 334 191 424 
Bin 28: 255 482 123 5 326 267 366 
Bin 29: 383 4 280 464 
Bin 30: 488 220 136 265 155 213 
Bin 31: 47 44 301 470 0 
Bin 32: 10 466 293 97 214 418 
Bin 33: 302 370 100 317 279 261 
Bin 34: 429 42 396 75 333 
Bin 35: 170 196 244 417 
Bin 36: 368 296 382 80 
Bin 37: 177 156 473 357 486 
Bin 38: 37 298 350 427 448 
Bin 39: 151 209 493 347 340 
Bin 40: 269 497 176 110 444 
Bin 41: 139 233 405 78 
Bin 42: 65 462 475 477 
Bin 43: 15 397 308 124 295 441 
Bin 44: 137 313 278 73 
Bin 45: 187 292 161 117 428 
Bin 46: 276 144 133 435 416 
Bin 47: 77 240 307 2 468 
Bin 48: 218 195 446 193 344 
Bin 49: 478 62 404 352 
Bin 50: 235 309 90 314 34 
Bin 51: 27 185 230 312 232 13 
Bin 52: 248 346 421 469 403 328 
Bin 53: 241 381 79 210 131 
Bin 54: 436 414 238 172 
Bin 55: 472 360 332 186 173 
Bin 56: 113 118 36 140 30 
Bin 57: 423 287 270 442 86 
Bin 58: 496 323 237 145 234 
Bin 59: 290 353 67 63 
Bin 60: 166 53 447 38 
Bin 61: 23 400 88 229 20 
Bin 62: 432 443 413 221 407 126 
Bin 63: 494 345 284 201 179 487 
Bin 64: 258 395 481 474 33 
Bin 65: 83 21 142 341 28 
Bin 66: 325 454 56 457 369 
Bin 67: 59 132 281 
Bin 68: 99 310 12 410 358 199 
Bin 69: 374 327 385 476 120 
Bin 70: 440 134 445 324 207 55 
Bin 71: 384 483 320 103 450 
Bin 72: 111 95 392 363 76 337 
Bin 73: 24 331 316 49 498 
Bin 74: 101 94 188 387 189 
Bin 75: 386 226 452 206 60 
Bin 76: 216 194 205 398 105 
Bin 77: 127 438 109 319 420 
Bin 78: 169 202 167 380 351 
Bin 79: 490 138 11 32 247 
Bin 80: 406 1 26 480 251 148 
Bin 81: 130 359 184 8 348 
Bin 82: 180 3 461 61 243 268 
Bin 83: 212 165 181 338 7 
Bin 84: 260 82 335 412 491 
Bin 85: 35 150 160 43 
Bin 86: 375 365 453 74 259 379 
Bin 87: 57 153 25 484 354 
Bin 88: 415 146 285 119 250 434 
Bin 89: 190 422 492 275 
Bin 90: 89 40 159 239 
Bin 91: 158 231 262 236 
Bin 92: 437 192 121 451 96 
Bin 93: 495 377 31 182 297 
Bin 94: 175 171 219 371 91 
Bin 95: 225 329 17 163 
Bin 96: 336 433 14 
Bin 97: 256 264 271 401 364 273 
Bin 98: 456 299 465 306 223 
Bin 99: 200 467 376 
Bin 100: 128 272 29 
