# Objective: 39
# Time: 7.38562
# Feasible: 1
# Solution:
Bin 0: 9 12 111 2 185 31 
Bin 1: 112 7 158 41 83 193 119 
Bin 2: 235 99 202 191 100 88 234 
Bin 3: 211 199 190 181 66 43 239 
Bin 4: 40 50 36 150 51 116 
Bin 5: 79 122 197 249 34 176 233 
Bin 6: 163 28 47 117 195 139 
Bin 7: 170 228 159 178 192 165 
Bin 8: 115 204 177 237 144 63 118 
Bin 9: 155 82 17 52 102 65 
Bin 10: 85 220 60 69 137 215 30 
Bin 11: 145 212 103 241 25 
Bin 12: 56 127 3 72 71 
Bin 13: 18 80 87 38 129 20 
Bin 14: 229 208 243 219 37 110 93 222 
Bin 15: 133 4 16 104 125 227 6 
Bin 16: 206 48 24 1 154 33 
Bin 17: 86 22 138 75 141 164 39 
Bin 18: 231 242 130 54 61 121 59 
Bin 19: 223 153 151 58 5 91 136 
Bin 20: 189 44 188 245 196 183 236 
Bin 21: 244 45 27 77 187 
Bin 22: 238 74 210 247 152 221 120 
Bin 23: 10 217 101 198 166 94 21 
Bin 24: 107 140 35 108 172 169 182 
Bin 25: 167 157 64 142 76 213 225 
Bin 26: 57 216 134 70 135 0 226 
Bin 27: 200 13 19 162 209 114 147 
Bin 28: 232 32 105 42 67 161 
Bin 29: 143 73 123 224 68 49 201 
Bin 30: 214 175 194 246 160 124 
Bin 31: 248 171 29 89 11 8 126 
Bin 32: 15 179 62 53 128 156 
Bin 33: 23 78 184 148 218 113 
Bin 34: 132 173 205 230 168 
Bin 35: 98 92 96 174 240 55 
Bin 36: 81 26 146 90 149 
Bin 37: 106 46 84 207 186 14 
Bin 38: 131 203 95 97 109 180 
