# Objective: 80
# Time: 64.9471
# Feasible: 1
# Solution:
Bin 0: 238 469 466 102 252 50 56 
Bin 1: 163 296 153 2 68 135 401 47 
Bin 2: 151 119 142 451 306 353 
Bin 3: 38 137 308 366 170 342 35 
Bin 4: 359 187 186 11 127 240 221 
Bin 5: 150 204 92 332 130 291 118 
Bin 6: 111 433 293 123 133 477 
Bin 7: 400 427 146 58 434 96 
Bin 8: 310 247 75 243 484 70 16 304 
Bin 9: 331 78 30 188 22 449 438 
Bin 10: 64 258 110 463 383 248 348 
Bin 11: 307 365 227 114 164 67 72 184 
Bin 12: 472 339 470 254 246 455 485 
Bin 13: 303 138 324 363 106 241 458 
Bin 14: 301 292 177 166 84 475 
Bin 15: 425 261 201 85 20 
Bin 16: 212 265 230 249 490 69 496 214 
Bin 17: 171 337 311 392 217 162 
Bin 18: 71 473 448 389 169 374 236 
Bin 19: 98 49 495 452 34 
Bin 20: 375 104 287 461 286 319 
Bin 21: 91 349 436 402 343 
Bin 22: 113 285 10 263 361 
Bin 23: 117 305 264 330 206 446 19 
Bin 24: 474 207 488 266 176 208 
Bin 25: 213 200 41 193 160 210 
Bin 26: 189 152 312 103 17 
Bin 27: 62 410 109 251 233 280 
Bin 28: 18 42 33 384 52 132 
Bin 29: 37 317 155 354 326 275 54 
Bin 30: 182 288 211 321 141 444 224 
Bin 31: 121 499 309 202 148 442 
Bin 32: 205 185 194 256 322 453 482 167 
Bin 33: 218 76 423 95 447 295 
Bin 34: 15 57 149 414 83 215 471 
Bin 35: 222 209 493 180 378 356 198 
Bin 36: 26 183 323 439 282 59 269 
Bin 37: 199 89 262 139 196 93 
Bin 38: 124 435 479 0 115 483 32 
Bin 39: 300 120 445 279 268 165 25 
Bin 40: 276 396 441 281 73 355 168 
Bin 41: 29 380 336 23 100 253 450 
Bin 42: 79 481 408 245 3 420 
Bin 43: 464 388 334 21 154 
Bin 44: 467 90 174 234 65 404 
Bin 45: 231 385 468 417 97 157 
Bin 46: 31 255 175 273 454 
Bin 47: 80 413 340 407 145 191 421 
Bin 48: 338 143 271 129 44 395 60 
Bin 49: 390 368 405 386 418 192 161 
Bin 50: 126 289 86 159 55 
Bin 51: 459 74 335 399 316 
Bin 52: 460 101 476 347 465 225 131 
Bin 53: 99 24 419 237 318 228 
Bin 54: 341 346 128 87 81 486 
Bin 55: 302 344 315 360 259 45 
Bin 56: 387 437 350 397 364 352 108 
Bin 57: 172 367 494 43 298 147 
Bin 58: 5 226 53 283 39 242 
Bin 59: 195 272 267 382 412 328 
Bin 60: 398 12 158 379 489 13 
Bin 61: 116 122 403 357 370 77 
Bin 62: 178 462 88 424 498 173 
Bin 63: 411 428 277 313 297 
Bin 64: 4 329 432 284 406 
Bin 65: 66 456 156 394 107 443 
Bin 66: 478 40 345 358 314 440 
Bin 67: 351 457 274 190 373 393 
Bin 68: 362 36 372 7 9 8 
Bin 69: 299 371 94 144 216 61 
Bin 70: 426 415 235 181 369 376 391 
Bin 71: 136 422 333 294 220 229 239 
Bin 72: 381 409 179 46 320 197 
Bin 73: 140 6 14 112 232 1 
Bin 74: 290 270 480 430 51 
Bin 75: 491 244 63 203 377 
Bin 76: 223 48 416 82 327 
Bin 77: 105 431 219 134 250 
Bin 78: 260 125 497 257 28 492 
Bin 79: 325 278 429 487 27 
