# Objective: 170
# Time: 3103.58
# Feasible: 1
# Solution:
Bin 0: 821 269 888 492 119 134 
Bin 1: 583 375 781 900 250 861 
Bin 2: 513 454 24 657 796 109 706 
Bin 3: 790 840 260 113 663 
Bin 4: 50 969 188 737 805 
Bin 5: 226 746 396 928 578 759 
Bin 6: 974 710 926 84 810 567 
Bin 7: 273 500 575 726 16 
Bin 8: 889 357 786 389 141 566 
Bin 9: 333 919 586 739 986 
Bin 10: 103 61 871 542 195 287 622 
Bin 11: 200 701 297 285 425 588 761 
Bin 12: 350 168 562 30 644 
Bin 13: 288 897 523 793 972 766 
Bin 14: 391 705 34 771 638 436 
Bin 15: 953 267 402 486 626 613 
Bin 16: 864 108 848 413 
Bin 17: 581 35 553 809 803 
Bin 18: 291 734 53 83 6 
Bin 19: 908 341 661 228 388 
Bin 20: 360 68 964 925 386 
Bin 21: 455 921 407 731 340 923 886 
Bin 22: 380 395 687 866 930 102 
Bin 23: 52 480 800 478 551 
Bin 24: 56 675 71 248 975 376 788 
Bin 25: 261 328 381 603 72 723 927 
Bin 26: 420 617 367 639 416 406 
Bin 27: 167 982 329 104 905 404 237 
Bin 28: 560 768 625 203 365 214 742 
Bin 29: 41 462 143 628 322 855 270 
Bin 30: 65 466 966 730 947 896 372 
Bin 31: 216 461 301 693 592 827 
Bin 32: 911 205 548 532 694 
Bin 33: 973 636 845 210 206 
Bin 34: 520 606 212 430 579 173 
Bin 35: 427 215 515 708 621 851 
Bin 36: 92 118 691 589 385 
Bin 37: 630 874 580 219 998 841 801 
Bin 38: 857 769 171 576 262 685 
Bin 39: 224 643 411 12 483 152 725 
Bin 40: 511 944 415 512 983 533 
Bin 41: 91 10 877 67 132 779 954 
Bin 42: 850 125 393 922 950 
Bin 43: 331 161 757 338 753 915 942 
Bin 44: 660 683 346 745 178 497 
Bin 45: 792 967 33 904 607 242 0 
Bin 46: 528 316 456 97 946 42 
Bin 47: 324 477 778 398 280 450 
Bin 48: 529 93 27 37 570 653 
Bin 49: 189 252 452 668 147 47 484 
Bin 50: 552 620 968 307 884 276 
Bin 51: 962 525 640 476 934 
Bin 52: 57 485 165 25 95 
Bin 53: 728 749 144 732 343 
Bin 54: 808 197 76 717 556 
Bin 55: 311 526 229 892 36 684 747 784 
Bin 56: 115 716 852 444 791 
Bin 57: 247 286 501 272 366 
Bin 58: 85 422 31 390 995 616 
Bin 59: 524 664 337 172 878 565 
Bin 60: 86 186 510 45 379 549 
Bin 61: 676 822 99 255 292 
Bin 62: 913 44 449 764 836 941 
Bin 63: 196 787 853 163 571 290 
Bin 64: 110 481 421 748 469 282 
Bin 65: 601 735 815 160 854 428 148 
Bin 66: 957 505 58 994 347 
Bin 67: 8 920 70 600 387 597 
Bin 68: 535 631 209 233 971 
Bin 69: 392 79 369 397 596 711 
Bin 70: 239 299 830 813 546 435 
Bin 71: 352 345 772 789 96 530 647 
Bin 72: 66 133 5 309 651 642 773 
Bin 73: 18 682 758 698 670 493 
Bin 74: 720 907 136 906 7 990 
Bin 75: 976 117 156 459 69 465 
Bin 76: 453 283 194 207 903 55 
Bin 77: 296 804 429 472 176 863 
Bin 78: 17 780 28 846 540 
Bin 79: 981 82 629 129 87 289 666 
Bin 80: 544 364 479 146 818 284 
Bin 81: 959 918 441 545 554 198 
Bin 82: 175 166 463 308 602 
Bin 83: 246 714 713 401 305 114 
Bin 84: 949 608 310 655 275 
Bin 85: 715 235 937 777 138 266 
Bin 86: 351 208 342 610 774 729 
Bin 87: 257 13 399 823 419 632 
Bin 88: 958 722 499 460 939 304 
Bin 89: 199 153 509 191 555 
Bin 90: 467 302 965 681 177 349 
Bin 91: 843 155 539 230 131 
Bin 92: 124 128 193 135 384 321 536 
Bin 93: 686 403 887 943 185 
Bin 94: 893 798 434 59 94 
Bin 95: 712 750 241 335 106 582 591 
Bin 96: 489 150 755 704 980 
Bin 97: 879 862 508 867 
Bin 98: 587 101 619 751 120 
Bin 99: 590 847 243 2 931 978 
Bin 100: 184 433 667 231 767 
Bin 101: 74 418 844 204 498 
Bin 102: 73 678 839 317 961 
Bin 103: 993 383 709 440 170 281 116 
Bin 104: 474 872 187 680 318 
Bin 105: 130 473 765 438 802 
Bin 106: 274 279 662 179 88 898 
Bin 107: 221 348 158 873 992 159 
Bin 108: 916 220 719 264 336 
Bin 109: 319 122 181 315 293 
Bin 110: 534 504 521 382 929 89 
Bin 111: 656 265 537 894 11 400 
Bin 112: 495 258 154 522 363 
Bin 113: 599 832 169 756 46 652 
Bin 114: 697 442 633 799 417 885 253 
Bin 115: 695 891 217 410 354 48 43 
Bin 116: 361 825 507 828 263 645 502 
Bin 117: 557 963 38 424 457 917 
Bin 118: 256 249 649 39 569 721 985 139 
Bin 119: 162 754 121 860 
Bin 120: 183 49 140 979 763 858 259 378 
Bin 121: 123 880 268 634 890 881 585 
Bin 122: 244 213 225 64 358 
Bin 123: 741 409 356 899 298 
Bin 124: 227 869 470 833 775 902 
Bin 125: 373 940 332 970 374 
Bin 126: 531 105 609 232 111 
Bin 127: 541 577 984 702 494 637 
Bin 128: 448 538 895 550 
Bin 129: 394 738 824 960 182 40 277 
Bin 130: 559 724 835 471 15 
Bin 131: 991 482 909 149 690 
Bin 132: 491 673 856 294 838 641 414 
Bin 133: 688 752 464 945 490 679 107 806 
Bin 134: 834 665 487 671 
Bin 135: 794 320 650 437 192 20 
Bin 136: 605 238 527 98 743 330 
Bin 137: 811 23 201 370 408 956 635 
Bin 138: 699 240 254 819 475 564 
Bin 139: 727 987 868 
Bin 140: 826 870 423 447 820 
Bin 141: 80 90 558 952 865 
Bin 142: 496 223 882 783 933 
Bin 143: 696 627 770 516 514 604 
Bin 144: 989 547 439 323 21 202 
Bin 145: 700 914 112 543 572 
Bin 146: 595 648 312 180 22 677 
Bin 147: 623 762 32 812 503 
Bin 148: 412 707 612 29 506 703 669 
Bin 149: 451 51 78 659 718 432 932 
Bin 150: 584 368 359 574 797 936 901 236 
Bin 151: 837 573 145 935 744 303 
Bin 152: 190 137 618 4 951 
Bin 153: 63 3 658 692 776 561 849 
Bin 154: 488 955 760 157 924 
Bin 155: 568 912 518 271 948 883 829 
Bin 156: 997 100 222 458 646 831 
Bin 157: 151 314 689 817 782 
Bin 158: 740 81 344 426 593 62 1 999 
Bin 159: 377 517 371 938 468 54 
Bin 160: 519 814 594 211 339 
Bin 161: 624 405 14 245 362 598 446 
Bin 162: 218 736 988 816 306 842 
Bin 163: 910 614 126 334 445 127 
Bin 164: 785 295 26 326 674 733 672 
Bin 165: 251 75 174 327 876 443 
Bin 166: 615 654 164 996 355 431 977 
Bin 167: 795 875 611 300 142 278 
Bin 168: 19 9 234 859 60 807 
Bin 169: 325 313 563 353 77 
