# Objective: 39
# Time: 7.47334
# Feasible: 1
# Solution:
Bin 0: 3 148 110 217 182 150 77 
Bin 1: 108 99 17 212 29 45 16 
Bin 2: 235 76 0 239 201 126 64 
Bin 3: 143 52 129 190 237 213 
Bin 4: 248 130 243 184 174 178 199 
Bin 5: 46 219 91 194 187 165 
Bin 6: 176 215 234 186 51 68 
Bin 7: 42 128 192 140 102 196 
Bin 8: 27 155 104 23 242 159 144 
Bin 9: 205 40 78 84 141 22 
Bin 10: 111 153 8 227 73 15 
Bin 11: 74 138 56 116 224 179 175 
Bin 12: 245 94 169 240 47 63 71 
Bin 13: 32 208 105 24 7 177 
Bin 14: 127 86 37 135 2 70 93 
Bin 15: 131 112 232 238 163 142 9 193 
Bin 16: 133 188 162 75 21 249 101 
Bin 17: 171 122 25 85 139 87 61 
Bin 18: 180 167 106 109 154 230 195 
Bin 19: 18 121 244 231 114 36 
Bin 20: 236 82 137 59 156 168 125 
Bin 21: 200 146 202 6 48 119 185 
Bin 22: 117 50 54 53 55 107 233 
Bin 23: 28 183 226 67 4 149 57 170 
Bin 24: 43 90 69 123 209 210 38 
Bin 25: 14 197 191 65 181 83 206 
Bin 26: 152 118 164 189 100 241 
Bin 27: 223 13 173 228 229 88 89 
Bin 28: 81 66 98 19 132 145 1 
Bin 29: 218 41 113 115 5 216 151 
Bin 30: 49 35 31 134 157 
Bin 31: 221 120 11 34 160 
Bin 32: 10 95 62 72 204 207 
Bin 33: 79 214 60 12 222 97 
Bin 34: 198 225 20 44 26 
Bin 35: 124 246 220 203 147 33 
Bin 36: 103 92 211 166 161 158 
Bin 37: 172 39 96 136 30 
Bin 38: 247 80 58 
