# Objective: 19
# Time: 3.414
# Feasible: 1
# Solution:
Bin 0: 112 42 69 22 116 
Bin 1: 111 23 7 80 82 24 32 
Bin 2: 104 39 83 79 0 49 3 53 
Bin 3: 75 8 21 19 28 29 57 
Bin 4: 46 62 85 109 47 14 
Bin 5: 17 56 61 119 59 54 43 
Bin 6: 68 33 44 73 92 106 31 
Bin 7: 20 72 35 76 11 100 
Bin 8: 15 103 86 115 108 77 
Bin 9: 13 88 27 9 63 
Bin 10: 66 95 74 91 71 38 
Bin 11: 102 97 78 87 36 98 
Bin 12: 41 94 99 12 48 65 52 
Bin 13: 4 105 6 34 101 113 25 
Bin 14: 40 64 30 110 96 89 
Bin 15: 114 84 93 107 70 1 
Bin 16: 50 26 117 45 60 
Bin 17: 37 18 90 118 55 5 
Bin 18: 81 51 16 2 67 10 58 
