# Objective: 98
# Time: 94.159
# Feasible: 1
# Solution:
Bin 0: 489 488 122 116 115 118 
Bin 1: 453 173 282 432 471 
Bin 2: 377 19 241 47 20 
Bin 3: 50 72 349 182 159 
Bin 4: 83 430 266 363 142 
Bin 5: 188 434 278 380 466 244 
Bin 6: 405 470 401 164 149 221 
Bin 7: 336 275 198 224 58 
Bin 8: 181 132 48 10 445 
Bin 9: 53 203 484 88 252 
Bin 10: 139 158 433 315 152 
Bin 11: 311 186 495 2 288 440 
Bin 12: 220 316 126 451 391 
Bin 13: 28 178 205 383 345 
Bin 14: 217 111 97 247 283 
Bin 15: 41 145 147 465 163 
Bin 16: 468 51 259 384 
Bin 17: 206 60 242 319 376 
Bin 18: 340 435 128 473 106 170 
Bin 19: 27 235 424 423 
Bin 20: 271 382 162 141 346 
Bin 21: 171 309 229 230 490 
Bin 22: 78 374 226 413 249 293 
Bin 23: 412 460 318 356 
Bin 24: 127 180 36 395 483 
Bin 25: 190 140 348 136 223 303 
Bin 26: 6 317 238 169 422 
Bin 27: 237 124 95 199 192 
Bin 28: 298 409 353 323 485 
Bin 29: 479 313 367 137 421 496 
Bin 30: 414 438 325 392 
Bin 31: 227 94 193 269 
Bin 32: 360 491 447 450 426 277 
Bin 33: 183 339 268 211 11 
Bin 34: 17 381 74 370 109 436 
Bin 35: 45 202 289 91 35 326 
Bin 36: 497 366 334 195 130 
Bin 37: 26 98 464 174 1 322 
Bin 38: 321 403 117 312 449 
Bin 39: 204 286 239 121 179 86 
Bin 40: 103 67 81 157 324 292 
Bin 41: 102 305 330 365 
Bin 42: 70 29 481 87 85 
Bin 43: 236 22 213 90 354 99 
Bin 44: 9 253 454 233 254 64 
Bin 45: 477 3 12 371 
Bin 46: 431 187 15 197 342 368 306 
Bin 47: 281 131 21 385 369 216 
Bin 48: 314 228 62 274 248 
Bin 49: 176 417 82 257 307 362 
Bin 50: 79 153 452 448 
Bin 51: 34 209 0 18 93 135 
Bin 52: 375 359 463 75 418 46 
Bin 53: 364 5 459 89 441 
Bin 54: 408 457 333 344 429 343 
Bin 55: 55 262 225 472 
Bin 56: 338 378 299 332 
Bin 57: 480 129 428 251 245 
Bin 58: 398 100 143 66 373 
Bin 59: 411 280 443 400 270 444 
Bin 60: 437 256 351 393 114 
Bin 61: 207 357 265 273 219 
Bin 62: 175 59 297 25 119 
Bin 63: 486 201 184 264 210 255 
Bin 64: 487 194 461 200 40 296 
Bin 65: 498 258 388 234 462 263 
Bin 66: 107 456 24 150 287 
Bin 67: 439 77 240 108 267 
Bin 68: 291 294 232 68 
Bin 69: 304 161 125 218 160 4 
Bin 70: 320 419 61 350 250 
Bin 71: 151 499 123 185 80 300 
Bin 72: 329 358 442 166 
Bin 73: 33 23 415 31 7 30 
Bin 74: 105 133 260 272 8 112 
Bin 75: 361 347 416 420 
Bin 76: 493 69 425 475 138 231 290 
Bin 77: 38 148 43 386 168 
Bin 78: 402 63 276 156 167 494 
Bin 79: 39 285 56 65 390 
Bin 80: 328 177 310 101 389 
Bin 81: 42 96 407 
Bin 82: 76 482 458 
Bin 83: 49 73 455 110 284 
Bin 84: 474 54 446 37 113 372 
Bin 85: 302 397 13 104 146 
Bin 86: 469 379 155 246 92 
Bin 87: 215 71 327 337 52 
Bin 88: 189 165 154 478 352 
Bin 89: 172 57 476 341 492 261 
Bin 90: 191 44 214 467 
Bin 91: 295 410 
Bin 92: 404 134 212 144 
Bin 93: 196 279 399 406 
Bin 94: 355 427 14 32 16 
Bin 95: 308 396 335 84 
Bin 96: 387 394 331 
Bin 97: 301 243 120 222 208 
