# Objective: 75
# Time: 42.1539
# Feasible: 1
# Solution:
Bin 0: 102 183 375 91 282 493 66 
Bin 1: 290 190 390 125 243 178 384 
Bin 2: 163 456 56 237 177 28 268 303 
Bin 3: 78 351 325 184 64 426 372 
Bin 4: 193 22 454 326 449 437 93 222 
Bin 5: 433 246 264 466 255 25 386 421 
Bin 6: 57 116 122 230 379 298 236 
Bin 7: 317 257 407 252 133 129 
Bin 8: 391 453 226 124 169 170 
Bin 9: 301 234 376 402 342 299 81 
Bin 10: 40 152 21 41 44 273 441 
Bin 11: 241 382 134 175 251 417 
Bin 12: 221 302 224 455 188 332 260 
Bin 13: 337 315 1 488 13 451 154 
Bin 14: 26 84 113 145 429 271 467 
Bin 15: 144 214 85 339 100 399 309 
Bin 16: 434 60 281 19 410 6 217 478 
Bin 17: 149 61 444 297 86 363 109 280 
Bin 18: 199 400 68 120 215 168 
Bin 19: 232 192 89 343 416 20 438 
Bin 20: 88 30 228 305 287 272 
Bin 21: 477 311 462 406 388 378 140 
Bin 22: 200 396 59 67 53 338 490 387 229 
Bin 23: 15 447 364 37 333 483 328 55 
Bin 24: 385 395 11 131 216 207 238 459 
Bin 25: 12 397 121 211 412 225 
Bin 26: 312 205 499 5 419 47 331 
Bin 27: 423 427 464 494 413 107 198 
Bin 28: 394 408 220 318 245 296 
Bin 29: 97 39 174 158 138 470 
Bin 30: 450 136 95 52 418 112 
Bin 31: 354 128 468 218 29 341 324 
Bin 32: 334 187 295 319 369 357 104 
Bin 33: 146 150 204 313 345 166 460 
Bin 34: 119 366 148 33 440 159 
Bin 35: 320 308 143 381 24 176 
Bin 36: 469 323 288 141 213 
Bin 37: 404 367 487 253 209 392 63 
Bin 38: 463 27 223 162 465 446 498 16 
Bin 39: 497 310 492 103 300 
Bin 40: 80 72 242 172 123 8 
Bin 41: 373 321 263 432 389 443 293 130 
Bin 42: 189 9 250 108 38 370 377 
Bin 43: 10 147 479 48 65 164 
Bin 44: 101 448 126 294 486 160 424 355 
Bin 45: 45 70 73 261 195 
Bin 46: 219 54 329 3 393 262 307 
Bin 47: 92 99 206 114 353 340 428 286 
Bin 48: 186 405 304 452 425 346 
Bin 49: 82 292 276 79 50 227 
Bin 50: 96 314 14 265 51 157 256 
Bin 51: 436 279 137 269 248 69 461 
Bin 52: 94 197 43 179 173 420 
Bin 53: 32 235 401 322 306 361 117 284 
Bin 54: 127 481 414 439 259 473 475 
Bin 55: 161 202 485 233 472 115 
Bin 56: 316 330 139 445 90 344 
Bin 57: 194 135 132 489 23 35 
Bin 58: 476 167 142 110 7 474 
Bin 59: 347 368 196 180 270 201 46 
Bin 60: 4 480 422 266 118 442 
Bin 61: 278 274 247 185 155 275 
Bin 62: 77 362 348 98 335 111 380 
Bin 63: 356 191 83 359 231 244 75 31 
Bin 64: 258 482 383 411 349 254 
Bin 65: 171 74 165 181 289 409 291 49 
Bin 66: 208 350 212 210 327 
Bin 67: 352 87 398 34 76 431 
Bin 68: 105 240 267 36 496 
Bin 69: 182 71 62 153 495 58 17 
Bin 70: 283 371 2 239 458 491 360 
Bin 71: 336 403 249 151 484 365 
Bin 72: 430 285 358 457 374 
Bin 73: 106 277 42 18 203 
Bin 74: 471 435 0 156 415 
