# Objective: 39
# Time: 9.57299
# Feasible: 1
# Solution:
Bin 0: 112 176 51 232 33 243 231 
Bin 1: 223 13 132 104 48 148 
Bin 2: 161 1 154 76 180 142 
Bin 3: 82 171 108 186 71 99 52 
Bin 4: 124 162 118 79 22 
Bin 5: 149 203 4 200 102 126 120 
Bin 6: 155 6 106 190 21 140 117 
Bin 7: 211 44 187 202 152 213 
Bin 8: 178 54 121 181 23 227 
Bin 9: 58 92 87 129 226 89 248 
Bin 10: 209 146 96 218 111 214 
Bin 11: 228 40 195 159 115 42 196 
Bin 12: 84 103 45 147 47 
Bin 13: 163 133 67 225 160 168 242 
Bin 14: 224 247 9 153 169 215 170 
Bin 15: 150 138 38 97 143 90 5 174 
Bin 16: 18 56 70 122 166 233 
Bin 17: 208 157 194 28 151 229 206 
Bin 18: 205 239 10 34 94 175 240 72 
Bin 19: 24 197 125 236 101 57 184 
Bin 20: 114 83 128 50 62 131 
Bin 21: 137 43 144 107 230 167 145 65 
Bin 22: 245 14 32 188 37 189 
Bin 23: 19 8 95 12 238 81 
Bin 24: 185 204 55 109 198 
Bin 25: 7 192 177 172 60 165 36 49 
Bin 26: 105 164 78 11 31 66 
Bin 27: 73 20 75 25 234 
Bin 28: 173 222 15 69 110 235 
Bin 29: 29 3 68 98 199 141 221 
Bin 30: 35 16 244 237 116 0 
Bin 31: 219 249 77 207 156 130 61 
Bin 32: 59 241 158 53 2 85 
Bin 33: 74 210 80 63 17 41 88 
Bin 34: 93 91 127 113 64 
Bin 35: 212 139 39 26 46 135 
Bin 36: 183 123 201 136 30 86 100 
Bin 37: 191 246 217 119 27 
Bin 38: 134 182 193 220 216 179 
