# Objective: 18
# Time: 3.08395
# Feasible: 1
# Solution:
Bin 0: 114 31 72 89 48 66 45 
Bin 1: 30 44 96 42 115 86 53 6 
Bin 2: 88 70 28 36 82 76 37 116 
Bin 3: 64 29 85 80 25 14 41 
Bin 4: 56 67 63 18 9 113 34 
Bin 5: 13 23 54 12 17 117 46 75 
Bin 6: 39 43 38 8 60 
Bin 7: 84 2 27 35 20 5 
Bin 8: 62 47 99 52 10 
Bin 9: 100 21 77 102 26 107 40 4 
Bin 10: 110 22 83 109 55 24 79 
Bin 11: 105 16 19 69 119 103 71 
Bin 12: 87 68 73 11 57 118 32 
Bin 13: 90 65 92 98 94 95 
Bin 14: 101 97 15 74 50 
Bin 15: 81 49 59 51 108 106 3 
Bin 16: 91 78 33 111 1 112 
Bin 17: 58 7 61 104 93 0 
