# Objective: 187
# Time: 661.168
# Feasible: 1
# Solution:
Bin 0: 652 599 702 142 197 
Bin 1: 701 322 903 727 97 283 
Bin 2: 27 223 184 982 670 390 
Bin 3: 91 65 118 442 496 
Bin 4: 818 400 712 474 649 139 
Bin 5: 841 821 634 310 617 493 
Bin 6: 356 467 431 917 914 
Bin 7: 344 805 715 325 940 794 
Bin 8: 327 44 786 693 96 
Bin 9: 418 549 962 75 421 705 
Bin 10: 287 277 205 820 292 994 
Bin 11: 930 362 719 915 877 
Bin 12: 970 404 782 960 949 
Bin 13: 605 566 299 4 812 238 
Bin 14: 319 888 427 69 582 
Bin 15: 367 121 422 537 32 
Bin 16: 357 181 849 625 677 
Bin 17: 799 286 616 133 158 
Bin 18: 694 819 721 316 66 
Bin 19: 15 445 897 46 81 
Bin 20: 507 122 270 470 439 
Bin 21: 273 370 203 429 355 417 
Bin 22: 891 578 144 738 89 635 
Bin 23: 501 411 736 345 218 
Bin 24: 159 692 830 911 749 
Bin 25: 879 85 174 451 674 33 
Bin 26: 847 526 255 337 532 
Bin 27: 29 729 995 171 889 369 230 
Bin 28: 410 506 195 936 90 444 
Bin 29: 700 186 513 748 645 846 
Bin 30: 492 798 67 559 94 746 
Bin 31: 972 200 145 336 308 
Bin 32: 961 868 504 26 256 900 37 
Bin 33: 17 103 326 219 328 
Bin 34: 282 127 544 55 528 803 
Bin 35: 927 148 783 415 
Bin 36: 359 622 50 810 839 
Bin 37: 541 554 246 585 295 610 
Bin 38: 443 612 172 92 983 
Bin 39: 687 691 136 117 706 
Bin 40: 730 232 669 113 389 
Bin 41: 61 896 361 226 403 293 
Bin 42: 63 221 509 614 680 288 
Bin 43: 683 942 575 423 864 558 
Bin 44: 606 996 833 718 300 588 
Bin 45: 76 284 542 483 
Bin 46: 908 6 723 297 111 
Bin 47: 671 5 678 600 764 294 
Bin 48: 766 24 341 860 
Bin 49: 119 894 817 579 395 
Bin 50: 586 519 350 263 128 
Bin 51: 458 615 155 471 
Bin 52: 36 734 773 201 
Bin 53: 385 324 518 814 795 98 
Bin 54: 30 182 716 257 116 
Bin 55: 574 688 906 43 663 843 
Bin 56: 68 210 708 241 456 497 
Bin 57: 373 796 167 1 
Bin 58: 971 260 261 952 985 
Bin 59: 266 916 944 871 150 
Bin 60: 259 564 648 548 
Bin 61: 658 728 590 343 176 
Bin 62: 339 332 516 745 57 
Bin 63: 424 468 591 666 975 268 
Bin 64: 12 640 464 859 484 224 
Bin 65: 638 887 759 401 278 924 
Bin 66: 406 137 371 672 689 368 448 
Bin 67: 228 469 822 304 862 
Bin 68: 789 874 498 946 991 967 
Bin 69: 752 711 769 178 831 
Bin 70: 525 760 885 802 965 
Bin 71: 521 478 660 153 535 441 
Bin 72: 58 613 977 520 351 895 
Bin 73: 489 388 928 82 536 
Bin 74: 459 14 392 245 545 969 
Bin 75: 953 22 168 551 954 
Bin 76: 968 430 787 698 676 
Bin 77: 64 179 835 298 412 35 
Bin 78: 225 156 726 858 771 530 
Bin 79: 457 974 826 274 853 675 
Bin 80: 275 907 120 627 659 21 695 
Bin 81: 950 348 208 453 816 
Bin 82: 363 774 302 49 365 
Bin 83: 561 110 604 462 563 
Bin 84: 206 378 757 309 416 
Bin 85: 777 929 364 214 311 823 
Bin 86: 346 229 878 157 629 199 
Bin 87: 138 722 479 776 386 
Bin 88: 628 704 522 529 938 314 
Bin 89: 607 7 865 902 100 271 
Bin 90: 212 892 102 198 668 112 
Bin 91: 132 62 162 161 115 
Bin 92: 546 569 104 910 461 
Bin 93: 989 165 183 922 644 828 
Bin 94: 593 979 435 107 80 
Bin 95: 714 763 661 650 51 
Bin 96: 973 872 196 597 806 
Bin 97: 598 248 329 538 731 
Bin 98: 220 993 667 258 372 583 
Bin 99: 918 829 834 330 188 
Bin 100: 976 697 664 269 740 
Bin 101: 514 487 11 452 375 
Bin 102: 396 409 398 169 641 543 20 
Bin 103: 825 149 440 74 109 449 
Bin 104: 78 762 943 216 301 
Bin 105: 785 87 191 500 101 807 
Bin 106: 720 384 253 134 192 
Bin 107: 880 926 143 393 511 331 
Bin 108: 215 160 419 320 852 964 321 
Bin 109: 190 141 349 696 854 665 
Bin 110: 643 279 249 539 553 454 
Bin 111: 621 623 305 602 290 
Bin 112: 413 185 402 481 707 233 
Bin 113: 207 428 631 71 426 921 534 935 
Bin 114: 523 844 699 966 407 383 
Bin 115: 379 767 580 503 999 38 
Bin 116: 656 845 170 175 303 
Bin 117: 855 957 857 234 505 
Bin 118: 510 945 34 154 280 710 
Bin 119: 584 899 202 254 837 73 
Bin 120: 990 193 681 163 768 
Bin 121: 913 651 577 925 243 601 
Bin 122: 955 354 434 135 608 
Bin 123: 0 19 436 571 16 912 
Bin 124: 779 217 289 9 939 788 630 
Bin 125: 875 576 893 187 3 
Bin 126: 352 556 358 581 39 
Bin 127: 963 472 54 353 883 
Bin 128: 99 235 572 713 502 
Bin 129: 654 772 244 318 838 
Bin 130: 792 959 997 941 177 703 
Bin 131: 573 512 164 876 438 
Bin 132: 813 53 13 850 437 147 
Bin 133: 313 25 684 397 83 
Bin 134: 557 482 753 473 863 
Bin 135: 884 114 951 869 540 52 986 
Bin 136: 239 741 306 742 56 
Bin 137: 905 173 754 485 592 
Bin 138: 79 956 466 750 775 
Bin 139: 781 603 10 861 40 662 
Bin 140: 998 495 41 340 
Bin 141: 873 620 42 851 317 
Bin 142: 808 886 765 685 567 
Bin 143: 140 791 420 524 2 
Bin 144: 45 476 636 475 882 
Bin 145: 568 682 93 189 755 751 323 
Bin 146: 8 800 531 756 560 
Bin 147: 432 801 211 477 587 646 382 
Bin 148: 832 227 937 95 780 686 
Bin 149: 981 129 86 296 609 
Bin 150: 391 958 761 377 
Bin 151: 725 465 909 848 565 
Bin 152: 490 447 632 657 240 
Bin 153: 108 743 980 315 394 
Bin 154: 747 987 463 992 595 312 920 
Bin 155: 866 923 494 213 
Bin 156: 778 984 733 709 797 
Bin 157: 267 840 18 60 811 562 265 
Bin 158: 881 425 655 366 898 
Bin 159: 842 209 28 236 262 626 
Bin 160: 31 307 433 251 550 360 
Bin 161: 59 408 770 334 
Bin 162: 784 146 380 547 414 
Bin 163: 679 72 758 281 724 589 
Bin 164: 527 180 194 515 932 647 
Bin 165: 291 619 732 739 124 
Bin 166: 639 450 934 856 555 978 
Bin 167: 947 381 491 690 
Bin 168: 824 106 125 717 735 933 
Bin 169: 123 517 48 272 131 126 
Bin 170: 405 335 744 342 673 594 
Bin 171: 633 552 84 347 624 737 
Bin 172: 486 642 596 77 870 
Bin 173: 47 904 151 827 931 
Bin 174: 237 793 508 105 
Bin 175: 611 374 815 285 333 
Bin 176: 809 618 242 
Bin 177: 901 890 130 247 250 
Bin 178: 488 166 376 70 988 
Bin 179: 867 387 455 
Bin 180: 948 790 804 152 
Bin 181: 446 88 204 
Bin 182: 338 480 570 
Bin 183: 399 637 23 919 533 
Bin 184: 276 653 222 
Bin 185: 231 252 836 
Bin 186: 460 264 499 
