# Objective: 22
# Time: 2.99939
# Feasible: 1
# Solution:
Bin 0: 76 6 116 46 26 87 
Bin 1: 15 2 64 10 20 78 83 
Bin 2: 12 43 32 30 
Bin 3: 19 115 49 117 51 73 
Bin 4: 14 11 57 36 38 4 
Bin 5: 23 80 91 39 84 
Bin 6: 85 96 72 118 93 13 
Bin 7: 48 92 47 79 102 62 
Bin 8: 25 74 27 42 40 69 45 
Bin 9: 108 22 37 1 67 99 
Bin 10: 97 111 31 65 70 66 
Bin 11: 0 100 56 113 7 
Bin 12: 105 109 35 110 101 114 
Bin 13: 103 71 63 77 68 
Bin 14: 59 98 16 88 8 
Bin 15: 29 54 58 82 95 86 
Bin 16: 28 17 60 90 112 
Bin 17: 75 53 9 34 106 
Bin 18: 24 44 52 33 50 
Bin 19: 81 21 18 94 
Bin 20: 107 55 119 104 
Bin 21: 3 89 41 5 61 
