# Objective: 151
# Time: 307.584
# Feasible: 1
# Solution:
Bin 0: 257 811 949 148 384 163 657 
Bin 1: 778 28 241 409 995 223 128 
Bin 2: 283 173 763 54 92 165 13 741 534 210 
Bin 3: 245 342 635 565 74 453 
Bin 4: 58 34 879 169 881 108 700 
Bin 5: 607 812 228 414 636 676 
Bin 6: 962 590 834 340 457 650 
Bin 7: 664 394 629 15 274 
Bin 8: 543 341 12 232 627 971 752 
Bin 9: 247 57 201 759 95 487 184 
Bin 10: 592 51 530 683 233 337 544 
Bin 11: 263 88 820 596 9 424 
Bin 12: 870 734 277 691 376 738 
Bin 13: 588 186 36 568 914 195 392 900 
Bin 14: 927 276 119 625 432 310 
Bin 15: 399 786 647 226 497 585 513 
Bin 16: 496 803 551 278 849 
Bin 17: 316 537 50 190 221 406 
Bin 18: 868 250 491 587 875 367 
Bin 19: 732 775 693 662 140 450 
Bin 20: 860 304 807 558 73 
Bin 21: 679 41 38 107 109 16 965 
Bin 22: 826 390 618 871 974 889 
Bin 23: 580 472 172 698 696 11 381 
Bin 24: 535 473 198 553 212 858 519 
Bin 25: 418 829 931 795 421 555 211 
Bin 26: 264 672 325 170 363 179 80 663 
Bin 27: 87 366 42 792 132 518 158 
Bin 28: 989 202 976 290 987 983 327 
Bin 29: 600 938 583 682 718 896 940 
Bin 30: 17 977 581 542 96 690 736 
Bin 31: 124 360 923 764 319 515 236 520 
Bin 32: 459 890 866 628 352 960 864 
Bin 33: 336 103 639 174 339 312 
Bin 34: 229 985 168 33 133 81 841 72 94 
Bin 35: 785 14 215 205 135 240 589 
Bin 36: 153 926 332 216 774 405 
Bin 37: 248 915 296 654 500 762 448 
Bin 38: 758 556 443 784 838 287 286 750 844 
Bin 39: 909 576 440 614 307 146 
Bin 40: 649 192 224 514 456 
Bin 41: 260 566 294 313 939 721 482 
Bin 42: 908 481 265 82 708 594 
Bin 43: 373 225 234 213 282 727 
Bin 44: 892 760 446 442 642 380 
Bin 45: 397 667 237 164 251 6 
Bin 46: 273 961 861 460 799 79 
Bin 47: 197 328 916 805 85 563 289 
Bin 48: 999 603 485 502 40 160 934 
Bin 49: 797 975 577 941 715 175 335 
Bin 50: 55 387 470 791 431 43 854 831 183 
Bin 51: 125 920 466 739 151 924 137 986 416 
Bin 52: 670 461 180 749 659 779 357 
Bin 53: 417 686 796 804 661 
Bin 54: 665 876 798 599 242 945 631 
Bin 55: 863 529 102 488 503 288 
Bin 56: 928 843 528 63 468 434 46 
Bin 57: 867 239 963 298 279 464 86 
Bin 58: 709 621 220 990 746 531 398 1 
Bin 59: 853 271 907 359 214 959 
Bin 60: 910 536 449 200 330 754 894 
Bin 61: 842 477 865 462 70 610 827 
Bin 62: 293 382 353 765 874 917 356 
Bin 63: 45 315 187 835 567 574 
Bin 64: 638 640 374 521 423 888 692 
Bin 65: 595 776 623 454 850 846 269 
Bin 66: 701 297 207 292 901 115 
Bin 67: 403 188 56 713 27 371 501 
Bin 68: 955 161 422 922 433 707 
Bin 69: 171 4 159 89 209 675 22 136 
Bin 70: 862 272 69 474 951 451 616 
Bin 71: 857 830 524 47 678 559 480 
Bin 72: 111 622 104 61 936 344 118 
Bin 73: 787 24 964 127 411 704 
Bin 74: 10 84 897 680 992 
Bin 75: 789 783 956 646 64 641 106 
Bin 76: 689 253 817 458 991 886 379 
Bin 77: 550 633 756 318 408 492 946 
Bin 78: 39 702 365 717 591 919 694 
Bin 79: 895 699 428 856 882 685 2 
Bin 80: 952 217 815 126 254 301 338 
Bin 81: 246 284 602 311 255 578 943 604 
Bin 82: 839 716 808 561 582 984 199 
Bin 83: 509 329 18 150 947 790 878 562 608 
Bin 84: 302 194 145 653 76 632 350 
Bin 85: 166 730 697 634 913 349 178 306 
Bin 86: 766 554 354 516 20 658 25 
Bin 87: 904 368 400 517 389 343 
Bin 88: 68 921 375 395 97 710 218 
Bin 89: 182 21 911 720 630 711 979 540 
Bin 90: 703 345 291 143 569 361 777 
Bin 91: 655 113 998 770 429 705 966 505 
Bin 92: 141 455 933 930 101 31 
Bin 93: 619 832 465 728 695 768 899 
Bin 94: 378 903 637 859 112 435 
Bin 95: 26 238 557 997 885 122 
Bin 96: 484 305 822 396 674 737 
Bin 97: 898 549 322 512 185 
Bin 98: 467 902 656 527 809 873 617 
Bin 99: 249 571 645 504 235 
Bin 100: 688 877 0 355 970 438 419 
Bin 101: 53 837 370 142 988 723 
Bin 102: 231 793 114 445 545 447 393 677 
Bin 103: 66 522 475 761 299 
Bin 104: 726 560 771 813 144 624 669 
Bin 105: 123 935 564 479 193 
Bin 106: 615 648 275 660 687 308 401 
Bin 107: 612 743 386 751 593 533 526 
Bin 108: 71 880 261 643 333 
Bin 109: 300 773 167 724 48 362 
Bin 110: 757 714 252 742 548 427 
Bin 111: 138 154 222 77 948 121 
Bin 112: 969 314 918 139 149 280 
Bin 113: 60 883 67 884 772 800 
Bin 114: 552 840 83 98 570 823 510 
Bin 115: 767 407 572 62 227 626 
Bin 116: 346 270 681 912 541 7 
Bin 117: 755 320 391 722 93 494 845 
Bin 118: 176 925 383 129 887 958 
Bin 119: 644 331 358 204 996 321 
Bin 120: 833 994 532 706 937 972 
Bin 121: 471 439 769 75 258 982 
Bin 122: 191 44 855 388 259 372 597 117 37 
Bin 123: 575 495 523 508 369 463 
Bin 124: 452 385 196 740 230 489 
Bin 125: 579 203 426 410 120 816 
Bin 126: 744 666 317 668 780 981 725 
Bin 127: 157 155 323 942 586 735 
Bin 128: 848 469 152 712 620 181 5 
Bin 129: 957 747 243 324 525 802 584 309 
Bin 130: 847 189 490 364 430 
Bin 131: 546 733 609 441 729 116 598 
Bin 132: 993 893 814 91 19 219 162 59 444 819 
Bin 133: 511 782 206 244 425 483 
Bin 134: 753 953 573 347 404 498 256 
Bin 135: 929 415 90 673 268 978 
Bin 136: 781 851 824 23 493 968 
Bin 137: 476 208 806 134 944 731 
Bin 138: 35 906 156 486 601 326 748 
Bin 139: 613 891 605 30 105 
Bin 140: 351 131 745 980 130 905 99 
Bin 141: 303 611 262 437 110 78 
Bin 142: 684 295 869 967 52 
Bin 143: 652 954 651 436 671 499 
Bin 144: 8 478 100 810 402 377 
Bin 145: 281 788 973 852 825 267 
Bin 146: 828 348 801 794 506 539 
Bin 147: 177 836 32 285 147 507 
Bin 148: 719 3 547 932 49 334 872 
Bin 149: 266 821 950 818 538 412 
Bin 150: 606 65 420 413 29 
