# Objective: 38
# Time: 5.04548
# Feasible: 1
# Solution:
Bin 0: 37 53 6 152 23 49 
Bin 1: 98 138 28 97 43 41 4 134 
Bin 2: 73 210 88 91 61 86 7 
Bin 3: 172 84 115 144 227 176 22 101 40 
Bin 4: 11 234 63 207 67 188 12 42 
Bin 5: 18 146 242 0 46 58 
Bin 6: 208 34 81 246 175 
Bin 7: 150 79 151 100 186 
Bin 8: 5 224 190 69 240 110 
Bin 9: 87 66 136 13 247 213 57 125 
Bin 10: 31 95 82 71 68 
Bin 11: 89 103 164 3 17 153 206 
Bin 12: 56 223 119 85 183 200 90 80 15 
Bin 13: 154 118 143 222 196 112 141 
Bin 14: 133 237 38 19 231 16 
Bin 15: 165 92 158 238 52 139 
Bin 16: 120 47 129 230 27 204 74 135 178 
Bin 17: 162 155 137 50 233 166 145 
Bin 18: 220 54 241 130 245 72 
Bin 19: 197 126 181 124 117 105 114 
Bin 20: 99 14 113 191 217 226 244 
Bin 21: 192 161 21 203 76 10 32 48 
Bin 22: 157 209 239 219 55 33 
Bin 23: 187 177 180 65 171 116 106 236 
Bin 24: 108 123 212 9 78 104 
Bin 25: 218 35 173 201 30 102 
Bin 26: 44 214 232 225 228 70 
Bin 27: 148 184 20 182 109 149 169 
Bin 28: 160 122 195 60 83 36 
Bin 29: 1 121 77 96 127 93 
Bin 30: 142 156 45 147 75 8 
Bin 31: 26 198 59 107 199 51 
Bin 32: 221 111 64 243 159 24 25 
Bin 33: 2 163 170 235 132 
Bin 34: 229 249 179 215 140 131 
Bin 35: 193 189 216 39 202 
Bin 36: 128 194 94 29 174 
Bin 37: 211 185 168 205 248 62 167 
