# Objective: 156
# Time: 303.557
# Feasible: 1
# Solution:
Bin 0: 797 795 810 554 324 24 441 
Bin 1: 297 770 615 667 843 379 78 161 
Bin 2: 496 741 33 957 783 176 818 
Bin 3: 959 743 432 680 695 817 
Bin 4: 631 729 237 981 279 917 390 
Bin 5: 201 224 571 380 812 352 
Bin 6: 675 308 81 326 463 320 
Bin 7: 824 343 45 970 364 995 820 
Bin 8: 185 413 284 862 241 714 
Bin 9: 363 567 325 436 272 975 151 
Bin 10: 647 869 313 106 659 775 519 
Bin 11: 699 863 134 169 556 495 
Bin 12: 250 160 599 745 793 143 
Bin 13: 547 153 994 447 633 973 
Bin 14: 223 422 240 51 849 4 
Bin 15: 955 710 822 140 70 121 
Bin 16: 925 236 419 595 986 500 
Bin 17: 860 16 552 666 155 904 336 
Bin 18: 235 880 476 144 207 316 
Bin 19: 614 222 287 989 77 719 268 910 
Bin 20: 645 798 216 337 603 755 597 
Bin 21: 133 720 342 540 6 264 499 
Bin 22: 243 117 353 637 120 171 
Bin 23: 759 802 577 850 43 514 
Bin 24: 137 535 82 890 209 518 
Bin 25: 229 751 115 895 361 49 
Bin 26: 835 834 845 792 271 275 
Bin 27: 376 36 501 891 661 
Bin 28: 296 173 985 701 671 722 948 
Bin 29: 715 889 90 502 281 383 
Bin 30: 926 961 54 635 252 393 
Bin 31: 142 208 731 847 62 89 8 
Bin 32: 373 952 190 774 149 642 814 602 
Bin 33: 130 404 158 520 523 674 530 
Bin 34: 367 469 949 283 954 261 
Bin 35: 725 475 702 916 960 13 
Bin 36: 103 303 433 987 189 
Bin 37: 430 119 362 663 867 
Bin 38: 48 399 310 424 411 53 
Bin 39: 68 315 641 423 740 334 
Bin 40: 113 244 698 586 528 302 249 
Bin 41: 263 184 217 87 75 944 
Bin 42: 195 394 681 265 724 392 
Bin 43: 734 870 753 831 623 538 572 756 
Bin 44: 196 256 799 893 709 772 997 
Bin 45: 42 116 156 369 712 962 37 
Bin 46: 388 911 825 178 965 377 
Bin 47: 111 398 112 808 612 234 941 
Bin 48: 132 482 829 154 347 227 
Bin 49: 407 145 778 365 908 450 
Bin 50: 481 771 333 95 782 682 
Bin 51: 696 97 10 871 431 35 93 
Bin 52: 258 717 646 977 613 484 683 
Bin 53: 899 776 221 199 306 415 919 
Bin 54: 374 289 442 947 622 
Bin 55: 836 921 785 181 898 749 52 
Bin 56: 915 298 188 218 267 786 
Bin 57: 536 752 827 542 769 91 
Bin 58: 429 257 329 314 339 937 417 
Bin 59: 874 658 3 443 246 935 562 239 
Bin 60: 215 565 9 165 532 186 
Bin 61: 804 445 630 884 510 210 573 17 
Bin 62: 414 585 299 1 697 857 211 723 
Bin 63: 322 551 38 686 903 626 92 
Bin 64: 452 231 828 21 50 972 305 107 
Bin 65: 462 490 788 12 998 739 483 
Bin 66: 478 758 900 301 943 583 512 421 
Bin 67: 458 456 805 242 480 649 971 
Bin 68: 29 39 616 76 951 416 
Bin 69: 168 913 923 918 386 71 
Bin 70: 578 561 815 516 628 191 34 
Bin 71: 593 823 969 465 248 527 355 406 
Bin 72: 438 897 385 570 953 22 
Bin 73: 610 349 763 214 703 
Bin 74: 498 746 167 643 664 689 162 830 
Bin 75: 650 790 288 887 508 358 
Bin 76: 206 375 426 800 716 662 922 356 
Bin 77: 205 477 497 47 7 942 
Bin 78: 69 372 346 545 72 
Bin 79: 685 558 290 708 382 839 163 
Bin 80: 864 757 200 253 993 105 139 
Bin 81: 784 587 66 203 27 147 166 
Bin 82: 638 286 273 590 317 678 
Bin 83: 19 470 868 437 841 996 
Bin 84: 409 332 86 341 192 655 679 59 
Bin 85: 454 340 905 737 856 705 
Bin 86: 761 435 170 773 515 896 
Bin 87: 193 791 531 979 883 980 
Bin 88: 381 521 449 277 270 141 
Bin 89: 467 639 194 461 304 
Bin 90: 564 936 866 574 64 254 110 
Bin 91: 934 648 525 494 632 318 744 
Bin 92: 204 861 621 657 539 
Bin 93: 550 654 892 60 541 67 732 
Bin 94: 292 58 738 544 750 397 
Bin 95: 213 636 395 94 157 96 46 
Bin 96: 294 669 0 451 102 592 335 
Bin 97: 580 906 473 457 88 606 
Bin 98: 468 596 174 894 811 589 
Bin 99: 230 872 777 735 920 65 180 878 
Bin 100: 984 728 591 357 101 946 832 
Bin 101: 912 2 560 938 41 546 
Bin 102: 673 471 464 653 138 492 579 
Bin 103: 914 656 128 930 503 598 
Bin 104: 700 608 402 727 245 197 
Bin 105: 660 327 875 247 344 617 888 
Bin 106: 988 543 858 837 684 865 
Bin 107: 990 11 114 251 182 345 754 
Bin 108: 931 747 405 323 902 907 269 
Bin 109: 80 300 371 929 282 55 
Bin 110: 557 809 764 601 967 620 104 
Bin 111: 233 581 15 396 627 427 
Bin 112: 488 183 220 44 57 321 
Bin 113: 529 391 950 127 504 692 
Bin 114: 85 690 226 79 794 328 
Bin 115: 124 803 634 652 768 146 
Bin 116: 26 813 507 999 826 873 
Bin 117: 212 640 780 765 232 359 992 
Bin 118: 177 982 98 260 958 736 
Bin 119: 338 32 748 568 939 366 
Bin 120: 40 806 474 5 781 312 909 844 
Bin 121: 118 846 522 401 928 225 766 486 
Bin 122: 991 453 175 668 276 555 418 
Bin 123: 629 455 439 348 285 672 
Bin 124: 126 901 384 440 676 594 84 
Bin 125: 408 74 509 733 853 187 
Bin 126: 625 410 819 838 687 73 932 330 
Bin 127: 274 420 974 389 152 559 
Bin 128: 472 319 123 876 548 
Bin 129: 730 848 742 789 787 
Bin 130: 767 537 963 354 968 605 
Bin 131: 446 61 816 262 20 807 
Bin 132: 172 219 293 983 618 762 
Bin 133: 879 493 131 278 485 
Bin 134: 706 885 693 238 370 506 311 
Bin 135: 607 99 575 840 665 569 
Bin 136: 378 966 351 881 726 600 
Bin 137: 584 479 796 255 553 360 533 
Bin 138: 202 713 956 159 670 31 23 
Bin 139: 534 309 779 933 651 859 604 
Bin 140: 491 109 619 801 760 
Bin 141: 164 129 448 927 821 945 
Bin 142: 576 148 842 886 582 
Bin 143: 14 707 331 460 566 851 721 
Bin 144: 56 368 524 976 611 135 
Bin 145: 704 688 295 136 854 517 
Bin 146: 400 266 125 563 940 855 
Bin 147: 549 28 444 487 122 644 
Bin 148: 677 18 63 350 259 425 
Bin 149: 387 30 924 852 694 833 
Bin 150: 150 25 100 459 434 609 
Bin 151: 403 83 505 412 108 
Bin 152: 280 877 691 466 718 
Bin 153: 526 198 588 513 711 
Bin 154: 489 179 624 291 307 978 
Bin 155: 511 228 882 964 428 
