# Objective: 153
# Time: 307.802
# Feasible: 1
# Solution:
Bin 0: 198 240 931 530 383 318 385 484 
Bin 1: 923 494 724 636 972 897 351 831 
Bin 2: 440 373 268 658 927 645 182 
Bin 3: 926 904 813 185 442 676 347 599 
Bin 4: 893 23 711 474 760 587 339 10 
Bin 5: 297 836 97 891 25 367 
Bin 6: 408 553 454 79 952 527 380 
Bin 7: 194 392 795 787 187 512 
Bin 8: 646 568 73 541 596 899 498 
Bin 9: 7 342 862 818 277 617 
Bin 10: 295 692 364 736 546 112 225 
Bin 11: 108 418 761 965 30 788 743 
Bin 12: 279 6 233 338 372 390 166 
Bin 13: 403 473 355 245 217 694 493 59 
Bin 14: 80 598 190 158 639 469 
Bin 15: 811 935 388 294 455 951 
Bin 16: 938 251 203 252 139 
Bin 17: 66 853 797 873 155 620 710 
Bin 18: 199 771 421 378 19 328 593 
Bin 19: 524 215 627 745 516 602 791 924 
Bin 20: 555 970 547 92 127 933 934 
Bin 21: 866 124 115 563 582 781 
Bin 22: 756 581 48 37 545 125 201 
Bin 23: 394 608 479 121 867 219 
Bin 24: 393 888 642 720 273 416 21 
Bin 25: 944 806 275 243 88 399 
Bin 26: 932 807 322 505 298 451 
Bin 27: 287 489 987 56 323 291 
Bin 28: 476 966 786 696 432 600 
Bin 29: 940 854 571 349 368 706 735 
Bin 30: 702 941 879 544 919 
Bin 31: 278 483 226 739 704 898 
Bin 32: 159 85 384 884 925 196 638 84 96 
Bin 33: 857 653 146 244 501 319 
Bin 34: 574 597 29 100 556 575 227 
Bin 35: 740 716 842 105 880 151 918 
Bin 36: 912 511 896 165 548 176 458 467 
Bin 37: 231 186 12 681 686 499 371 435 
Bin 38: 280 960 665 705 689 144 
Bin 39: 901 271 149 510 549 103 
Bin 40: 171 39 832 5 143 641 
Bin 41: 537 804 961 717 846 723 
Bin 42: 949 868 637 528 963 650 
Bin 43: 695 789 659 618 381 774 
Bin 44: 790 449 46 892 615 254 
Bin 45: 864 701 452 253 310 269 336 
Bin 46: 191 22 303 397 136 518 778 
Bin 47: 95 860 535 93 757 389 314 
Bin 48: 895 699 840 126 293 826 160 
Bin 49: 666 656 16 109 433 141 482 916 
Bin 50: 752 167 140 521 780 753 
Bin 51: 980 957 973 779 561 304 163 
Bin 52: 431 950 411 487 783 721 104 
Bin 53: 805 145 173 13 77 999 395 
Bin 54: 94 865 415 674 567 861 359 
Bin 55: 261 851 405 117 11 517 
Bin 56: 594 633 945 404 532 616 430 748 
Bin 57: 502 365 576 36 718 274 759 
Bin 58: 543 679 722 248 881 712 184 784 
Bin 59: 900 979 601 220 652 316 234 
Bin 60: 816 211 875 331 235 958 
Bin 61: 110 99 772 621 68 670 
Bin 62: 113 936 441 486 566 838 306 590 
Bin 63: 993 128 417 526 164 445 623 540 
Bin 64: 497 428 181 810 135 542 413 71 
Bin 65: 611 9 751 329 264 570 
Bin 66: 508 43 420 691 396 52 903 911 
Bin 67: 632 86 283 997 808 
Bin 68: 684 47 664 580 177 
Bin 69: 284 583 824 260 727 24 
Bin 70: 994 882 539 236 374 81 26 
Bin 71: 990 825 257 175 792 552 362 525 
Bin 72: 485 742 299 953 871 214 
Bin 73: 0 536 943 83 116 213 
Bin 74: 313 719 218 839 985 942 425 
Bin 75: 902 654 41 991 192 768 17 27 
Bin 76: 407 908 255 817 456 172 
Bin 77: 460 188 258 363 506 308 
Bin 78: 330 758 668 764 102 62 438 132 
Bin 79: 398 357 500 200 267 178 
Bin 80: 391 734 238 55 78 732 
Bin 81: 491 242 157 436 223 156 
Bin 82: 465 286 89 766 276 648 
Bin 83: 531 423 495 651 814 612 
Bin 84: 343 690 754 557 835 170 622 195 222 
Bin 85: 977 40 477 162 822 462 470 
Bin 86: 221 673 520 513 974 715 437 
Bin 87: 964 289 193 471 586 352 729 614 
Bin 88: 33 697 206 376 609 
Bin 89: 887 845 765 312 208 
Bin 90: 152 529 65 725 111 49 
Bin 91: 655 475 307 122 101 989 60 
Bin 92: 57 855 457 688 700 35 
Bin 93: 410 551 921 448 426 538 
Bin 94: 914 480 406 671 179 325 
Bin 95: 345 224 559 400 603 
Bin 96: 798 133 890 50 353 870 
Bin 97: 356 793 519 361 8 106 1 523 
Bin 98: 282 981 281 466 119 560 667 
Bin 99: 478 815 272 488 4 58 
Bin 100: 212 401 733 782 216 
Bin 101: 340 326 730 819 503 662 
Bin 102: 204 833 714 209 459 64 629 577 
Bin 103: 241 920 889 38 647 169 
Bin 104: 76 874 886 569 796 828 
Bin 105: 53 446 422 737 915 809 687 
Bin 106: 747 327 335 657 91 803 
Bin 107: 402 572 377 412 982 45 
Bin 108: 180 698 872 998 675 409 183 
Bin 109: 450 678 588 669 496 909 
Bin 110: 321 161 769 205 802 939 
Bin 111: 350 509 534 763 770 262 
Bin 112: 379 300 660 565 663 134 464 
Bin 113: 444 625 948 848 849 834 954 
Bin 114: 427 821 123 693 266 507 946 
Bin 115: 741 210 595 992 189 369 
Bin 116: 955 677 750 54 3 129 
Bin 117: 843 968 630 971 61 820 
Bin 118: 844 755 259 82 263 635 799 
Bin 119: 429 288 32 986 708 
Bin 120: 468 876 424 685 959 680 922 
Bin 121: 461 969 869 515 34 15 341 414 
Bin 122: 707 285 859 905 837 265 
Bin 123: 290 624 877 370 250 332 472 794 
Bin 124: 504 550 447 937 885 847 631 
Bin 125: 894 315 907 613 302 661 619 
Bin 126: 337 28 75 137 239 63 
Bin 127: 148 230 628 584 42 767 
Bin 128: 256 841 228 731 247 562 713 
Bin 129: 984 604 533 776 917 514 
Bin 130: 928 643 762 554 906 591 
Bin 131: 147 883 801 947 709 579 
Bin 132: 626 292 929 434 131 366 67 
Bin 133: 18 773 2 738 856 829 
Bin 134: 382 649 983 585 726 
Bin 135: 558 70 976 14 492 305 
Bin 136: 812 202 910 130 320 229 
Bin 137: 852 317 142 98 827 232 
Bin 138: 311 333 344 87 324 
Bin 139: 682 610 490 830 348 154 
Bin 140: 301 197 360 823 878 777 775 
Bin 141: 153 913 573 334 118 785 
Bin 142: 607 249 354 90 995 296 
Bin 143: 20 358 237 453 683 419 74 
Bin 144: 744 114 850 975 44 174 
Bin 145: 592 439 863 930 978 
Bin 146: 606 387 246 481 962 634 
Bin 147: 672 207 120 522 564 749 
Bin 148: 703 138 270 956 728 31 
Bin 149: 309 386 150 69 
Bin 150: 858 640 800 346 51 988 375 
Bin 151: 746 644 578 72 996 605 
Bin 152: 107 463 443 589 168 967 
