# Objective: 89
# Time: 55.2975
# Feasible: 1
# Solution:
Bin 0: 83 16 138 285 336 
Bin 1: 35 205 214 356 469 60 
Bin 2: 247 440 309 260 119 290 
Bin 3: 303 184 353 430 452 55 
Bin 4: 34 344 258 451 479 363 
Bin 5: 42 150 321 141 175 171 
Bin 6: 273 475 370 121 85 166 
Bin 7: 31 164 192 70 421 3 
Bin 8: 9 287 8 123 438 499 
Bin 9: 402 275 227 313 10 161 357 
Bin 10: 483 120 443 88 472 183 418 
Bin 11: 221 387 437 125 296 
Bin 12: 255 394 98 91 23 156 
Bin 13: 426 291 332 116 432 46 
Bin 14: 322 158 450 76 454 364 
Bin 15: 105 2 439 435 77 104 
Bin 16: 28 58 346 69 93 358 
Bin 17: 71 382 442 12 14 213 
Bin 18: 21 457 242 414 401 429 
Bin 19: 455 311 428 265 90 274 
Bin 20: 333 176 162 463 316 
Bin 21: 167 201 434 375 7 360 
Bin 22: 134 29 240 405 345 
Bin 23: 348 323 488 234 50 61 245 
Bin 24: 301 22 196 297 459 228 
Bin 25: 315 198 490 466 220 
Bin 26: 257 226 207 4 288 272 
Bin 27: 210 341 75 300 80 32 191 
Bin 28: 89 185 495 107 367 
Bin 29: 237 420 194 299 113 376 
Bin 30: 295 145 130 423 153 317 
Bin 31: 111 0 48 395 127 496 
Bin 32: 112 254 400 449 267 
Bin 33: 374 268 498 25 33 335 
Bin 34: 349 174 168 235 399 79 
Bin 35: 396 305 410 256 92 
Bin 36: 294 129 232 473 320 
Bin 37: 1 425 96 64 447 283 365 
Bin 38: 342 271 307 82 386 403 326 
Bin 39: 36 477 160 359 217 289 103 
Bin 40: 276 159 476 318 422 
Bin 41: 27 337 393 62 366 219 
Bin 42: 203 266 334 380 131 38 
Bin 43: 471 152 178 281 284 
Bin 44: 445 209 373 250 497 
Bin 45: 102 229 489 470 464 
Bin 46: 407 118 330 397 11 378 
Bin 47: 327 94 371 415 419 280 
Bin 48: 157 474 24 56 253 
Bin 49: 146 39 17 218 362 468 487 
Bin 50: 478 181 319 190 269 
Bin 51: 312 53 408 259 453 151 
Bin 52: 411 81 485 202 44 41 
Bin 53: 43 100 68 169 406 
Bin 54: 110 239 460 122 186 325 
Bin 55: 314 436 427 231 324 381 
Bin 56: 482 480 63 404 148 351 222 
Bin 57: 494 124 144 416 467 461 
Bin 58: 65 417 409 354 5 
Bin 59: 87 331 73 84 200 244 
Bin 60: 57 233 225 215 49 
Bin 61: 340 95 263 251 188 368 
Bin 62: 66 264 486 177 343 
Bin 63: 249 179 230 6 189 292 
Bin 64: 383 481 37 173 446 412 
Bin 65: 99 128 252 424 310 
Bin 66: 216 279 135 444 212 
Bin 67: 197 211 204 355 149 
Bin 68: 302 308 133 293 47 328 
Bin 69: 97 108 40 456 246 
Bin 70: 51 72 238 236 26 
Bin 71: 142 206 347 379 30 
Bin 72: 163 170 286 350 377 369 
Bin 73: 398 241 458 465 392 143 
Bin 74: 139 352 462 270 390 106 
Bin 75: 117 224 431 199 388 
Bin 76: 193 132 114 86 385 19 
Bin 77: 78 448 140 172 
Bin 78: 298 136 493 391 389 
Bin 79: 54 261 154 182 155 
Bin 80: 67 115 126 13 262 
Bin 81: 329 74 304 282 384 
Bin 82: 277 101 45 59 
Bin 83: 18 306 20 180 441 
Bin 84: 339 208 147 492 
Bin 85: 278 338 361 187 484 
Bin 86: 248 52 109 243 
Bin 87: 15 165 137 223 
Bin 88: 372 413 195 491 433 
