# Objective: 75
# Time: 30.7567
# Feasible: 1
# Solution:
Bin 0: 472 268 449 418 199 301 483 
Bin 1: 88 0 35 47 119 
Bin 2: 3 241 218 347 324 306 161 251 
Bin 3: 258 253 496 222 409 
Bin 4: 290 387 33 170 83 
Bin 5: 250 310 275 267 178 2 385 233 
Bin 6: 383 408 308 87 204 78 84 190 
Bin 7: 294 167 62 404 277 441 
Bin 8: 221 289 94 28 459 89 297 
Bin 9: 39 223 110 349 362 368 
Bin 10: 197 388 188 81 384 338 
Bin 11: 316 54 17 46 220 464 41 
Bin 12: 330 298 56 351 247 65 423 
Bin 13: 286 5 64 102 121 238 462 
Bin 14: 406 445 76 42 412 73 
Bin 15: 26 192 370 497 375 103 394 453 
Bin 16: 98 85 309 494 142 30 389 276 
Bin 17: 143 93 168 279 461 125 
Bin 18: 484 405 321 24 345 60 
Bin 19: 314 377 420 331 363 226 
Bin 20: 486 58 303 117 271 396 
Bin 21: 67 163 6 252 228 
Bin 22: 424 411 71 205 206 80 428 
Bin 23: 364 326 141 134 346 498 182 335 357 366 
Bin 24: 136 38 34 174 207 356 113 
Bin 25: 183 492 417 381 287 295 
Bin 26: 456 313 159 20 304 329 
Bin 27: 284 195 96 99 91 288 451 
Bin 28: 395 398 264 53 380 193 
Bin 29: 8 373 210 269 432 354 95 
Bin 30: 147 436 171 215 274 458 123 
Bin 31: 266 231 77 70 419 365 
Bin 32: 18 334 208 491 350 438 104 
Bin 33: 467 415 227 9 378 242 473 
Bin 34: 244 153 305 468 487 300 25 145 416 
Bin 35: 180 367 186 173 237 130 212 
Bin 36: 332 128 14 156 320 108 285 
Bin 37: 455 333 144 291 469 
Bin 38: 292 340 209 490 13 470 127 
Bin 39: 40 471 425 336 371 
Bin 40: 260 216 217 131 391 259 348 
Bin 41: 234 343 162 488 100 475 50 
Bin 42: 126 124 49 214 482 200 
Bin 43: 92 372 434 312 19 407 400 115 
Bin 44: 353 146 191 219 443 120 
Bin 45: 429 379 466 37 164 369 11 
Bin 46: 282 139 239 97 317 339 270 
Bin 47: 21 211 23 137 272 194 
Bin 48: 261 293 410 376 311 319 
Bin 49: 66 457 460 403 86 254 122 152 
Bin 50: 495 382 32 51 463 435 27 224 
Bin 51: 243 109 245 485 448 341 430 176 
Bin 52: 479 337 157 476 158 402 452 
Bin 53: 440 232 426 257 442 281 
Bin 54: 344 36 74 401 489 283 
Bin 55: 421 465 325 302 256 151 
Bin 56: 307 399 246 72 55 255 69 
Bin 57: 393 12 45 16 422 230 493 
Bin 58: 154 1 229 133 155 296 112 299 
Bin 59: 150 202 280 480 59 397 203 
Bin 60: 439 184 248 148 481 75 
Bin 61: 29 105 273 68 361 474 225 236 
Bin 62: 187 106 328 201 160 427 263 
Bin 63: 129 43 179 196 82 
Bin 64: 90 149 437 169 140 198 213 318 
Bin 65: 444 450 181 392 52 413 
Bin 66: 118 44 359 240 360 116 177 
Bin 67: 138 358 166 315 342 322 374 
Bin 68: 175 414 249 390 132 447 
Bin 69: 31 446 499 431 189 
Bin 70: 4 111 135 7 352 
Bin 71: 10 22 265 57 477 172 386 
Bin 72: 433 48 323 114 61 165 63 
Bin 73: 454 235 107 101 278 
Bin 74: 327 262 15 79 355 185 478 
