# Objective: 204
# Time: 1504.45
# Feasible: 1
# Solution:
Bin 0: 43 659 112 382 421 819 652 
Bin 1: 988 49 932 787 597 435 
Bin 2: 691 873 823 265 844 851 
Bin 3: 670 868 810 84 717 31 
Bin 4: 708 12 363 959 524 719 
Bin 5: 322 279 307 531 598 
Bin 6: 724 445 600 385 298 351 
Bin 7: 635 209 42 996 90 993 
Bin 8: 293 97 25 219 81 594 
Bin 9: 278 750 536 274 565 666 
Bin 10: 609 332 500 931 688 583 
Bin 11: 53 450 552 889 675 545 
Bin 12: 980 196 374 510 5 130 
Bin 13: 605 72 946 303 862 
Bin 14: 244 733 63 581 6 
Bin 15: 189 311 645 859 987 
Bin 16: 471 28 546 584 592 
Bin 17: 678 569 528 825 162 254 
Bin 18: 570 742 164 178 402 76 
Bin 19: 954 41 779 144 420 815 
Bin 20: 952 668 480 55 3 
Bin 21: 496 901 818 122 587 
Bin 22: 331 69 564 841 406 
Bin 23: 269 341 775 50 
Bin 24: 186 348 316 54 427 475 
Bin 25: 35 145 51 174 887 
Bin 26: 913 13 915 451 268 812 
Bin 27: 284 239 292 413 620 
Bin 28: 736 483 926 548 40 
Bin 29: 78 195 994 358 947 
Bin 30: 180 403 797 914 553 
Bin 31: 701 631 85 936 938 
Bin 32: 473 400 172 761 275 751 
Bin 33: 131 73 519 709 141 
Bin 34: 766 464 790 767 396 
Bin 35: 110 489 990 48 364 
Bin 36: 360 488 371 928 486 
Bin 37: 127 617 699 580 728 
Bin 38: 874 476 707 729 
Bin 39: 682 935 29 123 260 
Bin 40: 611 898 455 181 369 
Bin 41: 532 113 1 897 94 
Bin 42: 547 687 217 429 905 
Bin 43: 814 136 703 234 
Bin 44: 955 664 119 257 201 
Bin 45: 325 165 788 502 943 
Bin 46: 82 158 414 918 65 393 
Bin 47: 846 776 900 927 
Bin 48: 677 75 784 446 
Bin 49: 379 77 997 968 469 
Bin 50: 778 983 650 444 7 349 
Bin 51: 155 461 135 338 567 
Bin 52: 160 479 173 459 204 
Bin 53: 811 4 38 408 854 
Bin 54: 637 516 693 345 324 
Bin 55: 267 376 117 803 560 2 
Bin 56: 764 107 702 320 833 
Bin 57: 786 395 183 739 992 941 
Bin 58: 339 872 674 404 425 
Bin 59: 562 365 806 559 816 
Bin 60: 883 490 20 925 134 
Bin 61: 270 579 157 185 863 
Bin 62: 911 129 285 696 744 431 
Bin 63: 202 662 595 780 356 463 
Bin 64: 262 891 501 573 817 
Bin 65: 261 295 87 466 312 
Bin 66: 821 315 624 116 33 
Bin 67: 218 118 963 79 667 
Bin 68: 92 984 684 625 689 
Bin 69: 305 632 979 836 443 
Bin 70: 671 52 154 383 903 726 
Bin 71: 781 398 430 585 978 
Bin 72: 906 343 474 15 917 
Bin 73: 727 892 705 561 948 
Bin 74: 543 986 843 686 
Bin 75: 10 555 656 589 970 660 
Bin 76: 253 763 881 738 612 
Bin 77: 319 142 599 229 871 
Bin 78: 99 106 264 223 
Bin 79: 756 999 789 126 758 
Bin 80: 853 27 907 648 563 
Bin 81: 748 608 439 428 944 
Bin 82: 220 329 884 613 
Bin 83: 313 636 436 120 59 
Bin 84: 487 161 418 184 534 
Bin 85: 493 503 852 950 
Bin 86: 399 484 36 824 681 
Bin 87: 965 940 221 250 11 
Bin 88: 271 328 0 902 896 
Bin 89: 785 355 419 655 32 465 
Bin 90: 604 214 472 521 509 802 
Bin 91: 124 416 46 858 894 
Bin 92: 957 45 533 511 149 
Bin 93: 258 712 137 409 213 
Bin 94: 300 132 62 199 
Bin 95: 326 19 111 544 960 
Bin 96: 317 259 147 467 
Bin 97: 982 929 230 826 
Bin 98: 755 237 74 977 792 
Bin 99: 557 179 827 505 415 
Bin 100: 845 104 236 969 706 304 
Bin 101: 190 212 933 34 290 
Bin 102: 725 391 102 361 168 
Bin 103: 680 448 437 805 673 796 
Bin 104: 765 153 769 550 150 
Bin 105: 967 289 302 182 711 
Bin 106: 89 392 939 962 143 669 280 
Bin 107: 148 647 340 644 24 
Bin 108: 618 26 759 835 21 
Bin 109: 568 989 619 30 971 795 
Bin 110: 958 888 388 495 44 
Bin 111: 139 282 634 966 746 294 
Bin 112: 574 410 829 651 596 762 
Bin 113: 381 203 422 530 985 
Bin 114: 152 187 606 447 384 
Bin 115: 426 288 885 206 263 
Bin 116: 747 586 247 794 
Bin 117: 753 344 857 224 919 
Bin 118: 615 347 352 653 
Bin 119: 470 93 156 949 
Bin 120: 692 235 373 
Bin 121: 542 603 773 777 622 
Bin 122: 549 626 621 481 
Bin 123: 39 804 661 485 
Bin 124: 208 80 37 291 310 
Bin 125: 730 912 757 458 61 
Bin 126: 342 248 8 556 266 
Bin 127: 335 697 558 380 478 
Bin 128: 976 434 114 783 283 
Bin 129: 523 869 882 273 878 
Bin 130: 140 334 255 366 98 535 
Bin 131: 743 909 880 241 
Bin 132: 754 449 934 791 
Bin 133: 494 924 870 499 832 
Bin 134: 357 629 318 839 498 
Bin 135: 964 454 367 721 56 694 
Bin 136: 205 9 377 714 
Bin 137: 477 700 588 405 
Bin 138: 411 741 321 628 
Bin 139: 60 389 222 47 
Bin 140: 16 432 128 95 372 
Bin 141: 330 538 314 281 
Bin 142: 276 251 860 442 333 517 
Bin 143: 522 930 640 867 
Bin 144: 723 146 387 197 737 
Bin 145: 539 908 875 462 
Bin 146: 771 17 370 774 
Bin 147: 920 232 66 704 654 
Bin 148: 287 71 231 308 
Bin 149: 401 834 842 394 417 170 
Bin 150: 807 910 541 866 876 
Bin 151: 676 831 456 354 
Bin 152: 441 433 440 879 740 83 
Bin 153: 616 575 643 
Bin 154: 690 590 210 506 
Bin 155: 64 386 893 397 507 246 
Bin 156: 782 607 249 163 922 
Bin 157: 323 252 663 336 956 211 
Bin 158: 407 243 520 849 175 
Bin 159: 327 945 582 105 972 512 
Bin 160: 639 760 916 460 242 
Bin 161: 572 138 566 975 
Bin 162: 412 601 591 942 350 
Bin 163: 720 921 679 578 646 602 
Bin 164: 514 216 658 70 695 
Bin 165: 981 227 865 68 337 
Bin 166: 923 191 749 171 58 
Bin 167: 167 515 309 998 
Bin 168: 306 799 23 
Bin 169: 525 633 14 297 438 22 
Bin 170: 192 847 482 67 657 
Bin 171: 991 623 368 57 
Bin 172: 820 838 554 577 
Bin 173: 375 809 752 
Bin 174: 194 649 734 424 277 
Bin 175: 850 614 856 245 
Bin 176: 513 537 492 899 
Bin 177: 346 973 937 877 638 
Bin 178: 770 529 238 233 226 101 
Bin 179: 837 886 86 840 
Bin 180: 188 526 890 286 
Bin 181: 848 198 272 296 
Bin 182: 457 353 855 228 830 
Bin 183: 193 800 301 732 
Bin 184: 610 735 468 793 
Bin 185: 710 121 518 685 
Bin 186: 672 504 215 
Bin 187: 423 715 953 808 
Bin 188: 169 108 96 
Bin 189: 159 100 362 
Bin 190: 768 801 798 630 
Bin 191: 378 576 453 103 
Bin 192: 641 133 390 497 
Bin 193: 627 508 452 166 
Bin 194: 995 772 904 974 256 
Bin 195: 665 18 864 642 
Bin 196: 895 200 491 951 731 91 
Bin 197: 683 813 745 713 
Bin 198: 176 828 177 540 
Bin 199: 722 88 716 240 299 
Bin 200: 207 527 359 
Bin 201: 125 225 861 698 822 
Bin 202: 593 718 151 571 
Bin 203: 551 109 961 115 
