# Objective: 185
# Time: 381.708
# Feasible: 1
# Solution:
Bin 0: 80 91 926 418 408 
Bin 1: 676 332 158 417 398 256 
Bin 2: 779 934 472 605 339 
Bin 3: 296 713 353 775 890 499 
Bin 4: 726 643 642 305 401 
Bin 5: 808 961 6 258 202 
Bin 6: 59 751 13 862 631 903 
Bin 7: 622 985 166 613 425 
Bin 8: 449 785 910 237 412 810 
Bin 9: 596 974 559 909 107 945 
Bin 10: 215 399 962 58 11 
Bin 11: 350 937 551 733 831 
Bin 12: 792 564 116 309 572 
Bin 13: 304 442 692 106 
Bin 14: 147 973 255 599 942 21 
Bin 15: 358 81 306 835 896 
Bin 16: 801 430 647 85 
Bin 17: 2 222 95 459 463 
Bin 18: 762 771 349 923 29 
Bin 19: 688 109 517 265 601 805 
Bin 20: 289 917 285 102 97 371 
Bin 21: 5 284 342 757 290 
Bin 22: 809 520 849 615 193 126 
Bin 23: 20 500 930 826 337 
Bin 24: 632 741 854 999 87 
Bin 25: 35 742 112 55 522 
Bin 26: 802 548 121 457 434 10 
Bin 27: 837 394 428 790 360 648 
Bin 28: 748 53 230 354 806 187 
Bin 29: 992 478 355 154 696 575 
Bin 30: 867 968 365 573 727 901 
Bin 31: 650 247 153 991 951 238 
Bin 32: 681 927 738 181 975 813 
Bin 33: 908 984 652 768 530 
Bin 34: 764 140 919 597 947 
Bin 35: 151 707 194 274 828 22 
Bin 36: 162 956 14 366 482 16 
Bin 37: 560 509 422 538 519 592 
Bin 38: 36 739 40 216 76 19 
Bin 39: 134 591 848 778 588 699 
Bin 40: 200 199 747 986 706 444 
Bin 41: 529 920 313 570 620 628 
Bin 42: 94 651 440 146 136 929 
Bin 43: 410 288 531 294 820 159 
Bin 44: 406 710 663 261 318 718 
Bin 45: 540 72 466 41 234 485 
Bin 46: 610 462 604 68 595 536 
Bin 47: 124 645 250 856 497 877 
Bin 48: 4 621 526 949 941 673 
Bin 49: 451 207 100 532 171 
Bin 50: 754 249 736 993 49 
Bin 51: 437 426 103 576 86 104 866 
Bin 52: 822 300 169 367 769 846 161 
Bin 53: 110 667 218 372 389 
Bin 54: 554 511 470 794 819 
Bin 55: 587 630 260 624 
Bin 56: 995 686 130 623 853 740 
Bin 57: 441 931 936 330 906 701 
Bin 58: 363 829 915 413 64 
Bin 59: 370 505 859 725 678 800 
Bin 60: 793 745 709 527 932 935 
Bin 61: 881 276 174 397 795 
Bin 62: 873 224 24 281 983 325 
Bin 63: 728 268 700 280 490 138 
Bin 64: 695 77 326 902 352 184 
Bin 65: 435 616 391 952 766 760 292 
Bin 66: 60 662 708 750 799 561 
Bin 67: 167 45 503 789 988 
Bin 68: 51 834 357 816 777 
Bin 69: 994 839 263 611 89 299 
Bin 70: 225 383 955 516 346 122 
Bin 71: 690 998 969 749 183 
Bin 72: 368 513 997 27 
Bin 73: 878 899 539 644 120 273 
Bin 74: 914 341 533 74 419 227 
Bin 75: 135 343 823 251 879 583 
Bin 76: 515 943 467 39 685 
Bin 77: 188 987 535 236 694 824 
Bin 78: 197 660 409 514 70 487 
Bin 79: 641 657 549 244 612 
Bin 80: 69 96 235 508 851 659 807 
Bin 81: 198 661 724 421 697 954 
Bin 82: 191 431 958 796 557 
Bin 83: 939 376 655 335 248 
Bin 84: 528 687 427 214 148 
Bin 85: 302 3 784 869 928 
Bin 86: 206 396 863 556 494 753 
Bin 87: 770 781 791 912 656 28 
Bin 88: 164 571 693 653 456 
Bin 89: 633 239 894 333 606 
Bin 90: 178 12 948 669 756 957 
Bin 91: 44 392 176 415 761 403 
Bin 92: 959 377 493 395 127 
Bin 93: 266 312 552 340 679 
Bin 94: 186 374 381 501 925 
Bin 95: 946 471 717 971 450 
Bin 96: 252 192 152 287 670 
Bin 97: 584 840 88 131 776 
Bin 98: 118 351 458 603 344 758 
Bin 99: 66 400 504 101 843 
Bin 100: 196 43 567 553 
Bin 101: 518 625 684 640 111 329 
Bin 102: 872 950 323 723 639 269 
Bin 103: 609 752 82 8 812 783 
Bin 104: 47 275 205 888 277 
Bin 105: 283 803 393 460 743 814 
Bin 106: 880 980 356 759 382 78 
Bin 107: 303 546 593 223 157 331 
Bin 108: 512 211 322 780 682 319 
Bin 109: 882 233 37 231 510 889 
Bin 110: 689 858 388 62 978 772 
Bin 111: 145 634 821 658 565 922 
Bin 112: 204 448 93 537 832 
Bin 113: 144 900 484 897 402 875 
Bin 114: 618 475 850 115 989 
Bin 115: 155 864 895 885 454 
Bin 116: 257 666 483 279 960 436 
Bin 117: 455 860 815 179 433 844 282 
Bin 118: 734 31 569 964 767 
Bin 119: 702 585 219 898 542 
Bin 120: 347 361 489 715 825 
Bin 121: 842 262 861 177 698 893 
Bin 122: 886 629 787 48 240 732 
Bin 123: 627 534 23 496 735 857 
Bin 124: 729 232 278 635 965 
Bin 125: 905 129 502 798 160 
Bin 126: 665 405 90 996 562 944 
Bin 127: 447 972 976 125 907 566 
Bin 128: 847 614 364 977 911 868 
Bin 129: 473 765 607 883 432 
Bin 130: 876 259 721 67 217 683 
Bin 131: 543 495 295 737 156 201 
Bin 132: 804 852 712 163 544 
Bin 133: 654 963 142 480 105 
Bin 134: 308 61 830 429 321 664 
Bin 135: 387 168 521 18 320 50 
Bin 136: 568 113 439 921 904 362 
Bin 137: 56 416 310 581 221 348 
Bin 138: 190 924 324 264 446 297 
Bin 139: 884 243 474 833 307 42 
Bin 140: 465 182 870 150 865 208 
Bin 141: 114 763 369 143 
Bin 142: 414 711 746 680 327 
Bin 143: 541 26 315 788 755 345 598 
Bin 144: 443 17 594 953 228 
Bin 145: 173 1 336 334 774 
Bin 146: 54 209 338 92 242 213 
Bin 147: 314 617 874 558 117 
Bin 148: 811 545 328 390 57 212 
Bin 149: 469 481 423 841 79 
Bin 150: 407 637 918 507 524 
Bin 151: 139 714 384 30 705 
Bin 152: 424 619 933 677 491 836 
Bin 153: 241 940 25 291 71 245 
Bin 154: 246 967 855 438 691 646 
Bin 155: 817 626 797 970 479 
Bin 156: 316 506 818 34 580 229 
Bin 157: 52 267 404 744 65 589 
Bin 158: 141 845 63 492 674 578 
Bin 159: 574 671 32 672 175 
Bin 160: 586 982 731 477 286 590 
Bin 161: 373 525 293 891 555 
Bin 162: 453 254 966 563 730 
Bin 163: 0 892 464 195 887 
Bin 164: 468 298 132 15 
Bin 165: 311 73 386 773 272 
Bin 166: 7 720 378 979 185 
Bin 167: 46 938 445 636 
Bin 168: 170 523 782 98 
Bin 169: 716 411 461 33 
Bin 170: 547 220 385 203 550 
Bin 171: 786 608 871 827 119 
Bin 172: 301 137 83 210 189 
Bin 173: 38 703 375 380 420 271 
Bin 174: 668 359 488 649 
Bin 175: 9 916 317 128 
Bin 176: 498 600 99 579 990 
Bin 177: 149 577 638 270 
Bin 178: 84 165 722 253 486 
Bin 179: 838 226 582 452 
Bin 180: 476 913 75 108 
Bin 181: 133 704 675 
Bin 182: 123 719 602 
Bin 183: 981 180 379 
Bin 184: 172 
