# Objective: 74
# Time: 35.4066
# Feasible: 1
# Solution:
Bin 0: 303 249 181 467 309 110 
Bin 1: 313 4 51 422 16 421 
Bin 2: 492 447 135 75 168 425 101 48 
Bin 3: 203 243 352 139 341 115 
Bin 4: 285 496 363 405 136 448 
Bin 5: 113 494 176 93 445 232 221 480 
Bin 6: 377 147 271 358 357 166 351 90 105 461 
Bin 7: 412 452 382 388 244 320 162 
Bin 8: 438 5 200 182 391 337 57 21 
Bin 9: 97 0 236 417 66 387 63 
Bin 10: 334 396 406 284 155 259 485 42 
Bin 11: 381 343 339 196 70 7 229 
Bin 12: 450 460 356 293 269 490 479 92 
Bin 13: 157 33 435 457 142 410 376 
Bin 14: 436 330 183 231 434 213 300 125 
Bin 15: 462 9 156 331 2 68 335 
Bin 16: 72 145 469 288 429 151 158 
Bin 17: 163 350 210 296 118 29 444 160 
Bin 18: 441 38 211 45 348 
Bin 19: 437 466 299 431 402 458 385 
Bin 20: 305 252 121 400 321 433 131 54 
Bin 21: 22 495 146 94 86 179 472 
Bin 22: 89 257 44 189 449 50 278 
Bin 23: 419 463 11 106 413 297 340 
Bin 24: 312 393 404 188 491 
Bin 25: 208 401 154 465 61 27 137 206 
Bin 26: 138 53 234 195 36 464 172 114 371 
Bin 27: 488 451 347 262 223 392 79 198 
Bin 28: 13 319 71 324 164 
Bin 29: 3 73 359 60 1 
Bin 30: 489 277 128 267 100 308 237 43 265 
Bin 31: 323 310 185 326 95 442 279 
Bin 32: 58 408 258 230 314 133 
Bin 33: 55 493 301 482 367 122 
Bin 34: 255 161 47 344 40 52 
Bin 35: 117 241 31 39 273 174 201 
Bin 36: 443 407 274 77 102 306 
Bin 37: 10 370 222 178 205 177 
Bin 38: 399 290 390 74 346 15 
Bin 39: 386 17 261 148 426 180 327 
Bin 40: 311 446 432 498 159 81 76 
Bin 41: 67 411 228 144 317 418 80 
Bin 42: 481 453 87 354 120 336 
Bin 43: 474 250 459 239 298 165 325 124 
Bin 44: 423 394 342 150 292 254 224 
Bin 45: 428 103 242 141 403 368 276 
Bin 46: 322 14 264 253 46 487 169 
Bin 47: 424 470 123 25 291 233 318 
Bin 48: 212 32 473 216 398 395 218 
Bin 49: 109 397 415 207 191 108 
Bin 50: 49 134 497 170 369 153 209 
Bin 51: 375 62 126 24 240 59 186 366 
Bin 52: 12 316 289 345 111 416 143 116 
Bin 53: 112 302 127 247 78 
Bin 54: 6 235 8 173 378 499 477 
Bin 55: 384 475 280 478 190 427 
Bin 56: 225 287 420 65 217 372 19 
Bin 57: 130 373 119 88 167 96 355 
Bin 58: 199 26 152 187 28 
Bin 59: 361 192 140 439 256 
Bin 60: 468 202 227 315 486 35 
Bin 61: 333 226 84 132 91 328 37 
Bin 62: 364 171 268 349 214 194 246 
Bin 63: 18 193 85 483 245 
Bin 64: 283 484 329 389 307 175 204 
Bin 65: 455 129 294 219 456 379 
Bin 66: 286 454 64 98 149 23 282 
Bin 67: 374 104 82 197 476 69 304 
Bin 68: 360 362 440 83 353 263 
Bin 69: 281 383 414 260 99 409 275 
Bin 70: 41 266 295 30 20 
Bin 71: 34 430 184 220 107 251 
Bin 72: 365 56 215 272 338 471 
Bin 73: 270 248 332 238 380 
