# Objective: 19
# Time: 3.22415
# Feasible: 1
# Solution:
Bin 0: 116 30 106 63 8 92 
Bin 1: 23 58 16 3 94 52 19 84 25 
Bin 2: 93 2 4 90 85 50 
Bin 3: 101 42 83 53 35 49 40 
Bin 4: 5 80 66 77 69 113 
Bin 5: 82 67 28 96 74 56 0 73 
Bin 6: 61 15 6 111 117 109 103 
Bin 7: 55 1 104 95 24 45 
Bin 8: 37 107 44 71 99 
Bin 9: 46 36 102 78 60 59 
Bin 10: 48 89 47 75 91 112 
Bin 11: 97 51 7 29 33 72 
Bin 12: 68 27 105 119 62 32 
Bin 13: 108 31 22 98 100 76 79 70 
Bin 14: 115 26 88 17 41 12 
Bin 15: 86 54 43 11 87 
Bin 16: 57 64 38 39 20 9 14 
Bin 17: 110 13 10 118 21 81 
Bin 18: 114 18 65 34 
