# Objective: 47
# Time: 20.868
# Feasible: 1
# Solution:
Bin 0: 190 224 214 29 246 
Bin 1: 247 83 157 54 217 
Bin 2: 152 123 100 72 180 24 
Bin 3: 39 170 231 163 118 79 
Bin 4: 225 191 51 63 53 41 12 
Bin 5: 15 221 156 17 5 
Bin 6: 134 204 245 179 186 34 
Bin 7: 192 215 88 188 105 
Bin 8: 87 85 94 75 55 101 
Bin 9: 120 159 33 10 229 147 
Bin 10: 146 200 132 7 22 
Bin 11: 9 243 61 208 158 
Bin 12: 13 107 195 172 20 
Bin 13: 216 114 202 222 98 
Bin 14: 108 67 149 57 171 
Bin 15: 212 210 165 96 91 240 
Bin 16: 140 194 196 139 58 14 
Bin 17: 244 19 86 43 62 27 
Bin 18: 174 189 73 248 126 
Bin 19: 182 185 211 47 112 
Bin 20: 4 60 31 144 49 40 
Bin 21: 109 145 184 45 198 234 
Bin 22: 178 237 121 142 
Bin 23: 99 197 241 64 36 
Bin 24: 80 46 177 68 65 
Bin 25: 97 162 169 227 103 113 
Bin 26: 218 233 84 183 69 21 
Bin 27: 102 129 209 106 44 6 
Bin 28: 136 59 16 48 230 
Bin 29: 122 92 220 124 78 
Bin 30: 181 111 128 32 213 
Bin 31: 82 116 154 66 35 37 
Bin 32: 138 148 26 93 3 125 
Bin 33: 249 238 226 38 160 
Bin 34: 130 52 25 137 176 110 
Bin 35: 1 203 150 74 115 
Bin 36: 95 28 143 236 187 175 
Bin 37: 71 8 173 76 119 18 
Bin 38: 23 206 164 0 50 235 
Bin 39: 232 161 2 207 77 
Bin 40: 104 56 239 89 
Bin 41: 70 30 242 153 
Bin 42: 42 168 155 135 219 
Bin 43: 133 228 151 167 201 166 
Bin 44: 193 223 199 11 
Bin 45: 127 117 205 
Bin 46: 141 90 81 131 
