# Objective: 19
# Time: 3.49939
# Feasible: 1
# Solution:
Bin 0: 65 36 81 67 18 31 119 
Bin 1: 61 25 17 80 7 92 
Bin 2: 6 86 41 39 89 95 22 
Bin 3: 53 82 117 76 52 50 60 
Bin 4: 8 108 87 10 54 118 94 
Bin 5: 72 114 73 28 66 3 
Bin 6: 74 14 88 78 85 106 23 21 90 
Bin 7: 113 12 62 51 70 
Bin 8: 1 96 63 68 34 107 
Bin 9: 111 79 56 2 9 49 
Bin 10: 97 101 16 29 48 58 
Bin 11: 91 4 35 38 83 47 
Bin 12: 99 20 102 100 55 43 116 98 
Bin 13: 115 77 46 32 112 26 
Bin 14: 64 33 37 27 71 
Bin 15: 5 13 24 84 59 15 104 
Bin 16: 103 44 11 30 93 
Bin 17: 57 45 69 42 75 109 
Bin 18: 105 110 40 0 19 
