# Objective: 47
# Time: 12.5647
# Feasible: 1
# Solution:
Bin 0: 177 151 90 75 180 165 
Bin 1: 244 120 181 160 
Bin 2: 58 93 189 210 204 8 
Bin 3: 211 66 0 239 
Bin 4: 14 81 87 221 73 231 64 
Bin 5: 139 37 188 144 95 243 
Bin 6: 6 219 148 129 88 3 
Bin 7: 242 36 74 106 9 17 
Bin 8: 131 50 85 34 166 2 
Bin 9: 48 52 24 176 103 
Bin 10: 214 175 109 10 79 216 
Bin 11: 97 134 92 233 208 27 
Bin 12: 157 117 235 197 187 69 
Bin 13: 33 167 124 29 18 57 
Bin 14: 152 164 141 212 183 
Bin 15: 184 91 122 198 
Bin 16: 65 44 200 213 102 19 130 
Bin 17: 171 229 121 172 150 
Bin 18: 107 98 78 99 11 190 
Bin 19: 72 25 61 26 
Bin 20: 108 179 22 191 45 
Bin 21: 237 158 114 135 76 
Bin 22: 7 138 80 127 249 
Bin 23: 234 173 232 220 205 
Bin 24: 70 20 193 123 246 100 
Bin 25: 23 209 68 217 28 
Bin 26: 40 112 43 185 13 159 
Bin 27: 153 132 15 89 218 228 
Bin 28: 4 125 186 86 111 
Bin 29: 62 225 31 194 47 32 
Bin 30: 178 1 55 146 222 
Bin 31: 240 53 145 82 128 
Bin 32: 30 155 207 154 59 
Bin 33: 119 113 126 195 
Bin 34: 116 170 223 230 201 5 
Bin 35: 39 149 67 94 182 147 
Bin 36: 162 196 156 60 238 83 
Bin 37: 174 49 54 137 104 236 
Bin 38: 142 202 248 38 161 
Bin 39: 101 168 41 199 77 
Bin 40: 133 96 84 115 227 
Bin 41: 215 63 56 245 224 143 
Bin 42: 163 226 206 105 12 
Bin 43: 192 42 136 169 
Bin 44: 51 247 140 16 21 
Bin 45: 241 35 110 46 
Bin 46: 71 118 203 
