# Objective: 19
# Time: 2.26728
# Feasible: 1
# Solution:
Bin 0: 58 17 77 31 75 29 36 
Bin 1: 56 107 2 104 87 8 
Bin 2: 53 98 106 0 65 
Bin 3: 79 52 74 85 22 5 54 
Bin 4: 117 26 59 70 27 12 99 
Bin 5: 69 91 71 51 46 108 60 
Bin 6: 7 86 94 67 103 49 
Bin 7: 113 48 40 47 30 95 105 
Bin 8: 84 25 3 116 37 76 
Bin 9: 110 93 45 44 112 92 
Bin 10: 16 118 68 39 33 63 90 109 
Bin 11: 43 11 62 20 81 64 96 
Bin 12: 66 57 114 32 55 21 
Bin 13: 14 115 41 50 24 
Bin 14: 97 119 10 28 18 34 9 
Bin 15: 13 42 61 89 88 6 102 
Bin 16: 4 101 80 72 82 15 
Bin 17: 19 73 23 35 1 
Bin 18: 100 83 111 38 78 
