# Objective: 152
# Time: 159.264
# Feasible: 1
# Solution:
Bin 0: 58 892 229 722 375 577 789 297 507 
Bin 1: 490 424 359 35 253 174 
Bin 2: 428 583 867 162 82 421 954 195 
Bin 3: 774 382 1 313 613 916 261 
Bin 4: 573 322 721 299 378 426 614 271 
Bin 5: 0 427 153 667 888 13 785 
Bin 6: 857 53 133 707 923 915 376 
Bin 7: 16 911 240 947 848 690 701 19 610 
Bin 8: 208 843 816 189 552 211 607 
Bin 9: 981 311 498 688 637 955 206 
Bin 10: 213 786 137 266 659 337 
Bin 11: 999 910 677 782 398 217 626 
Bin 12: 624 34 60 813 513 212 184 
Bin 13: 602 836 651 460 979 379 557 
Bin 14: 931 411 859 197 488 42 506 818 
Bin 15: 73 235 524 810 730 966 960 
Bin 16: 423 636 986 750 996 111 318 
Bin 17: 961 291 896 828 17 12 
Bin 18: 957 558 95 682 807 452 123 
Bin 19: 126 564 619 537 705 
Bin 20: 663 487 759 515 738 438 
Bin 21: 182 497 154 422 800 706 444 
Bin 22: 528 489 731 55 668 207 
Bin 23: 633 2 531 221 578 582 
Bin 24: 795 347 242 353 454 698 601 97 
Bin 25: 823 570 937 656 642 302 
Bin 26: 400 494 831 355 778 971 
Bin 27: 74 343 512 432 430 305 918 
Bin 28: 267 949 446 584 540 295 
Bin 29: 456 938 645 777 381 917 641 
Bin 30: 935 307 222 96 360 664 284 758 
Bin 31: 561 357 580 259 439 729 648 
Bin 32: 404 972 594 250 374 57 142 
Bin 33: 286 827 258 553 420 412 191 117 335 
Bin 34: 415 627 226 451 358 
Bin 35: 177 854 385 732 792 
Bin 36: 228 922 140 687 514 204 
Bin 37: 661 346 802 839 891 203 139 125 
Bin 38: 712 543 880 806 289 842 629 740 
Bin 39: 991 581 164 41 635 264 850 518 
Bin 40: 912 171 716 914 325 64 
Bin 41: 69 78 621 956 874 327 625 227 
Bin 42: 62 15 56 678 985 605 
Bin 43: 591 201 433 294 178 373 752 
Bin 44: 160 756 959 905 105 833 772 
Bin 45: 982 683 662 288 599 413 
Bin 46: 902 158 562 673 20 168 10 
Bin 47: 649 185 676 592 4 763 
Bin 48: 612 437 151 196 390 934 
Bin 49: 853 532 293 146 751 814 628 
Bin 50: 109 93 640 362 567 
Bin 51: 104 764 3 728 566 249 
Bin 52: 588 870 116 21 576 22 720 
Bin 53: 595 796 237 968 921 127 
Bin 54: 526 18 555 715 533 
Bin 55: 183 930 869 945 734 472 766 884 467 
Bin 56: 887 37 832 725 761 776 199 
Bin 57: 669 210 745 202 5 440 779 
Bin 58: 952 881 63 864 851 392 163 106 
Bin 59: 301 509 403 332 395 280 
Bin 60: 476 67 434 964 330 363 
Bin 61: 450 399 128 340 361 473 
Bin 62: 198 749 658 31 644 333 932 486 
Bin 63: 205 885 962 713 159 
Bin 64: 6 44 697 868 620 478 
Bin 65: 974 696 193 694 148 733 547 
Bin 66: 479 704 236 102 232 757 646 
Bin 67: 876 622 255 388 829 655 
Bin 68: 121 300 643 110 70 784 397 
Bin 69: 475 180 156 292 220 
Bin 70: 846 416 743 90 691 257 919 
Bin 71: 718 603 496 124 310 120 161 241 282 
Bin 72: 775 660 983 598 194 231 
Bin 73: 464 500 449 670 727 247 685 
Bin 74: 24 402 155 711 172 459 365 
Bin 75: 822 702 272 268 115 739 556 606 
Bin 76: 977 157 254 830 538 527 71 
Bin 77: 929 50 75 419 978 969 145 
Bin 78: 108 290 425 119 680 
Bin 79: 32 173 499 328 516 517 504 
Bin 80: 138 744 455 920 482 114 367 883 356 
Bin 81: 575 219 406 100 882 536 283 
Bin 82: 458 324 894 338 218 675 571 
Bin 83: 742 321 824 417 976 463 511 
Bin 84: 674 529 408 443 693 650 686 
Bin 85: 405 79 30 176 354 26 
Bin 86: 924 474 653 600 341 933 409 
Bin 87: 898 797 81 372 572 804 665 
Bin 88: 765 239 491 903 130 879 
Bin 89: 855 615 265 900 389 681 908 
Bin 90: 860 871 904 269 510 243 342 
Bin 91: 393 817 223 336 246 604 812 
Bin 92: 47 768 534 306 798 953 926 
Bin 93: 113 141 134 339 799 970 471 
Bin 94: 998 631 647 901 522 992 
Bin 95: 771 654 549 251 169 366 
Bin 96: 377 281 946 975 875 502 787 46 
Bin 97: 609 878 773 495 274 941 890 994 
Bin 98: 545 480 523 88 997 466 468 
Bin 99: 990 143 256 770 320 780 43 
Bin 100: 909 852 298 815 59 
Bin 101: 462 190 23 493 263 565 
Bin 102: 973 465 856 873 54 135 25 
Bin 103: 781 304 369 414 484 995 
Bin 104: 984 593 418 849 469 
Bin 105: 386 652 166 49 334 
Bin 106: 845 755 76 453 40 753 
Bin 107: 525 634 889 48 719 950 
Bin 108: 396 541 238 481 724 940 
Bin 109: 735 380 72 470 548 278 
Bin 110: 200 29 623 539 92 383 505 87 315 
Bin 111: 579 587 275 326 840 
Bin 112: 958 107 760 45 101 80 899 461 233 
Bin 113: 309 907 568 131 617 
Bin 114: 710 152 550 847 94 
Bin 115: 445 835 769 244 939 
Bin 116: 188 179 988 351 225 441 
Bin 117: 485 317 319 801 36 352 368 
Bin 118: 638 314 967 803 521 736 703 
Bin 119: 252 563 224 98 170 9 788 
Bin 120: 66 65 492 585 820 136 
Bin 121: 312 748 447 767 754 791 574 
Bin 122: 708 85 987 695 709 122 913 
Bin 123: 147 99 132 989 951 
Bin 124: 51 927 216 187 345 436 
Bin 125: 112 501 91 808 865 811 350 431 
Bin 126: 666 245 118 837 790 862 
Bin 127: 296 895 519 861 52 
Bin 128: 841 809 590 819 8 535 
Bin 129: 86 371 323 746 391 630 260 
Bin 130: 150 457 723 364 586 
Bin 131: 714 483 7 39 277 
Bin 132: 925 167 897 503 273 794 
Bin 133: 410 906 944 618 544 316 993 
Bin 134: 936 38 14 551 279 596 
Bin 135: 948 611 83 737 331 370 
Bin 136: 435 175 234 700 928 181 
Bin 137: 699 793 783 589 407 559 
Bin 138: 597 741 858 230 387 762 
Bin 139: 68 442 866 508 684 826 
Bin 140: 394 834 965 963 84 89 
Bin 141: 215 689 672 28 692 520 
Bin 142: 747 546 821 186 270 401 
Bin 143: 344 838 942 209 349 893 348 
Bin 144: 980 726 248 805 825 165 429 
Bin 145: 61 448 214 679 863 
Bin 146: 943 303 877 477 149 
Bin 147: 560 844 569 717 384 
Bin 148: 27 192 632 872 129 11 262 
Bin 149: 285 77 616 329 554 144 103 
Bin 150: 639 530 886 287 671 276 
Bin 151: 308 657 608 33 542 
