# Objective: 19
# Time: 4.69608
# Feasible: 1
# Solution:
Bin 0: 35 4 1 105 93 112 
Bin 1: 47 84 113 66 38 
Bin 2: 45 101 46 37 110 68 
Bin 3: 5 52 72 33 78 26 
Bin 4: 83 70 6 107 11 22 15 
Bin 5: 114 55 43 3 30 117 61 59 
Bin 6: 50 20 96 51 77 97 87 31 
Bin 7: 60 103 82 24 95 
Bin 8: 80 41 49 75 58 7 106 
Bin 9: 23 40 57 79 91 99 
Bin 10: 2 34 64 29 39 108 67 
Bin 11: 86 36 98 44 27 42 48 21 
Bin 12: 89 111 118 28 116 
Bin 13: 90 119 14 13 92 17 56 
Bin 14: 76 54 115 62 18 63 
Bin 15: 74 0 9 81 102 53 
Bin 16: 71 10 69 8 73 
Bin 17: 12 25 85 16 104 65 
Bin 18: 88 94 100 109 19 32 
