# Objective: 154
# Time: 462.821
# Feasible: 1
# Solution:
Bin 0: 549 626 453 365 135 944 
Bin 1: 74 425 423 277 653 818 523 
Bin 2: 561 854 933 692 279 946 
Bin 3: 309 518 480 216 745 4 598 
Bin 4: 122 871 680 939 128 168 932 147 764 
Bin 5: 370 320 710 723 714 812 742 910 630 
Bin 6: 700 329 949 840 664 144 
Bin 7: 486 726 78 926 746 713 158 967 
Bin 8: 404 805 385 37 8 414 325 850 136 
Bin 9: 691 577 454 328 971 272 
Bin 10: 870 627 114 855 193 816 9 
Bin 11: 920 633 529 988 506 588 845 803 
Bin 12: 759 192 137 85 572 434 72 878 
Bin 13: 459 475 743 150 846 157 
Bin 14: 485 686 984 490 558 269 
Bin 15: 228 991 794 25 573 362 
Bin 16: 49 457 748 201 611 290 
Bin 17: 176 997 252 781 556 553 
Bin 18: 892 82 383 28 185 151 
Bin 19: 471 53 83 669 747 548 268 736 
Bin 20: 682 115 603 862 790 355 29 71 
Bin 21: 913 865 435 495 834 47 418 
Bin 22: 880 57 990 587 513 283 
Bin 23: 542 244 965 509 496 293 
Bin 24: 732 923 887 568 705 304 
Bin 25: 348 662 68 977 648 735 789 
Bin 26: 873 381 96 63 519 859 
Bin 27: 875 343 394 70 963 156 124 
Bin 28: 819 373 310 623 242 285 
Bin 29: 961 44 384 444 848 354 
Bin 30: 580 119 824 340 255 337 194 
Bin 31: 469 928 93 316 1 364 
Bin 32: 883 830 121 937 882 358 829 377 
Bin 33: 632 559 532 813 360 209 86 
Bin 34: 195 445 202 108 188 233 333 
Bin 35: 64 437 46 402 655 199 380 
Bin 36: 460 270 254 507 319 42 740 172 
Bin 37: 239 152 801 397 12 605 
Bin 38: 886 339 844 958 441 930 591 461 
Bin 39: 978 634 323 773 690 307 
Bin 40: 282 32 332 243 0 635 619 
Bin 41: 876 763 406 455 352 155 
Bin 42: 916 795 134 116 914 
Bin 43: 516 541 357 775 739 
Bin 44: 683 443 737 271 241 628 
Bin 45: 715 752 654 557 604 785 
Bin 46: 809 372 976 161 401 901 38 
Bin 47: 19 240 597 595 941 
Bin 48: 174 707 55 143 511 224 
Bin 49: 631 922 250 799 975 473 
Bin 50: 407 982 33 14 687 470 
Bin 51: 702 218 102 863 864 688 
Bin 52: 931 378 118 729 968 777 
Bin 53: 113 415 784 411 902 695 
Bin 54: 527 262 500 698 697 966 874 
Bin 55: 679 744 183 685 260 792 994 
Bin 56: 730 563 275 145 694 405 
Bin 57: 885 347 797 223 537 90 91 
Bin 58: 858 574 284 257 299 318 774 
Bin 59: 481 606 24 699 731 366 393 
Bin 60: 236 374 502 27 248 227 301 
Bin 61: 791 80 948 957 981 196 205 
Bin 62: 638 133 802 5 22 884 999 
Bin 63: 50 757 476 964 756 62 909 
Bin 64: 52 97 99 16 504 493 466 
Bin 65: 489 754 676 609 351 762 650 
Bin 66: 894 221 983 661 101 48 776 76 
Bin 67: 463 66 783 708 998 438 
Bin 68: 620 811 346 331 760 198 
Bin 69: 125 912 334 229 602 302 709 
Bin 70: 721 645 771 610 431 649 629 
Bin 71: 58 266 458 989 601 61 
Bin 72: 306 483 149 376 938 624 600 
Bin 73: 767 533 955 639 578 59 908 
Bin 74: 3 353 644 162 20 
Bin 75: 367 751 313 716 589 400 906 60 
Bin 76: 833 972 212 831 375 203 
Bin 77: 449 296 641 165 492 34 807 
Bin 78: 180 13 94 164 10 940 
Bin 79: 170 671 689 703 969 837 821 
Bin 80: 200 409 808 311 123 286 
Bin 81: 614 361 246 410 524 995 
Bin 82: 488 835 806 560 925 
Bin 83: 498 84 395 499 43 677 
Bin 84: 861 140 663 596 186 322 
Bin 85: 535 673 474 788 173 442 
Bin 86: 843 146 823 804 786 382 
Bin 87: 585 544 911 448 543 622 138 
Bin 88: 860 881 522 230 720 514 484 
Bin 89: 141 399 92 571 866 182 
Bin 90: 148 237 684 464 106 117 877 643 
Bin 91: 879 712 766 142 903 564 
Bin 92: 387 719 17 534 392 
Bin 93: 551 570 750 167 517 171 
Bin 94: 419 947 959 814 330 
Bin 95: 447 612 341 852 583 
Bin 96: 428 36 772 503 822 273 
Bin 97: 651 6 838 625 305 646 
Bin 98: 98 482 899 264 416 717 
Bin 99: 159 607 422 23 951 349 
Bin 100: 798 847 550 919 344 915 217 924 
Bin 101: 582 175 817 467 815 345 
Bin 102: 935 413 618 900 497 462 
Bin 103: 210 258 706 292 104 594 827 
Bin 104: 755 215 779 356 869 536 
Bin 105: 298 921 985 567 280 528 
Bin 106: 235 359 369 521 386 929 
Bin 107: 109 545 741 800 615 734 
Bin 108: 342 494 954 825 656 
Bin 109: 531 505 287 576 129 996 278 
Bin 110: 581 79 315 667 674 317 274 
Bin 111: 660 213 69 154 265 126 
Bin 112: 131 980 853 451 234 256 
Bin 113: 166 890 288 88 190 379 
Bin 114: 539 575 857 429 15 599 696 
Bin 115: 918 281 826 538 208 526 
Bin 116: 335 303 590 51 973 297 753 491 
Bin 117: 81 727 472 566 952 868 
Bin 118: 226 294 555 512 403 238 452 891 
Bin 119: 659 295 432 45 21 207 245 
Bin 120: 420 350 782 231 450 
Bin 121: 608 211 562 793 658 276 765 
Bin 122: 979 214 440 479 77 510 828 
Bin 123: 787 259 898 187 308 54 
Bin 124: 408 132 841 390 179 637 73 889 
Bin 125: 586 251 917 67 956 
Bin 126: 247 636 907 738 993 950 
Bin 127: 704 130 181 7 962 421 613 
Bin 128: 18 95 478 111 112 554 65 
Bin 129: 300 758 540 326 905 267 970 
Bin 130: 584 839 768 127 39 945 974 
Bin 131: 363 253 867 327 220 368 
Bin 132: 927 960 770 888 616 389 897 
Bin 133: 120 398 324 388 107 
Bin 134: 761 640 953 110 222 657 177 
Bin 135: 446 371 769 412 675 
Bin 136: 849 312 670 26 160 436 701 
Bin 137: 725 2 565 468 508 652 
Bin 138: 178 219 424 647 668 530 
Bin 139: 153 693 184 942 314 439 
Bin 140: 718 904 872 105 665 
Bin 141: 836 456 749 992 579 336 56 
Bin 142: 810 552 515 263 842 477 31 672 
Bin 143: 163 666 681 225 433 547 733 
Bin 144: 678 75 191 986 780 936 
Bin 145: 169 569 896 289 100 893 
Bin 146: 30 206 11 417 261 
Bin 147: 465 41 778 851 987 728 
Bin 148: 391 426 321 396 525 820 722 
Bin 149: 87 856 934 427 40 291 
Bin 150: 430 249 642 711 832 593 
Bin 151: 103 338 197 617 501 487 89 
Bin 152: 621 520 35 592 943 204 
Bin 153: 895 796 232 546 724 189 139 
