# Objective: 21
# Time: 2.68548
# Feasible: 1
# Solution:
Bin 0: 53 100 13 56 6 116 
Bin 1: 88 48 38 22 81 34 14 
Bin 2: 24 49 51 7 118 
Bin 3: 75 70 113 89 59 
Bin 4: 74 98 9 39 28 
Bin 5: 16 111 92 31 85 
Bin 6: 45 40 2 15 77 47 
Bin 7: 30 4 117 43 63 66 46 
Bin 8: 107 33 109 50 36 82 
Bin 9: 60 93 5 114 79 
Bin 10: 101 0 55 44 21 73 105 17 
Bin 11: 8 20 86 42 58 68 
Bin 12: 37 90 32 23 52 
Bin 13: 62 99 69 91 84 
Bin 14: 72 57 54 67 71 112 
Bin 15: 10 80 96 119 110 
Bin 16: 95 87 94 12 83 19 61 
Bin 17: 103 106 35 115 76 29 
Bin 18: 1 78 18 25 108 97 
Bin 19: 41 11 3 102 104 
Bin 20: 27 65 64 26 
