# Objective: 86
# Time: 99.3997
# Feasible: 1
# Solution:
Bin 0: 12 452 383 309 492 490 
Bin 1: 205 488 408 277 444 194 370 
Bin 2: 434 199 424 132 59 
Bin 3: 374 248 105 454 288 375 
Bin 4: 165 296 252 171 318 307 
Bin 5: 28 166 110 494 402 173 
Bin 6: 438 61 331 447 287 253 
Bin 7: 275 189 446 421 384 213 342 
Bin 8: 190 257 180 484 209 467 385 
Bin 9: 126 364 298 256 367 206 
Bin 10: 344 219 343 160 13 474 
Bin 11: 114 324 477 143 439 380 437 
Bin 12: 470 389 415 231 295 
Bin 13: 388 41 339 192 170 
Bin 14: 109 407 62 119 435 85 
Bin 15: 46 237 169 68 33 65 334 
Bin 16: 304 270 350 31 266 30 
Bin 17: 430 358 482 396 15 473 
Bin 18: 290 36 285 460 311 406 
Bin 19: 208 427 175 198 156 411 
Bin 20: 268 223 191 315 39 101 
Bin 21: 142 44 55 64 499 236 395 
Bin 22: 362 308 48 240 465 
Bin 23: 355 316 352 284 217 338 347 
Bin 24: 263 112 390 212 220 18 
Bin 25: 329 461 254 51 394 
Bin 26: 148 265 349 176 476 386 
Bin 27: 155 247 60 137 136 164 
Bin 28: 481 122 469 412 9 297 
Bin 29: 135 127 162 445 168 416 436 
Bin 30: 181 348 38 123 134 
Bin 31: 353 63 4 327 272 8 
Bin 32: 50 365 428 84 149 410 
Bin 33: 98 120 20 87 56 214 
Bin 34: 448 417 471 147 472 330 
Bin 35: 184 294 116 483 193 47 
Bin 36: 158 3 401 279 378 118 
Bin 37: 183 232 222 393 458 224 442 
Bin 38: 242 420 400 187 441 93 
Bin 39: 264 211 479 332 133 129 
Bin 40: 255 174 323 289 107 
Bin 41: 16 354 94 210 274 
Bin 42: 233 317 337 491 179 45 
Bin 43: 177 459 269 37 340 381 
Bin 44: 258 462 251 361 273 
Bin 45: 433 151 244 262 359 
Bin 46: 250 5 72 403 360 
Bin 47: 387 138 493 23 495 429 
Bin 48: 42 405 66 464 43 2 53 197 
Bin 49: 392 57 305 357 27 335 312 
Bin 50: 235 86 372 486 196 286 
Bin 51: 144 319 88 77 186 221 
Bin 52: 325 278 225 409 475 432 
Bin 53: 79 368 489 54 153 
Bin 54: 58 207 391 440 449 422 
Bin 55: 261 22 131 19 498 
Bin 56: 259 216 178 202 146 117 6 
Bin 57: 7 157 150 397 313 218 
Bin 58: 163 478 299 341 292 
Bin 59: 373 426 310 201 404 82 
Bin 60: 230 1 73 125 314 413 
Bin 61: 75 346 466 496 203 81 293 
Bin 62: 423 90 121 399 115 369 
Bin 63: 345 228 336 363 260 91 
Bin 64: 267 431 111 26 67 
Bin 65: 100 34 130 276 204 
Bin 66: 25 104 239 457 152 103 
Bin 67: 95 487 102 351 226 366 
Bin 68: 468 74 282 71 24 321 
Bin 69: 161 139 200 141 425 124 
Bin 70: 302 78 450 241 89 17 
Bin 71: 379 382 418 182 280 
Bin 72: 52 451 113 80 419 
Bin 73: 11 306 92 145 303 245 
Bin 74: 456 167 376 398 234 76 
Bin 75: 301 414 29 453 291 356 
Bin 76: 159 320 40 283 
Bin 77: 49 96 238 185 455 328 
Bin 78: 281 188 35 32 108 480 
Bin 79: 227 377 326 371 99 97 70 
Bin 80: 106 140 128 0 
Bin 81: 485 497 463 21 195 
Bin 82: 10 69 229 172 
Bin 83: 215 271 443 83 
Bin 84: 14 246 249 333 243 
Bin 85: 300 322 154 
