# Objective: 101
# Time: 74.4235
# Feasible: 1
# Solution:
Bin 0: 176 406 470 388 459 457 
Bin 1: 77 20 13 37 
Bin 2: 160 168 126 12 246 
Bin 3: 409 265 267 298 197 477 
Bin 4: 150 31 190 39 338 
Bin 5: 365 264 379 460 343 104 
Bin 6: 361 131 363 479 302 
Bin 7: 404 161 124 386 378 475 
Bin 8: 446 27 423 451 93 
Bin 9: 237 368 438 133 266 
Bin 10: 332 18 35 296 420 
Bin 11: 436 59 244 32 6 70 
Bin 12: 353 120 42 280 369 
Bin 13: 113 221 254 431 
Bin 14: 383 211 225 85 303 
Bin 15: 49 213 90 320 200 
Bin 16: 5 87 328 117 97 178 
Bin 17: 314 139 43 68 121 285 
Bin 18: 140 115 279 95 476 235 
Bin 19: 330 223 408 127 145 
Bin 20: 375 392 203 136 426 
Bin 21: 23 26 263 458 448 
Bin 22: 219 282 157 419 
Bin 23: 305 226 10 152 499 456 
Bin 24: 394 116 452 207 
Bin 25: 119 118 274 424 99 
Bin 26: 429 96 11 295 72 
Bin 27: 144 238 69 241 
Bin 28: 311 390 252 55 356 
Bin 29: 462 465 248 325 
Bin 30: 417 122 472 310 54 
Bin 31: 151 272 191 256 106 46 
Bin 32: 331 91 403 83 174 
Bin 33: 247 112 105 396 412 349 
Bin 34: 401 202 466 187 440 107 
Bin 35: 346 141 232 447 21 
Bin 36: 489 385 487 194 393 
Bin 37: 482 2 415 481 198 
Bin 38: 9 389 257 192 435 
Bin 39: 109 450 467 318 250 
Bin 40: 86 366 359 336 249 
Bin 41: 162 30 186 175 453 443 
Bin 42: 66 180 51 217 485 
Bin 43: 76 433 7 276 142 
Bin 44: 317 391 179 208 
Bin 45: 497 297 471 205 242 
Bin 46: 281 381 299 17 399 89 
Bin 47: 188 437 163 410 387 382 
Bin 48: 491 103 215 65 129 
Bin 49: 258 233 441 123 149 
Bin 50: 92 224 193 494 239 
Bin 51: 286 110 29 216 
Bin 52: 293 473 148 395 
Bin 53: 159 271 245 78 
Bin 54: 329 189 255 177 1 
Bin 55: 430 397 484 201 342 374 
Bin 56: 209 58 234 170 164 
Bin 57: 56 53 47 414 405 
Bin 58: 50 463 183 80 
Bin 59: 402 4 154 218 277 
Bin 60: 81 334 45 312 432 88 
Bin 61: 231 288 273 464 428 
Bin 62: 384 480 357 294 40 
Bin 63: 125 373 367 228 84 
Bin 64: 34 63 275 413 496 
Bin 65: 445 376 348 416 171 
Bin 66: 425 411 169 309 291 
Bin 67: 253 38 204 146 
Bin 68: 455 284 269 138 
Bin 69: 3 442 128 48 
Bin 70: 52 372 493 172 167 323 
Bin 71: 354 468 308 212 182 
Bin 72: 60 24 230 340 488 
Bin 73: 427 351 33 261 74 
Bin 74: 483 75 108 114 326 57 
Bin 75: 321 165 227 181 315 
Bin 76: 316 229 73 147 339 
Bin 77: 360 327 377 220 486 
Bin 78: 434 469 461 324 444 
Bin 79: 300 398 15 439 
Bin 80: 158 371 454 236 98 
Bin 81: 352 166 262 173 292 
Bin 82: 102 333 358 195 62 
Bin 83: 306 71 153 155 206 
Bin 84: 304 44 370 364 82 
Bin 85: 268 350 196 307 290 
Bin 86: 337 270 28 79 130 
Bin 87: 319 344 61 495 243 
Bin 88: 362 301 184 156 289 
Bin 89: 490 474 313 478 
Bin 90: 8 400 335 0 
Bin 91: 132 100 418 25 259 
Bin 92: 19 134 407 137 
Bin 93: 199 240 214 36 278 
Bin 94: 251 287 101 347 449 
Bin 95: 283 143 421 260 
Bin 96: 222 345 64 355 111 94 
Bin 97: 41 210 22 67 
Bin 98: 322 341 422 135 
Bin 99: 380 14 16 
Bin 100: 498 492 185 
