# Objective: 83
# Time: 42.4793
# Feasible: 1
# Solution:
Bin 0: 386 288 327 362 25 24 369 39 
Bin 1: 151 289 152 403 437 476 
Bin 2: 272 166 370 178 409 
Bin 3: 353 405 492 309 217 423 
Bin 4: 108 291 383 498 273 410 
Bin 5: 493 200 82 28 253 401 
Bin 6: 435 236 389 382 123 95 
Bin 7: 228 195 452 7 186 
Bin 8: 392 274 225 111 485 2 144 
Bin 9: 441 465 55 298 414 212 
Bin 10: 359 259 328 148 203 
Bin 11: 190 130 61 333 430 358 214 
Bin 12: 318 280 306 98 282 463 
Bin 13: 6 277 107 290 305 
Bin 14: 255 110 416 68 87 240 
Bin 15: 472 425 275 267 364 109 
Bin 16: 400 210 209 34 97 439 
Bin 17: 199 174 429 160 257 373 
Bin 18: 192 13 112 35 117 338 457 
Bin 19: 295 335 460 215 224 246 
Bin 20: 101 90 357 495 237 136 
Bin 21: 167 141 450 258 70 157 
Bin 22: 339 371 488 201 15 
Bin 23: 455 466 260 12 490 
Bin 24: 396 351 89 233 128 241 
Bin 25: 9 402 197 104 180 10 
Bin 26: 322 411 303 162 270 114 
Bin 27: 433 307 153 17 125 352 446 
Bin 28: 334 379 483 181 183 443 
Bin 29: 99 149 63 320 451 65 293 
Bin 30: 413 321 319 227 387 
Bin 31: 66 204 5 142 426 205 324 
Bin 32: 140 230 196 417 456 129 
Bin 33: 271 331 349 486 360 1 163 
Bin 34: 427 80 177 146 4 
Bin 35: 368 300 436 184 374 72 121 
Bin 36: 469 135 496 75 399 122 
Bin 37: 375 404 294 113 164 188 
Bin 38: 355 311 354 419 86 442 
Bin 39: 264 238 211 53 73 208 
Bin 40: 420 491 384 363 229 329 
Bin 41: 489 216 47 249 131 172 158 266 
Bin 42: 342 0 67 26 235 78 
Bin 43: 480 470 283 147 279 170 
Bin 44: 243 346 222 343 242 175 
Bin 45: 83 96 244 154 361 43 
Bin 46: 474 69 29 281 376 223 377 
Bin 47: 296 124 372 310 8 59 
Bin 48: 118 49 31 52 187 445 185 
Bin 49: 103 133 127 388 
Bin 50: 119 356 299 94 102 232 
Bin 51: 365 171 292 44 159 475 
Bin 52: 398 138 50 477 459 179 
Bin 53: 156 14 330 74 407 
Bin 54: 173 391 278 64 308 62 332 
Bin 55: 176 139 380 206 126 464 
Bin 56: 287 120 93 415 316 385 
Bin 57: 202 60 161 340 220 487 
Bin 58: 116 46 453 56 256 262 
Bin 59: 484 92 38 301 454 37 
Bin 60: 481 27 421 344 458 482 
Bin 61: 336 467 297 478 91 248 
Bin 62: 245 408 263 434 418 
Bin 63: 367 155 337 449 11 221 
Bin 64: 84 219 390 23 313 461 
Bin 65: 207 226 499 412 462 326 
Bin 66: 438 394 105 261 33 341 424 
Bin 67: 447 234 58 115 88 431 
Bin 68: 440 406 302 194 378 20 
Bin 69: 479 182 193 350 251 473 393 381 
Bin 70: 345 348 286 77 366 265 
Bin 71: 76 432 198 448 285 276 315 
Bin 72: 36 71 169 247 284 41 3 
Bin 73: 395 143 54 45 397 
Bin 74: 42 22 218 30 269 16 
Bin 75: 189 145 137 494 48 347 
Bin 76: 191 19 18 252 168 
Bin 77: 428 57 314 317 231 444 
Bin 78: 254 150 422 85 268 323 100 
Bin 79: 51 250 304 213 165 312 
Bin 80: 106 32 468 81 132 325 
Bin 81: 471 497 134 21 40 
Bin 82: 79 239 
