# Objective: 43
# Time: 8.63858
# Feasible: 1
# Solution:
Bin 0: 83 197 122 100 165 176 
Bin 1: 223 121 204 67 125 22 
Bin 2: 140 187 9 42 157 239 
Bin 3: 92 243 54 44 200 106 27 47 
Bin 4: 229 248 23 133 37 118 191 
Bin 5: 240 167 158 124 170 220 203 214 
Bin 6: 231 241 3 247 113 
Bin 7: 80 49 196 238 52 
Bin 8: 59 172 210 119 112 5 
Bin 9: 94 129 186 141 66 225 
Bin 10: 234 163 60 50 0 142 
Bin 11: 79 182 61 104 51 228 
Bin 12: 78 28 150 205 29 246 208 
Bin 13: 180 161 17 21 131 
Bin 14: 227 137 242 245 202 249 10 
Bin 15: 35 91 154 235 95 
Bin 16: 207 184 24 116 20 101 
Bin 17: 236 77 31 97 127 183 
Bin 18: 217 39 169 138 143 99 
Bin 19: 190 222 36 218 177 115 
Bin 20: 25 14 156 126 219 152 
Bin 21: 188 139 4 212 46 11 
Bin 22: 110 76 109 226 34 
Bin 23: 107 171 108 117 232 209 
Bin 24: 123 178 132 146 185 2 
Bin 25: 145 201 72 174 148 
Bin 26: 103 213 74 43 81 16 
Bin 27: 162 93 147 155 89 
Bin 28: 96 13 195 164 175 68 
Bin 29: 69 56 33 168 45 199 
Bin 30: 70 63 53 130 194 221 
Bin 31: 151 48 193 85 98 88 
Bin 32: 134 12 75 233 153 206 
Bin 33: 173 19 135 58 73 
Bin 34: 87 179 244 82 230 224 211 
Bin 35: 64 128 90 111 144 
Bin 36: 160 55 62 86 159 
Bin 37: 6 32 71 41 1 30 
Bin 38: 26 102 237 65 84 
Bin 39: 105 57 7 198 192 114 
Bin 40: 149 120 166 38 15 
Bin 41: 8 181 215 136 
Bin 42: 18 40 216 189 
