# Objective: 77
# Time: 26.8185
# Feasible: 1
# Solution:
Bin 0: 251 414 172 326 310 24 420 
Bin 1: 168 298 380 306 397 287 
Bin 2: 293 357 12 303 350 210 154 
Bin 3: 110 457 496 487 443 191 490 442 153 3 
Bin 4: 33 300 222 431 383 99 142 491 160 
Bin 5: 498 367 254 50 282 
Bin 6: 301 472 216 353 49 21 
Bin 7: 44 290 34 314 248 130 177 
Bin 8: 169 328 421 311 121 104 11 
Bin 9: 83 62 27 493 149 84 
Bin 10: 484 358 336 356 374 146 
Bin 11: 359 85 495 312 418 
Bin 12: 185 355 235 86 63 100 381 
Bin 13: 152 8 101 103 128 6 
Bin 14: 151 459 226 412 244 368 393 
Bin 15: 321 41 217 236 322 473 388 422 
Bin 16: 106 482 137 2 223 
Bin 17: 362 79 67 352 116 479 
Bin 18: 469 406 194 57 0 218 155 
Bin 19: 192 171 237 178 71 
Bin 20: 458 398 261 464 481 370 
Bin 21: 259 366 461 389 158 88 
Bin 22: 73 161 159 275 268 395 
Bin 23: 437 433 38 394 163 426 233 
Bin 24: 30 440 214 22 339 279 
Bin 25: 51 208 331 277 432 273 441 184 
Bin 26: 39 324 284 417 445 36 93 
Bin 27: 429 385 28 320 166 162 
Bin 28: 14 378 112 478 55 246 
Bin 29: 212 115 180 90 58 
Bin 30: 225 75 193 415 480 19 
Bin 31: 438 410 391 46 250 377 373 
Bin 32: 430 424 297 317 452 15 330 
Bin 33: 7 111 228 348 263 467 
Bin 34: 123 220 45 136 449 145 
Bin 35: 13 396 485 188 448 91 
Bin 36: 256 439 18 425 468 118 26 
Bin 37: 97 375 181 371 241 436 211 
Bin 38: 325 288 341 29 329 10 
Bin 39: 289 344 187 435 82 243 23 
Bin 40: 319 292 156 407 113 305 173 
Bin 41: 463 313 56 72 249 65 455 
Bin 42: 286 196 60 386 80 37 
Bin 43: 87 349 364 94 31 144 
Bin 44: 451 255 16 408 258 354 
Bin 45: 167 202 486 120 141 61 
Bin 46: 200 387 499 89 280 199 413 
Bin 47: 483 338 308 278 68 209 454 382 
Bin 48: 240 148 213 131 108 47 
Bin 49: 48 230 198 419 107 264 42 392 
Bin 50: 204 345 257 70 444 109 453 66 
Bin 51: 129 405 215 74 446 296 102 
Bin 52: 274 25 238 52 492 477 
Bin 53: 170 327 96 92 465 32 346 
Bin 54: 379 276 323 294 239 283 
Bin 55: 337 340 315 411 361 
Bin 56: 150 207 307 117 9 175 
Bin 57: 17 494 372 360 95 205 231 
Bin 58: 105 229 281 143 347 335 54 403 
Bin 59: 428 122 124 5 351 182 299 
Bin 60: 164 475 139 114 125 147 
Bin 61: 133 135 271 77 488 
Bin 62: 179 416 365 245 260 302 427 
Bin 63: 466 219 232 285 64 401 
Bin 64: 376 195 384 343 221 165 400 
Bin 65: 132 447 270 434 462 
Bin 66: 332 470 157 334 138 78 
Bin 67: 369 399 126 43 304 242 
Bin 68: 252 190 183 474 423 295 186 1 
Bin 69: 390 40 176 227 269 140 20 
Bin 70: 234 456 197 76 35 363 
Bin 71: 98 174 318 253 53 189 497 316 
Bin 72: 291 489 247 134 342 69 
Bin 73: 262 460 333 404 224 203 
Bin 74: 471 267 206 59 127 
Bin 75: 4 265 476 402 266 450 
Bin 76: 309 119 409 201 272 81 
