# Objective: 78
# Time: 41.2524
# Feasible: 1
# Solution:
Bin 0: 437 201 376 274 177 4 462 296 
Bin 1: 473 223 447 298 68 406 
Bin 2: 57 479 445 89 100 444 457 468 
Bin 3: 131 277 190 347 80 319 119 
Bin 4: 72 65 467 405 280 258 208 431 
Bin 5: 316 36 125 5 175 136 388 
Bin 6: 167 159 426 389 369 291 
Bin 7: 392 400 425 129 470 22 
Bin 8: 396 448 179 472 315 99 23 346 
Bin 9: 382 155 307 86 44 138 245 197 
Bin 10: 482 428 164 302 13 165 
Bin 11: 348 339 227 263 490 496 381 
Bin 12: 395 98 488 10 265 290 375 193 
Bin 13: 33 110 303 484 309 220 
Bin 14: 367 150 247 407 41 285 
Bin 15: 107 228 446 289 15 38 178 
Bin 16: 123 450 7 213 48 32 492 
Bin 17: 186 366 453 71 268 111 
Bin 18: 314 404 74 50 287 352 46 
Bin 19: 216 260 122 493 215 87 483 
Bin 20: 9 436 294 196 498 194 242 121 
Bin 21: 203 410 326 79 485 
Bin 22: 269 135 20 497 455 
Bin 23: 174 171 261 324 120 26 249 185 
Bin 24: 351 286 329 306 239 54 219 
Bin 25: 81 401 371 95 321 331 345 
Bin 26: 311 169 377 384 342 343 
Bin 27: 275 37 214 332 271 364 43 92 
Bin 28: 49 427 283 112 359 391 
Bin 29: 299 29 335 202 357 399 53 
Bin 30: 378 264 313 459 288 475 
Bin 31: 218 421 124 256 0 253 
Bin 32: 350 108 317 2 207 409 146 
Bin 33: 198 349 451 103 236 45 432 
Bin 34: 270 420 414 199 387 379 429 
Bin 35: 106 361 128 397 466 
Bin 36: 257 73 30 272 206 476 452 
Bin 37: 154 478 363 474 109 
Bin 38: 141 62 140 52 117 192 255 
Bin 39: 210 145 158 415 212 200 166 
Bin 40: 195 181 113 234 334 19 133 
Bin 41: 237 28 292 191 463 8 
Bin 42: 153 39 419 422 320 418 
Bin 43: 102 301 222 238 252 
Bin 44: 386 183 308 278 1 318 481 
Bin 45: 221 187 494 489 94 250 91 
Bin 46: 59 441 499 241 477 21 
Bin 47: 114 230 144 434 284 16 
Bin 48: 6 424 300 491 151 412 149 438 
Bin 49: 353 328 226 55 24 115 
Bin 50: 58 137 63 469 51 42 
Bin 51: 259 163 224 433 148 127 
Bin 52: 356 67 104 341 449 173 
Bin 53: 430 209 333 402 354 383 
Bin 54: 160 93 88 147 293 338 11 398 
Bin 55: 96 217 77 327 360 233 
Bin 56: 417 411 273 176 390 90 182 
Bin 57: 344 47 34 393 157 12 84 
Bin 58: 240 254 170 336 35 
Bin 59: 244 323 322 305 279 205 
Bin 60: 232 281 440 358 14 
Bin 61: 312 464 82 70 25 118 
Bin 62: 337 188 416 246 454 143 
Bin 63: 184 83 370 282 168 456 
Bin 64: 211 355 18 243 330 189 152 
Bin 65: 225 325 262 172 139 413 
Bin 66: 267 56 162 85 276 487 
Bin 67: 408 266 297 443 380 69 
Bin 68: 365 105 64 374 75 116 
Bin 69: 458 161 495 17 134 132 
Bin 70: 423 231 78 251 235 60 
Bin 71: 97 130 3 403 435 66 
Bin 72: 385 126 362 304 142 
Bin 73: 229 31 372 368 439 156 
Bin 74: 394 340 460 373 442 
Bin 75: 180 480 101 461 486 
Bin 76: 76 40 465 204 248 
Bin 77: 295 310 27 471 61 
