# Objective: 37
# Time: 6.68462
# Feasible: 1
# Solution:
Bin 0: 55 136 131 103 144 8 230 241 
Bin 1: 209 206 153 249 244 20 32 113 99 
Bin 2: 194 72 38 123 60 219 
Bin 3: 236 189 52 235 62 164 54 
Bin 4: 96 163 197 16 149 238 9 37 
Bin 5: 220 148 91 242 212 28 
Bin 6: 33 225 202 82 70 1 
Bin 7: 215 184 142 27 175 36 
Bin 8: 108 137 122 43 93 30 120 4 
Bin 9: 81 165 75 94 116 227 
Bin 10: 191 107 77 195 63 135 59 
Bin 11: 151 56 15 73 79 71 
Bin 12: 205 223 80 183 207 114 247 
Bin 13: 42 74 25 156 229 13 26 216 76 
Bin 14: 101 193 119 48 237 150 104 
Bin 15: 68 208 161 204 19 121 89 
Bin 16: 10 44 170 40 12 2 196 162 
Bin 17: 11 214 7 199 133 117 
Bin 18: 46 248 110 143 85 166 
Bin 19: 124 127 140 106 185 177 155 
Bin 20: 198 41 221 167 218 178 78 53 
Bin 21: 228 86 58 232 64 129 
Bin 22: 61 6 50 179 87 132 
Bin 23: 172 233 29 31 24 234 210 
Bin 24: 187 47 65 69 222 111 128 3 
Bin 25: 158 21 105 92 112 181 
Bin 26: 203 5 126 134 145 
Bin 27: 160 35 180 23 231 146 224 
Bin 28: 17 49 192 152 88 186 168 
Bin 29: 190 57 147 213 154 14 
Bin 30: 243 97 201 157 83 246 169 
Bin 31: 159 173 125 217 45 
Bin 32: 139 182 211 67 102 245 
Bin 33: 98 130 90 171 174 176 18 
Bin 34: 118 34 39 188 115 22 66 
Bin 35: 0 84 138 95 100 200 240 
Bin 36: 109 226 51 239 141 
