# Objective: 158
# Time: 206.602
# Feasible: 1
# Solution:
Bin 0: 444 154 187 683 138 410 
Bin 1: 542 64 754 186 141 412 830 
Bin 2: 929 974 392 661 238 10 
Bin 3: 907 127 609 881 922 514 456 679 
Bin 4: 618 996 839 658 867 890 
Bin 5: 917 610 724 516 920 346 
Bin 6: 148 139 915 56 361 330 629 
Bin 7: 277 571 979 44 302 600 
Bin 8: 992 596 272 323 331 572 411 
Bin 9: 322 161 509 893 928 717 
Bin 10: 373 197 972 671 113 916 583 
Bin 11: 651 51 980 681 71 634 
Bin 12: 362 240 487 321 520 267 438 
Bin 13: 727 507 183 908 872 345 
Bin 14: 286 868 94 668 35 627 919 
Bin 15: 519 644 758 842 752 887 
Bin 16: 53 782 115 575 540 110 621 
Bin 17: 809 738 38 934 719 451 
Bin 18: 357 170 770 395 0 589 454 
Bin 19: 86 88 491 194 12 
Bin 20: 695 69 284 218 663 152 28 
Bin 21: 607 99 987 977 308 181 
Bin 22: 441 966 605 17 147 311 217 
Bin 23: 74 659 847 198 96 899 
Bin 24: 850 310 551 151 100 963 669 875 
Bin 25: 543 306 393 508 871 797 243 202 
Bin 26: 860 877 796 479 420 585 969 983 
Bin 27: 92 206 157 227 866 827 314 
Bin 28: 496 396 874 703 144 26 236 
Bin 29: 424 474 943 889 608 190 761 
Bin 30: 15 674 168 279 312 366 
Bin 31: 25 268 78 82 680 5 391 237 
Bin 32: 426 353 376 602 413 117 
Bin 33: 379 574 180 292 784 895 14 
Bin 34: 991 624 803 886 664 87 
Bin 35: 400 500 501 831 909 257 199 
Bin 36: 288 488 404 37 460 475 
Bin 37: 214 856 364 179 105 125 652 534 
Bin 38: 751 891 710 673 522 
Bin 39: 121 597 427 377 177 338 604 
Bin 40: 533 220 776 806 269 529 280 
Bin 41: 97 494 203 985 774 713 443 
Bin 42: 982 619 527 841 63 316 455 
Bin 43: 30 879 492 716 242 143 637 
Bin 44: 615 386 43 564 620 452 
Bin 45: 976 76 788 216 702 503 
Bin 46: 428 577 728 513 341 569 
Bin 47: 271 149 848 749 254 
Bin 48: 160 744 795 726 768 
Bin 49: 570 811 653 684 553 34 
Bin 50: 642 324 445 23 135 506 638 913 
Bin 51: 808 371 555 60 102 164 603 
Bin 52: 463 209 9 397 128 472 468 
Bin 53: 84 925 538 291 912 742 711 
Bin 54: 305 478 804 175 518 
Bin 55: 252 22 584 989 845 611 
Bin 56: 167 298 824 705 736 763 380 384 
Bin 57: 155 497 937 739 579 878 188 215 
Bin 58: 530 725 926 260 486 956 
Bin 59: 771 406 694 249 340 971 535 52 
Bin 60: 417 350 57 706 565 
Bin 61: 290 372 309 122 431 617 616 
Bin 62: 297 781 528 449 588 295 
Bin 63: 134 525 470 690 191 462 24 
Bin 64: 59 941 995 483 581 931 
Bin 65: 880 116 325 837 301 832 
Bin 66: 224 146 296 425 245 46 746 
Bin 67: 351 381 193 789 932 685 
Bin 68: 818 900 573 112 750 566 482 
Bin 69: 405 764 119 226 4 266 718 
Bin 70: 98 212 593 869 999 304 
Bin 71: 108 978 232 601 636 185 
Bin 72: 815 952 923 7 45 885 
Bin 73: 398 826 948 552 855 244 
Bin 74: 370 158 958 665 477 873 
Bin 75: 490 914 760 457 403 
Bin 76: 109 264 741 58 278 419 780 
Bin 77: 434 648 511 363 813 655 163 
Bin 78: 387 733 814 735 504 123 
Bin 79: 440 270 687 446 66 785 320 
Bin 80: 50 536 712 817 945 13 950 
Bin 81: 835 884 189 523 248 631 
Bin 82: 374 675 253 946 300 670 582 
Bin 83: 883 876 649 622 537 159 851 975 
Bin 84: 510 178 19 289 586 172 368 
Bin 85: 715 498 208 421 234 469 
Bin 86: 480 336 800 204 630 559 
Bin 87: 344 691 612 805 418 85 
Bin 88: 548 901 1 67 858 195 
Bin 89: 169 778 970 792 369 358 432 
Bin 90: 315 255 825 205 955 70 
Bin 91: 250 936 130 332 623 461 
Bin 92: 689 844 633 11 962 816 
Bin 93: 383 334 953 352 213 68 
Bin 94: 823 993 171 3 81 274 
Bin 95: 699 276 18 20 807 79 799 
Bin 96: 367 888 961 747 450 745 
Bin 97: 521 820 349 897 495 192 787 
Bin 98: 505 407 678 896 646 984 
Bin 99: 829 360 903 939 261 
Bin 100: 957 54 281 273 882 981 
Bin 101: 437 779 861 544 47 626 
Bin 102: 753 515 335 786 408 399 591 
Bin 103: 356 892 657 49 153 905 
Bin 104: 27 709 994 8 65 
Bin 105: 31 567 836 55 949 524 196 
Bin 106: 568 409 662 223 239 894 834 247 
Bin 107: 342 862 560 693 650 258 
Bin 108: 986 700 697 910 924 75 
Bin 109: 61 766 6 265 580 632 
Bin 110: 429 262 365 767 275 794 
Bin 111: 359 906 415 459 502 852 731 
Bin 112: 940 743 927 772 857 293 545 
Bin 113: 339 166 355 313 870 165 
Bin 114: 933 656 547 388 625 207 
Bin 115: 563 140 466 378 947 833 
Bin 116: 106 688 821 430 145 562 
Bin 117: 628 587 732 598 382 467 
Bin 118: 898 447 997 721 775 282 
Bin 119: 33 783 453 594 414 283 464 
Bin 120: 473 484 219 998 174 229 988 133 
Bin 121: 613 347 259 854 561 137 
Bin 122: 556 481 287 734 126 701 
Bin 123: 938 200 641 614 436 230 326 
Bin 124: 150 246 489 235 307 654 599 
Bin 125: 822 812 401 959 935 696 
Bin 126: 442 550 698 476 810 285 
Bin 127: 329 740 389 129 539 104 765 
Bin 128: 62 967 838 394 333 
Bin 129: 40 471 29 639 317 390 184 
Bin 130: 755 101 318 859 576 531 
Bin 131: 532 124 173 95 80 
Bin 132: 682 375 176 645 802 798 
Bin 133: 385 704 578 458 904 707 777 439 
Bin 134: 643 499 222 303 635 541 
Bin 135: 964 21 103 729 714 
Bin 136: 156 960 973 72 93 16 
Bin 137: 677 759 773 416 911 865 182 
Bin 138: 864 131 162 840 210 
Bin 139: 762 723 294 819 853 343 558 
Bin 140: 354 328 757 902 965 
Bin 141: 107 142 828 944 435 676 118 
Bin 142: 708 990 720 433 756 
Bin 143: 526 942 790 136 660 793 
Bin 144: 211 918 225 722 592 737 
Bin 145: 402 951 590 640 201 
Bin 146: 114 41 730 120 48 89 
Bin 147: 337 233 83 672 647 546 
Bin 148: 791 231 968 423 512 77 
Bin 149: 849 299 263 36 769 
Bin 150: 930 422 667 666 843 
Bin 151: 221 557 493 846 2 
Bin 152: 91 554 251 863 921 111 
Bin 153: 327 954 801 319 692 256 
Bin 154: 90 748 348 241 132 448 
Bin 155: 549 39 686 73 
Bin 156: 228 485 465 606 595 
Bin 157: 517 42 32 
