# Objective: 148
# Time: 303.361
# Feasible: 1
# Solution:
Bin 0: 389 814 121 732 291 79 
Bin 1: 559 344 32 258 846 265 103 927 604 
Bin 2: 602 731 163 368 862 606 437 
Bin 3: 715 744 371 500 432 656 172 783 
Bin 4: 617 215 190 521 332 425 940 
Bin 5: 806 232 246 554 909 
Bin 6: 122 920 95 108 314 305 481 660 
Bin 7: 753 283 966 25 74 477 
Bin 8: 323 207 621 802 723 638 718 
Bin 9: 905 311 678 903 111 177 189 749 
Bin 10: 896 325 980 987 80 413 762 
Bin 11: 290 491 517 462 149 490 
Bin 12: 263 636 637 512 795 339 38 
Bin 13: 555 551 921 664 367 758 144 68 
Bin 14: 473 908 343 675 958 401 
Bin 15: 461 26 875 188 881 735 
Bin 16: 85 269 443 929 977 682 
Bin 17: 374 906 201 976 238 287 
Bin 18: 747 346 564 959 886 624 87 
Bin 19: 836 78 442 129 751 495 870 
Bin 20: 445 767 267 444 620 815 27 
Bin 21: 406 507 894 132 385 162 524 227 
Bin 22: 900 419 657 932 460 981 719 
Bin 23: 793 786 11 391 800 652 10 
Bin 24: 787 536 303 943 860 912 
Bin 25: 801 531 578 798 113 408 
Bin 26: 48 349 140 468 904 847 
Bin 27: 561 112 414 789 898 82 608 
Bin 28: 124 317 340 399 52 37 224 
Bin 29: 632 208 171 418 988 634 493 
Bin 30: 563 528 901 145 603 436 
Bin 31: 131 820 97 542 327 358 454 466 
Bin 32: 387 553 204 832 938 310 
Bin 33: 662 210 411 209 848 361 191 398 285 
Bin 34: 803 812 670 373 127 721 979 
Bin 35: 120 234 66 12 350 137 547 
Bin 36: 448 844 328 451 575 182 197 218 
Bin 37: 819 243 548 109 262 566 308 
Bin 38: 574 384 884 508 700 470 
Bin 39: 200 511 76 972 590 666 816 
Bin 40: 178 986 698 306 169 765 
Bin 41: 997 720 15 286 160 
Bin 42: 372 692 220 487 639 838 523 
Bin 43: 479 911 579 610 84 934 945 
Bin 44: 769 138 717 631 318 428 
Bin 45: 69 774 842 0 456 716 150 
Bin 46: 154 635 21 256 738 612 62 
Bin 47: 644 597 672 231 261 917 329 
Bin 48: 728 618 965 804 584 359 
Bin 49: 676 973 379 284 643 480 569 119 557 
Bin 50: 776 268 919 23 733 935 180 
Bin 51: 654 641 640 440 772 472 
Bin 52: 244 756 99 902 541 168 
Bin 53: 708 77 70 476 993 333 689 279 
Bin 54: 936 763 565 457 770 250 614 
Bin 55: 98 791 397 705 878 390 273 
Bin 56: 792 540 161 722 702 546 668 
Bin 57: 165 301 630 696 748 118 596 
Bin 58: 65 851 915 123 522 36 503 951 549 
Bin 59: 839 669 784 91 447 275 778 
Bin 60: 968 92 755 39 544 423 984 126 484 
Bin 61: 259 849 947 194 759 469 63 
Bin 62: 159 694 324 737 701 518 57 534 
Bin 63: 72 198 409 796 926 600 300 
Bin 64: 960 170 916 807 880 983 34 
Bin 65: 176 489 56 202 501 998 245 
Bin 66: 562 771 155 683 942 712 364 338 
Bin 67: 797 213 593 433 994 2 439 
Bin 68: 73 577 699 128 899 
Bin 69: 813 435 883 494 570 497 47 
Bin 70: 601 402 681 952 706 307 923 
Bin 71: 345 532 270 264 761 5 
Bin 72: 102 240 441 893 837 498 450 
Bin 73: 86 9 516 852 377 298 775 341 
Bin 74: 277 96 611 315 651 746 483 394 
Bin 75: 294 266 502 81 186 49 115 
Bin 76: 297 453 430 20 252 134 
Bin 77: 75 93 527 482 556 709 
Bin 78: 781 628 506 35 535 991 
Bin 79: 954 650 415 931 157 529 760 
Bin 80: 615 626 990 818 828 185 
Bin 81: 322 826 741 599 825 873 962 
Bin 82: 211 125 691 228 107 509 396 
Bin 83: 239 229 353 146 955 533 595 
Bin 84: 788 486 203 274 336 135 29 
Bin 85: 688 863 40 410 964 319 288 
Bin 86: 861 591 133 609 41 768 736 
Bin 87: 661 392 633 257 910 235 478 424 
Bin 88: 513 567 588 627 426 869 
Bin 89: 463 710 43 302 431 
Bin 90: 7 383 485 205 299 646 88 
Bin 91: 117 623 184 196 622 956 192 739 
Bin 92: 14 94 8 887 199 713 779 148 
Bin 93: 922 193 254 957 888 236 
Bin 94: 918 405 351 727 16 45 790 
Bin 95: 380 571 890 139 729 711 
Bin 96: 342 147 808 967 237 
Bin 97: 780 100 183 158 857 381 282 
Bin 98: 592 757 850 222 465 280 
Bin 99: 42 309 526 104 794 695 830 
Bin 100: 18 330 130 876 360 271 817 60 
Bin 101: 865 335 773 885 249 805 304 421 
Bin 102: 864 585 71 331 853 348 
Bin 103: 752 136 375 105 221 613 166 
Bin 104: 970 525 685 913 386 151 811 416 
Bin 105: 568 944 467 110 44 
Bin 106: 388 809 858 822 514 
Bin 107: 474 51 999 928 296 312 
Bin 108: 289 655 520 54 365 420 879 
Bin 109: 573 978 835 907 31 867 114 
Bin 110: 594 13 28 153 866 684 321 
Bin 111: 971 831 969 703 740 187 
Bin 112: 882 649 363 366 452 24 
Bin 113: 175 458 281 173 510 17 
Bin 114: 871 743 726 313 61 434 449 400 
Bin 115: 855 357 785 241 393 961 
Bin 116: 714 975 872 583 429 242 674 
Bin 117: 496 492 395 925 833 
Bin 118: 156 607 22 745 995 272 
Bin 119: 427 407 625 226 659 6 
Bin 120: 704 680 141 90 586 724 212 
Bin 121: 834 106 464 589 174 370 856 
Bin 122: 948 677 67 963 843 320 550 
Bin 123: 378 46 974 629 195 216 930 217 543 
Bin 124: 742 982 953 247 693 404 214 
Bin 125: 868 59 810 939 504 648 515 
Bin 126: 707 33 667 30 230 877 499 
Bin 127: 824 164 560 179 347 950 376 295 
Bin 128: 382 673 337 3 690 
Bin 129: 671 417 219 471 505 576 
Bin 130: 446 1 989 777 352 799 734 
Bin 131: 83 854 750 754 647 892 
Bin 132: 992 326 356 941 412 
Bin 133: 4 572 895 181 422 616 
Bin 134: 859 764 619 251 653 841 
Bin 135: 782 438 725 403 897 
Bin 136: 581 645 167 362 582 455 663 
Bin 137: 827 686 996 355 558 89 605 
Bin 138: 538 829 101 488 253 552 845 
Bin 139: 142 233 766 580 334 545 658 316 
Bin 140: 730 292 519 354 946 58 
Bin 141: 50 248 874 143 64 840 255 
Bin 142: 260 949 937 206 537 598 
Bin 143: 369 19 924 53 152 475 
Bin 144: 278 687 459 933 530 587 
Bin 145: 914 679 116 891 55 697 
Bin 146: 823 889 223 985 293 225 
Bin 147: 276 821 642 665 539 
