# Objective: 74
# Time: 30.3488
# Feasible: 1
# Solution:
Bin 0: 236 378 283 425 90 272 71 243 389 74 
Bin 1: 350 2 50 110 209 53 120 
Bin 2: 73 44 357 226 51 27 
Bin 3: 233 435 360 354 231 196 25 23 
Bin 4: 213 281 201 198 282 268 
Bin 5: 415 381 17 0 22 303 
Bin 6: 434 181 147 49 382 176 313 400 
Bin 7: 240 261 219 429 330 11 
Bin 8: 352 438 353 189 498 278 346 
Bin 9: 37 20 462 28 60 323 271 
Bin 10: 484 70 92 301 106 413 77 344 
Bin 11: 465 488 443 458 369 86 316 
Bin 12: 139 32 18 195 46 442 394 355 
Bin 13: 285 197 102 141 10 239 142 221 
Bin 14: 464 341 337 156 376 146 
Bin 15: 83 62 87 336 405 61 476 492 
Bin 16: 377 242 34 322 152 473 362 126 
Bin 17: 436 483 470 35 259 406 454 
Bin 18: 254 457 125 80 363 372 490 
Bin 19: 140 469 441 134 107 
Bin 20: 222 161 178 164 91 199 
Bin 21: 1 440 42 224 487 447 58 
Bin 22: 215 302 112 39 214 284 
Bin 23: 326 393 223 72 43 217 
Bin 24: 183 290 494 391 314 486 295 
Bin 25: 153 307 202 29 478 367 79 186 
Bin 26: 182 84 3 78 339 246 
Bin 27: 203 334 275 345 340 212 
Bin 28: 397 495 466 66 455 
Bin 29: 335 324 250 499 30 169 54 
Bin 30: 16 395 168 55 477 149 
Bin 31: 104 158 365 36 366 358 451 
Bin 32: 81 95 187 386 491 64 166 315 
Bin 33: 99 245 65 304 347 328 108 
Bin 34: 123 263 133 167 306 97 426 
Bin 35: 267 127 137 280 232 356 116 
Bin 36: 57 101 309 114 427 361 321 
Bin 37: 416 408 489 241 8 237 327 
Bin 38: 472 188 150 331 136 474 
Bin 39: 444 430 373 300 481 163 404 
Bin 40: 159 251 402 211 452 190 19 
Bin 41: 385 424 291 403 496 185 
Bin 42: 480 68 109 96 143 432 
Bin 43: 273 41 180 249 172 320 89 305 
Bin 44: 56 419 411 463 467 296 
Bin 45: 230 422 40 410 325 82 157 
Bin 46: 383 428 310 218 165 338 312 124 
Bin 47: 121 119 485 348 6 85 5 368 445 115 227 
Bin 48: 238 193 47 401 171 205 
Bin 49: 154 194 148 437 387 208 14 228 
Bin 50: 130 493 332 145 170 475 
Bin 51: 52 210 276 138 456 409 459 
Bin 52: 293 412 48 343 67 319 
Bin 53: 399 98 255 132 229 118 423 
Bin 54: 449 253 76 216 207 374 
Bin 55: 204 122 287 26 191 420 
Bin 56: 260 418 450 269 497 192 482 
Bin 57: 135 292 359 390 38 396 103 
Bin 58: 317 131 94 461 173 63 162 93 
Bin 59: 479 264 297 471 294 407 
Bin 60: 88 200 349 446 392 234 
Bin 61: 439 384 69 318 460 206 
Bin 62: 311 453 13 144 277 160 
Bin 63: 100 175 174 31 256 155 59 
Bin 64: 270 266 308 247 448 
Bin 65: 370 388 288 364 274 351 
Bin 66: 248 45 220 298 117 177 111 
Bin 67: 342 431 244 179 333 128 75 
Bin 68: 4 379 21 15 468 
Bin 69: 225 380 235 414 265 329 258 
Bin 70: 262 7 398 371 33 151 
Bin 71: 299 375 433 129 12 9 
Bin 72: 279 289 257 252 
Bin 73: 417 24 105 286 113 184 421 
