# Objective: 78
# Time: 41.2012
# Feasible: 1
# Solution:
Bin 0: 1 415 250 265 395 27 72 
Bin 1: 60 238 153 302 78 365 
Bin 2: 89 202 491 310 412 134 
Bin 3: 24 23 494 461 383 144 283 199 
Bin 4: 468 130 207 20 357 25 175 487 378 
Bin 5: 493 295 334 109 213 64 
Bin 6: 179 70 222 291 384 397 379 
Bin 7: 324 189 38 390 410 263 385 
Bin 8: 276 171 159 424 29 56 244 
Bin 9: 251 287 51 495 204 268 53 
Bin 10: 351 350 303 141 347 272 
Bin 11: 5 93 142 312 327 32 266 
Bin 12: 90 52 413 151 478 459 479 
Bin 13: 85 167 41 249 451 403 45 473 
Bin 14: 247 476 214 210 242 361 
Bin 15: 322 314 344 282 380 
Bin 16: 278 132 137 219 81 
Bin 17: 67 178 414 138 240 0 208 
Bin 18: 396 462 36 183 274 48 423 
Bin 19: 267 484 341 237 110 239 
Bin 20: 429 460 318 362 349 160 
Bin 21: 434 348 18 63 261 74 294 
Bin 22: 289 148 486 117 69 416 7 
Bin 23: 444 441 112 123 371 94 62 
Bin 24: 401 229 255 339 100 352 336 
Bin 25: 201 120 300 293 127 319 170 
Bin 26: 470 420 139 280 393 
Bin 27: 57 301 95 212 193 425 
Bin 28: 181 46 92 408 209 355 
Bin 29: 235 114 44 19 115 367 304 
Bin 30: 14 259 121 483 387 16 
Bin 31: 471 328 305 456 75 309 
Bin 32: 254 313 28 464 496 88 50 
Bin 33: 370 147 197 188 136 296 154 
Bin 34: 260 76 427 146 433 
Bin 35: 346 82 177 205 54 99 
Bin 36: 299 448 216 83 133 457 426 
Bin 37: 184 430 79 221 225 230 
Bin 38: 107 443 453 161 481 233 
Bin 39: 431 373 12 8 42 91 65 472 
Bin 40: 447 337 391 316 152 49 
Bin 41: 432 392 87 271 59 418 
Bin 42: 281 150 400 226 389 15 277 
Bin 43: 264 155 40 497 325 386 
Bin 44: 245 47 116 206 80 228 
Bin 45: 458 329 39 498 335 297 
Bin 46: 125 388 34 292 405 450 
Bin 47: 173 162 454 288 436 375 
Bin 48: 103 262 168 4 241 465 
Bin 49: 252 374 364 382 406 84 
Bin 50: 158 165 119 356 440 196 131 
Bin 51: 200 101 211 10 22 321 366 
Bin 52: 77 253 98 243 331 86 422 
Bin 53: 68 220 256 105 439 298 
Bin 54: 223 104 417 499 129 176 345 
Bin 55: 26 488 376 279 286 353 
Bin 56: 317 343 113 198 194 490 340 
Bin 57: 284 332 118 394 143 
Bin 58: 258 467 482 215 369 236 
Bin 59: 124 106 398 273 126 469 333 
Bin 60: 97 73 475 338 399 169 
Bin 61: 246 227 111 474 156 
Bin 62: 275 13 163 407 218 191 
Bin 63: 166 66 326 463 185 
Bin 64: 320 31 342 358 315 442 
Bin 65: 187 480 122 306 108 224 449 
Bin 66: 307 411 446 3 71 33 
Bin 67: 9 135 2 58 128 174 
Bin 68: 145 61 485 438 231 437 
Bin 69: 359 17 421 35 102 21 
Bin 70: 203 311 195 43 404 377 
Bin 71: 285 164 489 368 234 308 157 11 
Bin 72: 30 477 290 435 372 182 
Bin 73: 455 419 180 330 140 186 
Bin 74: 248 452 55 37 466 354 
Bin 75: 192 232 360 409 257 270 
Bin 76: 6 96 269 217 428 172 381 
Bin 77: 445 149 402 363 323 190 492 
