# Objective: 37
# Time: 9.07224
# Feasible: 1
# Solution:
Bin 0: 65 204 27 10 231 90 14 
Bin 1: 55 226 45 149 224 77 
Bin 2: 120 118 238 236 109 54 189 64 181 
Bin 3: 185 57 183 219 1 
Bin 4: 142 176 113 29 73 215 196 144 153 
Bin 5: 115 24 130 2 223 150 198 
Bin 6: 244 162 168 237 8 125 179 116 
Bin 7: 75 246 119 99 20 128 63 177 
Bin 8: 13 217 182 93 25 163 240 
Bin 9: 42 146 76 228 94 174 
Bin 10: 232 23 80 91 166 5 137 
Bin 11: 33 97 216 170 96 222 
Bin 12: 85 70 100 103 106 202 39 
Bin 13: 139 148 11 41 197 69 48 
Bin 14: 89 169 110 18 234 61 
Bin 15: 200 122 32 7 203 4 145 
Bin 16: 31 212 151 132 191 221 209 
Bin 17: 154 126 143 0 82 3 15 95 86 
Bin 18: 74 158 194 233 60 108 206 
Bin 19: 50 199 101 22 214 131 161 152 138 
Bin 20: 156 230 51 49 37 
Bin 21: 98 208 184 227 180 218 247 
Bin 22: 78 59 87 68 141 112 229 
Bin 23: 67 155 147 225 135 159 
Bin 24: 71 83 220 167 187 66 
Bin 25: 242 84 157 107 21 
Bin 26: 165 19 195 173 124 211 
Bin 27: 121 193 134 172 28 248 
Bin 28: 58 192 123 16 56 
Bin 29: 235 34 62 53 52 81 140 
Bin 30: 6 241 160 175 35 43 
Bin 31: 26 129 46 249 213 88 
Bin 32: 188 186 17 40 36 9 
Bin 33: 127 105 243 38 178 44 210 
Bin 34: 117 12 239 205 171 104 190 133 
Bin 35: 164 30 136 114 207 111 
Bin 36: 92 72 245 102 79 201 47 
