# Objective: 18
# Time: 2.83058
# Feasible: 1
# Solution:
Bin 0: 14 108 85 71 43 73 
Bin 1: 116 49 45 9 117 74 113 29 
Bin 2: 24 77 118 112 81 15 58 107 
Bin 3: 51 10 7 13 41 105 4 
Bin 4: 92 21 42 102 70 78 17 68 
Bin 5: 76 90 61 12 28 35 40 69 
Bin 6: 82 67 79 65 27 6 0 
Bin 7: 91 106 103 56 8 53 20 
Bin 8: 95 88 57 30 98 37 114 34 
Bin 9: 2 46 86 52 22 63 
Bin 10: 44 119 26 72 11 109 
Bin 11: 36 50 66 97 1 3 93 
Bin 12: 75 104 48 38 111 80 
Bin 13: 31 55 18 89 94 39 
Bin 14: 25 60 5 59 96 
Bin 15: 87 47 115 23 33 100 
Bin 16: 99 83 84 62 32 
Bin 17: 64 16 110 54 19 101 
