# Objective: 82
# Time: 22.7086
# Feasible: 1
# Solution:
Bin 0: 289 202 304 312 247 161 319 
Bin 1: 133 416 136 278 498 368 339 
Bin 2: 487 188 296 485 16 6 5 
Bin 3: 317 172 106 274 276 222 32 
Bin 4: 482 110 13 86 138 244 
Bin 5: 164 475 230 316 354 
Bin 6: 55 361 469 147 194 214 
Bin 7: 162 411 155 494 311 300 248 
Bin 8: 459 219 262 85 307 189 390 
Bin 9: 179 258 429 460 301 201 
Bin 10: 332 199 412 253 123 329 
Bin 11: 24 163 426 315 252 53 
Bin 12: 358 124 474 266 345 334 391 
Bin 13: 398 129 28 465 113 118 
Bin 14: 183 142 408 95 303 309 
Bin 15: 457 178 79 92 428 283 193 
Bin 16: 20 215 347 12 413 104 
Bin 17: 251 471 17 490 112 424 
Bin 18: 143 377 45 458 102 108 
Bin 19: 324 144 349 97 63 318 499 
Bin 20: 135 480 174 407 443 467 190 
Bin 21: 272 61 76 479 477 259 293 
Bin 22: 137 69 229 257 330 269 
Bin 23: 431 238 196 235 18 
Bin 24: 308 1 402 111 34 277 208 51 
Bin 25: 267 483 9 365 382 400 488 
Bin 26: 46 170 66 36 297 185 381 
Bin 27: 335 466 68 305 291 264 
Bin 28: 468 90 255 323 473 444 0 
Bin 29: 373 364 62 232 425 197 
Bin 30: 392 372 284 420 406 52 
Bin 31: 187 367 82 27 389 322 89 
Bin 32: 67 342 115 433 176 405 376 
Bin 33: 314 175 326 447 275 11 245 57 
Bin 34: 42 476 213 157 359 295 
Bin 35: 77 463 344 285 454 81 384 
Bin 36: 430 250 338 159 44 445 
Bin 37: 493 83 233 10 280 
Bin 38: 209 21 39 481 141 228 
Bin 39: 414 434 114 37 125 
Bin 40: 497 180 470 336 30 3 
Bin 41: 464 22 139 449 70 152 
Bin 42: 422 489 331 352 166 160 
Bin 43: 254 355 127 48 348 58 
Bin 44: 227 243 146 461 491 158 
Bin 45: 439 134 100 260 423 279 
Bin 46: 310 441 210 273 261 333 
Bin 47: 287 436 363 294 453 378 
Bin 48: 346 73 387 29 432 
Bin 49: 446 8 191 462 181 186 
Bin 50: 220 386 182 109 440 130 409 
Bin 51: 404 65 56 369 14 239 240 
Bin 52: 203 165 380 321 211 265 
Bin 53: 327 168 356 156 393 353 
Bin 54: 23 357 50 217 256 
Bin 55: 292 360 451 340 306 
Bin 56: 343 167 140 207 242 31 
Bin 57: 290 169 212 396 450 
Bin 58: 371 271 64 151 241 
Bin 59: 119 452 184 47 91 98 
Bin 60: 206 26 337 128 456 
Bin 61: 150 171 374 282 121 25 383 
Bin 62: 71 154 94 435 313 
Bin 63: 281 131 263 54 448 103 
Bin 64: 216 395 299 484 88 224 49 
Bin 65: 96 2 84 410 78 153 
Bin 66: 145 286 320 341 270 198 
Bin 67: 40 122 415 149 379 
Bin 68: 35 132 472 15 120 
Bin 69: 375 495 403 397 117 
Bin 70: 492 350 223 7 442 4 
Bin 71: 455 116 394 225 421 288 
Bin 72: 192 366 438 385 298 427 
Bin 73: 72 234 231 237 418 302 
Bin 74: 328 268 177 126 148 236 370 205 
Bin 75: 496 80 41 200 351 59 
Bin 76: 437 101 107 195 417 
Bin 77: 399 478 105 388 19 60 
Bin 78: 246 87 401 419 204 173 
Bin 79: 93 486 226 221 38 43 
Bin 80: 74 218 325 33 362 
Bin 81: 249 99 75 
