# Objective: 43
# Time: 9.99559
# Feasible: 1
# Solution:
Bin 0: 119 218 85 200 54 221 
Bin 1: 117 242 61 5 87 84 
Bin 2: 16 161 94 228 68 144 
Bin 3: 57 232 157 93 198 
Bin 4: 246 30 100 37 159 
Bin 5: 194 129 96 191 205 219 173 
Bin 6: 241 52 217 168 26 207 
Bin 7: 180 127 138 24 215 143 
Bin 8: 55 132 172 44 226 
Bin 9: 53 177 23 8 134 131 179 
Bin 10: 70 210 152 106 83 175 
Bin 11: 190 29 201 6 245 
Bin 12: 183 174 164 233 239 222 
Bin 13: 123 235 236 101 212 0 13 
Bin 14: 209 211 150 166 36 42 192 
Bin 15: 124 82 204 90 130 112 
Bin 16: 14 220 116 111 169 213 
Bin 17: 17 102 109 72 160 162 
Bin 18: 238 63 186 97 66 32 
Bin 19: 142 206 59 113 34 
Bin 20: 38 234 103 193 203 146 
Bin 21: 188 19 244 181 69 27 
Bin 22: 4 167 107 39 75 189 
Bin 23: 165 118 156 110 139 
Bin 24: 145 25 195 151 49 
Bin 25: 78 58 137 31 64 41 196 
Bin 26: 73 231 229 170 135 56 
Bin 27: 249 125 197 227 120 176 
Bin 28: 88 21 133 185 104 108 
Bin 29: 140 45 248 141 51 136 184 
Bin 30: 187 62 230 76 91 
Bin 31: 115 12 1 67 178 247 
Bin 32: 225 65 9 171 33 48 
Bin 33: 7 20 216 128 11 
Bin 34: 74 149 237 208 114 158 
Bin 35: 121 46 80 60 79 43 202 
Bin 36: 154 15 86 35 28 
Bin 37: 214 18 105 99 92 
Bin 38: 2 89 71 155 243 122 
Bin 39: 182 77 153 240 148 
Bin 40: 126 81 224 163 22 98 223 
Bin 41: 40 199 147 95 
Bin 42: 47 3 10 50 
