# Objective: 88
# Time: 80.4456
# Feasible: 1
# Solution:
Bin 0: 385 128 179 355 399 492 
Bin 1: 307 241 488 416 413 161 
Bin 2: 123 436 342 197 473 439 
Bin 3: 74 299 389 343 270 
Bin 4: 281 114 204 285 165 
Bin 5: 363 1 133 397 298 392 469 
Bin 6: 62 454 125 474 183 
Bin 7: 154 84 5 237 407 421 
Bin 8: 192 108 322 420 243 374 
Bin 9: 26 126 85 461 432 144 440 
Bin 10: 222 60 164 103 184 13 
Bin 11: 140 361 169 124 352 
Bin 12: 427 465 261 99 131 94 
Bin 13: 221 335 349 86 256 
Bin 14: 50 434 138 34 264 
Bin 15: 351 30 82 158 459 166 22 
Bin 16: 483 142 136 367 438 
Bin 17: 152 302 340 452 98 54 
Bin 18: 175 334 326 23 105 77 213 
Bin 19: 233 226 368 230 288 
Bin 20: 250 206 462 25 194 239 320 
Bin 21: 146 422 191 468 306 
Bin 22: 317 366 185 382 64 214 333 
Bin 23: 28 324 39 121 284 387 231 
Bin 24: 188 323 199 37 228 400 
Bin 25: 304 14 115 182 18 
Bin 26: 70 162 147 47 390 58 
Bin 27: 269 276 95 220 111 348 
Bin 28: 216 309 173 273 160 260 69 
Bin 29: 337 68 267 11 404 
Bin 30: 383 466 112 242 148 96 
Bin 31: 353 249 0 294 181 484 
Bin 32: 42 102 262 229 293 
Bin 33: 375 217 472 139 
Bin 34: 433 132 412 296 79 
Bin 35: 347 155 258 362 329 365 
Bin 36: 156 168 386 252 83 463 
Bin 37: 451 453 311 274 153 394 
Bin 38: 415 403 313 117 163 
Bin 39: 455 410 203 354 35 31 
Bin 40: 8 332 224 327 19 10 
Bin 41: 441 499 255 6 205 428 
Bin 42: 259 282 63 417 219 130 
Bin 43: 290 265 141 314 388 411 
Bin 44: 21 32 3 331 218 
Bin 45: 122 201 297 325 449 
Bin 46: 48 57 287 46 426 460 
Bin 47: 211 475 16 482 481 477 
Bin 48: 480 236 478 289 207 2 
Bin 49: 7 180 391 406 423 312 
Bin 50: 52 424 24 17 
Bin 51: 425 143 247 458 109 223 
Bin 52: 113 476 51 376 498 
Bin 53: 405 253 442 263 198 127 
Bin 54: 75 56 300 87 278 339 145 
Bin 55: 419 330 195 356 234 49 
Bin 56: 359 409 80 104 149 
Bin 57: 238 275 65 245 381 
Bin 58: 129 338 215 305 393 
Bin 59: 150 174 271 167 248 395 
Bin 60: 244 429 358 15 280 292 
Bin 61: 101 71 364 251 380 
Bin 62: 318 89 157 41 408 379 
Bin 63: 67 88 202 172 373 
Bin 64: 456 53 135 118 91 
Bin 65: 495 240 378 464 396 33 
Bin 66: 494 225 78 73 485 447 
Bin 67: 414 357 116 279 36 336 45 
Bin 68: 171 489 196 286 402 497 29 
Bin 69: 470 72 59 81 418 308 
Bin 70: 277 227 344 151 268 435 
Bin 71: 66 61 93 486 
Bin 72: 341 457 55 471 328 120 
Bin 73: 20 170 272 100 377 360 
Bin 74: 43 189 479 4 209 187 
Bin 75: 346 137 177 246 200 
Bin 76: 448 193 321 445 106 40 
Bin 77: 212 254 186 235 443 301 
Bin 78: 134 319 107 119 372 
Bin 79: 430 190 345 491 110 450 
Bin 80: 316 38 159 487 398 9 
Bin 81: 310 401 92 315 176 
Bin 82: 384 303 369 446 295 232 
Bin 83: 210 283 266 257 350 370 
Bin 84: 178 467 496 44 208 444 
Bin 85: 437 76 431 493 
Bin 86: 12 371 97 291 
Bin 87: 27 490 90 
