# Objective: 185
# Time: 179.62
# Feasible: 1
# Solution:
Bin 0: 343 802 406 51 182 
Bin 1: 703 839 105 247 781 
Bin 2: 313 299 324 97 78 243 143 
Bin 3: 971 220 794 444 556 
Bin 4: 126 124 125 367 49 332 
Bin 5: 915 965 90 765 455 
Bin 6: 378 651 251 927 141 433 
Bin 7: 514 441 412 975 262 723 
Bin 8: 6 496 560 876 
Bin 9: 212 827 144 208 187 908 
Bin 10: 822 75 676 938 371 888 
Bin 11: 538 545 24 442 558 
Bin 12: 300 505 761 156 489 
Bin 13: 47 687 298 713 
Bin 14: 936 417 418 353 654 
Bin 15: 674 581 837 373 935 617 
Bin 16: 478 512 725 785 463 992 
Bin 17: 376 270 795 152 495 468 
Bin 18: 663 18 273 38 
Bin 19: 507 894 408 559 849 291 
Bin 20: 30 219 916 902 130 354 
Bin 21: 396 620 613 66 709 
Bin 22: 103 532 922 403 738 698 
Bin 23: 426 44 493 966 127 
Bin 24: 881 833 48 801 149 
Bin 25: 501 586 836 257 248 857 
Bin 26: 973 608 425 255 123 
Bin 27: 721 274 606 244 628 
Bin 28: 336 185 844 622 205 454 
Bin 29: 541 887 271 377 920 55 
Bin 30: 358 573 821 948 848 
Bin 31: 819 909 797 456 110 440 
Bin 32: 138 229 985 315 96 
Bin 33: 477 885 719 254 35 
Bin 34: 32 838 285 17 750 240 
Bin 35: 221 323 360 191 917 
Bin 36: 153 14 976 167 593 
Bin 37: 61 70 630 407 671 309 
Bin 38: 572 868 932 633 41 715 
Bin 39: 998 87 170 399 724 198 788 
Bin 40: 72 116 26 914 968 203 
Bin 41: 15 994 370 80 293 947 
Bin 42: 43 485 730 272 824 953 
Bin 43: 959 744 140 400 642 295 
Bin 44: 982 73 71 763 450 
Bin 45: 33 145 692 892 666 195 
Bin 46: 201 897 584 227 
Bin 47: 979 480 925 414 918 
Bin 48: 368 580 341 592 846 327 
Bin 49: 934 355 335 527 112 861 
Bin 50: 623 852 301 878 13 256 
Bin 51: 356 253 686 567 621 
Bin 52: 753 169 427 759 302 4 
Bin 53: 840 93 136 531 288 
Bin 54: 230 419 631 132 534 
Bin 55: 453 214 825 782 652 847 
Bin 56: 160 389 800 951 45 
Bin 57: 864 519 816 561 50 855 
Bin 58: 393 678 56 320 500 
Bin 59: 104 330 961 361 235 740 
Bin 60: 139 209 699 449 569 
Bin 61: 269 16 157 710 624 20 
Bin 62: 590 264 29 326 778 278 
Bin 63: 159 583 342 134 290 435 
Bin 64: 85 446 117 576 95 
Bin 65: 366 162 547 818 147 
Bin 66: 694 767 466 737 789 458 
Bin 67: 374 812 962 956 382 
Bin 68: 81 536 842 388 579 241 
Bin 69: 716 618 764 12 76 502 
Bin 70: 263 684 174 121 
Bin 71: 7 239 445 281 693 611 760 
Bin 72: 339 292 986 233 231 
Bin 73: 5 1 926 549 952 562 
Bin 74: 675 634 616 319 831 
Bin 75: 712 202 798 533 705 
Bin 76: 683 577 146 566 303 
Bin 77: 673 119 933 384 570 
Bin 78: 643 680 587 690 601 773 
Bin 79: 704 383 321 603 497 
Bin 80: 372 411 471 346 318 726 
Bin 81: 260 899 39 803 626 931 
Bin 82: 84 59 910 832 60 645 758 
Bin 83: 523 591 706 681 224 
Bin 84: 226 653 268 939 780 
Bin 85: 697 722 52 809 814 79 
Bin 86: 364 784 805 476 
Bin 87: 607 913 748 258 752 786 
Bin 88: 999 954 37 188 793 
Bin 89: 757 344 732 246 46 22 
Bin 90: 739 867 510 431 900 67 
Bin 91: 413 911 488 619 808 940 
Bin 92: 193 394 659 875 688 
Bin 93: 946 742 133 641 199 
Bin 94: 359 990 397 639 
Bin 95: 357 863 467 858 207 
Bin 96: 627 886 305 0 180 148 
Bin 97: 853 177 206 404 238 551 
Bin 98: 691 322 424 21 2 
Bin 99: 261 649 609 806 473 
Bin 100: 347 826 978 987 585 381 
Bin 101: 820 879 438 637 64 
Bin 102: 508 451 284 614 944 655 
Bin 103: 325 470 828 708 
Bin 104: 775 787 398 192 94 
Bin 105: 869 770 669 859 
Bin 106: 589 23 430 991 550 
Bin 107: 287 513 529 252 735 
Bin 108: 522 405 890 535 461 
Bin 109: 434 862 329 883 491 129 
Bin 110: 457 745 63 711 410 25 
Bin 111: 98 28 443 516 
Bin 112: 279 565 211 988 135 815 
Bin 113: 907 658 970 553 891 
Bin 114: 128 282 996 385 813 390 
Bin 115: 517 695 88 860 525 
Bin 116: 190 657 142 749 769 
Bin 117: 158 40 178 53 981 345 
Bin 118: 350 181 312 597 484 101 
Bin 119: 829 8 111 217 854 937 
Bin 120: 259 546 682 957 334 
Bin 121: 421 77 980 109 755 
Bin 122: 635 189 720 783 392 665 492 
Bin 123: 843 660 194 644 222 215 
Bin 124: 469 717 537 945 499 
Bin 125: 99 204 995 542 568 
Bin 126: 459 743 436 906 746 
Bin 127: 851 395 612 949 316 447 
Bin 128: 539 86 772 108 
Bin 129: 164 474 811 91 804 
Bin 130: 594 792 632 964 768 
Bin 131: 677 702 950 528 120 
Bin 132: 439 113 74 460 941 213 
Bin 133: 882 679 515 823 402 
Bin 134: 870 89 610 700 232 36 
Bin 135: 340 386 557 176 977 
Bin 136: 845 817 605 184 42 552 
Bin 137: 574 595 462 131 296 960 249 
Bin 138: 137 107 564 728 736 
Bin 139: 196 409 186 969 874 
Bin 140: 599 165 175 349 896 
Bin 141: 267 286 872 415 756 
Bin 142: 498 266 310 416 352 481 
Bin 143: 983 487 741 646 114 429 
Bin 144: 865 179 150 237 
Bin 145: 807 841 391 598 228 958 
Bin 146: 200 774 83 236 771 348 
Bin 147: 530 810 62 521 92 777 234 
Bin 148: 696 834 115 930 163 
Bin 149: 734 578 337 835 307 
Bin 150: 955 924 452 506 685 667 
Bin 151: 903 929 155 171 65 
Bin 152: 856 68 766 629 511 596 
Bin 153: 448 311 331 754 
Bin 154: 223 422 733 520 122 509 
Bin 155: 799 161 304 997 172 972 475 
Bin 156: 707 625 57 647 225 
Bin 157: 540 668 912 437 
Bin 158: 942 294 689 265 604 
Bin 159: 751 602 880 588 672 479 
Bin 160: 338 638 102 210 
Bin 161: 27 796 154 333 714 
Bin 162: 670 563 923 216 69 
Bin 163: 701 183 518 524 401 
Bin 164: 118 548 9 428 993 
Bin 165: 718 465 582 790 54 
Bin 166: 640 664 898 166 600 893 729 
Bin 167: 904 420 650 317 871 31 
Bin 168: 280 365 483 250 504 
Bin 169: 943 3 277 615 919 747 
Bin 170: 967 289 850 490 526 830 
Bin 171: 242 963 656 297 482 
Bin 172: 543 351 889 464 779 
Bin 173: 197 11 308 873 423 306 776 
Bin 174: 762 380 168 895 877 375 
Bin 175: 275 989 173 503 648 151 
Bin 176: 19 218 494 866 283 328 905 
Bin 177: 245 472 636 369 276 661 
Bin 178: 432 571 100 901 379 363 
Bin 179: 727 34 554 731 362 
Bin 180: 928 555 58 
Bin 181: 575 314 974 884 
Bin 182: 662 387 921 544 
Bin 183: 984 106 791 
Bin 184: 10 486 82 
