# Objective: 38
# Time: 13.959
# Feasible: 1
# Solution:
Bin 0: 100 177 95 49 144 188 
Bin 1: 81 78 218 138 133 8 148 34 
Bin 2: 233 73 166 74 25 193 94 
Bin 3: 167 149 64 101 56 108 113 
Bin 4: 141 126 205 7 221 142 190 
Bin 5: 30 62 2 119 127 168 85 43 
Bin 6: 185 210 117 75 172 87 91 128 
Bin 7: 181 31 194 212 160 60 93 
Bin 8: 19 220 238 52 217 80 195 
Bin 9: 156 237 65 206 29 
Bin 10: 86 97 15 71 89 216 1 
Bin 11: 27 118 154 68 33 82 
Bin 12: 90 226 46 84 146 121 24 
Bin 13: 227 235 223 230 53 22 140 
Bin 14: 6 18 54 83 151 170 
Bin 15: 183 132 215 23 139 44 
Bin 16: 225 165 11 92 214 246 66 
Bin 17: 37 247 110 70 161 98 150 228 
Bin 18: 203 13 102 116 131 184 51 88 
Bin 19: 5 0 99 12 180 152 16 
Bin 20: 242 232 17 171 207 229 248 
Bin 21: 173 244 103 245 111 211 241 
Bin 22: 45 199 178 20 41 
Bin 23: 28 42 58 14 147 197 
Bin 24: 224 96 219 77 123 243 
Bin 25: 213 79 50 137 104 175 125 179 169 
Bin 26: 209 120 143 129 162 222 
Bin 27: 163 200 40 155 63 186 
Bin 28: 3 236 191 174 105 204 
Bin 29: 231 76 47 159 109 192 106 
Bin 30: 130 10 135 234 26 
Bin 31: 158 176 59 182 196 
Bin 32: 136 112 35 55 239 198 
Bin 33: 32 115 67 208 134 57 
Bin 34: 157 189 61 201 187 38 249 
Bin 35: 114 36 122 164 153 202 
Bin 36: 9 21 240 69 4 48 
Bin 37: 107 39 72 124 145 
