# Objective: 100
# Time: 82.933
# Feasible: 1
# Solution:
Bin 0: 6 458 11 38 
Bin 1: 119 309 367 36 449 
Bin 2: 34 197 20 276 
Bin 3: 337 470 479 468 487 359 277 
Bin 4: 431 343 260 263 
Bin 5: 344 53 469 475 
Bin 6: 44 457 265 83 411 
Bin 7: 442 373 159 7 
Bin 8: 445 135 41 10 80 497 
Bin 9: 244 35 235 233 
Bin 10: 56 294 142 172 262 
Bin 11: 58 439 14 248 157 
Bin 12: 362 52 114 466 326 
Bin 13: 96 101 267 170 478 
Bin 14: 432 219 354 87 490 
Bin 15: 215 347 64 143 73 
Bin 16: 37 415 180 335 59 
Bin 17: 327 378 474 398 418 
Bin 18: 226 93 380 400 120 
Bin 19: 184 27 16 275 3 
Bin 20: 122 134 287 446 289 
Bin 21: 158 412 332 447 21 171 
Bin 22: 405 156 350 461 
Bin 23: 239 217 144 169 353 
Bin 24: 166 471 103 31 493 
Bin 25: 252 231 76 420 498 33 
Bin 26: 67 161 292 435 
Bin 27: 240 417 348 481 32 47 
Bin 28: 205 116 489 165 357 
Bin 29: 488 105 401 364 
Bin 30: 176 424 232 496 207 
Bin 31: 146 60 441 194 394 
Bin 32: 168 419 183 98 383 291 
Bin 33: 310 366 2 284 174 
Bin 34: 141 423 368 352 329 
Bin 35: 224 1 340 209 465 
Bin 36: 440 71 436 483 99 
Bin 37: 305 186 227 437 154 
Bin 38: 301 85 110 214 
Bin 39: 0 392 246 404 77 
Bin 40: 422 399 138 358 90 147 152 
Bin 41: 102 456 454 230 208 97 
Bin 42: 181 290 429 397 238 
Bin 43: 123 499 17 136 5 315 
Bin 44: 88 160 402 421 390 218 
Bin 45: 296 188 48 173 198 
Bin 46: 139 72 81 283 285 351 
Bin 47: 264 125 278 106 322 255 
Bin 48: 280 200 149 286 
Bin 49: 55 377 321 145 494 
Bin 50: 254 49 132 40 299 222 
Bin 51: 413 313 306 242 241 339 
Bin 52: 317 330 100 486 113 
Bin 53: 94 385 127 111 
Bin 54: 426 395 331 295 406 271 
Bin 55: 302 268 387 137 273 
Bin 56: 259 304 28 279 
Bin 57: 131 245 433 46 190 381 150 
Bin 58: 153 258 182 124 288 345 
Bin 59: 314 108 477 464 78 
Bin 60: 349 203 409 256 61 
Bin 61: 355 191 15 225 192 
Bin 62: 92 391 396 126 
Bin 63: 334 74 393 361 
Bin 64: 185 323 228 453 414 407 
Bin 65: 463 9 22 42 281 
Bin 66: 308 270 193 408 109 
Bin 67: 266 484 438 51 91 
Bin 68: 133 274 346 370 
Bin 69: 12 450 379 30 
Bin 70: 293 128 311 23 319 
Bin 71: 363 79 178 307 70 485 
Bin 72: 89 220 84 316 476 303 
Bin 73: 375 216 199 372 448 
Bin 74: 376 388 4 257 104 
Bin 75: 371 472 324 236 164 
Bin 76: 336 202 117 206 
Bin 77: 155 491 189 162 
Bin 78: 427 365 320 251 179 
Bin 79: 269 247 201 369 112 
Bin 80: 243 430 253 444 234 
Bin 81: 45 312 177 24 325 
Bin 82: 443 204 223 360 115 
Bin 83: 250 389 95 462 19 39 
Bin 84: 495 129 480 333 342 451 
Bin 85: 300 482 425 163 69 
Bin 86: 25 410 382 65 452 63 
Bin 87: 211 86 210 341 
Bin 88: 455 196 175 282 82 
Bin 89: 130 434 43 298 237 
Bin 90: 460 57 121 467 151 
Bin 91: 118 148 403 29 8 
Bin 92: 62 459 26 428 54 
Bin 93: 338 18 68 213 229 328 
Bin 94: 50 261 374 272 107 
Bin 95: 384 386 13 356 
Bin 96: 473 187 195 75 
Bin 97: 249 416 212 
Bin 98: 221 318 297 
Bin 99: 492 167 66 140 
