# Objective: 75
# Time: 34.8898
# Feasible: 1
# Solution:
Bin 0: 231 326 459 287 166 110 479 
Bin 1: 280 24 40 46 355 233 
Bin 2: 218 90 303 377 491 319 406 
Bin 3: 152 310 383 146 349 462 232 159 
Bin 4: 332 364 142 91 488 425 
Bin 5: 437 464 225 476 235 58 308 
Bin 6: 247 375 107 111 387 184 
Bin 7: 467 174 322 422 165 
Bin 8: 367 57 457 401 201 183 245 
Bin 9: 317 268 288 391 348 449 306 
Bin 10: 138 229 486 47 454 36 81 346 
Bin 11: 345 376 292 169 426 261 65 
Bin 12: 482 473 64 446 123 193 386 
Bin 13: 404 33 333 324 313 
Bin 14: 50 27 188 471 11 465 305 59 334 
Bin 15: 493 445 209 220 223 28 
Bin 16: 224 135 413 93 410 23 137 
Bin 17: 113 323 219 80 397 75 342 
Bin 18: 205 4 262 414 86 210 277 
Bin 19: 216 8 238 393 48 448 227 
Bin 20: 474 336 5 489 43 282 452 163 
Bin 21: 296 419 161 295 253 
Bin 22: 178 358 248 297 266 300 
Bin 23: 265 79 150 427 196 3 405 
Bin 24: 217 9 267 230 42 368 157 492 
Bin 25: 71 242 241 214 458 444 134 263 62 121 
Bin 26: 417 144 460 92 428 175 130 39 
Bin 27: 447 52 403 89 181 499 
Bin 28: 498 424 298 328 451 381 104 222 
Bin 29: 408 120 0 95 480 329 379 45 
Bin 30: 318 415 54 26 481 195 365 
Bin 31: 176 286 250 485 402 239 
Bin 32: 12 275 102 143 429 249 
Bin 33: 477 312 257 487 128 356 337 
Bin 34: 396 270 421 394 114 44 
Bin 35: 290 126 31 463 30 350 215 237 
Bin 36: 145 15 17 496 234 25 363 88 
Bin 37: 179 373 335 388 119 259 78 
Bin 38: 440 302 72 409 273 439 281 
Bin 39: 194 478 484 371 133 455 307 
Bin 40: 442 154 53 153 177 441 49 453 
Bin 41: 431 76 14 366 211 189 35 
Bin 42: 412 378 278 260 251 63 
Bin 43: 207 34 469 1 156 450 384 
Bin 44: 468 192 141 254 202 
Bin 45: 67 125 339 127 416 285 
Bin 46: 60 400 264 105 84 203 99 395 
Bin 47: 56 236 490 108 325 206 255 
Bin 48: 475 347 139 204 112 171 432 
Bin 49: 100 330 472 2 372 360 
Bin 50: 311 69 276 316 299 173 213 341 
Bin 51: 443 140 106 191 10 
Bin 52: 199 20 167 66 160 271 
Bin 53: 198 243 155 252 226 85 55 
Bin 54: 22 423 74 385 399 309 430 
Bin 55: 466 116 170 279 13 327 
Bin 56: 362 18 321 16 101 434 
Bin 57: 148 118 357 382 244 
Bin 58: 212 124 151 73 301 283 
Bin 59: 274 41 87 61 158 147 272 
Bin 60: 338 83 200 315 82 109 
Bin 61: 470 21 343 98 304 149 
Bin 62: 221 352 314 117 289 369 94 
Bin 63: 294 320 51 389 353 97 
Bin 64: 461 351 392 398 96 162 495 494 
Bin 65: 483 370 380 284 115 256 
Bin 66: 186 29 68 132 182 390 438 
Bin 67: 7 258 6 70 420 32 418 
Bin 68: 293 19 359 354 37 291 435 103 
Bin 69: 197 240 340 131 129 
Bin 70: 38 77 436 433 208 
Bin 71: 407 185 344 411 456 
Bin 72: 164 172 228 361 180 246 
Bin 73: 497 190 331 374 
Bin 74: 122 136 187 269 168 
