# Objective: 20
# Time: 3.27974
# Feasible: 1
# Solution:
Bin 0: 20 2 111 0 93 67 51 
Bin 1: 15 65 106 82 57 74 
Bin 2: 80 95 43 29 40 50 
Bin 3: 27 63 62 48 60 
Bin 4: 94 11 104 68 97 86 25 
Bin 5: 32 59 77 10 89 101 42 
Bin 6: 118 113 109 85 31 56 
Bin 7: 66 3 26 75 90 
Bin 8: 87 69 9 12 8 4 
Bin 9: 96 1 14 108 33 116 
Bin 10: 35 88 103 117 55 19 
Bin 11: 110 84 16 28 83 47 98 
Bin 12: 102 18 91 58 61 78 76 
Bin 13: 24 70 92 22 13 37 
Bin 14: 5 72 99 52 119 38 45 
Bin 15: 30 71 17 81 105 7 36 64 107 
Bin 16: 114 53 23 46 79 
Bin 17: 73 34 41 115 100 21 
Bin 18: 54 6 44 
Bin 19: 39 49 112 
