# Objective: 20
# Time: 4.59034
# Feasible: 1
# Solution:
Bin 0: 101 43 42 67 47 54 
Bin 1: 60 10 64 21 95 80 
Bin 2: 1 19 98 6 107 62 
Bin 3: 113 78 33 79 76 
Bin 4: 3 32 106 16 29 49 109 11 
Bin 5: 17 9 90 115 15 57 
Bin 6: 28 2 103 110 40 70 
Bin 7: 23 20 18 26 69 74 
Bin 8: 77 48 82 8 4 12 112 
Bin 9: 41 31 97 59 14 93 85 
Bin 10: 30 75 92 13 84 51 117 
Bin 11: 96 52 68 56 37 
Bin 12: 83 35 25 114 91 72 
Bin 13: 5 94 71 88 36 
Bin 14: 102 45 105 66 63 73 
Bin 15: 50 86 65 24 22 7 
Bin 16: 55 119 87 34 53 99 89 
Bin 17: 108 58 39 111 104 116 
Bin 18: 118 44 81 0 
Bin 19: 27 38 61 46 100 
