# Objective: 154
# Time: 377.297
# Feasible: 1
# Solution:
Bin 0: 960 260 614 257 243 64 
Bin 1: 21 910 504 791 333 264 472 
Bin 2: 925 248 868 970 595 708 
Bin 3: 778 921 136 508 306 750 39 
Bin 4: 445 61 463 327 199 919 164 382 59 
Bin 5: 827 692 845 451 567 227 282 
Bin 6: 411 138 679 781 897 757 
Bin 7: 108 603 702 660 90 834 
Bin 8: 698 462 430 104 114 589 607 
Bin 9: 212 77 873 509 869 424 
Bin 10: 704 852 384 906 468 346 892 102 
Bin 11: 533 684 874 353 436 490 
Bin 12: 479 799 203 399 11 714 
Bin 13: 659 173 689 312 431 298 875 
Bin 14: 570 701 67 277 893 
Bin 15: 532 784 940 467 947 839 66 
Bin 16: 177 297 669 954 9 946 
Bin 17: 745 415 522 63 389 491 
Bin 18: 725 364 527 627 171 121 222 
Bin 19: 484 955 301 569 956 590 
Bin 20: 646 543 577 332 775 519 721 390 
Bin 21: 13 326 54 402 729 670 
Bin 22: 914 953 265 515 888 894 481 
Bin 23: 5 801 617 179 658 666 983 338 
Bin 24: 492 137 538 100 391 288 539 
Bin 25: 566 820 905 4 673 531 911 
Bin 26: 984 60 883 186 50 439 7 
Bin 27: 188 528 140 808 320 712 999 
Bin 28: 605 672 444 217 735 57 568 
Bin 29: 82 272 317 340 144 746 
Bin 30: 101 210 493 764 367 596 929 
Bin 31: 902 573 383 761 299 368 
Bin 32: 498 722 824 833 525 427 
Bin 33: 975 209 755 437 513 175 174 918 
Bin 34: 233 23 837 578 795 896 622 966 395 
Bin 35: 466 530 562 49 741 809 
Bin 36: 584 79 303 625 648 16 497 
Bin 37: 345 880 81 355 363 103 
Bin 38: 982 650 707 963 0 599 
Bin 39: 557 242 652 95 321 386 
Bin 40: 828 58 198 579 829 927 545 922 602 
Bin 41: 628 762 374 323 40 381 
Bin 42: 181 139 373 410 517 228 695 
Bin 43: 637 162 287 854 153 951 
Bin 44: 675 974 768 148 408 86 920 
Bin 45: 825 580 709 878 453 53 
Bin 46: 548 250 183 933 315 591 
Bin 47: 806 167 634 529 281 356 
Bin 48: 981 482 344 687 406 44 425 
Bin 49: 717 130 871 616 6 122 
Bin 50: 241 313 588 663 433 155 881 434 311 
Bin 51: 710 421 730 98 471 876 
Bin 52: 813 510 524 752 475 718 
Bin 53: 359 15 480 979 496 
Bin 54: 609 26 797 728 832 690 990 
Bin 55: 362 75 204 773 608 777 
Bin 56: 996 810 613 585 518 360 117 
Bin 57: 205 997 215 190 821 180 936 
Bin 58: 782 645 32 574 334 930 551 
Bin 59: 38 107 867 787 396 835 969 
Bin 60: 166 416 357 119 815 206 420 619 
Bin 61: 865 564 744 189 932 647 
Bin 62: 654 798 252 831 554 800 913 
Bin 63: 789 555 147 891 371 776 124 
Bin 64: 935 720 328 192 218 
Bin 65: 245 449 397 254 207 938 
Bin 66: 814 202 949 336 903 72 976 244 
Bin 67: 544 365 771 858 43 372 
Bin 68: 592 655 794 165 246 582 495 
Bin 69: 295 656 680 231 378 844 376 
Bin 70: 546 923 109 111 20 
Bin 71: 347 838 354 169 674 341 
Bin 72: 292 339 457 25 435 74 
Bin 73: 361 636 286 696 774 261 
Bin 74: 441 446 36 758 268 535 
Bin 75: 465 24 697 229 989 477 240 792 
Bin 76: 958 443 8 33 35 877 113 
Bin 77: 302 534 682 542 106 583 995 
Bin 78: 723 280 748 115 154 872 187 
Bin 79: 380 225 118 314 28 239 661 
Bin 80: 131 412 632 736 928 612 
Bin 81: 857 991 1 639 413 683 
Bin 82: 262 961 385 864 908 620 644 
Bin 83: 141 270 860 904 626 843 601 
Bin 84: 47 132 884 924 796 235 848 
Bin 85: 454 826 556 172 968 965 
Bin 86: 237 94 452 10 862 766 388 
Bin 87: 912 734 915 742 182 133 
Bin 88: 84 470 429 783 110 247 
Bin 89: 711 505 273 97 17 945 
Bin 90: 316 685 184 400 870 606 
Bin 91: 964 786 769 624 615 700 
Bin 92: 640 476 842 145 861 92 676 56 
Bin 93: 849 807 754 805 76 500 73 
Bin 94: 978 456 46 194 486 662 703 
Bin 95: 266 414 230 469 885 31 604 
Bin 96: 972 310 193 907 128 664 565 
Bin 97: 450 369 71 350 474 705 
Bin 98: 793 283 944 88 426 255 
Bin 99: 305 151 899 501 763 458 916 
Bin 100: 743 526 635 403 506 818 
Bin 101: 87 343 278 146 753 330 
Bin 102: 401 342 487 216 850 293 
Bin 103: 68 610 324 176 99 
Bin 104: 127 830 934 853 197 
Bin 105: 417 895 859 631 96 841 
Bin 106: 643 213 994 536 926 464 851 
Bin 107: 394 423 630 290 129 840 
Bin 108: 253 962 767 563 993 120 
Bin 109: 804 263 12 62 52 621 78 
Bin 110: 751 126 727 279 699 802 398 
Bin 111: 547 819 308 901 80 866 158 
Bin 112: 779 693 307 651 30 160 149 
Bin 113: 19 89 571 939 267 561 516 
Bin 114: 418 251 760 483 688 170 112 
Bin 115: 41 653 309 161 686 846 
Bin 116: 726 294 461 375 740 37 
Bin 117: 691 553 178 987 152 201 
Bin 118: 351 898 581 123 593 276 274 
Bin 119: 275 747 856 882 985 55 998 
Bin 120: 85 887 759 812 957 986 163 
Bin 121: 514 319 214 249 29 455 
Bin 122: 716 438 379 14 749 
Bin 123: 208 195 422 738 432 623 
Bin 124: 677 817 22 822 694 105 258 
Bin 125: 91 943 719 863 952 
Bin 126: 765 352 503 733 560 540 950 
Bin 127: 51 220 27 611 296 18 377 
Bin 128: 756 537 473 572 447 512 992 
Bin 129: 143 300 191 811 559 134 168 
Bin 130: 221 638 269 788 489 597 715 
Bin 131: 732 889 488 731 967 370 
Bin 132: 419 988 706 329 409 520 
Bin 133: 633 499 289 185 366 973 
Bin 134: 485 150 657 234 713 259 
Bin 135: 284 629 575 70 142 
Bin 136: 125 552 405 404 855 511 
Bin 137: 358 428 322 931 448 678 349 
Bin 138: 649 879 83 159 318 
Bin 139: 980 558 65 977 42 196 
Bin 140: 667 785 93 576 200 2 440 
Bin 141: 157 549 325 541 256 671 772 803 
Bin 142: 724 587 971 211 959 69 
Bin 143: 780 507 890 219 442 737 681 
Bin 144: 586 238 600 494 34 
Bin 145: 942 823 407 116 392 236 
Bin 146: 460 224 642 271 226 521 
Bin 147: 836 847 909 816 291 135 
Bin 148: 393 665 285 790 886 232 
Bin 149: 618 45 387 550 348 948 
Bin 150: 668 48 937 337 3 
Bin 151: 335 156 459 739 917 331 
Bin 152: 941 641 223 594 900 
Bin 153: 478 523 304 598 770 502 
