# Objective: 101
# Time: 75.584
# Feasible: 1
# Solution:
Bin 0: 97 483 74 16 59 
Bin 1: 456 309 363 221 11 
Bin 2: 367 111 157 190 364 
Bin 3: 468 246 301 174 438 
Bin 4: 68 391 133 394 203 
Bin 5: 150 64 67 458 47 
Bin 6: 429 278 399 485 
Bin 7: 216 196 151 401 475 
Bin 8: 277 90 122 227 335 
Bin 9: 422 365 296 223 498 
Bin 10: 253 479 451 25 436 233 
Bin 11: 420 171 138 460 374 
Bin 12: 341 324 156 21 176 
Bin 13: 252 147 158 40 466 126 
Bin 14: 96 387 267 317 275 145 
Bin 15: 269 79 120 295 491 
Bin 16: 356 93 272 230 186 385 
Bin 17: 83 85 70 142 338 
Bin 18: 251 453 104 182 48 
Bin 19: 41 395 245 201 207 
Bin 20: 179 153 247 270 287 286 
Bin 21: 271 208 146 439 318 
Bin 22: 127 239 184 84 263 
Bin 23: 10 291 470 169 124 
Bin 24: 369 219 58 285 148 204 
Bin 25: 213 398 170 462 315 
Bin 26: 434 187 1 76 81 226 
Bin 27: 336 337 107 260 202 
Bin 28: 185 45 72 416 197 
Bin 29: 46 125 292 254 61 
Bin 30: 418 194 441 372 353 30 
Bin 31: 350 400 405 472 140 
Bin 32: 95 75 397 191 211 
Bin 33: 384 433 473 132 293 
Bin 34: 340 257 283 321 
Bin 35: 118 3 113 481 134 238 
Bin 36: 361 128 130 489 250 200 
Bin 37: 339 300 294 298 165 8 
Bin 38: 299 161 31 240 
Bin 39: 455 396 445 484 333 
Bin 40: 392 13 389 7 91 18 
Bin 41: 465 463 141 375 
Bin 42: 435 205 354 24 121 
Bin 43: 279 478 415 217 123 
Bin 44: 371 342 330 108 143 
Bin 45: 12 359 154 404 
Bin 46: 304 402 78 87 28 
Bin 47: 474 430 228 424 377 
Bin 48: 110 222 407 62 312 
Bin 49: 73 189 346 432 349 
Bin 50: 149 180 135 408 71 
Bin 51: 497 289 199 249 23 
Bin 52: 82 376 212 344 51 115 
Bin 53: 328 425 44 152 19 
Bin 54: 329 264 426 444 29 56 
Bin 55: 446 355 63 94 326 
Bin 56: 412 316 98 403 308 
Bin 57: 307 393 414 327 173 
Bin 58: 4 106 243 266 210 
Bin 59: 52 119 409 36 281 
Bin 60: 88 166 388 178 144 162 313 
Bin 61: 109 172 237 220 347 477 
Bin 62: 274 218 209 471 320 
Bin 63: 66 164 37 114 181 
Bin 64: 325 368 322 362 486 
Bin 65: 411 496 428 55 
Bin 66: 33 6 495 131 14 
Bin 67: 280 494 192 34 256 
Bin 68: 15 0 348 89 482 
Bin 69: 492 229 241 259 
Bin 70: 26 378 167 380 53 
Bin 71: 177 311 17 32 
Bin 72: 448 2 175 331 464 
Bin 73: 419 303 417 183 224 
Bin 74: 360 487 102 188 
Bin 75: 69 431 457 306 236 
Bin 76: 381 39 443 282 297 461 
Bin 77: 406 255 383 366 288 
Bin 78: 459 442 343 469 413 
Bin 79: 77 232 454 35 437 
Bin 80: 206 345 370 332 99 
Bin 81: 493 447 65 334 231 
Bin 82: 116 357 54 302 43 
Bin 83: 42 235 268 50 137 
Bin 84: 168 215 421 319 351 
Bin 85: 195 427 27 101 290 
Bin 86: 112 193 467 262 225 
Bin 87: 386 276 155 310 234 
Bin 88: 449 410 100 390 
Bin 89: 323 242 382 248 
Bin 90: 499 92 379 452 214 
Bin 91: 305 258 261 5 139 
Bin 92: 198 103 9 490 480 
Bin 93: 352 160 265 423 314 
Bin 94: 159 105 476 273 
Bin 95: 20 284 80 60 
Bin 96: 488 117 86 
Bin 97: 163 38 49 
Bin 98: 440 22 358 
Bin 99: 450 57 244 
Bin 100: 136 129 373 
