# Objective: 38
# Time: 6.44971
# Feasible: 1
# Solution:
Bin 0: 13 18 125 194 201 240 6 
Bin 1: 47 188 212 57 51 50 198 
Bin 2: 166 103 95 155 41 231 77 92 
Bin 3: 172 165 87 168 244 156 2 
Bin 4: 207 126 202 208 160 196 
Bin 5: 44 99 161 178 16 147 11 
Bin 6: 145 64 52 85 203 152 15 
Bin 7: 222 101 118 65 49 63 121 
Bin 8: 139 21 206 171 80 48 
Bin 9: 0 100 181 8 185 19 
Bin 10: 217 71 197 116 239 75 115 
Bin 11: 216 108 127 73 106 224 214 105 24 
Bin 12: 40 226 187 154 229 25 
Bin 13: 72 193 151 113 189 236 205 
Bin 14: 133 199 98 58 227 33 137 7 
Bin 15: 93 235 183 107 237 
Bin 16: 66 169 9 159 210 36 
Bin 17: 83 53 79 17 129 27 146 
Bin 18: 173 84 141 138 170 97 37 241 
Bin 19: 94 12 45 230 186 122 
Bin 20: 61 225 111 119 60 78 132 
Bin 21: 20 42 182 46 148 218 
Bin 22: 128 38 117 39 23 4 
Bin 23: 232 215 68 157 135 190 82 
Bin 24: 102 238 29 209 114 
Bin 25: 221 246 124 69 247 211 
Bin 26: 1 243 59 54 219 
Bin 27: 109 162 67 81 96 131 
Bin 28: 200 89 150 31 167 
Bin 29: 5 191 90 228 62 136 142 248 104 
Bin 30: 35 192 176 91 164 149 
Bin 31: 86 220 249 43 74 163 
Bin 32: 134 174 3 245 144 88 120 
Bin 33: 195 143 112 22 180 213 233 
Bin 34: 76 234 30 55 177 179 123 
Bin 35: 70 175 158 223 28 10 
Bin 36: 56 184 26 153 204 110 
Bin 37: 32 14 140 34 242 130 
