# Objective: 19
# Time: 2.39911
# Feasible: 1
# Solution:
Bin 0: 44 76 108 25 21 113 73 
Bin 1: 106 3 97 99 67 8 43 
Bin 2: 91 103 90 79 62 66 26 80 
Bin 3: 77 30 6 87 100 54 40 
Bin 4: 7 0 98 116 75 15 92 29 114 
Bin 5: 22 119 65 118 104 78 
Bin 6: 49 39 52 58 112 
Bin 7: 9 95 117 20 68 102 
Bin 8: 47 4 89 42 72 51 
Bin 9: 5 35 94 57 50 56 27 
Bin 10: 12 61 85 81 110 
Bin 11: 53 71 48 14 36 
Bin 12: 84 34 28 55 38 17 
Bin 13: 19 13 88 69 24 37 60 
Bin 14: 10 109 18 41 86 74 31 32 
Bin 15: 115 59 45 105 16 70 
Bin 16: 63 46 23 101 96 
Bin 17: 83 111 107 82 1 2 
Bin 18: 64 33 93 11 
