# Objective: 151
# Time: 189.118
# Feasible: 1
# Solution:
Bin 0: 668 125 42 676 904 857 21 
Bin 1: 977 342 271 27 202 59 693 266 
Bin 2: 991 653 332 238 878 762 551 
Bin 3: 404 570 787 618 39 229 82 610 723 
Bin 4: 375 445 828 455 601 356 591 132 
Bin 5: 127 976 833 893 978 37 859 
Bin 6: 358 157 361 757 327 526 
Bin 7: 552 754 632 880 478 334 
Bin 8: 701 352 531 231 497 927 357 725 254 
Bin 9: 489 734 484 90 846 824 76 206 
Bin 10: 43 146 889 426 18 742 173 722 
Bin 11: 594 359 49 460 816 66 869 243 684 
Bin 12: 795 123 112 568 268 150 505 532 
Bin 13: 101 258 987 402 677 774 
Bin 14: 945 508 672 120 213 
Bin 15: 569 192 320 697 270 199 
Bin 16: 495 24 227 364 75 377 938 680 
Bin 17: 485 710 860 201 251 248 264 
Bin 18: 421 988 71 337 378 285 114 
Bin 19: 512 89 879 474 461 873 122 673 627 
Bin 20: 995 587 963 681 31 142 212 
Bin 21: 116 703 194 183 922 997 607 
Bin 22: 900 925 354 326 575 553 595 959 
Bin 23: 745 935 583 415 584 916 504 
Bin 24: 770 144 620 209 396 761 360 
Bin 25: 391 545 187 295 235 333 
Bin 26: 615 2 850 232 462 69 
Bin 27: 343 728 798 759 12 669 288 786 
Bin 28: 811 348 283 472 666 
Bin 29: 441 138 261 638 613 95 117 
Bin 30: 968 500 14 13 79 74 906 
Bin 31: 313 387 763 392 520 346 237 262 
Bin 32: 556 550 340 563 739 99 579 758 695 
Bin 33: 804 300 418 515 919 103 
Bin 34: 483 732 542 516 272 576 
Bin 35: 856 915 999 663 471 55 102 
Bin 36: 107 691 746 931 155 225 
Bin 37: 321 1 77 323 730 
Bin 38: 416 782 498 559 685 425 954 721 875 
Bin 39: 384 562 914 501 606 953 
Bin 40: 162 643 488 679 639 45 851 
Bin 41: 741 412 650 690 589 
Bin 42: 347 969 473 756 428 801 385 
Bin 43: 16 881 109 737 203 664 716 
Bin 44: 975 996 901 92 196 736 
Bin 45: 368 948 974 571 115 38 
Bin 46: 431 820 549 185 818 159 888 
Bin 47: 119 221 52 823 433 57 769 
Bin 48: 817 86 890 692 705 541 148 
Bin 49: 81 689 349 350 149 476 
Bin 50: 140 139 612 699 380 743 
Bin 51: 34 766 29 25 267 
Bin 52: 644 106 800 328 339 124 913 413 
Bin 53: 765 395 844 73 152 688 572 
Bin 54: 51 909 596 989 784 506 829 788 
Bin 55: 776 222 943 195 852 490 
Bin 56: 458 469 290 449 536 964 
Bin 57: 382 487 984 265 825 527 331 481 
Bin 58: 764 456 513 886 311 
Bin 59: 830 499 854 863 933 409 789 
Bin 60: 928 617 603 538 11 518 
Bin 61: 980 932 366 855 981 85 779 
Bin 62: 465 946 496 985 145 241 98 
Bin 63: 493 696 33 735 843 586 20 773 
Bin 64: 614 687 96 278 110 525 
Bin 65: 646 616 624 702 555 403 835 864 
Bin 66: 973 78 961 747 220 891 
Bin 67: 494 188 540 709 740 885 724 821 
Bin 68: 291 97 437 582 136 176 
Bin 69: 108 219 656 655 446 54 
Bin 70: 566 868 783 950 256 
Bin 71: 947 564 567 17 965 628 581 
Bin 72: 573 491 876 660 524 
Bin 73: 6 113 336 151 239 
Bin 74: 240 892 363 94 4 322 
Bin 75: 785 304 849 353 381 865 
Bin 76: 28 417 887 48 839 217 7 100 
Bin 77: 198 367 131 517 46 629 
Bin 78: 447 306 871 172 276 621 211 
Bin 79: 917 809 215 528 408 216 717 
Bin 80: 168 578 41 303 867 708 
Bin 81: 547 882 292 678 47 247 
Bin 82: 599 319 163 898 104 780 
Bin 83: 813 314 62 970 836 156 894 
Bin 84: 826 158 630 325 837 590 
Bin 85: 486 598 451 794 979 182 822 
Bin 86: 5 853 845 383 9 479 
Bin 87: 803 126 246 257 793 335 
Bin 88: 228 896 434 286 707 60 
Bin 89: 405 670 330 475 600 452 
Bin 90: 197 386 492 179 448 
Bin 91: 755 649 466 400 641 768 
Bin 92: 957 253 936 972 422 50 934 302 
Bin 93: 872 544 711 67 558 468 
Bin 94: 160 983 388 923 170 58 
Bin 95: 966 318 951 522 930 902 207 
Bin 96: 503 369 967 234 840 971 910 777 982 805 
Bin 97: 942 178 164 819 169 435 65 
Bin 98: 870 289 118 263 64 897 814 
Bin 99: 799 652 729 153 937 731 
Bin 100: 511 394 214 406 686 899 
Bin 101: 161 548 662 15 236 482 233 
Bin 102: 230 174 376 184 986 588 19 
Bin 103: 61 535 738 903 993 944 
Bin 104: 180 895 430 414 523 147 420 84 
Bin 105: 83 507 712 80 310 44 26 
Bin 106: 299 733 560 815 529 70 926 941 
Bin 107: 990 398 287 706 802 189 
Bin 108: 344 720 862 129 410 651 
Bin 109: 443 648 345 654 683 
Bin 110: 744 574 260 35 393 324 748 280 
Bin 111: 631 464 905 407 585 275 
Bin 112: 884 847 454 842 436 791 609 
Bin 113: 908 700 841 719 374 
Bin 114: 470 32 56 713 429 
Bin 115: 671 329 40 808 175 171 134 714 
Bin 116: 444 698 534 771 68 427 
Bin 117: 242 998 858 521 509 191 
Bin 118: 752 502 143 91 827 424 642 
Bin 119: 480 866 778 561 3 442 317 790 
Bin 120: 907 370 810 832 23 519 250 796 874 193 
Bin 121: 958 539 307 637 831 952 137 
Bin 122: 929 580 252 296 204 36 88 
Bin 123: 659 453 411 439 921 141 128 
Bin 124: 181 477 924 675 373 861 633 
Bin 125: 22 611 657 316 438 955 450 838 457 
Bin 126: 186 308 812 775 190 
Bin 127: 626 121 0 877 751 645 
Bin 128: 604 372 301 750 792 
Bin 129: 994 397 133 440 284 665 514 
Bin 130: 635 10 694 658 760 602 992 
Bin 131: 647 390 674 205 399 
Bin 132: 208 210 432 274 781 911 293 661 
Bin 133: 834 281 625 371 920 753 
Bin 134: 546 848 273 297 309 554 
Bin 135: 87 918 269 640 294 565 634 
Bin 136: 940 63 338 593 389 622 767 
Bin 137: 401 341 530 423 939 255 
Bin 138: 224 797 315 177 249 
Bin 139: 463 167 510 749 605 956 
Bin 140: 365 218 105 53 912 
Bin 141: 533 154 883 130 949 467 
Bin 142: 8 459 282 355 537 
Bin 143: 259 608 111 419 772 379 93 
Bin 144: 277 543 715 166 362 
Bin 145: 807 727 72 298 30 
Bin 146: 619 165 577 351 244 
Bin 147: 200 962 592 623 726 
Bin 148: 704 806 245 226 597 682 
Bin 149: 312 636 305 279 667 
Bin 150: 557 223 718 135 960 
