# Objective: 37
# Time: 5.14482
# Feasible: 1
# Solution:
Bin 0: 109 6 184 112 127 117 5 
Bin 1: 174 188 71 153 33 61 32 64 
Bin 2: 122 140 135 196 96 206 217 233 113 
Bin 3: 219 242 111 28 67 193 236 
Bin 4: 107 27 47 130 97 129 
Bin 5: 7 17 145 86 95 208 172 
Bin 6: 92 40 85 53 229 144 
Bin 7: 78 51 84 226 16 100 87 147 
Bin 8: 55 181 36 195 175 246 197 
Bin 9: 138 132 44 207 161 38 165 
Bin 10: 65 74 123 177 245 14 25 
Bin 11: 238 24 194 234 77 108 211 
Bin 12: 180 152 46 173 212 228 26 163 
Bin 13: 192 139 169 124 232 120 
Bin 14: 240 141 62 164 149 13 248 
Bin 15: 80 148 221 154 115 105 167 143 
Bin 16: 31 201 10 243 239 131 203 
Bin 17: 23 104 128 159 191 20 
Bin 18: 1 121 89 118 185 106 
Bin 19: 218 66 93 4 50 146 
Bin 20: 162 76 69 157 225 204 90 
Bin 21: 60 19 187 178 58 137 
Bin 22: 202 190 244 45 134 166 125 210 
Bin 23: 199 83 223 160 227 102 
Bin 24: 103 155 249 186 29 
Bin 25: 11 99 59 52 73 168 114 
Bin 26: 63 209 222 88 12 75 70 
Bin 27: 142 54 110 0 22 179 
Bin 28: 94 8 56 214 176 158 15 213 
Bin 29: 235 241 3 43 171 150 
Bin 30: 82 126 205 79 39 247 
Bin 31: 48 119 2 91 72 230 81 
Bin 32: 215 21 136 182 35 116 
Bin 33: 151 68 42 133 49 34 189 
Bin 34: 9 156 198 200 37 220 
Bin 35: 101 224 237 98 18 30 
Bin 36: 41 216 231 183 170 57 
