# Objective: 152
# Time: 241.468
# Feasible: 1
# Solution:
Bin 0: 464 761 576 917 487 299 40 
Bin 1: 27 165 279 612 620 
Bin 2: 261 850 863 878 342 774 682 169 
Bin 3: 135 564 410 643 368 522 
Bin 4: 170 134 349 31 618 621 458 
Bin 5: 257 199 203 739 10 336 
Bin 6: 833 949 33 697 745 268 71 
Bin 7: 658 129 770 449 609 862 695 
Bin 8: 255 190 634 358 753 98 29 932 
Bin 9: 491 726 684 508 685 935 565 217 
Bin 10: 787 429 686 175 311 241 68 480 
Bin 11: 965 678 472 235 469 
Bin 12: 333 903 635 795 649 376 
Bin 13: 371 791 386 468 963 
Bin 14: 226 577 644 984 440 1 352 
Bin 15: 970 78 322 131 424 813 744 
Bin 16: 793 245 624 335 462 191 798 
Bin 17: 886 44 185 909 971 
Bin 18: 186 60 666 705 991 67 
Bin 19: 749 262 544 881 53 771 30 
Bin 20: 380 677 432 260 661 772 285 998 
Bin 21: 553 633 604 955 503 828 933 777 
Bin 22: 54 488 706 401 900 465 
Bin 23: 211 364 369 466 985 
Bin 24: 28 250 946 155 920 893 602 139 
Bin 25: 394 187 834 242 290 251 485 248 
Bin 26: 526 657 111 993 593 992 738 
Bin 27: 953 537 870 980 934 826 214 879 
Bin 28: 775 894 608 505 974 844 
Bin 29: 680 411 585 291 50 398 545 
Bin 30: 497 987 296 523 269 529 763 840 
Bin 31: 152 897 928 999 975 417 588 334 
Bin 32: 910 357 507 197 551 189 
Bin 33: 62 39 362 114 589 715 
Bin 34: 314 377 524 477 717 409 327 
Bin 35: 151 674 183 901 34 146 692 
Bin 36: 493 673 703 122 681 228 323 
Bin 37: 842 911 209 882 192 859 206 617 
Bin 38: 559 817 325 142 858 665 733 883 
Bin 39: 855 304 725 574 455 827 
Bin 40: 148 519 973 631 467 216 
Bin 41: 611 328 478 43 160 58 295 
Bin 42: 687 977 64 515 9 482 951 571 
Bin 43: 397 286 536 456 714 988 280 
Bin 44: 490 117 572 143 906 282 
Bin 45: 869 419 310 722 200 978 
Bin 46: 218 667 538 948 353 990 
Bin 47: 814 641 340 407 796 929 0 
Bin 48: 625 852 504 598 873 283 780 
Bin 49: 555 435 876 249 660 783 
Bin 50: 573 84 176 710 599 61 
Bin 51: 874 872 12 79 413 
Bin 52: 904 648 207 400 968 
Bin 53: 961 97 630 284 399 940 
Bin 54: 405 664 907 379 486 153 431 
Bin 55: 301 831 222 412 601 891 445 
Bin 56: 300 343 995 880 158 331 
Bin 57: 972 764 709 539 414 600 348 
Bin 58: 258 790 595 727 118 956 281 
Bin 59: 452 966 969 329 23 388 877 
Bin 60: 679 779 103 425 768 360 
Bin 61: 776 498 80 952 19 453 
Bin 62: 225 345 234 922 895 860 616 
Bin 63: 161 823 273 461 976 374 96 819 
Bin 64: 908 554 63 846 150 20 708 
Bin 65: 126 236 177 421 586 
Bin 66: 406 32 198 707 483 792 
Bin 67: 265 439 699 366 937 560 
Bin 68: 451 484 518 944 354 556 
Bin 69: 330 194 124 471 694 447 195 
Bin 70: 942 56 737 202 259 36 87 765 
Bin 71: 127 489 672 460 927 128 
Bin 72: 670 896 237 865 954 820 864 51 
Bin 73: 95 475 171 711 899 947 100 
Bin 74: 21 811 788 916 72 723 
Bin 75: 82 308 463 801 38 592 
Bin 76: 154 420 735 287 392 113 441 215 671 
Bin 77: 619 246 622 204 533 309 700 
Bin 78: 981 566 632 803 3 527 
Bin 79: 614 805 427 231 132 90 
Bin 80: 92 229 372 418 597 196 996 184 
Bin 81: 224 655 238 824 563 99 
Bin 82: 590 326 137 668 581 818 516 
Bin 83: 989 815 416 81 499 587 
Bin 84: 570 645 832 125 481 213 
Bin 85: 810 757 105 339 267 402 596 338 
Bin 86: 208 94 188 166 591 651 
Bin 87: 91 552 696 748 263 511 513 
Bin 88: 892 902 182 266 885 408 119 
Bin 89: 967 760 702 337 178 271 289 594 
Bin 90: 750 101 93 950 808 957 500 492 315 
Bin 91: 306 728 430 578 303 
Bin 92: 557 361 89 274 642 994 
Bin 93: 520 548 457 473 997 212 628 
Bin 94: 730 982 603 157 422 120 
Bin 95: 383 256 459 693 535 829 721 
Bin 96: 926 85 179 46 390 344 
Bin 97: 898 720 746 163 782 356 
Bin 98: 742 756 724 979 734 875 
Bin 99: 26 254 247 313 867 15 
Bin 100: 912 52 830 542 579 389 373 
Bin 101: 108 656 233 495 433 575 
Bin 102: 48 243 321 382 688 107 
Bin 103: 835 264 55 494 448 
Bin 104: 514 713 809 277 675 110 562 
Bin 105: 42 83 18 136 244 613 442 
Bin 106: 941 843 162 102 610 138 
Bin 107: 889 193 17 924 318 
Bin 108: 607 802 45 180 205 561 
Bin 109: 919 569 841 347 732 857 7 272 
Bin 110: 958 2 747 773 47 845 316 
Bin 111: 8 938 35 812 766 647 785 
Bin 112: 960 640 164 781 871 816 914 
Bin 113: 767 637 806 404 278 854 375 
Bin 114: 825 140 983 69 363 230 
Bin 115: 121 729 307 173 741 292 
Bin 116: 145 288 49 506 856 650 
Bin 117: 861 822 701 638 317 320 133 
Bin 118: 986 4 302 109 654 943 936 
Bin 119: 141 807 11 623 341 116 159 
Bin 120: 532 223 517 799 436 848 
Bin 121: 149 659 546 41 509 646 
Bin 122: 454 930 945 450 540 378 800 
Bin 123: 115 567 181 853 393 
Bin 124: 530 232 584 691 676 305 
Bin 125: 550 804 731 106 964 888 939 887 
Bin 126: 438 88 370 743 66 14 
Bin 127: 167 168 962 221 423 37 65 
Bin 128: 403 474 543 568 925 75 836 
Bin 129: 580 219 653 751 387 294 521 
Bin 130: 838 252 923 76 25 558 
Bin 131: 74 443 683 931 837 77 
Bin 132: 794 276 367 913 510 227 13 396 
Bin 133: 210 704 395 627 866 759 391 868 
Bin 134: 582 629 541 293 534 786 
Bin 135: 275 689 319 719 240 905 
Bin 136: 57 434 16 298 104 736 
Bin 137: 789 959 6 606 479 312 
Bin 138: 615 639 758 547 849 778 626 
Bin 139: 797 605 752 437 531 
Bin 140: 22 297 332 324 346 174 
Bin 141: 446 784 86 359 663 690 172 
Bin 142: 239 915 583 851 528 769 
Bin 143: 201 712 918 144 426 762 716 
Bin 144: 512 847 70 718 428 130 
Bin 145: 147 350 755 59 662 
Bin 146: 270 821 220 754 381 112 502 
Bin 147: 156 24 501 525 884 698 384 
Bin 148: 549 444 476 123 496 
Bin 149: 839 365 652 73 890 253 
Bin 150: 385 415 470 921 5 
Bin 151: 669 355 351 636 740 
