# Objective: 193
# Time: 2083.98
# Feasible: 1
# Solution:
Bin 0: 810 87 422 799 812 27 
Bin 1: 300 408 338 531 678 395 
Bin 2: 278 622 19 226 2 346 
Bin 3: 765 437 761 653 515 786 530 
Bin 4: 81 808 680 601 30 
Bin 5: 167 513 658 876 248 910 
Bin 6: 138 181 366 897 183 370 
Bin 7: 121 245 815 293 423 
Bin 8: 325 174 291 647 256 
Bin 9: 724 927 943 374 425 144 
Bin 10: 194 359 307 689 682 896 
Bin 11: 664 537 353 306 624 778 
Bin 12: 951 974 235 947 985 451 
Bin 13: 712 356 266 566 77 837 
Bin 14: 348 50 184 844 987 
Bin 15: 190 935 129 23 541 84 
Bin 16: 384 341 8 970 488 874 
Bin 17: 276 220 702 20 795 589 
Bin 18: 426 573 67 7 343 866 
Bin 19: 742 89 571 715 232 800 
Bin 20: 434 258 107 605 822 320 
Bin 21: 923 443 290 427 55 364 
Bin 22: 229 502 349 74 864 
Bin 23: 135 303 122 667 299 
Bin 24: 956 25 244 887 392 
Bin 25: 254 413 415 377 806 875 
Bin 26: 582 804 402 207 716 474 
Bin 27: 499 802 981 852 72 883 
Bin 28: 26 446 749 965 734 805 
Bin 29: 934 407 518 676 510 671 
Bin 30: 785 490 163 768 310 309 
Bin 31: 103 345 29 465 231 286 
Bin 32: 759 44 930 841 378 251 
Bin 33: 115 516 839 891 954 172 
Bin 34: 873 552 113 464 34 614 
Bin 35: 33 94 455 905 781 937 
Bin 36: 871 933 249 187 722 166 
Bin 37: 193 287 259 165 705 
Bin 38: 731 764 695 201 817 
Bin 39: 212 35 710 79 996 
Bin 40: 706 827 157 279 821 
Bin 41: 420 435 674 133 773 694 
Bin 42: 149 534 833 791 521 
Bin 43: 762 730 209 247 124 701 
Bin 44: 311 922 385 598 754 449 
Bin 45: 13 777 913 644 860 
Bin 46: 40 108 467 429 602 
Bin 47: 992 900 123 963 853 
Bin 48: 460 428 517 214 
Bin 49: 363 412 525 736 347 
Bin 50: 360 770 470 37 161 
Bin 51: 727 976 222 484 555 
Bin 52: 581 58 257 600 421 
Bin 53: 615 994 649 91 252 98 
Bin 54: 553 536 699 424 979 
Bin 55: 139 217 971 613 945 959 
Bin 56: 394 21 158 940 633 368 
Bin 57: 879 829 504 640 968 632 
Bin 58: 69 102 105 206 982 321 
Bin 59: 454 558 383 645 173 554 
Bin 60: 438 579 642 989 411 216 
Bin 61: 503 358 73 610 568 872 
Bin 62: 369 655 12 379 569 
Bin 63: 1 296 733 160 305 481 
Bin 64: 154 596 848 83 692 
Bin 65: 145 863 737 16 355 
Bin 66: 494 439 659 901 587 
Bin 67: 604 921 185 506 75 
Bin 68: 704 92 49 406 179 
Bin 69: 607 882 476 17 170 
Bin 70: 881 816 988 47 151 227 
Bin 71: 811 125 740 898 726 
Bin 72: 831 616 870 253 298 
Bin 73: 76 175 629 665 813 
Bin 74: 396 719 401 782 38 
Bin 75: 540 134 468 693 236 
Bin 76: 826 565 312 652 493 
Bin 77: 654 606 387 242 892 
Bin 78: 471 656 838 776 609 
Bin 79: 119 505 404 418 686 
Bin 80: 340 313 335 906 482 
Bin 81: 683 538 485 36 735 
Bin 82: 532 924 543 586 915 
Bin 83: 308 59 631 847 60 
Bin 84: 583 818 960 836 508 
Bin 85: 619 944 489 188 621 
Bin 86: 790 372 333 288 462 
Bin 87: 362 388 917 261 681 
Bin 88: 440 885 593 936 336 
Bin 89: 636 886 500 48 998 
Bin 90: 442 766 3 361 919 
Bin 91: 955 563 973 966 738 916 
Bin 92: 698 182 324 391 295 
Bin 93: 507 580 666 351 263 
Bin 94: 5 594 794 912 825 
Bin 95: 548 637 147 192 282 
Bin 96: 840 436 289 466 268 
Bin 97: 480 732 479 999 
Bin 98: 176 527 547 832 728 
Bin 99: 774 53 578 11 612 
Bin 100: 949 219 405 373 574 
Bin 101: 301 24 859 314 797 
Bin 102: 550 456 304 544 889 322 
Bin 103: 697 819 180 302 128 196 
Bin 104: 200 809 294 542 972 
Bin 105: 929 533 856 967 977 
Bin 106: 450 126 95 650 878 
Bin 107: 140 376 15 758 556 398 
Bin 108: 849 651 953 90 747 
Bin 109: 56 772 178 416 855 
Bin 110: 984 239 975 696 748 
Bin 111: 700 118 845 498 272 775 
Bin 112: 234 137 603 260 743 127 
Bin 113: 284 354 458 714 492 
Bin 114: 271 592 997 101 112 
Bin 115: 86 623 788 152 721 585 
Bin 116: 662 962 393 153 104 
Bin 117: 281 941 789 850 986 
Bin 118: 523 43 961 218 397 
Bin 119: 375 461 191 350 
Bin 120: 410 635 675 148 189 339 
Bin 121: 54 739 630 763 
Bin 122: 535 835 417 522 588 958 
Bin 123: 673 746 141 677 10 
Bin 124: 495 634 993 618 591 430 
Bin 125: 380 877 679 329 197 
Bin 126: 441 691 528 902 
Bin 127: 65 663 562 957 142 
Bin 128: 448 561 895 514 
Bin 129: 539 199 843 6 198 82 
Bin 130: 327 824 316 729 928 283 
Bin 131: 711 720 326 862 
Bin 132: 501 155 779 61 367 
Bin 133: 452 784 952 386 546 
Bin 134: 608 9 390 909 99 
Bin 135: 352 177 942 277 164 
Bin 136: 969 389 491 575 918 
Bin 137: 858 85 400 893 136 
Bin 138: 672 328 854 344 80 
Bin 139: 641 334 246 205 46 
Bin 140: 381 280 473 223 948 
Bin 141: 861 371 323 611 
Bin 142: 472 551 156 62 880 
Bin 143: 741 803 590 432 750 
Bin 144: 210 120 270 938 
Bin 145: 477 444 978 496 834 717 
Bin 146: 599 453 469 238 225 4 
Bin 147: 684 907 88 399 186 
Bin 148: 751 274 39 64 357 648 
Bin 149: 570 903 939 
Bin 150: 745 796 63 620 109 
Bin 151: 597 584 171 22 409 
Bin 152: 524 801 130 319 106 
Bin 153: 512 204 208 159 628 41 
Bin 154: 660 264 414 243 42 
Bin 155: 661 403 250 45 237 478 
Bin 156: 110 68 70 
Bin 157: 52 668 846 709 
Bin 158: 703 273 520 769 
Bin 159: 625 292 169 904 572 
Bin 160: 723 867 162 567 342 
Bin 161: 577 868 483 950 983 
Bin 162: 511 576 793 617 894 
Bin 163: 857 931 497 71 559 
Bin 164: 224 646 792 595 32 
Bin 165: 215 823 57 230 549 869 
Bin 166: 529 760 830 150 
Bin 167: 66 78 132 146 14 545 
Bin 168: 884 131 807 330 519 
Bin 169: 211 255 713 143 117 
Bin 170: 431 946 202 626 269 560 
Bin 171: 757 638 97 564 297 926 
Bin 172: 911 708 318 240 
Bin 173: 382 744 487 100 991 
Bin 174: 195 331 433 509 315 
Bin 175: 925 96 639 851 
Bin 176: 908 627 332 
Bin 177: 995 265 787 475 932 780 
Bin 178: 669 213 820 814 
Bin 179: 275 0 767 31 842 
Bin 180: 643 707 557 267 
Bin 181: 228 114 233 
Bin 182: 262 241 51 168 
Bin 183: 980 365 753 865 
Bin 184: 203 914 688 920 798 
Bin 185: 755 670 685 
Bin 186: 463 783 725 
Bin 187: 828 771 990 93 28 
Bin 188: 888 526 447 317 756 459 
Bin 189: 964 445 457 752 687 
Bin 190: 718 221 111 
Bin 191: 116 419 899 285 
Bin 192: 890 486 18 657 337 690 
