# Objective: 39
# Time: 5.16577
# Feasible: 1
# Solution:
Bin 0: 70 160 231 175 203 219 
Bin 1: 115 134 3 112 66 85 165 194 
Bin 2: 47 158 248 5 241 236 
Bin 3: 53 21 104 81 159 63 228 
Bin 4: 13 204 198 127 187 1 
Bin 5: 128 109 19 192 186 32 233 188 
Bin 6: 30 172 103 9 37 23 163 
Bin 7: 206 91 181 197 100 155 
Bin 8: 102 108 114 210 42 96 14 52 169 
Bin 9: 174 133 232 245 51 244 177 
Bin 10: 29 139 122 74 113 117 
Bin 11: 22 216 110 61 0 84 153 
Bin 12: 57 69 178 249 34 
Bin 13: 40 72 24 107 179 130 
Bin 14: 171 224 212 64 88 166 
Bin 15: 35 20 201 214 123 217 199 
Bin 16: 238 227 76 39 38 157 229 145 
Bin 17: 220 27 211 44 209 132 120 28 
Bin 18: 136 2 105 185 230 144 
Bin 19: 46 25 36 237 221 164 150 
Bin 20: 98 16 83 142 173 79 18 
Bin 21: 124 118 58 189 7 59 4 43 
Bin 22: 162 129 200 151 121 
Bin 23: 184 90 31 137 222 156 235 
Bin 24: 202 82 239 234 62 87 
Bin 25: 191 140 208 213 71 131 
Bin 26: 215 54 180 56 193 226 
Bin 27: 146 11 119 6 183 149 
Bin 28: 26 95 170 60 218 243 17 
Bin 29: 73 225 48 154 77 101 55 
Bin 30: 50 75 97 45 41 65 
Bin 31: 116 78 125 195 68 205 
Bin 32: 8 15 176 207 126 10 
Bin 33: 33 138 182 148 147 49 
Bin 34: 223 196 161 111 242 
Bin 35: 135 141 67 93 106 
Bin 36: 89 86 168 80 143 
Bin 37: 99 12 94 92 247 
Bin 38: 190 167 240 152 246 
