# Objective: 153
# Time: 368.907
# Feasible: 1
# Solution:
Bin 0: 474 772 565 324 711 419 653 
Bin 1: 342 456 157 881 354 155 19 211 
Bin 2: 340 457 475 841 845 
Bin 3: 821 623 742 840 729 763 687 884 
Bin 4: 255 412 325 574 183 827 268 
Bin 5: 529 721 95 755 682 994 
Bin 6: 33 194 810 588 402 728 
Bin 7: 993 78 252 999 32 261 
Bin 8: 227 219 544 123 868 471 533 
Bin 9: 847 226 704 154 595 333 
Bin 10: 223 386 328 705 640 195 
Bin 11: 262 193 168 45 753 87 586 916 
Bin 12: 224 983 10 237 421 181 634 
Bin 13: 429 30 843 559 307 
Bin 14: 284 233 524 118 988 462 946 745 
Bin 15: 190 250 276 969 198 364 641 60 
Bin 16: 24 837 918 496 503 775 
Bin 17: 811 54 389 414 943 709 326 
Bin 18: 675 26 468 128 547 625 
Bin 19: 769 611 188 6 267 590 760 
Bin 20: 152 254 83 985 978 247 
Bin 21: 177 4 47 445 139 88 291 781 
Bin 22: 109 442 560 309 176 70 460 
Bin 23: 290 321 512 463 469 21 
Bin 24: 897 71 905 335 561 536 196 348 800 
Bin 25: 672 216 981 578 674 353 368 
Bin 26: 872 809 849 942 696 986 403 
Bin 27: 737 274 61 657 420 347 
Bin 28: 119 764 191 243 850 102 
Bin 29: 566 495 319 85 486 826 
Bin 30: 576 666 932 646 567 314 
Bin 31: 448 182 685 59 739 928 
Bin 32: 384 938 244 352 556 957 170 
Bin 33: 831 99 987 31 439 690 803 135 
Bin 34: 549 531 35 806 111 553 380 
Bin 35: 962 297 754 399 794 365 626 351 
Bin 36: 432 594 580 285 141 298 
Bin 37: 878 677 930 200 454 665 
Bin 38: 889 220 434 911 610 275 822 
Bin 39: 62 360 801 708 683 131 676 
Bin 40: 265 306 334 656 417 166 164 
Bin 41: 260 532 125 654 740 748 480 
Bin 42: 783 81 338 661 933 777 
Bin 43: 329 22 228 861 264 359 316 
Bin 44: 537 489 836 945 662 492 
Bin 45: 86 768 698 604 98 855 
Bin 46: 464 701 570 169 482 332 920 
Bin 47: 774 814 579 245 825 642 
Bin 48: 664 186 305 924 167 136 
Bin 49: 174 778 965 799 585 476 
Bin 50: 108 744 207 7 202 558 
Bin 51: 341 371 869 680 522 122 67 25 
Bin 52: 633 900 741 322 282 428 101 842 
Bin 53: 472 490 629 288 201 379 693 234 
Bin 54: 984 534 655 667 502 425 498 
Bin 55: 899 431 302 700 106 46 808 
Bin 56: 966 68 686 73 391 0 706 
Bin 57: 703 896 453 743 788 358 929 
Bin 58: 69 507 600 231 550 893 941 
Bin 59: 51 172 39 310 501 888 375 
Bin 60: 518 587 790 418 736 43 908 394 
Bin 61: 937 880 49 323 105 159 185 184 
Bin 62: 786 864 396 730 75 199 156 
Bin 63: 979 832 975 601 750 483 63 
Bin 64: 345 545 165 406 593 5 230 
Bin 65: 258 92 214 596 692 238 477 
Bin 66: 382 278 362 93 241 
Bin 67: 205 34 521 404 583 552 215 
Bin 68: 349 883 670 103 858 229 
Bin 69: 90 11 37 48 828 779 
Bin 70: 514 568 732 173 253 508 
Bin 71: 242 630 506 292 23 
Bin 72: 874 18 895 127 437 609 27 
Bin 73: 780 989 451 575 857 
Bin 74: 435 901 158 819 838 543 
Bin 75: 951 710 584 470 144 66 9 956 
Bin 76: 738 38 410 271 343 225 959 443 
Bin 77: 277 346 344 618 913 393 846 
Bin 78: 146 289 221 782 954 746 612 
Bin 79: 973 510 504 218 116 488 117 
Bin 80: 383 12 208 15 493 308 458 
Bin 81: 381 659 645 607 865 639 948 813 
Bin 82: 747 605 280 614 530 206 660 
Bin 83: 171 17 974 716 484 886 635 385 
Bin 84: 598 272 481 509 538 519 28 
Bin 85: 621 16 931 714 318 331 248 
Bin 86: 926 695 725 440 787 539 804 55 679 
Bin 87: 964 603 408 467 372 110 752 
Bin 88: 513 56 870 592 673 833 
Bin 89: 669 773 923 336 130 427 378 
Bin 90: 835 415 807 150 57 107 29 
Bin 91: 796 960 712 723 909 903 
Bin 92: 89 8 756 644 758 950 
Bin 93: 189 487 147 138 767 240 153 
Bin 94: 500 491 473 132 963 281 
Bin 95: 557 856 820 615 771 149 459 387 
Bin 96: 300 163 145 114 638 398 465 
Bin 97: 438 499 961 792 192 137 624 
Bin 98: 1 947 860 355 671 824 
Bin 99: 312 256 392 616 955 555 3 
Bin 100: 571 713 853 757 608 213 907 
Bin 101: 433 577 525 977 887 715 862 
Bin 102: 53 815 816 784 148 852 222 
Bin 103: 573 919 876 940 269 13 
Bin 104: 727 859 84 848 939 50 649 
Bin 105: 990 554 995 997 628 797 
Bin 106: 697 992 120 589 369 
Bin 107: 273 648 914 724 450 
Bin 108: 793 124 643 400 449 
Bin 109: 505 873 36 691 805 759 395 
Bin 110: 270 187 430 286 210 82 409 
Bin 111: 356 58 44 546 444 622 
Bin 112: 74 517 734 266 936 96 100 
Bin 113: 497 620 904 582 871 
Bin 114: 636 143 377 390 113 
Bin 115: 204 249 478 373 658 668 
Bin 116: 866 875 879 304 541 279 
Bin 117: 689 925 327 894 367 374 
Bin 118: 818 829 762 76 511 972 
Bin 119: 684 388 922 528 572 
Bin 120: 416 761 953 720 910 178 898 
Bin 121: 650 235 232 376 2 527 798 405 
Bin 122: 971 854 890 681 161 357 
Bin 123: 65 121 891 766 851 970 
Bin 124: 41 317 424 494 812 
Bin 125: 702 694 917 569 526 632 
Bin 126: 129 363 299 863 14 133 
Bin 127: 751 104 817 175 733 134 
Bin 128: 562 142 413 563 980 466 
Bin 129: 991 401 927 647 967 998 115 
Bin 130: 830 350 996 296 770 259 
Bin 131: 485 407 313 613 597 535 
Bin 132: 765 40 688 606 91 397 
Bin 133: 515 823 976 455 80 749 
Bin 134: 294 982 446 867 140 441 366 
Bin 135: 602 627 436 236 295 631 
Bin 136: 263 423 551 885 452 447 20 
Bin 137: 283 839 162 339 735 
Bin 138: 718 337 652 915 791 479 617 
Bin 139: 834 79 461 731 179 
Bin 140: 320 64 844 52 301 
Bin 141: 726 293 599 678 935 315 
Bin 142: 619 958 795 217 77 651 
Bin 143: 72 707 802 209 540 197 426 
Bin 144: 520 663 902 239 151 212 257 
Bin 145: 523 785 564 97 361 251 
Bin 146: 542 699 877 789 882 370 311 
Bin 147: 637 126 719 94 422 
Bin 148: 944 934 949 180 246 722 330 
Bin 149: 717 303 591 203 287 
Bin 150: 921 42 776 892 160 411 
Bin 151: 581 968 112 548 912 516 
Bin 152: 952 906 
