# Objective: 19
# Time: 2.35155
# Feasible: 1
# Solution:
Bin 0: 64 63 26 93 115 28 92 3 
Bin 1: 109 32 18 43 60 98 23 
Bin 2: 116 118 89 107 25 74 
Bin 3: 57 105 39 101 77 73 5 
Bin 4: 59 30 110 49 2 111 
Bin 5: 78 40 62 50 41 66 45 
Bin 6: 69 91 6 75 68 
Bin 7: 61 10 106 82 37 20 56 
Bin 8: 33 0 65 95 46 22 7 
Bin 9: 104 96 79 87 21 100 
Bin 10: 48 24 94 52 47 88 83 
Bin 11: 76 9 67 16 14 102 
Bin 12: 38 103 34 85 15 80 29 
Bin 13: 54 71 27 81 113 11 108 
Bin 14: 17 35 97 84 55 19 
Bin 15: 1 58 86 53 12 
Bin 16: 114 119 36 42 8 4 
Bin 17: 44 51 70 13 90 
Bin 18: 99 112 72 31 117 
