# Objective: 153
# Time: 326.444
# Feasible: 1
# Solution:
Bin 0: 362 388 364 203 257 486 
Bin 1: 649 705 908 595 776 599 62 
Bin 2: 545 79 341 848 237 247 
Bin 3: 390 232 711 115 280 753 
Bin 4: 383 633 348 190 818 828 60 
Bin 5: 505 919 849 380 857 118 
Bin 6: 584 913 970 888 797 723 
Bin 7: 813 327 273 589 556 66 484 
Bin 8: 774 106 823 373 49 175 409 
Bin 9: 626 389 854 957 311 731 600 
Bin 10: 959 844 840 366 609 338 
Bin 11: 464 787 129 233 765 108 900 
Bin 12: 23 399 793 987 572 889 947 
Bin 13: 499 568 529 378 732 385 
Bin 14: 363 398 752 778 128 524 515 
Bin 15: 615 2 614 41 578 720 520 653 714 
Bin 16: 879 645 72 972 420 88 
Bin 17: 328 32 755 598 76 758 
Bin 18: 932 10 85 507 160 349 
Bin 19: 325 631 33 740 519 562 528 
Bin 20: 712 905 61 141 786 771 989 
Bin 21: 223 724 885 993 911 809 
Bin 22: 895 222 330 103 838 846 176 
Bin 23: 944 100 869 145 1 377 
Bin 24: 744 518 851 410 456 112 
Bin 25: 439 656 292 291 663 814 
Bin 26: 123 533 650 132 279 24 759 
Bin 27: 535 657 427 876 97 443 
Bin 28: 204 369 988 149 282 796 241 
Bin 29: 15 354 874 133 20 250 
Bin 30: 130 756 382 509 244 729 
Bin 31: 67 522 749 678 948 943 525 
Bin 32: 791 415 268 617 80 120 309 
Bin 33: 344 491 214 539 52 625 660 448 
Bin 34: 713 697 205 45 750 
Bin 35: 683 301 69 462 538 
Bin 36: 70 843 322 121 336 314 979 
Bin 37: 493 312 551 886 526 422 331 
Bin 38: 777 243 482 394 666 307 485 976 465 
Bin 39: 255 179 426 627 738 182 
Bin 40: 131 227 530 808 950 751 936 
Bin 41: 624 134 534 137 757 337 
Bin 42: 19 622 898 906 253 766 770 
Bin 43: 490 391 181 810 597 675 
Bin 44: 487 4 603 835 618 571 152 910 
Bin 45: 872 868 873 199 276 264 763 527 963 
Bin 46: 302 903 949 93 569 733 
Bin 47: 265 431 266 494 478 374 521 
Bin 48: 548 213 407 834 474 459 238 865 
Bin 49: 718 316 986 827 998 246 102 
Bin 50: 139 667 607 172 208 583 
Bin 51: 188 37 784 261 743 543 192 
Bin 52: 687 591 557 421 81 540 
Bin 53: 741 577 991 44 109 290 841 
Bin 54: 43 318 212 887 821 716 53 
Bin 55: 773 111 968 815 588 269 
Bin 56: 982 51 305 728 926 
Bin 57: 669 58 229 277 157 516 
Bin 58: 230 481 173 760 668 707 
Bin 59: 628 579 798 719 971 
Bin 60: 297 360 313 202 514 708 573 
Bin 61: 92 585 452 197 698 289 343 
Bin 62: 283 804 86 171 393 29 
Bin 63: 473 242 412 704 105 692 
Bin 64: 228 73 400 619 620 42 
Bin 65: 680 323 688 659 582 921 
Bin 66: 434 567 201 82 684 218 
Bin 67: 511 912 709 590 945 931 440 
Bin 68: 159 153 997 239 178 613 26 580 
Bin 69: 781 985 340 220 674 981 
Bin 70: 54 554 98 9 734 502 782 163 
Bin 71: 454 730 418 254 236 91 
Bin 72: 63 248 28 262 954 437 875 939 
Bin 73: 359 742 234 594 353 48 
Bin 74: 890 682 177 107 350 480 679 506 
Bin 75: 983 304 960 806 924 925 994 
Bin 76: 639 638 634 587 375 737 267 762 717 
Bin 77: 973 36 18 862 549 
Bin 78: 937 96 467 831 640 
Bin 79: 64 114 453 779 94 536 
Bin 80: 483 225 198 700 326 564 
Bin 81: 408 169 31 497 542 651 
Bin 82: 909 671 581 496 852 816 646 
Bin 83: 644 87 14 610 695 
Bin 84: 271 295 396 832 156 772 
Bin 85: 406 284 837 800 425 956 
Bin 86: 934 417 7 99 361 802 300 
Bin 87: 310 576 321 632 210 315 226 
Bin 88: 193 95 333 942 658 
Bin 89: 952 736 938 799 433 138 
Bin 90: 532 508 701 281 917 84 335 
Bin 91: 286 3 891 637 803 154 495 441 
Bin 92: 883 703 211 523 616 
Bin 93: 460 964 794 384 57 381 397 
Bin 94: 517 916 918 278 817 30 995 
Bin 95: 231 438 345 882 16 764 
Bin 96: 894 699 830 27 537 785 298 
Bin 97: 200 611 83 387 966 186 308 259 
Bin 98: 334 961 470 604 206 725 
Bin 99: 929 90 0 673 769 920 958 
Bin 100: 445 215 710 346 191 767 294 
Bin 101: 317 358 424 880 974 34 469 
Bin 102: 168 726 122 450 446 324 735 
Bin 103: 694 285 249 184 414 293 
Bin 104: 623 65 74 686 449 256 940 
Bin 105: 871 329 689 501 930 842 477 
Bin 106: 127 596 899 739 902 47 21 
Bin 107: 601 77 185 575 812 884 845 
Bin 108: 850 479 55 676 166 221 
Bin 109: 386 877 56 395 22 643 
Bin 110: 287 721 510 969 365 933 
Bin 111: 140 442 560 372 402 435 
Bin 112: 489 428 355 978 621 436 746 691 
Bin 113: 790 693 867 50 503 722 
Bin 114: 275 455 566 174 12 550 
Bin 115: 492 13 681 592 661 164 288 
Bin 116: 544 702 605 195 892 839 
Bin 117: 296 196 251 685 476 748 
Bin 118: 706 183 40 471 901 630 332 
Bin 119: 155 629 35 836 416 405 
Bin 120: 727 209 104 570 158 893 488 
Bin 121: 161 820 864 342 461 
Bin 122: 263 662 116 368 561 165 
Bin 123: 170 46 513 811 652 
Bin 124: 379 306 110 897 547 59 559 
Bin 125: 914 147 881 512 847 5 
Bin 126: 805 219 151 475 143 975 
Bin 127: 996 194 977 788 928 352 
Bin 128: 423 780 552 955 167 558 498 608 
Bin 129: 654 761 775 896 696 500 563 754 
Bin 130: 819 853 907 217 142 25 565 990 
Bin 131: 117 245 75 861 150 119 946 
Bin 132: 856 715 612 807 124 504 
Bin 133: 403 967 586 833 303 252 935 319 
Bin 134: 965 189 8 430 768 677 
Bin 135: 376 78 984 11 320 356 
Bin 136: 855 68 240 606 17 859 89 
Bin 137: 642 235 553 180 38 531 6 
Bin 138: 274 541 915 792 672 953 648 636 
Bin 139: 801 126 351 670 187 413 962 
Bin 140: 655 904 745 258 878 
Bin 141: 125 357 451 411 447 824 
Bin 142: 546 463 457 635 789 
Bin 143: 923 113 863 458 665 472 
Bin 144: 419 829 927 951 144 593 641 826 
Bin 145: 299 270 404 401 432 
Bin 146: 860 664 555 207 980 858 162 
Bin 147: 468 392 647 825 101 992 
Bin 148: 444 260 941 574 272 71 
Bin 149: 146 367 747 999 602 922 136 
Bin 150: 148 339 216 783 795 870 466 
Bin 151: 866 371 135 822 370 
Bin 152: 690 429 39 224 347 
