# Objective: 19
# Time: 2.47726
# Feasible: 1
# Solution:
Bin 0: 11 41 91 89 4 110 34 
Bin 1: 39 92 15 108 73 32 
Bin 2: 82 20 105 86 66 74 9 88 
Bin 3: 44 26 57 79 119 95 5 
Bin 4: 54 30 118 17 90 6 101 
Bin 5: 19 38 46 33 45 76 
Bin 6: 13 7 67 71 16 14 
Bin 7: 115 12 0 109 49 35 47 64 
Bin 8: 3 42 69 52 98 94 63 
Bin 9: 18 75 106 104 85 
Bin 10: 84 113 107 60 68 97 
Bin 11: 29 99 93 23 51 111 87 
Bin 12: 72 81 56 102 36 40 8 
Bin 13: 1 50 83 53 80 77 
Bin 14: 100 22 28 25 62 31 37 
Bin 15: 70 116 78 112 24 
Bin 16: 59 21 48 27 61 
Bin 17: 103 58 65 96 2 
Bin 18: 117 55 114 43 10 
