# Objective: 84
# Time: 97.6877
# Feasible: 1
# Solution:
Bin 0: 88 79 434 349 485 172 47 
Bin 1: 180 96 260 181 331 259 354 
Bin 2: 1 11 6 353 3 86 
Bin 3: 296 116 355 495 271 124 
Bin 4: 29 443 108 445 267 
Bin 5: 122 405 12 166 384 63 255 
Bin 6: 424 228 148 117 211 
Bin 7: 28 429 8 187 421 188 364 
Bin 8: 26 312 258 157 356 476 
Bin 9: 105 407 58 176 49 291 
Bin 10: 463 409 332 252 484 5 
Bin 11: 114 19 366 402 325 319 
Bin 12: 186 426 419 413 84 
Bin 13: 268 213 369 382 361 145 
Bin 14: 155 225 336 265 251 18 
Bin 15: 250 303 210 161 376 304 442 
Bin 16: 385 462 440 25 457 174 
Bin 17: 199 169 406 226 233 113 
Bin 18: 190 307 377 489 61 175 
Bin 19: 193 244 20 390 248 160 367 
Bin 20: 10 14 427 286 491 74 
Bin 21: 134 446 151 326 475 165 
Bin 22: 430 196 72 428 348 106 
Bin 23: 44 129 261 337 152 
Bin 24: 396 362 451 227 306 112 
Bin 25: 278 288 275 393 95 
Bin 26: 80 266 318 357 204 46 
Bin 27: 55 292 230 383 201 452 370 
Bin 28: 272 433 335 314 400 394 167 
Bin 29: 323 431 492 285 7 
Bin 30: 87 241 373 34 423 
Bin 31: 223 207 461 178 435 389 464 
Bin 32: 499 218 379 410 381 
Bin 33: 40 92 9 21 438 
Bin 34: 455 118 38 179 471 139 
Bin 35: 469 479 215 490 472 253 
Bin 36: 33 103 101 70 344 98 399 327 
Bin 37: 310 249 16 163 184 
Bin 38: 73 203 392 189 458 32 
Bin 39: 397 216 192 416 13 
Bin 40: 411 301 403 276 104 45 
Bin 41: 345 483 486 313 487 287 387 
Bin 42: 144 240 328 17 197 135 
Bin 43: 245 454 52 93 132 149 
Bin 44: 256 195 417 320 78 284 
Bin 45: 342 237 350 67 
Bin 46: 269 162 229 257 168 71 143 
Bin 47: 64 85 498 365 156 372 
Bin 48: 322 308 297 200 121 128 
Bin 49: 221 351 494 470 222 30 
Bin 50: 293 91 123 89 141 57 277 
Bin 51: 100 236 158 437 66 329 
Bin 52: 493 62 300 295 305 481 
Bin 53: 333 138 274 75 418 130 
Bin 54: 412 50 456 408 99 238 343 
Bin 55: 371 302 465 477 340 
Bin 56: 263 473 478 115 97 111 
Bin 57: 219 468 35 401 224 109 
Bin 58: 177 496 147 262 
Bin 59: 65 234 280 298 
Bin 60: 386 246 23 378 202 127 
Bin 61: 59 441 453 36 324 444 
Bin 62: 460 231 24 321 159 
Bin 63: 388 311 94 170 415 232 
Bin 64: 53 0 51 
Bin 65: 208 467 247 497 39 
Bin 66: 243 206 439 137 107 31 309 
Bin 67: 15 60 273 43 150 173 
Bin 68: 338 164 363 56 436 404 
Bin 69: 317 131 81 54 474 281 
Bin 70: 414 254 133 347 374 68 
Bin 71: 488 432 448 290 76 146 360 
Bin 72: 126 358 482 341 282 2 420 83 
Bin 73: 194 90 198 212 42 125 
Bin 74: 120 22 154 450 334 375 
Bin 75: 185 447 339 191 270 294 
Bin 76: 110 359 315 449 
Bin 77: 368 299 153 41 183 283 
Bin 78: 289 119 182 264 102 82 
Bin 79: 391 4 425 380 136 
Bin 80: 205 209 352 214 239 395 398 171 
Bin 81: 459 69 422 217 140 279 37 
Bin 82: 142 346 48 330 27 466 
Bin 83: 242 480 77 316 235 220 
