# Objective: 151
# Time: 187.494
# Feasible: 1
# Solution:
Bin 0: 623 886 812 973 92 389 85 
Bin 1: 574 362 553 971 881 348 993 466 303 
Bin 2: 987 839 571 376 271 
Bin 3: 810 58 252 36 311 835 334 
Bin 4: 77 411 732 433 66 152 176 
Bin 5: 582 126 831 941 508 636 
Bin 6: 182 86 494 903 82 786 736 766 942 660 
Bin 7: 178 661 438 618 
Bin 8: 921 923 314 196 481 773 
Bin 9: 257 918 899 556 360 806 991 
Bin 10: 975 73 866 798 109 945 162 
Bin 11: 854 915 743 994 190 627 
Bin 12: 631 774 605 922 276 587 146 832 
Bin 13: 414 657 453 906 610 588 143 192 
Bin 14: 157 428 874 595 33 207 540 
Bin 15: 156 184 644 147 280 532 208 
Bin 16: 704 327 27 688 790 219 246 
Bin 17: 429 299 718 357 124 861 268 331 260 
Bin 18: 282 287 949 826 683 593 485 
Bin 19: 614 751 244 221 52 
Bin 20: 179 460 103 690 939 465 
Bin 21: 543 474 870 50 397 791 185 
Bin 22: 892 365 824 721 931 
Bin 23: 896 273 93 140 673 869 620 
Bin 24: 46 502 989 240 432 531 
Bin 25: 205 167 624 541 497 744 
Bin 26: 368 919 24 872 955 677 
Bin 27: 21 802 527 68 194 708 104 
Bin 28: 335 201 12 55 590 511 647 
Bin 29: 787 986 189 521 935 351 805 410 
Bin 30: 277 472 924 132 101 372 
Bin 31: 887 768 434 745 781 914 
Bin 32: 59 316 962 537 856 544 
Bin 33: 841 213 686 15 265 740 
Bin 34: 455 355 130 749 443 898 716 400 
Bin 35: 48 803 564 572 599 1 
Bin 36: 934 392 28 223 224 863 895 
Bin 37: 652 442 199 71 258 49 
Bin 38: 878 385 890 952 456 700 
Bin 39: 135 78 717 418 301 969 214 995 
Bin 40: 784 117 515 858 356 236 816 612 
Bin 41: 654 461 814 216 98 229 483 
Bin 42: 846 107 575 323 900 926 75 
Bin 43: 656 358 16 765 776 26 
Bin 44: 777 137 792 200 534 275 967 274 
Bin 45: 477 619 387 693 526 710 
Bin 46: 484 459 883 180 685 336 
Bin 47: 175 324 11 295 694 422 
Bin 48: 917 343 738 837 830 70 
Bin 49: 401 916 475 469 999 720 873 243 
Bin 50: 84 938 212 309 889 423 702 
Bin 51: 580 398 353 122 500 413 
Bin 52: 326 402 174 113 436 
Bin 53: 38 674 159 366 807 
Bin 54: 550 676 23 972 97 467 
Bin 55: 928 338 347 864 954 638 
Bin 56: 737 518 522 304 249 507 341 682 
Bin 57: 555 266 2 138 43 834 653 
Bin 58: 752 281 925 621 757 492 
Bin 59: 961 789 395 748 25 231 565 384 
Bin 60: 496 95 976 875 558 930 611 
Bin 61: 528 41 859 539 996 670 
Bin 62: 227 380 965 154 256 448 270 901 32 
Bin 63: 79 838 329 164 681 446 
Bin 64: 108 932 850 94 771 462 8 
Bin 65: 211 56 880 977 963 233 391 601 
Bin 66: 340 504 547 330 913 860 
Bin 67: 658 512 333 305 238 566 64 
Bin 68: 591 724 843 958 871 947 974 248 
Bin 69: 88 220 54 318 479 193 
Bin 70: 319 891 172 354 637 430 420 
Bin 71: 804 350 253 136 602 441 
Bin 72: 482 679 829 811 879 115 478 
Bin 73: 262 491 982 487 163 81 228 
Bin 74: 203 57 960 381 549 825 882 
Bin 75: 495 405 359 538 772 239 
Bin 76: 639 412 877 734 89 728 
Bin 77: 662 689 884 703 131 
Bin 78: 65 997 584 597 37 559 297 498 261 
Bin 79: 643 407 19 289 567 613 855 729 
Bin 80: 675 10 723 833 450 286 
Bin 81: 552 426 34 548 476 296 315 
Bin 82: 437 76 489 439 181 933 349 
Bin 83: 714 116 517 666 978 245 981 
Bin 84: 635 927 672 42 779 536 711 573 625 
Bin 85: 110 31 650 291 29 951 328 801 
Bin 86: 293 22 818 634 709 
Bin 87: 80 452 187 733 427 713 840 
Bin 88: 808 992 561 121 99 310 45 557 197 
Bin 89: 431 520 562 364 741 145 
Bin 90: 707 74 586 279 468 377 
Bin 91: 141 649 369 940 646 
Bin 92: 322 746 626 592 403 230 
Bin 93: 128 325 912 457 337 480 
Bin 94: 345 267 594 568 867 655 731 770 
Bin 95: 251 317 61 684 415 
Bin 96: 225 312 524 114 937 943 183 799 
Bin 97: 699 241 90 908 876 375 909 
Bin 98: 758 308 785 148 764 278 
Bin 99: 283 4 827 609 493 307 
Bin 100: 416 665 696 198 445 263 905 753 828 706 
Bin 101: 944 651 503 795 815 217 
Bin 102: 964 844 756 170 535 404 222 
Bin 103: 69 868 139 663 506 165 966 
Bin 104: 419 783 793 300 959 344 
Bin 105: 692 823 374 888 648 862 797 
Bin 106: 760 968 712 471 464 342 
Bin 107: 302 946 332 169 513 186 44 950 722 
Bin 108: 425 953 451 848 237 583 
Bin 109: 579 106 150 577 134 719 226 
Bin 110: 373 370 87 641 188 788 
Bin 111: 191 284 782 730 394 990 983 
Bin 112: 849 320 545 603 288 292 
Bin 113: 780 894 755 546 158 750 91 
Bin 114: 339 659 153 767 242 970 598 845 
Bin 115: 578 697 794 435 399 408 
Bin 116: 754 671 563 105 907 998 589 985 250 
Bin 117: 449 232 20 173 865 836 
Bin 118: 444 264 509 775 119 560 
Bin 119: 581 769 9 62 440 616 813 
Bin 120: 166 632 313 470 542 371 
Bin 121: 409 120 979 505 386 96 
Bin 122: 53 893 177 519 759 554 
Bin 123: 378 259 127 529 72 100 382 
Bin 124: 516 897 630 417 514 393 
Bin 125: 853 551 701 458 747 
Bin 126: 118 533 361 102 576 664 698 510 
Bin 127: 911 691 60 669 63 151 490 585 
Bin 128: 819 842 608 762 687 421 
Bin 129: 346 218 629 617 800 
Bin 130: 51 155 367 570 142 290 
Bin 131: 820 929 40 247 633 
Bin 132: 285 904 486 530 936 215 390 667 
Bin 133: 160 910 123 822 948 857 3 
Bin 134: 920 406 396 306 488 668 
Bin 135: 817 254 705 525 269 902 
Bin 136: 125 149 715 47 424 
Bin 137: 202 763 171 847 957 454 622 
Bin 138: 739 235 463 725 821 628 294 
Bin 139: 272 678 980 206 195 112 
Bin 140: 607 600 640 204 604 499 
Bin 141: 161 352 209 956 321 
Bin 142: 727 129 363 501 606 645 
Bin 143: 255 39 851 695 642 383 
Bin 144: 596 210 569 83 144 
Bin 145: 988 111 447 5 796 473 
Bin 146: 852 984 30 6 615 
Bin 147: 17 133 388 13 298 
Bin 148: 680 523 7 168 809 735 
Bin 149: 234 0 18 726 379 885 
Bin 150: 778 761 14 67 35 742 
