# Objective: 153
# Time: 309.84
# Feasible: 1
# Solution:
Bin 0: 256 665 16 173 28 224 306 
Bin 1: 760 225 728 266 528 407 834 
Bin 2: 638 63 963 344 910 481 70 
Bin 3: 413 610 580 192 378 945 217 190 
Bin 4: 302 125 853 840 672 394 437 825 
Bin 5: 758 151 921 746 854 148 725 
Bin 6: 693 500 147 859 779 376 875 
Bin 7: 539 787 371 71 654 203 164 605 
Bin 8: 334 141 804 711 995 466 18 
Bin 9: 669 803 343 767 99 6 380 
Bin 10: 84 618 293 167 587 832 100 
Bin 11: 990 755 836 946 736 745 
Bin 12: 405 578 621 150 842 
Bin 13: 428 641 169 905 717 554 47 
Bin 14: 146 757 426 499 564 652 108 
Bin 15: 713 67 385 998 985 936 504 
Bin 16: 411 346 81 519 999 412 781 592 
Bin 17: 955 128 870 443 457 663 
Bin 18: 202 421 574 939 583 954 
Bin 19: 847 797 455 76 43 37 966 
Bin 20: 769 951 41 811 562 
Bin 21: 722 845 433 72 415 284 
Bin 22: 331 210 27 739 824 322 
Bin 23: 216 90 341 281 765 79 88 
Bin 24: 372 250 690 651 920 323 78 
Bin 25: 658 795 279 871 569 253 182 762 
Bin 26: 278 290 352 524 977 743 856 585 
Bin 27: 171 158 57 233 593 477 869 
Bin 28: 221 874 434 538 878 570 
Bin 29: 430 761 468 467 640 518 786 
Bin 30: 296 882 361 617 139 734 
Bin 31: 993 186 759 92 117 613 161 716 773 
Bin 32: 165 901 282 462 721 324 
Bin 33: 162 237 822 887 967 837 65 51 
Bin 34: 73 530 655 916 488 300 267 
Bin 35: 560 768 600 808 604 850 
Bin 36: 465 793 586 460 503 975 212 74 
Bin 37: 877 453 989 441 218 245 388 
Bin 38: 402 694 48 26 299 325 230 
Bin 39: 984 633 754 657 559 46 
Bin 40: 961 406 957 908 102 
Bin 41: 607 888 180 373 675 568 959 
Bin 42: 222 450 575 254 44 597 892 
Bin 43: 321 594 103 375 751 696 107 
Bin 44: 969 545 777 113 480 639 678 
Bin 45: 487 883 603 619 705 706 927 
Bin 46: 881 602 350 12 684 463 
Bin 47: 533 614 750 868 573 198 507 
Bin 48: 204 64 511 942 358 348 666 
Bin 49: 541 25 354 555 207 489 
Bin 50: 82 242 660 342 298 255 582 
Bin 51: 8 7 444 249 841 814 543 
Bin 52: 948 818 308 111 328 320 398 
Bin 53: 962 168 566 867 899 193 
Bin 54: 185 24 536 591 771 826 429 
Bin 55: 45 20 275 310 753 704 461 
Bin 56: 34 609 558 318 130 565 355 
Bin 57: 968 775 649 288 451 744 359 577 
Bin 58: 61 551 846 335 719 789 
Bin 59: 889 187 650 98 576 
Bin 60: 393 893 121 498 671 611 
Bin 61: 520 547 949 647 223 741 
Bin 62: 280 965 521 931 970 937 956 273 
Bin 63: 535 106 40 756 458 181 401 
Bin 64: 409 924 496 806 475 561 
Bin 65: 283 15 482 471 257 377 790 
Bin 66: 732 729 829 333 844 624 143 
Bin 67: 991 642 149 442 131 886 
Bin 68: 981 35 855 733 123 
Bin 69: 979 904 980 697 731 770 943 
Bin 70: 399 153 816 546 287 952 387 
Bin 71: 898 529 417 435 634 670 
Bin 72: 291 484 608 915 680 206 
Bin 73: 833 917 827 738 776 29 
Bin 74: 315 661 55 124 864 590 972 718 
Bin 75: 510 885 636 516 295 33 
Bin 76: 726 802 383 668 930 304 219 
Bin 77: 285 831 259 226 56 683 144 
Bin 78: 30 644 244 599 119 986 364 228 
Bin 79: 456 263 838 710 606 137 615 
Bin 80: 702 365 982 486 240 301 815 
Bin 81: 403 126 101 17 581 701 91 
Bin 82: 514 478 947 454 196 97 687 
Bin 83: 553 556 360 408 737 220 821 
Bin 84: 264 810 234 241 77 785 
Bin 85: 59 707 522 379 9 391 631 
Bin 86: 527 184 953 49 682 763 
Bin 87: 623 5 752 629 839 215 
Bin 88: 309 155 289 724 628 189 723 93 
Bin 89: 472 662 115 800 695 857 
Bin 90: 964 439 557 783 23 664 
Bin 91: 305 635 19 232 270 572 780 525 
Bin 92: 805 902 307 876 374 199 
Bin 93: 588 105 87 367 176 720 
Bin 94: 483 913 791 996 422 940 698 
Bin 95: 177 2 116 712 596 
Bin 96: 971 425 656 258 497 983 
Bin 97: 896 513 812 820 595 476 
Bin 98: 53 129 459 231 866 
Bin 99: 326 400 112 935 848 928 68 
Bin 100: 532 183 109 673 382 501 
Bin 101: 432 274 229 492 197 3 431 
Bin 102: 872 392 674 907 179 708 
Bin 103: 542 919 163 366 319 976 
Bin 104: 404 62 159 932 208 863 464 
Bin 105: 469 271 884 272 627 381 747 552 
Bin 106: 974 973 495 94 22 419 
Bin 107: 122 709 21 200 601 201 
Bin 108: 58 170 918 830 142 727 446 
Bin 109: 166 643 156 80 715 38 
Bin 110: 313 817 646 531 612 261 894 
Bin 111: 269 794 1 329 416 823 369 
Bin 112: 686 906 286 205 396 622 
Bin 113: 340 152 339 579 914 
Bin 114: 89 427 681 384 992 778 
Bin 115: 356 114 843 83 353 338 
Bin 116: 362 911 730 563 248 653 332 418 
Bin 117: 251 262 632 851 766 772 625 
Bin 118: 140 178 880 410 517 474 
Bin 119: 774 311 509 10 637 
Bin 120: 988 247 436 526 330 445 630 
Bin 121: 659 127 395 714 879 276 4 
Bin 122: 54 512 748 423 925 933 
Bin 123: 764 799 909 195 277 95 
Bin 124: 452 890 813 85 154 865 
Bin 125: 688 239 540 807 742 861 
Bin 126: 52 685 490 950 386 626 120 
Bin 127: 941 175 900 923 209 788 735 
Bin 128: 506 133 214 449 873 345 
Bin 129: 473 312 316 912 505 440 447 
Bin 130: 903 389 926 584 448 50 523 
Bin 131: 537 550 849 36 922 268 297 
Bin 132: 317 136 860 934 368 357 
Bin 133: 616 174 336 292 438 138 699 
Bin 134: 14 502 134 337 589 677 
Bin 135: 571 835 243 303 470 11 929 
Bin 136: 86 191 782 796 211 294 
Bin 137: 252 42 648 110 958 
Bin 138: 491 828 534 544 32 194 
Bin 139: 938 104 75 508 819 
Bin 140: 548 493 118 13 327 
Bin 141: 494 852 370 349 414 994 
Bin 142: 676 645 157 69 620 66 238 
Bin 143: 691 978 135 740 960 
Bin 144: 567 515 689 700 897 
Bin 145: 0 236 862 420 347 265 
Bin 146: 363 692 235 39 60 260 
Bin 147: 31 188 96 314 858 
Bin 148: 390 792 784 132 987 801 798 
Bin 149: 160 749 351 145 809 
Bin 150: 227 397 944 703 485 667 
Bin 151: 172 213 549 424 895 891 
Bin 152: 679 598 246 997 479 
