# Objective: 163
# Time: 170.788
# Feasible: 1
# Solution:
Bin 0: 633 655 523 674 995 537 453 
Bin 1: 577 467 610 4 287 
Bin 2: 343 934 625 65 64 13 
Bin 3: 925 832 545 598 84 74 983 
Bin 4: 527 181 701 639 856 630 
Bin 5: 876 2 895 531 364 953 
Bin 6: 783 305 137 92 933 938 
Bin 7: 346 563 363 973 601 12 169 
Bin 8: 439 342 215 81 548 72 
Bin 9: 915 974 833 452 637 157 
Bin 10: 165 245 813 403 883 
Bin 11: 67 835 355 48 34 830 
Bin 12: 859 842 392 955 269 
Bin 13: 161 129 844 723 458 572 194 
Bin 14: 724 778 156 722 766 557 
Bin 15: 463 445 1 254 529 653 
Bin 16: 756 421 645 424 426 929 
Bin 17: 631 812 449 987 593 
Bin 18: 611 917 771 652 106 650 233 
Bin 19: 238 553 485 604 39 232 841 
Bin 20: 823 247 735 134 243 487 
Bin 21: 585 754 235 418 212 356 977 
Bin 22: 126 853 389 550 357 542 768 864 
Bin 23: 852 482 466 970 525 588 896 
Bin 24: 490 524 898 518 435 
Bin 25: 984 434 447 731 530 867 
Bin 26: 57 951 325 99 589 826 145 
Bin 27: 472 556 764 665 773 442 824 
Bin 28: 454 505 382 125 172 757 
Bin 29: 313 712 526 32 736 
Bin 30: 405 417 50 478 98 266 38 
Bin 31: 83 151 94 251 861 352 
Bin 32: 267 131 641 334 96 960 264 
Bin 33: 516 878 624 568 114 303 7 
Bin 34: 737 854 146 257 333 276 858 
Bin 35: 404 10 982 965 993 246 
Bin 36: 207 253 597 728 888 255 
Bin 37: 850 73 988 150 882 102 560 
Bin 38: 940 727 349 144 62 16 
Bin 39: 891 758 105 37 742 872 968 
Bin 40: 775 686 623 219 660 582 513 
Bin 41: 547 927 6 748 22 279 943 
Bin 42: 80 244 614 753 115 985 
Bin 43: 769 820 262 311 949 87 
Bin 44: 749 211 836 227 195 583 
Bin 45: 290 495 292 8 387 704 991 
Bin 46: 304 905 23 158 576 
Bin 47: 562 997 909 971 208 135 
Bin 48: 353 274 20 132 438 
Bin 49: 770 729 138 555 879 651 97 
Bin 50: 46 586 911 430 886 42 
Bin 51: 184 649 26 483 573 918 
Bin 52: 546 393 497 312 170 954 
Bin 53: 473 348 656 750 648 324 804 
Bin 54: 616 541 815 171 295 632 
Bin 55: 70 249 224 401 367 223 
Bin 56: 880 622 323 609 61 932 511 
Bin 57: 579 759 591 91 329 198 
Bin 58: 725 413 873 503 793 668 
Bin 59: 373 647 205 912 671 167 
Bin 60: 897 711 919 256 786 44 
Bin 61: 415 900 301 732 947 221 124 
Bin 62: 958 443 606 457 885 697 
Bin 63: 673 520 744 904 762 913 
Bin 64: 646 678 584 479 533 
Bin 65: 409 122 40 182 428 231 612 
Bin 66: 500 528 662 670 475 972 
Bin 67: 681 926 100 408 790 242 
Bin 68: 910 337 683 941 931 871 
Bin 69: 56 441 288 285 476 
Bin 70: 892 362 843 414 123 395 
Bin 71: 376 767 11 250 698 799 
Bin 72: 140 148 699 672 798 713 
Bin 73: 559 489 344 706 774 444 
Bin 74: 863 677 273 388 68 975 
Bin 75: 237 400 412 116 460 
Bin 76: 866 109 976 202 419 535 
Bin 77: 981 448 664 865 15 595 
Bin 78: 709 431 989 700 338 118 
Bin 79: 69 186 654 302 133 788 66 
Bin 80: 321 175 827 229 558 120 
Bin 81: 908 619 300 666 719 881 
Bin 82: 914 734 152 689 164 55 834 200 
Bin 83: 796 574 369 928 159 705 139 
Bin 84: 536 293 957 381 571 817 204 
Bin 85: 907 860 3 258 271 296 
Bin 86: 423 347 828 868 508 980 840 
Bin 87: 502 411 615 521 789 937 
Bin 88: 33 101 397 950 921 581 592 
Bin 89: 433 480 967 474 602 795 360 
Bin 90: 946 25 234 679 59 642 
Bin 91: 63 58 5 143 715 831 220 
Bin 92: 119 800 162 644 154 963 
Bin 93: 561 945 569 377 396 
Bin 94: 845 284 807 176 491 339 
Bin 95: 821 496 178 209 661 185 
Bin 96: 153 540 784 539 440 733 
Bin 97: 829 190 966 31 317 776 806 
Bin 98: 600 455 136 36 743 331 494 
Bin 99: 240 808 628 969 986 621 
Bin 100: 862 88 752 188 436 85 104 
Bin 101: 493 894 121 298 21 236 792 
Bin 102: 330 366 514 437 587 275 315 
Bin 103: 726 372 191 332 9 635 45 
Bin 104: 618 714 787 605 944 691 
Bin 105: 386 659 781 692 
Bin 106: 930 17 196 225 310 564 
Bin 107: 149 809 239 350 596 716 406 
Bin 108: 893 282 607 916 810 193 
Bin 109: 507 532 629 35 416 291 
Bin 110: 849 510 740 538 874 248 566 
Bin 111: 512 450 422 956 78 675 
Bin 112: 173 354 488 216 222 506 838 
Bin 113: 128 920 402 779 385 694 
Bin 114: 522 877 695 942 307 979 
Bin 115: 163 189 241 486 378 580 
Bin 116: 28 819 708 177 935 782 
Bin 117: 18 901 86 688 565 680 
Bin 118: 192 60 142 261 682 
Bin 119: 71 308 499 519 855 
Bin 120: 594 471 52 978 693 922 811 
Bin 121: 461 183 272 875 459 319 
Bin 122: 746 197 869 359 365 534 328 
Bin 123: 962 180 627 544 103 160 
Bin 124: 289 814 777 47 270 79 
Bin 125: 554 316 280 425 964 603 620 
Bin 126: 846 464 992 465 903 217 
Bin 127: 320 107 710 306 477 374 
Bin 128: 95 75 203 717 54 90 
Bin 129: 420 230 27 336 751 797 
Bin 130: 902 297 939 626 379 608 263 228 
Bin 131: 948 318 509 837 41 658 
Bin 132: 265 432 851 765 168 747 
Bin 133: 226 676 847 462 201 703 
Bin 134: 484 43 24 498 755 
Bin 135: 89 51 368 599 643 130 345 
Bin 136: 370 407 760 358 761 294 427 
Bin 137: 638 889 299 141 322 803 
Bin 138: 19 166 260 451 640 
Bin 139: 252 399 108 721 936 739 
Bin 140: 492 738 361 741 371 857 
Bin 141: 634 669 259 410 745 53 636 
Bin 142: 113 667 147 174 590 0 
Bin 143: 468 218 278 998 127 30 999 
Bin 144: 199 887 720 794 268 785 
Bin 145: 390 469 446 110 470 111 394 
Bin 146: 952 990 14 93 818 552 82 
Bin 147: 718 924 780 76 383 
Bin 148: 690 341 613 391 398 517 
Bin 149: 117 504 187 155 283 791 
Bin 150: 890 772 687 570 617 923 
Bin 151: 551 277 206 515 802 685 
Bin 152: 340 384 375 481 906 663 
Bin 153: 29 567 696 335 801 213 326 
Bin 154: 286 210 309 702 730 
Bin 155: 961 763 848 549 994 
Bin 156: 839 805 822 327 816 
Bin 157: 684 870 884 214 314 825 
Bin 158: 996 501 959 575 
Bin 159: 380 179 543 49 112 
Bin 160: 899 77 429 456 
Bin 161: 281 707 351 
Bin 162: 657 578 
