# Objective: 182
# Time: 383.062
# Feasible: 1
# Solution:
Bin 0: 696 851 500 96 868 150 
Bin 1: 592 485 309 12 
Bin 2: 899 838 36 210 270 
Bin 3: 117 356 289 314 
Bin 4: 609 8 595 488 425 
Bin 5: 433 91 715 750 499 
Bin 6: 395 142 311 51 991 216 
Bin 7: 217 26 204 812 
Bin 8: 451 659 511 427 670 570 
Bin 9: 994 127 990 81 689 446 
Bin 10: 176 367 959 252 411 25 
Bin 11: 912 523 184 891 360 401 
Bin 12: 529 376 963 185 831 620 
Bin 13: 864 383 961 761 610 444 
Bin 14: 371 166 815 455 353 518 
Bin 15: 747 751 397 795 133 776 
Bin 16: 802 339 719 709 275 152 
Bin 17: 894 119 692 691 267 219 
Bin 18: 465 230 856 83 664 
Bin 19: 722 763 227 525 130 
Bin 20: 712 20 964 567 543 
Bin 21: 410 472 777 52 531 402 
Bin 22: 736 491 660 830 588 4 147 
Bin 23: 867 823 797 728 109 
Bin 24: 494 903 135 789 920 139 
Bin 25: 429 833 352 508 
Bin 26: 296 861 377 470 320 
Bin 27: 743 31 294 716 668 
Bin 28: 686 724 677 854 27 
Bin 29: 898 426 223 158 161 251 
Bin 30: 982 562 863 261 104 
Bin 31: 707 534 865 381 766 735 
Bin 32: 24 601 103 414 214 389 
Bin 33: 44 362 441 555 745 
Bin 34: 6 911 170 277 714 663 
Bin 35: 201 970 231 5 987 506 768 
Bin 36: 744 48 156 944 143 642 
Bin 37: 697 56 253 561 940 495 
Bin 38: 883 801 805 818 350 718 
Bin 39: 334 734 328 403 832 41 
Bin 40: 248 540 299 673 496 
Bin 41: 302 75 842 545 947 993 
Bin 42: 787 430 249 941 419 123 
Bin 43: 266 807 100 85 836 501 
Bin 44: 582 984 548 274 589 
Bin 45: 300 76 564 40 138 50 
Bin 46: 424 378 513 404 933 
Bin 47: 66 107 477 238 771 
Bin 48: 672 574 613 872 115 
Bin 49: 191 644 442 481 272 
Bin 50: 852 764 625 859 447 
Bin 51: 527 145 706 849 327 
Bin 52: 21 121 536 319 373 
Bin 53: 335 59 814 243 997 49 
Bin 54: 635 633 256 748 727 
Bin 55: 125 512 811 892 537 70 
Bin 56: 151 462 108 17 713 
Bin 57: 364 233 790 449 603 193 
Bin 58: 575 965 221 779 504 
Bin 59: 436 826 976 60 681 
Bin 60: 648 687 721 996 428 502 
Bin 61: 754 321 542 553 796 847 
Bin 62: 368 645 890 782 902 146 
Bin 63: 140 666 92 631 33 919 
Bin 64: 132 725 661 658 544 
Bin 65: 624 585 769 286 202 
Bin 66: 469 641 203 149 308 
Bin 67: 224 207 246 171 781 
Bin 68: 862 956 134 338 157 
Bin 69: 860 408 835 732 313 688 344 
Bin 70: 905 989 788 235 738 
Bin 71: 475 225 866 175 622 
Bin 72: 422 298 908 578 384 671 
Bin 73: 489 236 938 729 303 
Bin 74: 301 288 357 784 386 122 
Bin 75: 607 473 971 800 292 507 
Bin 76: 325 791 244 361 632 438 
Bin 77: 584 949 399 611 539 936 
Bin 78: 453 579 979 783 900 
Bin 79: 47 58 563 878 775 124 
Bin 80: 169 759 541 181 699 114 
Bin 81: 708 340 285 437 345 
Bin 82: 762 547 615 43 183 
Bin 83: 293 420 388 569 417 657 
Bin 84: 84 820 443 505 271 667 
Bin 85: 65 39 869 87 685 927 
Bin 86: 522 602 785 581 853 
Bin 87: 159 924 78 981 986 86 
Bin 88: 177 358 549 53 647 533 
Bin 89: 257 365 829 846 407 415 
Bin 90: 827 565 705 733 799 
Bin 91: 822 131 654 454 111 552 
Bin 92: 418 587 337 194 15 
Bin 93: 817 452 546 94 19 440 
Bin 94: 276 742 841 870 200 809 
Bin 95: 480 519 229 255 988 
Bin 96: 380 168 983 195 282 
Bin 97: 577 571 676 937 38 929 
Bin 98: 186 651 215 162 630 141 
Bin 99: 254 650 247 348 711 80 
Bin 100: 322 980 1 336 291 946 
Bin 101: 596 35 958 205 746 
Bin 102: 879 503 113 951 211 498 
Bin 103: 683 837 459 913 638 557 
Bin 104: 220 160 458 431 165 678 
Bin 105: 966 409 669 110 71 
Bin 106: 758 524 925 280 42 
Bin 107: 740 538 197 889 897 945 
Bin 108: 737 950 774 840 992 471 
Bin 109: 435 466 662 212 23 730 
Bin 110: 54 333 806 968 695 242 
Bin 111: 164 63 810 332 798 396 
Bin 112: 173 526 390 463 619 935 
Bin 113: 885 962 279 871 413 490 
Bin 114: 237 904 198 268 370 226 
Bin 115: 484 948 492 366 535 
Bin 116: 528 387 629 888 189 914 
Bin 117: 675 767 154 572 406 
Bin 118: 901 655 710 82 228 917 
Bin 119: 29 943 486 858 67 770 
Bin 120: 804 550 393 260 554 514 
Bin 121: 172 649 3 295 174 
Bin 122: 341 573 16 7 188 
Bin 123: 72 845 521 493 77 
Bin 124: 479 626 560 674 765 305 
Bin 125: 916 476 363 880 794 55 
Bin 126: 637 69 628 778 487 
Bin 127: 752 896 112 824 910 
Bin 128: 90 704 928 857 792 136 374 
Bin 129: 780 180 700 232 307 551 
Bin 130: 877 906 392 717 934 22 
Bin 131: 74 46 14 591 597 262 
Bin 132: 284 967 179 566 684 250 955 
Bin 133: 482 590 199 882 594 
Bin 134: 803 73 478 953 998 583 
Bin 135: 786 64 318 315 995 68 
Bin 136: 598 10 808 148 45 839 
Bin 137: 698 643 855 97 793 196 
Bin 138: 618 636 568 448 599 
Bin 139: 739 679 126 326 680 324 372 
Bin 140: 497 245 99 398 682 
Bin 141: 264 89 182 985 2 421 
Bin 142: 516 34 509 932 844 95 
Bin 143: 974 887 105 343 412 
Bin 144: 405 342 614 287 702 520 
Bin 145: 881 439 975 922 741 
Bin 146: 720 273 290 37 329 
Bin 147: 510 385 999 93 600 218 187 
Bin 148: 144 323 192 960 18 875 
Bin 149: 760 756 952 623 351 62 9 
Bin 150: 612 163 347 102 359 
Bin 151: 850 304 957 532 450 
Bin 152: 606 874 167 907 101 460 
Bin 153: 32 30 693 627 120 331 
Bin 154: 652 895 13 604 921 749 
Bin 155: 772 923 819 483 634 848 
Bin 156: 646 153 694 731 556 973 
Bin 157: 258 873 306 939 330 
Bin 158: 701 723 269 653 639 517 
Bin 159: 530 79 656 617 834 61 
Bin 160: 825 886 240 423 586 118 
Bin 161: 346 391 222 576 155 755 
Bin 162: 432 213 930 209 11 969 
Bin 163: 608 893 616 703 468 
Bin 164: 416 208 178 821 690 310 
Bin 165: 394 978 915 375 972 278 
Bin 166: 828 593 128 434 726 
Bin 167: 316 57 884 28 317 
Bin 168: 129 931 621 580 559 
Bin 169: 474 457 281 400 461 
Bin 170: 106 640 349 456 918 
Bin 171: 926 355 241 
Bin 172: 88 116 265 0 
Bin 173: 942 558 977 239 
Bin 174: 283 665 464 954 
Bin 175: 773 876 753 909 206 
Bin 176: 382 137 379 
Bin 177: 757 467 816 515 
Bin 178: 98 369 297 843 445 
Bin 179: 234 813 263 605 259 
Bin 180: 190 354 
Bin 181: 312 
