# Objective: 85
# Time: 135.42
# Feasible: 1
# Solution:
Bin 0: 14 127 168 243 250 
Bin 1: 459 261 121 455 387 
Bin 2: 403 424 291 125 185 
Bin 3: 370 152 54 313 71 475 
Bin 4: 61 398 234 104 279 418 
Bin 5: 223 117 426 72 136 463 
Bin 6: 293 203 346 339 479 139 
Bin 7: 124 57 161 297 108 236 
Bin 8: 312 78 359 492 410 80 
Bin 9: 494 206 254 41 469 
Bin 10: 423 188 36 198 314 400 
Bin 11: 347 183 345 170 159 165 204 
Bin 12: 177 86 113 292 38 394 
Bin 13: 32 381 11 145 215 
Bin 14: 288 430 9 214 172 435 
Bin 15: 95 140 249 142 253 
Bin 16: 260 120 284 413 320 434 
Bin 17: 489 447 79 368 153 295 384 
Bin 18: 103 99 408 266 148 5 457 
Bin 19: 248 20 438 118 83 338 6 
Bin 20: 149 415 369 28 
Bin 21: 448 131 277 7 453 96 
Bin 22: 19 29 289 431 333 498 
Bin 23: 166 265 353 226 56 472 
Bin 24: 45 77 485 478 155 299 402 
Bin 25: 241 309 66 276 404 23 327 
Bin 26: 37 217 199 432 73 195 
Bin 27: 422 305 356 450 202 
Bin 28: 58 88 18 154 135 102 
Bin 29: 285 483 486 385 442 488 
Bin 30: 176 222 76 75 491 238 
Bin 31: 1 474 8 93 378 26 
Bin 32: 366 64 46 271 169 331 237 
Bin 33: 296 246 343 467 436 388 
Bin 34: 283 107 143 13 94 178 
Bin 35: 386 393 34 173 490 220 
Bin 36: 311 262 419 144 227 232 449 
Bin 37: 286 10 67 358 473 
Bin 38: 471 133 461 269 267 264 
Bin 39: 147 371 301 212 380 105 
Bin 40: 44 157 325 405 112 91 
Bin 41: 375 225 401 259 481 414 
Bin 42: 383 175 330 43 51 443 84 
Bin 43: 372 163 15 244 440 81 
Bin 44: 335 318 282 229 421 2 
Bin 45: 230 497 251 389 98 319 
Bin 46: 357 306 280 303 290 219 
Bin 47: 180 52 89 336 484 87 115 
Bin 48: 160 482 92 174 3 302 
Bin 49: 158 55 365 300 209 417 216 
Bin 50: 316 122 242 462 427 186 
Bin 51: 470 275 126 376 
Bin 52: 406 317 35 373 68 129 
Bin 53: 211 340 256 24 255 278 
Bin 54: 460 114 322 207 425 416 379 
Bin 55: 151 258 162 273 30 224 
Bin 56: 210 240 27 477 171 274 137 
Bin 57: 420 228 100 451 272 
Bin 58: 468 233 411 466 97 
Bin 59: 352 193 184 179 337 17 218 
Bin 60: 321 342 167 287 22 354 82 
Bin 61: 396 63 101 205 191 308 
Bin 62: 281 182 257 69 464 42 
Bin 63: 493 21 200 59 74 439 33 
Bin 64: 231 324 201 50 332 213 433 
Bin 65: 239 294 146 445 350 164 247 
Bin 66: 192 382 456 132 323 197 
Bin 67: 85 367 355 190 495 441 90 
Bin 68: 47 31 304 395 454 194 351 
Bin 69: 360 348 49 245 40 134 
Bin 70: 444 412 397 39 25 221 
Bin 71: 189 344 390 128 391 
Bin 72: 62 341 334 235 328 
Bin 73: 65 465 399 123 268 
Bin 74: 437 487 364 181 310 
Bin 75: 252 374 476 349 429 
Bin 76: 446 298 138 196 53 377 
Bin 77: 270 329 119 156 407 
Bin 78: 208 130 326 12 116 452 
Bin 79: 363 110 48 263 315 
Bin 80: 392 307 362 499 70 480 0 
Bin 81: 409 496 109 4 
Bin 82: 361 150 60 111 
Bin 83: 16 141 428 
Bin 84: 106 187 458 
