# Objective: 37
# Time: 5.24498
# Feasible: 1
# Solution:
Bin 0: 70 106 8 172 66 82 
Bin 1: 73 136 13 80 4 92 75 157 167 
Bin 2: 129 147 121 44 30 144 116 223 27 
Bin 3: 74 14 52 68 24 108 
Bin 4: 39 19 64 231 46 134 148 201 
Bin 5: 119 37 36 146 142 
Bin 6: 69 107 125 169 139 124 118 
Bin 7: 18 89 16 6 216 56 88 241 
Bin 8: 29 160 153 132 57 45 103 
Bin 9: 137 156 161 150 35 235 
Bin 10: 12 101 32 166 93 0 
Bin 11: 23 228 128 71 163 
Bin 12: 83 115 62 49 195 176 
Bin 13: 186 229 63 58 28 233 114 100 236 165 170 
Bin 14: 34 96 191 202 51 38 79 
Bin 15: 192 155 2 76 212 245 
Bin 16: 127 91 113 214 207 112 26 
Bin 17: 77 31 47 211 72 110 109 
Bin 18: 197 238 180 249 190 154 33 
Bin 19: 140 135 9 221 171 67 
Bin 20: 196 81 20 3 145 164 104 
Bin 21: 65 248 7 25 60 53 
Bin 22: 94 133 240 10 208 42 
Bin 23: 138 117 122 102 55 123 95 
Bin 24: 85 247 84 244 234 232 
Bin 25: 131 159 209 204 217 226 243 
Bin 26: 193 203 120 11 227 
Bin 27: 54 90 15 218 237 61 149 105 
Bin 28: 151 17 162 21 199 184 
Bin 29: 141 182 230 177 78 130 220 
Bin 30: 158 224 246 87 174 188 
Bin 31: 22 178 194 168 219 242 43 1 
Bin 32: 222 50 143 179 86 59 239 
Bin 33: 198 97 98 175 48 213 210 
Bin 34: 215 173 126 111 185 181 
Bin 35: 152 183 41 200 189 
Bin 36: 5 40 225 187 206 99 205 
