# Objective: 156
# Time: 194.83
# Feasible: 1
# Solution:
Bin 0: 954 480 861 723 858 934 
Bin 1: 2 640 888 512 189 278 263 
Bin 2: 225 245 145 573 23 457 
Bin 3: 843 415 470 371 354 669 548 
Bin 4: 568 36 340 350 331 
Bin 5: 753 392 318 232 510 736 116 
Bin 6: 951 138 773 659 580 952 
Bin 7: 722 251 574 624 311 688 841 
Bin 8: 502 88 956 864 169 672 967 579 
Bin 9: 978 409 904 853 764 
Bin 10: 351 85 313 797 48 268 533 
Bin 11: 862 133 50 902 507 972 
Bin 12: 743 969 941 877 681 212 
Bin 13: 686 505 567 452 61 47 83 
Bin 14: 984 132 610 923 266 582 
Bin 15: 209 483 472 785 211 796 
Bin 16: 739 481 557 22 464 732 871 
Bin 17: 607 445 277 322 38 453 
Bin 18: 840 555 275 798 719 591 
Bin 19: 544 294 803 376 552 363 213 382 
Bin 20: 550 296 985 451 517 878 10 
Bin 21: 788 479 486 761 504 865 49 
Bin 22: 581 448 473 654 636 851 611 
Bin 23: 927 919 326 137 587 143 835 205 
Bin 24: 584 886 715 124 906 789 546 747 319 
Bin 25: 583 652 181 945 883 561 
Bin 26: 355 308 551 828 110 991 300 
Bin 27: 447 501 24 724 424 895 293 763 
Bin 28: 657 223 795 586 203 193 938 
Bin 29: 413 783 982 824 829 367 131 937 
Bin 30: 933 630 141 901 532 
Bin 31: 195 609 323 493 91 478 125 
Bin 32: 239 269 687 733 962 881 372 667 
Bin 33: 289 166 531 784 670 940 
Bin 34: 707 768 77 682 802 641 897 218 
Bin 35: 645 997 422 276 80 43 603 
Bin 36: 837 894 73 866 758 190 
Bin 37: 712 46 270 416 885 112 
Bin 38: 267 957 358 528 237 53 939 563 
Bin 39: 961 631 97 622 839 778 67 522 
Bin 40: 742 271 676 525 250 312 
Bin 41: 996 572 547 913 475 
Bin 42: 628 327 214 770 776 379 
Bin 43: 869 509 324 9 990 427 165 401 
Bin 44: 446 571 437 692 750 310 226 497 
Bin 45: 465 728 524 333 874 708 224 
Bin 46: 229 691 790 144 995 430 118 
Bin 47: 986 593 361 396 63 994 
Bin 48: 81 256 992 198 15 564 380 993 
Bin 49: 163 884 135 912 123 418 756 
Bin 50: 562 449 469 917 398 425 349 
Bin 51: 362 429 285 82 605 905 321 
Bin 52: 261 426 121 27 400 1 
Bin 53: 406 594 979 207 89 804 
Bin 54: 675 142 710 383 260 455 
Bin 55: 262 857 627 999 208 302 558 
Bin 56: 849 39 86 799 870 248 
Bin 57: 342 821 935 199 410 95 
Bin 58: 983 221 16 109 185 146 812 
Bin 59: 241 173 247 154 336 
Bin 60: 880 810 477 817 316 671 
Bin 61: 786 434 859 439 119 57 
Bin 62: 3 115 496 29 366 70 369 
Bin 63: 357 431 744 508 648 925 
Bin 64: 848 184 286 62 968 397 
Bin 65: 822 282 93 974 359 
Bin 66: 117 330 98 632 443 966 
Bin 67: 553 589 34 21 566 328 855 
Bin 68: 704 421 243 76 41 104 
Bin 69: 980 882 678 99 658 529 856 
Bin 70: 637 814 714 618 167 301 713 
Bin 71: 777 337 693 825 64 230 879 
Bin 72: 489 152 569 150 314 373 
Bin 73: 127 661 111 577 69 108 
Bin 74: 690 540 233 642 842 287 
Bin 75: 433 68 757 604 755 625 
Bin 76: 405 438 176 536 122 160 863 
Bin 77: 711 202 793 325 348 444 
Bin 78: 159 889 612 677 981 830 254 
Bin 79: 35 666 18 315 800 947 
Bin 80: 846 765 393 791 37 852 60 
Bin 81: 651 183 419 234 932 304 
Bin 82: 930 155 875 33 702 272 299 
Bin 83: 236 55 317 249 11 375 498 
Bin 84: 599 129 635 126 523 423 
Bin 85: 364 78 646 411 309 66 924 973 
Bin 86: 215 638 975 13 748 520 391 
Bin 87: 872 621 172 182 370 653 96 987 
Bin 88: 5 244 944 616 738 352 468 
Bin 89: 353 578 54 809 273 623 565 
Bin 90: 284 926 441 703 329 696 440 
Bin 91: 291 200 597 246 395 
Bin 92: 697 298 893 527 389 
Bin 93: 174 873 620 19 700 808 823 
Bin 94: 253 827 71 40 45 381 356 679 
Bin 95: 158 576 491 87 222 306 90 
Bin 96: 918 347 560 908 598 989 
Bin 97: 914 84 252 179 156 459 
Bin 98: 844 288 345 20 30 25 792 
Bin 99: 705 28 492 6 706 
Bin 100: 647 412 139 197 74 730 
Bin 101: 660 461 608 963 970 4 377 
Bin 102: 689 162 614 407 774 819 
Bin 103: 466 929 629 281 601 305 
Bin 104: 535 290 922 740 417 204 408 
Bin 105: 698 782 490 42 219 633 545 
Bin 106: 44 515 462 231 79 720 8 
Bin 107: 436 931 754 860 832 683 
Bin 108: 365 500 519 346 662 818 
Bin 109: 538 0 58 656 368 977 513 
Bin 110: 613 868 17 387 953 399 680 
Bin 111: 414 343 257 960 52 420 164 
Bin 112: 916 717 495 403 735 488 
Bin 113: 899 559 26 402 813 
Bin 114: 801 655 570 752 534 769 94 
Bin 115: 265 766 388 695 187 
Bin 116: 721 649 191 471 442 101 
Bin 117: 847 543 303 113 554 390 476 
Bin 118: 227 206 201 59 168 634 
Bin 119: 12 514 779 718 186 196 
Bin 120: 615 942 344 432 781 341 
Bin 121: 948 521 56 378 107 194 
Bin 122: 220 404 72 264 210 
Bin 123: 767 998 238 891 644 
Bin 124: 92 134 530 140 235 606 619 
Bin 125: 971 503 499 180 946 
Bin 126: 955 595 307 120 467 617 
Bin 127: 988 854 663 228 794 482 
Bin 128: 596 102 386 511 65 976 171 
Bin 129: 332 746 541 664 456 539 
Bin 130: 334 147 458 959 762 106 
Bin 131: 900 737 335 831 911 
Bin 132: 639 280 921 384 585 428 
Bin 133: 626 506 588 463 385 148 
Bin 134: 909 177 283 542 936 910 
Bin 135: 360 850 518 516 915 674 75 
Bin 136: 575 815 920 259 965 103 454 
Bin 137: 460 161 7 114 549 701 
Bin 138: 14 485 950 153 526 665 
Bin 139: 787 727 760 592 806 484 
Bin 140: 838 192 258 292 898 741 
Bin 141: 668 928 805 590 274 771 
Bin 142: 745 775 494 339 958 903 216 
Bin 143: 949 255 833 759 907 780 964 
Bin 144: 100 892 178 684 811 
Bin 145: 435 240 876 694 867 890 
Bin 146: 217 673 31 157 537 716 
Bin 147: 394 188 709 729 943 820 
Bin 148: 772 731 151 734 834 
Bin 149: 602 128 175 807 279 
Bin 150: 487 136 556 887 297 845 
Bin 151: 836 320 130 816 32 751 295 
Bin 152: 650 374 242 338 51 
Bin 153: 643 725 600 699 749 
Bin 154: 726 896 685 474 
Bin 155: 105 450 149 170 826 
