# Objective: 76
# Time: 22.9611
# Feasible: 1
# Solution:
Bin 0: 214 43 207 123 105 274 
Bin 1: 481 354 325 315 199 266 56 
Bin 2: 344 205 435 490 64 82 
Bin 3: 365 242 66 373 127 
Bin 4: 403 453 275 331 475 249 
Bin 5: 121 187 49 91 230 
Bin 6: 363 247 224 489 255 146 370 280 
Bin 7: 143 301 24 424 381 18 
Bin 8: 268 477 292 468 265 295 155 174 
Bin 9: 154 254 394 371 0 50 444 384 60 
Bin 10: 287 492 367 68 39 148 496 459 
Bin 11: 314 69 211 240 251 76 30 92 
Bin 12: 431 484 260 368 132 283 245 
Bin 13: 115 498 305 192 470 126 11 21 
Bin 14: 232 19 302 402 450 250 
Bin 15: 26 297 421 191 321 161 6 
Bin 16: 398 217 100 228 165 
Bin 17: 177 168 32 467 215 
Bin 18: 184 419 258 97 448 36 
Bin 19: 201 101 385 446 478 
Bin 20: 397 380 23 248 284 404 269 
Bin 21: 425 316 343 238 198 387 
Bin 22: 356 135 40 216 350 264 51 
Bin 23: 442 454 93 290 209 
Bin 24: 271 286 223 339 313 299 
Bin 25: 461 3 485 352 243 166 452 
Bin 26: 48 353 341 451 291 488 348 
Bin 27: 87 65 145 90 27 
Bin 28: 194 163 45 190 311 426 
Bin 29: 357 345 67 70 226 227 407 150 
Bin 30: 256 164 285 487 273 405 259 108 377 
Bin 31: 429 479 28 107 267 234 476 
Bin 32: 495 88 334 497 364 38 
Bin 33: 412 114 44 172 9 25 111 
Bin 34: 415 359 17 440 34 203 213 220 
Bin 35: 144 244 376 47 433 16 61 
Bin 36: 162 390 142 366 282 169 
Bin 37: 449 263 118 277 124 
Bin 38: 204 186 63 465 149 33 152 
Bin 39: 173 10 116 416 15 120 78 
Bin 40: 428 14 5 441 134 189 
Bin 41: 158 395 153 414 110 
Bin 42: 131 328 410 499 474 137 181 160 
Bin 43: 335 329 422 237 358 309 
Bin 44: 175 176 281 202 212 427 270 386 
Bin 45: 77 62 272 52 399 471 388 75 
Bin 46: 22 319 480 389 327 
Bin 47: 195 1 96 391 73 
Bin 48: 458 379 179 80 109 332 
Bin 49: 55 383 355 13 196 
Bin 50: 94 167 417 74 185 83 
Bin 51: 79 239 42 396 95 54 
Bin 52: 53 472 340 106 183 466 392 
Bin 53: 304 151 218 171 296 89 
Bin 54: 409 473 246 182 46 293 
Bin 55: 222 128 360 197 233 208 494 102 
Bin 56: 483 430 59 324 41 306 219 463 
Bin 57: 253 136 342 130 2 57 279 434 
Bin 58: 236 117 456 333 349 12 361 180 
Bin 59: 375 413 81 125 252 235 303 326 
Bin 60: 469 231 99 369 276 351 
Bin 61: 98 140 457 300 401 322 
Bin 62: 85 288 406 178 31 308 
Bin 63: 206 257 7 382 58 29 
Bin 64: 139 147 4 330 437 37 
Bin 65: 408 323 72 338 241 439 318 
Bin 66: 200 262 122 307 400 312 278 229 
Bin 67: 112 423 482 119 411 
Bin 68: 188 289 71 493 8 372 84 
Bin 69: 221 462 133 298 447 336 346 
Bin 70: 347 141 378 438 436 337 432 320 
Bin 71: 86 464 294 261 103 317 104 
Bin 72: 420 455 157 170 20 113 486 
Bin 73: 310 225 443 35 418 393 
Bin 74: 445 362 193 460 374 
Bin 75: 129 138 491 156 159 210 
