# Objective: 98
# Time: 90.4425
# Feasible: 1
# Solution:
Bin 0: 299 52 16 381 
Bin 1: 156 164 73 426 114 
Bin 2: 485 261 217 273 
Bin 3: 151 371 302 335 54 
Bin 4: 327 411 95 308 158 412 
Bin 5: 62 351 246 494 166 
Bin 6: 310 319 237 340 219 
Bin 7: 363 209 132 419 186 314 
Bin 8: 83 21 253 182 
Bin 9: 195 415 250 177 109 
Bin 10: 64 98 82 101 222 291 
Bin 11: 458 432 396 198 332 
Bin 12: 87 484 295 163 39 168 
Bin 13: 239 103 420 272 204 176 
Bin 14: 297 428 42 480 436 
Bin 15: 251 336 88 398 321 
Bin 16: 392 456 213 
Bin 17: 358 191 26 183 294 
Bin 18: 99 135 275 369 
Bin 19: 179 1 2 125 48 
Bin 20: 51 85 469 352 387 274 
Bin 21: 128 315 497 487 262 
Bin 22: 318 153 260 28 207 
Bin 23: 301 194 399 362 479 331 382 
Bin 24: 431 471 493 81 33 
Bin 25: 323 173 245 201 5 452 
Bin 26: 190 185 488 364 393 
Bin 27: 433 303 490 188 165 407 
Bin 28: 422 115 408 403 
Bin 29: 316 22 203 220 309 
Bin 30: 416 266 218 312 93 
Bin 31: 350 106 212 390 461 409 
Bin 32: 29 206 462 27 444 
Bin 33: 478 122 367 348 
Bin 34: 325 287 257 282 202 
Bin 35: 152 143 148 40 141 144 
Bin 36: 65 395 447 102 70 344 
Bin 37: 265 254 47 78 6 159 313 
Bin 38: 353 417 264 472 
Bin 39: 57 427 205 4 355 
Bin 40: 155 154 146 482 234 215 
Bin 41: 453 230 38 49 3 97 
Bin 42: 76 467 46 492 167 
Bin 43: 450 221 235 268 470 31 150 
Bin 44: 373 429 216 256 92 
Bin 45: 17 172 311 133 147 
Bin 46: 481 121 238 139 118 107 
Bin 47: 249 174 223 
Bin 48: 292 208 214 465 405 474 
Bin 49: 440 116 72 366 
Bin 50: 451 443 37 267 44 
Bin 51: 145 365 248 284 35 
Bin 52: 337 339 13 300 454 7 
Bin 53: 104 324 338 326 379 
Bin 54: 127 126 418 269 243 225 
Bin 55: 129 55 414 105 495 357 
Bin 56: 120 23 448 79 349 375 
Bin 57: 374 455 149 356 437 
Bin 58: 384 402 138 333 290 
Bin 59: 459 211 473 430 41 343 
Bin 60: 30 406 346 296 169 45 
Bin 61: 119 252 241 376 464 
Bin 62: 263 69 463 197 439 
Bin 63: 111 233 341 142 227 140 
Bin 64: 56 377 410 25 278 
Bin 65: 162 74 434 424 0 
Bin 66: 400 90 445 11 94 
Bin 67: 370 75 184 285 342 
Bin 68: 232 60 270 236 
Bin 69: 477 404 259 53 394 
Bin 70: 224 389 91 298 18 231 
Bin 71: 330 499 279 96 368 36 
Bin 72: 210 192 475 293 
Bin 73: 281 19 320 286 
Bin 74: 157 112 196 449 322 
Bin 75: 63 180 460 397 
Bin 76: 271 486 9 50 43 280 
Bin 77: 304 58 66 425 307 
Bin 78: 258 67 380 10 20 
Bin 79: 193 334 226 386 385 
Bin 80: 466 489 86 305 160 372 
Bin 81: 229 89 34 161 113 378 
Bin 82: 61 476 498 391 100 255 
Bin 83: 289 199 244 80 345 
Bin 84: 401 71 446 457 228 
Bin 85: 108 360 12 288 
Bin 86: 124 329 468 306 438 
Bin 87: 328 15 354 
Bin 88: 383 117 130 421 77 277 
Bin 89: 423 435 137 59 131 68 
Bin 90: 242 8 442 84 283 441 
Bin 91: 189 170 24 200 
Bin 92: 32 171 496 388 240 181 
Bin 93: 359 491 247 317 
Bin 94: 483 110 123 
Bin 95: 136 347 361 276 134 
Bin 96: 187 175 413 
Bin 97: 178 14 
