# Objective: 74
# Time: 35.944
# Feasible: 1
# Solution:
Bin 0: 263 161 305 77 78 83 471 224 
Bin 1: 100 289 216 376 255 59 269 
Bin 2: 380 405 413 295 184 124 79 
Bin 3: 271 287 134 293 176 403 377 
Bin 4: 65 389 406 286 325 173 
Bin 5: 274 291 483 181 466 137 
Bin 6: 381 64 309 183 258 88 355 
Bin 7: 38 231 313 90 361 125 
Bin 8: 113 292 333 349 182 223 346 
Bin 9: 421 398 469 401 244 185 392 454 
Bin 10: 32 288 352 105 204 250 194 
Bin 11: 17 69 135 387 8 429 322 214 
Bin 12: 315 467 254 190 108 235 
Bin 13: 473 395 338 35 486 345 230 
Bin 14: 284 198 48 340 359 116 463 348 492 196 
Bin 15: 249 372 49 127 140 
Bin 16: 119 494 402 86 498 479 157 36 
Bin 17: 104 81 130 331 219 150 266 
Bin 18: 171 234 410 374 416 106 268 
Bin 19: 450 39 253 393 437 240 191 
Bin 20: 302 89 475 278 29 470 298 267 
Bin 21: 474 335 436 461 396 360 320 
Bin 22: 201 277 465 306 427 179 397 
Bin 23: 316 232 206 221 98 445 462 
Bin 24: 103 242 226 142 358 156 
Bin 25: 323 10 16 481 314 153 136 
Bin 26: 499 60 3 419 357 
Bin 27: 129 149 272 472 446 114 
Bin 28: 290 200 431 50 209 464 166 
Bin 29: 365 151 144 237 388 110 
Bin 30: 247 117 477 93 7 457 147 482 
Bin 31: 57 383 53 453 394 300 336 233 484 
Bin 32: 203 439 317 385 480 373 369 155 
Bin 33: 332 350 160 197 273 347 297 
Bin 34: 319 25 162 264 391 20 493 
Bin 35: 68 456 422 41 296 47 
Bin 36: 303 496 70 370 328 101 210 111 
Bin 37: 275 87 97 478 121 236 
Bin 38: 30 262 495 248 414 0 
Bin 39: 312 165 212 202 76 433 12 131 158 
Bin 40: 180 143 24 207 252 261 
Bin 41: 26 139 285 409 476 417 
Bin 42: 324 443 489 37 193 
Bin 43: 294 95 239 424 61 326 238 246 432 
Bin 44: 138 497 152 211 168 412 
Bin 45: 283 327 186 56 386 449 21 
Bin 46: 192 80 5 112 420 9 208 
Bin 47: 74 260 411 311 270 
Bin 48: 22 62 407 279 379 440 
Bin 49: 301 265 148 308 448 423 329 
Bin 50: 227 382 366 4 399 45 299 
Bin 51: 337 390 163 430 141 75 438 
Bin 52: 452 442 334 154 178 418 205 
Bin 53: 245 145 67 425 71 426 447 
Bin 54: 344 27 321 363 341 225 82 
Bin 55: 146 51 434 241 220 307 
Bin 56: 167 282 444 364 123 428 118 
Bin 57: 63 91 451 488 132 375 
Bin 58: 2 276 384 1 435 84 
Bin 59: 458 11 115 490 175 46 58 172 
Bin 60: 367 217 229 126 169 354 408 66 
Bin 61: 13 256 222 485 415 187 
Bin 62: 215 28 356 174 15 33 
Bin 63: 99 128 54 491 102 318 159 
Bin 64: 368 243 251 94 23 31 
Bin 65: 43 18 459 487 109 281 
Bin 66: 40 189 362 343 259 468 351 
Bin 67: 55 96 199 72 85 339 
Bin 68: 195 42 378 371 170 218 
Bin 69: 52 455 133 213 257 460 107 
Bin 70: 34 228 188 19 342 353 
Bin 71: 92 14 280 164 44 6 
Bin 72: 441 310 122 400 73 
Bin 73: 177 404 330 120 304 
