# Objective: 75
# Time: 35.1395
# Feasible: 1
# Solution:
Bin 0: 275 103 179 308 281 18 398 225 342 
Bin 1: 248 480 203 340 150 236 107 
Bin 2: 220 32 314 54 447 330 395 
Bin 3: 293 69 116 431 227 233 
Bin 4: 120 457 456 404 228 405 
Bin 5: 222 109 282 161 369 266 311 15 
Bin 6: 224 432 129 184 141 98 318 
Bin 7: 349 438 348 376 159 391 146 
Bin 8: 268 291 481 307 265 317 496 
Bin 9: 445 229 162 252 479 410 273 
Bin 10: 171 388 353 302 237 80 58 
Bin 11: 487 356 119 110 68 28 84 
Bin 12: 393 434 285 125 258 321 6 406 
Bin 13: 93 372 5 192 324 245 
Bin 14: 43 297 79 108 23 256 
Bin 15: 206 208 112 437 289 57 
Bin 16: 243 433 476 430 379 264 247 
Bin 17: 158 149 427 181 421 88 
Bin 18: 174 201 148 328 452 347 
Bin 19: 436 357 183 47 166 127 62 
Bin 20: 219 382 170 448 365 90 14 
Bin 21: 362 212 417 288 261 36 424 
Bin 22: 403 468 263 497 392 451 267 
Bin 23: 168 185 329 37 322 49 
Bin 24: 246 364 182 375 416 157 
Bin 25: 296 74 2 78 198 399 
Bin 26: 59 142 131 30 389 449 215 
Bin 27: 323 39 89 442 50 341 384 394 13 
Bin 28: 351 459 333 402 123 193 
Bin 29: 113 178 48 197 439 210 262 363 
Bin 30: 371 105 387 320 339 472 97 
Bin 31: 361 455 428 241 132 377 390 95 492 
Bin 32: 207 367 139 312 239 418 
Bin 33: 443 257 466 242 82 
Bin 34: 467 276 423 292 441 426 488 25 
Bin 35: 331 326 495 214 250 232 
Bin 36: 386 111 271 299 304 75 121 
Bin 37: 400 370 420 278 334 277 255 55 
Bin 38: 489 76 378 52 154 204 344 435 
Bin 39: 295 130 172 352 106 164 3 
Bin 40: 45 91 65 478 463 397 124 
Bin 41: 180 1 209 230 486 11 338 
Bin 42: 191 194 147 143 126 152 409 
Bin 43: 71 429 419 319 337 35 151 
Bin 44: 165 86 235 408 104 4 484 
Bin 45: 280 213 327 92 368 102 
Bin 46: 53 240 374 221 135 27 
Bin 47: 137 244 483 33 284 134 
Bin 48: 254 177 294 155 61 440 
Bin 49: 464 67 145 316 87 335 446 156 
Bin 50: 310 19 469 415 72 7 29 17 
Bin 51: 279 309 100 494 51 211 202 
Bin 52: 160 313 167 217 77 290 485 70 
Bin 53: 354 411 34 40 66 26 
Bin 54: 283 414 10 422 115 462 42 
Bin 55: 196 190 41 8 216 444 
Bin 56: 114 46 315 493 251 269 373 
Bin 57: 163 136 385 223 175 226 63 
Bin 58: 199 287 189 56 360 238 
Bin 59: 332 153 450 31 412 195 
Bin 60: 475 482 301 474 9 16 
Bin 61: 401 12 0 85 350 498 
Bin 62: 22 188 128 81 96 358 
Bin 63: 325 176 144 101 260 380 458 
Bin 64: 24 99 83 73 187 
Bin 65: 218 336 473 366 138 259 
Bin 66: 94 413 20 173 471 140 
Bin 67: 231 453 465 355 286 381 60 
Bin 68: 454 44 490 345 274 133 
Bin 69: 407 38 460 305 272 
Bin 70: 396 270 300 298 383 
Bin 71: 343 491 477 21 306 64 
Bin 72: 122 346 253 461 425 
Bin 73: 234 249 303 470 200 186 
Bin 74: 499 205 117 169 359 118 
