# Objective: 19
# Time: 2.71157
# Feasible: 1
# Solution:
Bin 0: 89 19 5 20 108 106 
Bin 1: 68 26 78 51 7 42 4 
Bin 2: 114 38 72 87 25 97 36 
Bin 3: 48 49 69 40 111 17 
Bin 4: 90 0 63 56 18 73 
Bin 5: 57 46 102 81 101 100 85 98 
Bin 6: 60 88 86 45 15 50 14 
Bin 7: 95 30 61 47 3 116 
Bin 8: 29 58 93 71 79 77 83 41 
Bin 9: 52 11 94 67 96 43 
Bin 10: 55 103 82 1 59 21 53 
Bin 11: 113 66 75 8 115 76 
Bin 12: 13 23 27 99 84 65 
Bin 13: 39 105 70 37 35 
Bin 14: 104 64 12 24 107 32 
Bin 15: 110 9 31 34 16 112 109 
Bin 16: 6 74 62 28 33 
Bin 17: 10 117 119 22 118 80 92 
Bin 18: 2 54 44 91 
