# Objective: 20
# Time: 4.59005
# Feasible: 1
# Solution:
Bin 0: 24 107 88 92 10 
Bin 1: 37 22 112 60 27 31 
Bin 2: 8 91 73 36 44 61 
Bin 3: 46 50 5 74 94 45 21 
Bin 4: 30 114 38 63 64 117 
Bin 5: 16 72 53 85 25 9 
Bin 6: 58 28 29 34 43 26 54 
Bin 7: 11 33 81 57 89 
Bin 8: 12 71 77 93 116 100 101 
Bin 9: 95 20 109 47 41 106 
Bin 10: 87 110 68 102 99 7 
Bin 11: 103 97 69 70 83 104 79 
Bin 12: 118 82 96 6 119 40 
Bin 13: 98 48 55 4 108 
Bin 14: 59 56 49 1 105 
Bin 15: 14 32 15 75 62 51 65 
Bin 16: 80 35 115 0 13 76 
Bin 17: 3 86 23 17 66 
Bin 18: 52 42 19 84 67 90 
Bin 19: 2 111 78 18 113 39 
