# Objective: 37
# Time: 4.47115
# Feasible: 1
# Solution:
Bin 0: 94 79 46 239 48 59 6 162 
Bin 1: 114 240 109 87 129 242 
Bin 2: 191 13 31 176 104 187 195 
Bin 3: 20 141 58 236 64 197 
Bin 4: 207 171 34 180 16 139 12 140 
Bin 5: 210 72 78 225 107 85 154 
Bin 6: 62 1 83 215 178 111 131 
Bin 7: 223 55 149 22 0 116 130 
Bin 8: 37 204 134 164 190 228 182 
Bin 9: 226 21 132 18 53 108 
Bin 10: 65 51 217 218 153 86 73 
Bin 11: 81 143 100 28 124 121 40 214 
Bin 12: 198 213 4 179 244 70 
Bin 13: 61 145 71 8 11 227 249 158 
Bin 14: 99 5 199 219 128 234 24 
Bin 15: 26 88 142 2 229 148 166 
Bin 16: 93 54 39 247 82 97 25 
Bin 17: 245 45 136 57 188 170 133 
Bin 18: 47 117 203 208 90 68 
Bin 19: 125 91 49 75 167 
Bin 20: 67 10 101 96 43 165 241 
Bin 21: 123 200 42 118 119 230 212 137 
Bin 22: 189 232 233 174 151 9 74 
Bin 23: 192 205 44 202 173 80 243 
Bin 24: 231 138 106 155 157 183 221 
Bin 25: 19 50 38 110 209 115 
Bin 26: 211 177 150 35 135 102 175 89 
Bin 27: 60 156 23 147 238 172 
Bin 28: 33 163 246 14 52 76 
Bin 29: 220 144 248 160 122 196 69 112 168 
Bin 30: 36 206 98 120 235 56 32 
Bin 31: 216 29 159 126 27 
Bin 32: 3 92 146 103 201 
Bin 33: 181 186 30 224 7 17 113 
Bin 34: 152 77 105 193 41 222 15 
Bin 35: 161 185 84 184 237 
Bin 36: 169 194 63 95 127 66 
