# Objective: 153
# Time: 383.699
# Feasible: 1
# Solution:
Bin 0: 20 40 272 857 989 484 
Bin 1: 707 862 612 891 699 894 379 744 173 
Bin 2: 882 439 766 619 238 539 
Bin 3: 225 14 376 864 662 523 
Bin 4: 892 937 677 749 156 249 
Bin 5: 629 922 593 232 730 978 
Bin 6: 761 602 565 402 240 528 494 
Bin 7: 878 322 885 589 427 105 811 755 
Bin 8: 68 994 965 316 248 457 985 433 
Bin 9: 108 423 935 823 252 211 
Bin 10: 190 855 764 9 918 11 146 
Bin 11: 83 849 510 526 973 
Bin 12: 324 448 377 384 572 112 667 
Bin 13: 197 615 137 521 125 60 
Bin 14: 102 391 495 260 296 135 444 246 
Bin 15: 98 654 871 753 756 72 23 
Bin 16: 803 466 54 399 424 327 
Bin 17: 96 298 746 706 313 716 975 920 
Bin 18: 826 801 357 161 628 546 960 
Bin 19: 303 971 983 234 278 302 440 648 
Bin 20: 534 110 261 652 295 165 
Bin 21: 708 116 227 372 3 289 483 416 
Bin 22: 366 622 774 25 623 482 
Bin 23: 912 557 155 842 816 401 
Bin 24: 928 583 437 639 276 361 
Bin 25: 535 333 778 606 128 
Bin 26: 461 627 33 759 936 692 
Bin 27: 530 151 543 995 285 6 127 305 
Bin 28: 533 781 306 478 851 498 734 
Bin 29: 660 58 48 722 783 31 598 810 
Bin 30: 873 24 540 607 631 258 789 
Bin 31: 903 559 387 186 67 951 581 
Bin 32: 796 668 952 841 104 
Bin 33: 945 418 19 8 475 797 27 148 
Bin 34: 845 597 820 727 644 115 
Bin 35: 121 34 138 216 193 604 
Bin 36: 339 680 309 577 251 123 
Bin 37: 545 64 113 61 837 825 
Bin 38: 263 884 44 36 111 682 341 
Bin 39: 548 364 942 508 877 436 
Bin 40: 698 277 899 617 865 809 492 
Bin 41: 43 981 502 185 250 736 
Bin 42: 665 359 714 634 199 723 
Bin 43: 332 415 790 562 532 152 876 
Bin 44: 340 49 255 267 422 170 703 
Bin 45: 398 784 465 315 950 392 
Bin 46: 337 998 941 769 163 915 235 509 
Bin 47: 710 5 468 149 380 229 738 410 
Bin 48: 42 122 670 218 198 447 395 
Bin 49: 129 538 26 279 663 
Bin 50: 923 590 409 659 262 585 582 
Bin 51: 812 474 107 254 428 30 507 
Bin 52: 650 329 472 114 141 501 
Bin 53: 880 762 931 243 800 771 
Bin 54: 237 745 362 963 518 47 406 
Bin 55: 87 970 712 126 403 807 
Bin 56: 846 325 695 779 241 525 282 717 
Bin 57: 516 574 336 300 980 828 620 
Bin 58: 378 476 678 705 608 900 637 
Bin 59: 103 777 515 16 977 737 187 
Bin 60: 591 832 972 63 850 883 763 
Bin 61: 479 802 866 397 618 369 
Bin 62: 586 434 948 875 370 596 389 
Bin 63: 976 990 144 853 886 411 
Bin 64: 299 188 888 731 614 342 
Bin 65: 17 647 674 145 15 334 869 904 
Bin 66: 171 368 52 954 793 673 
Bin 67: 649 381 219 184 964 269 352 485 
Bin 68: 318 467 194 236 587 71 53 
Bin 69: 588 684 191 65 656 344 449 573 460 
Bin 70: 375 383 441 594 967 924 
Bin 71: 443 10 233 73 933 124 469 655 
Bin 72: 130 621 39 787 529 160 
Bin 73: 13 925 633 404 958 196 
Bin 74: 301 906 200 681 57 174 
Bin 75: 203 297 814 432 350 393 353 544 
Bin 76: 720 835 231 463 497 852 
Bin 77: 984 438 355 417 610 268 555 
Bin 78: 953 808 640 630 860 599 558 
Bin 79: 879 489 772 872 55 275 
Bin 80: 195 133 221 956 118 119 106 
Bin 81: 226 686 760 959 740 139 
Bin 82: 153 22 80 997 244 626 
Bin 83: 517 657 338 167 32 962 569 
Bin 84: 690 283 374 993 175 786 988 
Bin 85: 335 446 18 757 624 813 
Bin 86: 59 600 897 82 69 795 
Bin 87: 147 863 142 704 50 99 131 
Bin 88: 553 926 90 843 824 319 
Bin 89: 294 632 556 611 75 893 
Bin 90: 477 38 974 605 242 78 
Bin 91: 642 748 304 143 12 84 385 
Bin 92: 742 317 791 794 314 328 
Bin 93: 100 895 29 215 691 176 
Bin 94: 164 77 429 214 293 643 917 
Bin 95: 280 101 76 751 291 725 
Bin 96: 287 257 898 224 85 471 718 
Bin 97: 549 831 819 162 62 732 
Bin 98: 982 536 504 473 407 347 
Bin 99: 458 939 874 683 566 2 245 
Bin 100: 412 991 856 308 150 567 830 
Bin 101: 351 854 192 35 728 213 
Bin 102: 331 281 646 992 222 780 
Bin 103: 343 490 220 426 486 635 
Bin 104: 968 613 206 346 747 205 579 
Bin 105: 733 934 520 560 89 408 109 
Bin 106: 798 616 511 431 136 311 768 
Bin 107: 563 358 957 638 181 
Bin 108: 645 943 805 782 513 264 
Bin 109: 603 867 519 386 927 273 228 
Bin 110: 388 81 547 488 425 929 157 
Bin 111: 896 210 445 724 847 932 
Bin 112: 503 41 838 914 360 754 4 323 
Bin 113: 921 765 97 940 666 658 641 
Bin 114: 550 721 356 7 595 367 664 
Bin 115: 514 91 132 405 955 288 207 169 
Bin 116: 480 661 265 354 713 672 
Bin 117: 66 564 348 688 969 946 840 326 
Bin 118: 500 818 844 726 274 
Bin 119: 767 310 373 592 527 693 524 
Bin 120: 551 836 785 349 905 537 421 
Bin 121: 949 230 578 453 848 552 
Bin 122: 858 330 679 92 834 464 806 
Bin 123: 182 571 671 839 729 46 859 
Bin 124: 870 792 902 253 51 178 
Bin 125: 653 911 284 259 204 
Bin 126: 120 907 400 487 95 470 
Bin 127: 694 86 709 247 821 685 
Bin 128: 750 829 37 909 715 
Bin 129: 669 775 413 908 451 701 180 
Bin 130: 584 307 961 887 286 459 79 
Bin 131: 455 56 256 382 938 271 
Bin 132: 999 396 916 208 420 743 499 
Bin 133: 979 496 817 506 189 868 
Bin 134: 45 675 651 580 209 788 
Bin 135: 452 609 365 312 676 
Bin 136: 996 554 913 435 456 575 88 93 
Bin 137: 861 944 987 947 889 719 636 
Bin 138: 711 542 1 881 687 815 
Bin 139: 223 696 822 292 177 166 
Bin 140: 172 28 827 930 689 117 
Bin 141: 561 70 462 140 159 776 
Bin 142: 183 568 570 531 901 201 
Bin 143: 910 21 134 758 625 773 
Bin 144: 394 601 168 454 986 702 
Bin 145: 266 966 414 576 154 
Bin 146: 345 202 430 270 700 290 
Bin 147: 491 74 94 512 320 179 
Bin 148: 522 505 158 741 890 
Bin 149: 481 450 735 419 217 
Bin 150: 363 390 239 442 804 321 493 833 
Bin 151: 739 541 770 212 
Bin 152: 799 697 0 371 919 752 
