# Objective: 158
# Time: 570.73
# Feasible: 1
# Solution:
Bin 0: 389 470 397 383 858 529 102 
Bin 1: 410 637 472 35 937 837 
Bin 2: 367 88 143 251 499 782 
Bin 3: 572 525 545 296 308 
Bin 4: 426 511 375 345 626 12 
Bin 5: 826 457 485 912 374 588 
Bin 6: 373 666 161 609 76 118 
Bin 7: 279 332 471 335 881 307 742 
Bin 8: 286 670 805 676 953 435 880 
Bin 9: 679 298 476 904 854 688 664 
Bin 10: 611 213 983 289 739 616 
Bin 11: 187 54 586 99 737 275 
Bin 12: 26 459 651 75 658 460 38 
Bin 13: 168 773 436 236 483 283 371 
Bin 14: 309 995 972 738 123 500 32 83 
Bin 15: 583 294 793 991 59 
Bin 16: 648 977 890 563 79 641 
Bin 17: 922 272 96 749 966 996 
Bin 18: 450 921 643 267 37 250 
Bin 19: 407 47 7 462 119 21 
Bin 20: 496 955 750 860 682 224 67 
Bin 21: 183 356 757 863 491 834 829 40 
Bin 22: 537 148 605 625 723 157 
Bin 23: 175 136 878 894 388 853 
Bin 24: 720 20 238 43 669 713 66 
Bin 25: 746 788 497 62 663 600 
Bin 26: 449 536 186 728 534 154 
Bin 27: 508 962 409 784 95 717 
Bin 28: 326 562 266 396 820 950 
Bin 29: 803 672 377 557 70 146 
Bin 30: 17 783 92 869 535 339 913 
Bin 31: 393 351 105 794 3 608 
Bin 32: 923 333 85 461 494 617 982 
Bin 33: 212 938 269 200 164 971 745 
Bin 34: 419 514 427 194 707 751 
Bin 35: 80 366 712 732 218 244 639 832 
Bin 36: 806 402 199 13 153 522 
Bin 37: 568 873 18 94 97 968 
Bin 38: 386 474 507 34 779 455 
Bin 39: 33 629 291 401 724 442 811 
Bin 40: 438 421 540 725 109 657 
Bin 41: 111 141 882 342 358 592 
Bin 42: 452 831 821 727 101 
Bin 43: 877 423 734 49 174 467 135 
Bin 44: 915 692 518 327 484 687 
Bin 45: 297 763 634 594 314 257 
Bin 46: 490 255 799 202 928 324 
Bin 47: 110 698 656 596 156 86 77 
Bin 48: 285 694 538 602 134 61 
Bin 49: 331 593 755 960 41 28 
Bin 50: 158 428 961 927 668 778 138 
Bin 51: 843 48 208 768 116 319 573 
Bin 52: 300 354 645 482 804 
Bin 53: 833 228 340 341 515 954 344 
Bin 54: 348 287 585 970 653 951 55 
Bin 55: 106 108 431 479 196 590 
Bin 56: 841 941 347 411 719 226 
Bin 57: 584 394 546 150 591 789 
Bin 58: 893 432 957 959 918 558 
Bin 59: 325 885 868 22 677 958 
Bin 60: 39 322 919 120 646 731 
Bin 61: 488 521 709 271 691 526 
Bin 62: 282 182 575 978 883 241 
Bin 63: 689 859 976 380 775 965 311 
Bin 64: 465 69 305 260 642 520 835 
Bin 65: 920 1 512 71 875 714 129 
Bin 66: 747 706 729 952 864 248 
Bin 67: 740 8 403 53 122 31 
Bin 68: 140 265 385 825 91 577 
Bin 69: 126 552 876 179 678 112 945 
Bin 70: 295 444 353 278 284 702 58 422 
Bin 71: 487 814 990 929 874 839 440 
Bin 72: 770 162 252 595 100 247 748 
Bin 73: 772 699 288 505 192 207 
Bin 74: 190 206 947 170 137 330 364 
Bin 75: 0 604 667 675 198 790 193 
Bin 76: 847 704 481 810 684 910 
Bin 77: 615 807 599 614 270 117 809 
Bin 78: 369 846 840 329 87 130 166 
Bin 79: 63 395 633 889 766 908 
Bin 80: 760 631 808 973 167 517 
Bin 81: 756 598 469 964 81 346 532 243 
Bin 82: 680 765 220 189 355 578 
Bin 83: 547 299 896 925 328 253 
Bin 84: 400 898 155 320 149 516 
Bin 85: 217 57 685 178 940 398 
Bin 86: 184 197 900 570 933 5 
Bin 87: 998 268 221 948 697 433 350 
Bin 88: 994 446 791 992 988 290 
Bin 89: 15 163 276 453 171 30 103 
Bin 90: 838 227 510 46 486 211 761 
Bin 91: 24 924 852 567 363 478 
Bin 92: 974 662 223 931 776 74 214 
Bin 93: 370 173 502 999 454 939 
Bin 94: 201 304 857 231 571 661 
Bin 95: 949 239 445 258 132 399 
Bin 96: 815 124 622 254 509 559 390 
Bin 97: 235 654 601 160 416 701 
Bin 98: 836 827 439 237 715 866 
Bin 99: 774 895 312 647 901 792 
Bin 100: 229 703 708 506 185 362 956 
Bin 101: 795 627 969 504 769 209 640 
Bin 102: 303 597 934 27 406 127 613 
Bin 103: 867 624 264 902 263 204 
Bin 104: 566 466 696 443 730 528 418 
Bin 105: 582 997 191 569 274 177 
Bin 106: 533 315 735 25 147 705 673 
Bin 107: 378 273 936 764 787 674 152 215 
Bin 108: 650 606 513 543 695 313 
Bin 109: 133 360 447 90 104 979 
Bin 110: 587 463 886 710 4 660 
Bin 111: 722 980 144 781 879 930 
Bin 112: 579 946 942 818 242 884 917 
Bin 113: 456 551 262 437 967 817 
Bin 114: 550 176 115 261 891 361 
Bin 115: 501 448 830 816 632 636 36 
Bin 116: 619 758 492 451 23 181 861 741 
Bin 117: 589 68 125 338 813 753 907 
Bin 118: 280 565 52 316 365 415 245 
Bin 119: 172 188 554 98 336 
Bin 120: 379 6 721 797 233 556 
Bin 121: 417 19 786 527 16 89 
Bin 122: 576 659 225 985 42 542 856 
Bin 123: 693 655 762 334 549 635 232 
Bin 124: 718 293 56 392 65 429 
Bin 125: 607 292 72 142 530 412 
Bin 126: 11 943 78 851 519 51 
Bin 127: 759 84 277 381 434 523 205 
Bin 128: 780 475 352 203 259 489 113 
Bin 129: 711 671 628 855 871 621 
Bin 130: 618 909 382 581 892 630 
Bin 131: 349 848 842 771 45 318 798 
Bin 132: 733 736 802 376 180 796 
Bin 133: 73 743 932 425 644 473 477 
Bin 134: 903 420 321 887 29 151 
Bin 135: 744 963 544 165 888 301 
Bin 136: 560 989 993 60 752 337 2 
Bin 137: 121 387 548 862 844 531 580 
Bin 138: 139 10 690 623 430 
Bin 139: 553 700 114 281 44 935 716 
Bin 140: 310 872 845 498 541 9 368 
Bin 141: 944 524 372 975 777 468 
Bin 142: 306 240 564 64 424 926 
Bin 143: 169 812 865 216 131 408 391 
Bin 144: 384 493 405 82 414 555 
Bin 145: 822 984 828 93 230 
Bin 146: 357 612 404 219 986 
Bin 147: 574 441 911 343 823 603 
Bin 148: 256 464 987 652 785 824 
Bin 149: 107 767 981 458 905 302 
Bin 150: 800 649 686 914 323 681 
Bin 151: 539 610 495 870 638 480 
Bin 152: 906 246 234 726 850 
Bin 153: 897 222 413 620 359 665 
Bin 154: 195 14 503 145 561 
Bin 155: 801 819 210 916 683 
Bin 156: 159 899 849 754 
Bin 157: 128 249 317 50 
