# Objective: 156
# Time: 281.093
# Feasible: 1
# Solution:
Bin 0: 738 900 667 259 758 295 
Bin 1: 984 709 392 395 285 329 983 
Bin 2: 688 944 229 741 935 532 279 
Bin 3: 251 146 454 379 49 19 423 
Bin 4: 25 384 158 101 719 924 55 29 
Bin 5: 100 86 619 354 953 497 
Bin 6: 291 742 794 782 164 736 572 299 
Bin 7: 791 889 996 517 337 888 
Bin 8: 78 894 306 702 455 
Bin 9: 542 24 876 527 855 53 304 
Bin 10: 623 964 51 798 36 154 
Bin 11: 762 675 574 503 733 5 
Bin 12: 631 63 557 547 123 256 633 
Bin 13: 836 559 422 174 488 749 378 638 
Bin 14: 767 618 518 570 307 615 
Bin 15: 204 500 177 393 913 569 630 
Bin 16: 323 386 808 759 504 651 176 
Bin 17: 869 134 327 737 789 248 
Bin 18: 545 451 918 318 803 746 
Bin 19: 643 646 639 564 519 541 
Bin 20: 732 190 724 50 834 21 106 141 
Bin 21: 412 864 361 700 636 54 
Bin 22: 848 355 322 227 298 80 770 
Bin 23: 909 777 899 363 818 64 95 
Bin 24: 678 107 247 628 27 756 
Bin 25: 595 768 515 857 470 943 
Bin 26: 831 905 992 130 
Bin 27: 344 400 69 973 228 945 
Bin 28: 765 520 788 502 75 873 832 
Bin 29: 852 172 113 925 645 289 662 882 
Bin 30: 388 449 381 823 690 262 
Bin 31: 402 343 473 797 946 939 677 3 
Bin 32: 805 219 274 16 271 83 594 
Bin 33: 792 495 97 703 434 
Bin 34: 668 57 157 441 316 82 872 
Bin 35: 308 336 826 715 752 528 870 
Bin 36: 985 997 463 664 193 501 332 140 
Bin 37: 483 99 135 170 858 466 87 242 
Bin 38: 324 46 632 418 714 960 
Bin 39: 819 372 460 366 839 875 820 
Bin 40: 863 491 350 734 543 672 531 903 
Bin 41: 607 416 908 136 891 314 166 
Bin 42: 968 696 822 233 301 184 687 
Bin 43: 525 728 472 730 608 182 
Bin 44: 496 153 771 330 119 816 492 647 
Bin 45: 351 721 116 974 600 213 
Bin 46: 15 226 967 920 614 923 743 
Bin 47: 457 829 23 592 897 783 364 
Bin 48: 32 988 712 739 420 42 
Bin 49: 533 657 181 612 258 280 426 
Bin 50: 537 901 17 747 581 383 
Bin 51: 938 28 689 817 784 342 580 
Bin 52: 587 245 407 814 326 707 911 
Bin 53: 243 540 659 571 319 
Bin 54: 111 71 548 266 535 446 448 
Bin 55: 735 91 878 949 235 661 
Bin 56: 887 865 850 94 18 812 809 
Bin 57: 796 105 459 582 419 
Bin 58: 240 375 658 143 490 150 
Bin 59: 398 309 139 438 649 486 117 
Bin 60: 310 394 61 59 757 232 142 
Bin 61: 484 66 201 429 811 421 625 
Bin 62: 748 278 62 206 68 877 800 
Bin 63: 445 287 218 410 292 
Bin 64: 772 405 896 85 781 549 
Bin 65: 881 642 942 720 750 616 
Bin 66: 710 197 552 382 629 
Bin 67: 933 102 269 114 971 207 311 
Bin 68: 586 977 294 611 663 290 
Bin 69: 347 513 357 982 165 711 931 
Bin 70: 860 171 390 867 358 265 391 
Bin 71: 979 912 397 430 467 902 716 
Bin 72: 851 932 155 880 940 191 
Bin 73: 813 514 821 220 957 835 927 260 
Bin 74: 556 359 453 272 120 561 890 
Bin 75: 950 799 481 609 566 461 
Bin 76: 200 160 216 991 684 641 
Bin 77: 331 126 827 926 73 916 365 
Bin 78: 907 493 838 293 469 523 
Bin 79: 132 268 585 522 885 959 
Bin 80: 414 442 346 52 476 325 
Bin 81: 413 660 577 131 512 986 352 
Bin 82: 775 824 121 35 333 605 
Bin 83: 380 230 691 6 399 713 98 
Bin 84: 7 602 550 546 401 335 
Bin 85: 970 224 551 544 529 726 
Bin 86: 679 115 698 842 377 9 
Bin 87: 837 147 4 604 296 124 
Bin 88: 128 801 494 44 843 695 
Bin 89: 371 156 180 356 776 760 
Bin 90: 417 288 56 717 854 998 22 
Bin 91: 406 189 578 994 369 589 704 
Bin 92: 175 810 833 753 436 555 
Bin 93: 300 680 14 479 910 74 906 
Bin 94: 425 435 411 575 498 67 635 
Bin 95: 281 725 282 161 246 315 
Bin 96: 530 88 185 701 92 
Bin 97: 183 396 682 579 937 225 45 
Bin 98: 263 969 477 370 671 328 
Bin 99: 785 151 215 79 790 297 
Bin 100: 948 972 373 253 302 
Bin 101: 433 465 112 77 367 
Bin 102: 524 915 961 828 697 708 167 
Bin 103: 60 444 598 780 489 34 879 
Bin 104: 58 249 729 118 312 188 686 
Bin 105: 210 194 815 538 261 
Bin 106: 568 976 211 338 403 567 
Bin 107: 273 583 917 634 536 929 368 
Bin 108: 670 727 597 936 374 963 892 
Bin 109: 178 601 221 718 264 
Bin 110: 415 203 223 954 471 93 237 
Bin 111: 340 109 424 275 84 10 212 
Bin 112: 31 921 255 705 621 169 
Bin 113: 209 152 334 427 90 769 11 
Bin 114: 8 257 104 2 198 238 234 
Bin 115: 966 539 563 231 345 761 744 
Bin 116: 840 192 408 47 779 360 303 
Bin 117: 13 43 478 267 456 807 740 409 
Bin 118: 975 148 576 893 841 
Bin 119: 617 431 145 650 443 1 
Bin 120: 81 648 565 521 666 846 
Bin 121: 474 202 404 30 862 947 806 
Bin 122: 952 665 20 934 48 683 
Bin 123: 731 162 127 208 793 505 599 
Bin 124: 990 353 847 787 428 526 
Bin 125: 239 339 603 883 853 186 362 
Bin 126: 654 676 37 669 389 802 
Bin 127: 305 199 804 12 534 187 
Bin 128: 125 40 179 254 795 898 
Bin 129: 554 195 440 508 593 930 
Bin 130: 509 341 76 506 955 606 699 
Bin 131: 655 348 439 778 485 622 722 
Bin 132: 856 692 849 241 962 956 
Bin 133: 922 516 904 764 149 447 
Bin 134: 437 766 39 464 110 773 
Bin 135: 499 214 480 951 652 774 
Bin 136: 252 270 41 89 995 277 871 
Bin 137: 981 830 163 321 168 928 
Bin 138: 723 624 653 941 644 
Bin 139: 236 845 861 745 317 250 70 
Bin 140: 673 222 108 511 283 914 
Bin 141: 137 284 987 584 825 159 
Bin 142: 751 205 133 217 349 244 
Bin 143: 627 706 487 286 681 38 462 482 
Bin 144: 573 694 0 674 596 
Bin 145: 685 866 510 313 965 560 
Bin 146: 432 868 103 173 376 26 
Bin 147: 590 786 387 553 558 620 
Bin 148: 588 859 591 458 610 
Bin 149: 637 468 980 129 999 640 693 
Bin 150: 122 276 138 844 993 919 884 
Bin 151: 874 886 754 626 196 450 
Bin 152: 613 385 144 895 33 
Bin 153: 989 65 755 562 72 656 
Bin 154: 507 475 452 763 
Bin 155: 958 320 96 978 
