# Objective: 39
# Time: 7.99467
# Feasible: 1
# Solution:
Bin 0: 124 206 248 211 189 173 240 234 157 
Bin 1: 217 21 186 24 135 10 
Bin 2: 146 33 120 167 82 44 199 201 
Bin 3: 19 71 193 38 229 130 219 
Bin 4: 20 39 35 40 102 170 31 122 
Bin 5: 8 215 103 111 92 169 
Bin 6: 54 247 184 172 87 97 100 
Bin 7: 67 139 113 214 118 28 
Bin 8: 223 125 53 73 41 91 34 
Bin 9: 228 89 51 194 168 69 
Bin 10: 175 220 134 106 64 57 205 
Bin 11: 12 60 183 52 116 90 227 236 
Bin 12: 65 200 244 77 107 
Bin 13: 241 76 119 131 207 70 
Bin 14: 142 141 0 25 225 210 181 
Bin 15: 147 115 42 174 45 213 179 121 
Bin 16: 68 86 133 105 154 249 
Bin 17: 5 98 129 204 196 151 231 191 
Bin 18: 66 79 150 83 2 94 
Bin 19: 109 190 74 23 78 13 246 155 
Bin 20: 7 239 43 177 17 63 
Bin 21: 232 15 96 163 185 16 29 
Bin 22: 238 30 192 127 114 4 
Bin 23: 128 202 145 140 85 132 99 
Bin 24: 95 75 161 159 58 222 117 
Bin 25: 36 143 108 164 165 197 
Bin 26: 6 152 49 178 81 
Bin 27: 80 245 209 32 242 166 
Bin 28: 203 153 84 218 187 55 
Bin 29: 216 149 233 1 188 
Bin 30: 104 180 212 160 72 195 
Bin 31: 14 171 126 123 226 56 
Bin 32: 198 243 110 158 148 221 
Bin 33: 11 230 61 112 136 
Bin 34: 48 162 93 27 26 176 
Bin 35: 144 47 59 88 235 
Bin 36: 101 18 37 138 46 
Bin 37: 137 9 3 208 182 156 
Bin 38: 22 62 224 237 50 
