# Objective: 77
# Time: 22.6956
# Feasible: 1
# Solution:
Bin 0: 403 354 482 293 427 157 166 215 136 
Bin 1: 212 373 343 328 198 315 
Bin 2: 417 363 313 244 20 
Bin 3: 272 317 361 406 246 251 
Bin 4: 338 187 69 257 279 117 
Bin 5: 357 21 448 135 333 277 340 
Bin 6: 494 90 362 213 231 308 
Bin 7: 358 81 110 253 192 100 252 
Bin 8: 50 128 394 273 471 124 379 
Bin 9: 314 440 77 219 325 46 210 
Bin 10: 437 304 368 318 9 249 377 
Bin 11: 179 385 149 278 410 355 
Bin 12: 402 106 303 323 396 
Bin 13: 435 13 247 499 48 415 334 
Bin 14: 256 207 19 126 449 299 150 
Bin 15: 0 93 155 295 143 33 
Bin 16: 265 327 177 65 477 230 
Bin 17: 181 414 237 14 12 316 
Bin 18: 434 266 119 92 67 190 401 
Bin 19: 301 25 350 446 390 380 216 
Bin 20: 5 300 438 134 268 156 351 235 305 
Bin 21: 144 245 274 455 56 51 458 31 483 
Bin 22: 180 391 485 468 400 476 167 129 420 
Bin 23: 444 113 488 118 408 201 336 
Bin 24: 170 367 109 42 203 356 122 
Bin 25: 430 421 419 481 54 255 70 
Bin 26: 459 447 27 91 418 389 
Bin 27: 49 172 285 319 321 104 375 
Bin 28: 239 173 326 241 114 282 16 
Bin 29: 226 383 466 88 382 337 
Bin 30: 111 206 96 120 384 387 
Bin 31: 53 191 137 426 348 15 386 
Bin 32: 130 470 433 460 108 269 24 
Bin 33: 443 330 40 99 220 262 
Bin 34: 217 61 57 473 1 78 
Bin 35: 283 429 407 204 7 199 194 
Bin 36: 347 193 332 141 151 228 
Bin 37: 339 312 205 276 409 38 
Bin 38: 495 490 487 76 484 450 
Bin 39: 30 116 23 322 248 478 
Bin 40: 331 467 240 254 302 115 
Bin 41: 132 58 489 398 346 68 
Bin 42: 168 275 462 412 290 161 
Bin 43: 202 442 74 214 83 472 44 364 
Bin 44: 145 140 475 28 297 224 465 
Bin 45: 413 439 29 267 159 174 73 
Bin 46: 89 405 474 71 223 125 
Bin 47: 307 311 221 196 298 37 41 
Bin 48: 456 164 480 393 200 176 425 
Bin 49: 369 186 260 163 195 359 
Bin 50: 287 218 171 138 284 10 270 
Bin 51: 105 353 292 242 422 66 
Bin 52: 184 175 158 451 294 
Bin 53: 160 233 94 454 59 
Bin 54: 165 222 103 445 80 365 
Bin 55: 43 453 271 188 133 388 
Bin 56: 4 17 32 82 493 98 404 392 
Bin 57: 497 469 139 329 47 335 148 
Bin 58: 349 79 374 457 2 
Bin 59: 416 320 62 234 324 209 
Bin 60: 436 261 3 11 18 182 
Bin 61: 64 75 169 63 281 264 236 
Bin 62: 296 227 107 52 183 
Bin 63: 342 280 464 211 97 185 
Bin 64: 441 486 225 291 463 87 
Bin 65: 452 310 154 250 153 498 142 102 26 
Bin 66: 60 208 84 238 306 395 
Bin 67: 197 22 34 152 112 411 360 
Bin 68: 147 36 479 492 72 55 341 
Bin 69: 121 371 366 123 309 397 
Bin 70: 352 162 344 496 232 
Bin 71: 45 243 345 8 286 95 127 
Bin 72: 263 189 258 288 370 86 178 
Bin 73: 491 424 6 146 85 
Bin 74: 131 259 376 289 431 428 
Bin 75: 461 378 399 39 101 35 
Bin 76: 229 432 372 381 423 
