# Objective: 48
# Time: 18.6675
# Feasible: 1
# Solution:
Bin 0: 76 15 215 0 121 18 
Bin 1: 158 83 217 30 106 63 
Bin 2: 188 154 142 105 24 
Bin 3: 134 135 58 29 8 50 
Bin 4: 230 61 159 101 89 237 
Bin 5: 146 57 102 151 236 212 
Bin 6: 11 113 207 176 41 
Bin 7: 64 220 3 162 222 
Bin 8: 56 171 156 198 70 
Bin 9: 161 78 38 199 216 
Bin 10: 66 25 19 112 242 
Bin 11: 184 144 84 35 119 
Bin 12: 166 193 88 245 177 
Bin 13: 48 186 187 172 132 
Bin 14: 49 223 238 44 2 98 
Bin 15: 99 77 80 178 37 
Bin 16: 118 168 201 179 228 
Bin 17: 6 59 85 32 7 214 
Bin 18: 163 225 229 137 116 231 65 
Bin 19: 74 148 218 1 182 
Bin 20: 125 175 247 183 28 233 
Bin 21: 114 211 123 167 190 
Bin 22: 79 126 181 204 210 109 
Bin 23: 51 13 129 249 9 
Bin 24: 120 206 96 194 149 
Bin 25: 195 71 108 246 157 
Bin 26: 91 219 82 107 
Bin 27: 104 122 47 147 87 143 
Bin 28: 27 26 53 52 127 16 
Bin 29: 94 95 152 191 75 
Bin 30: 185 42 34 40 208 69 
Bin 31: 197 43 90 165 235 
Bin 32: 141 72 124 22 12 117 
Bin 33: 5 39 234 
Bin 34: 239 164 81 14 169 
Bin 35: 150 241 97 180 73 203 93 
Bin 36: 20 133 221 36 60 115 
Bin 37: 140 86 145 213 130 
Bin 38: 68 248 131 160 100 
Bin 39: 240 224 244 138 200 192 
Bin 40: 23 110 33 46 67 21 
Bin 41: 205 4 54 243 202 
Bin 42: 136 196 17 31 
Bin 43: 170 232 45 226 155 
Bin 44: 189 62 139 55 
Bin 45: 153 92 209 
Bin 46: 103 10 173 111 
Bin 47: 128 174 227 
