# Objective: 38
# Time: 6.12662
# Feasible: 1
# Solution:
Bin 0: 105 246 152 201 238 71 202 219 
Bin 1: 222 56 129 2 166 209 
Bin 2: 106 242 37 4 214 3 
Bin 3: 205 245 63 179 244 186 230 
Bin 4: 233 68 39 183 131 137 7 26 
Bin 5: 123 90 143 16 36 
Bin 6: 171 204 236 41 154 22 45 
Bin 7: 48 95 128 13 10 210 6 
Bin 8: 27 221 124 177 30 87 135 156 65 
Bin 9: 122 50 104 168 100 225 80 
Bin 10: 121 199 159 229 47 232 133 
Bin 11: 62 44 217 211 119 215 57 134 
Bin 12: 9 8 107 51 200 196 178 
Bin 13: 103 169 187 130 140 59 148 
Bin 14: 172 1 191 77 227 33 198 
Bin 15: 53 18 149 98 165 91 
Bin 16: 249 120 151 240 66 25 
Bin 17: 97 239 89 69 108 81 12 
Bin 18: 243 78 248 43 15 73 142 
Bin 19: 0 164 161 46 93 118 
Bin 20: 220 112 247 157 174 216 125 
Bin 21: 76 85 29 167 218 74 
Bin 22: 55 226 223 84 23 188 
Bin 23: 182 35 234 28 24 185 92 42 
Bin 24: 21 158 150 117 237 
Bin 25: 82 14 86 58 231 79 40 
Bin 26: 99 147 127 153 102 
Bin 27: 11 111 145 38 206 213 162 
Bin 28: 155 208 235 54 181 224 110 
Bin 29: 75 180 197 49 176 
Bin 30: 34 114 138 163 52 228 19 
Bin 31: 32 20 70 194 241 5 
Bin 32: 193 212 173 136 113 
Bin 33: 139 146 83 88 61 101 192 
Bin 34: 94 141 207 116 109 189 
Bin 35: 64 115 31 60 17 170 
Bin 36: 175 203 72 132 195 126 
Bin 37: 144 190 160 184 96 67 
