# Objective: 152
# Time: 337.698
# Feasible: 1
# Solution:
Bin 0: 408 478 288 410 566 219 
Bin 1: 631 545 647 855 282 145 866 
Bin 2: 409 30 55 326 157 589 
Bin 3: 963 800 406 752 36 949 122 
Bin 4: 503 387 52 849 758 521 185 975 
Bin 5: 698 594 234 757 798 871 490 
Bin 6: 322 764 255 317 542 947 884 
Bin 7: 149 283 392 605 898 930 476 213 
Bin 8: 321 74 189 49 572 533 
Bin 9: 879 615 401 296 427 761 
Bin 10: 691 208 39 723 929 207 
Bin 11: 711 314 504 923 790 376 517 
Bin 12: 837 934 634 823 547 501 627 
Bin 13: 981 1 782 7 683 622 
Bin 14: 391 159 958 493 414 477 
Bin 15: 690 194 395 118 915 
Bin 16: 86 316 795 714 675 300 816 495 
Bin 17: 110 664 932 680 802 511 979 
Bin 18: 841 967 200 588 10 217 
Bin 19: 335 618 449 396 922 362 412 
Bin 20: 601 103 467 54 885 668 813 487 
Bin 21: 242 906 859 791 535 299 
Bin 22: 462 318 379 491 469 166 
Bin 23: 966 620 826 637 423 287 
Bin 24: 405 774 936 549 825 499 451 218 
Bin 25: 304 870 273 43 907 289 724 3 
Bin 26: 838 995 267 754 645 556 577 
Bin 27: 609 845 442 956 29 152 404 
Bin 28: 82 424 129 525 497 397 
Bin 29: 75 131 247 91 355 327 297 815 
Bin 30: 216 354 178 198 236 6 305 
Bin 31: 433 80 256 671 375 
Bin 32: 32 996 726 939 294 694 425 
Bin 33: 997 688 291 679 228 783 925 
Bin 34: 452 793 522 330 722 126 
Bin 35: 63 882 980 459 158 474 
Bin 36: 361 840 705 183 538 974 259 808 
Bin 37: 453 784 519 730 541 734 197 
Bin 38: 374 844 706 762 481 649 
Bin 39: 403 337 831 313 927 100 485 
Bin 40: 534 677 349 777 839 965 599 
Bin 41: 415 833 913 543 563 880 147 856 
Bin 42: 731 662 346 475 613 311 
Bin 43: 811 215 483 531 591 79 
Bin 44: 530 624 579 353 810 854 
Bin 45: 696 564 704 557 84 600 984 
Bin 46: 625 580 280 278 97 411 728 46 
Bin 47: 235 743 785 513 281 741 982 
Bin 48: 850 87 59 28 306 323 486 
Bin 49: 742 575 53 225 233 11 805 
Bin 50: 658 496 779 630 834 484 
Bin 51: 969 905 867 27 341 961 515 
Bin 52: 223 528 636 64 933 719 
Bin 53: 852 113 836 229 899 955 
Bin 54: 69 364 136 48 865 130 606 15 
Bin 55: 438 418 595 421 173 669 750 352 950 
Bin 56: 674 551 399 670 359 448 377 
Bin 57: 336 518 935 334 60 470 860 
Bin 58: 22 450 0 271 88 
Bin 59: 365 466 285 226 482 792 648 
Bin 60: 199 246 976 919 977 886 941 527 
Bin 61: 128 44 214 473 188 360 902 
Bin 62: 978 67 999 663 820 877 
Bin 63: 137 35 910 641 786 380 656 
Bin 64: 422 416 797 169 892 153 727 
Bin 65: 190 308 773 458 195 351 
Bin 66: 92 725 196 988 814 108 
Bin 67: 344 768 230 516 524 104 830 
Bin 68: 224 713 221 191 33 597 926 
Bin 69: 848 479 441 772 759 141 464 
Bin 70: 78 50 455 471 186 168 140 
Bin 71: 666 350 407 873 480 342 
Bin 72: 512 73 249 546 828 430 144 
Bin 73: 2 943 160 653 98 857 
Bin 74: 439 686 494 654 745 633 
Bin 75: 608 461 789 400 260 644 
Bin 76: 532 587 445 629 632 765 363 156 
Bin 77: 57 959 767 500 38 539 
Bin 78: 972 150 889 340 900 56 
Bin 79: 125 366 890 702 248 
Bin 80: 701 444 394 115 560 687 
Bin 81: 548 562 112 390 241 578 
Bin 82: 204 243 133 89 703 456 
Bin 83: 312 794 822 222 507 370 96 
Bin 84: 685 583 832 268 23 918 646 660 
Bin 85: 34 692 25 708 388 883 736 
Bin 86: 329 771 368 274 238 21 968 
Bin 87: 953 863 938 446 937 184 
Bin 88: 139 776 921 135 623 672 16 842 
Bin 89: 460 254 264 434 298 621 161 
Bin 90: 432 735 489 272 303 187 109 463 
Bin 91: 746 431 358 251 570 565 393 
Bin 92: 720 275 465 76 367 952 
Bin 93: 986 744 555 41 827 382 502 
Bin 94: 554 693 707 747 295 843 
Bin 95: 643 99 751 310 896 
Bin 96: 45 590 428 740 576 989 26 
Bin 97: 983 987 372 436 712 124 181 
Bin 98: 426 419 821 973 111 
Bin 99: 201 642 864 775 614 8 
Bin 100: 68 684 928 998 829 165 209 492 
Bin 101: 320 266 909 970 619 748 120 
Bin 102: 180 14 753 738 638 244 17 
Bin 103: 540 155 598 328 417 574 468 
Bin 104: 5 787 175 592 626 862 
Bin 105: 257 443 960 402 66 4 
Bin 106: 210 162 962 992 635 924 
Bin 107: 265 71 302 544 673 12 897 
Bin 108: 824 655 170 536 878 121 338 
Bin 109: 894 13 270 964 132 179 
Bin 110: 167 523 239 729 245 347 
Bin 111: 770 700 584 309 914 174 
Bin 112: 24 571 171 893 85 526 
Bin 113: 716 944 990 803 835 721 
Bin 114: 488 799 593 440 732 
Bin 115: 676 581 710 596 851 94 138 
Bin 116: 508 582 760 567 678 378 
Bin 117: 801 665 381 568 331 250 689 
Bin 118: 333 891 659 874 875 
Bin 119: 709 755 258 715 102 332 585 
Bin 120: 954 177 172 552 640 211 
Bin 121: 93 628 348 357 611 146 
Bin 122: 756 62 58 904 143 
Bin 123: 812 985 780 651 861 912 569 
Bin 124: 717 847 252 819 292 763 559 
Bin 125: 269 263 114 447 315 319 699 
Bin 126: 212 739 232 809 948 940 993 
Bin 127: 18 101 769 176 537 325 603 
Bin 128: 19 506 369 681 345 205 
Bin 129: 457 40 262 737 610 
Bin 130: 95 887 70 697 203 818 123 
Bin 131: 47 107 105 276 454 561 51 
Bin 132: 881 509 9 413 384 946 
Bin 133: 806 550 119 853 386 796 616 
Bin 134: 472 42 301 134 72 558 
Bin 135: 154 888 945 514 307 903 788 
Bin 136: 193 661 142 284 148 908 858 
Bin 137: 383 127 81 151 206 
Bin 138: 339 31 116 804 920 553 807 
Bin 139: 911 90 437 371 657 182 
Bin 140: 895 869 435 290 916 231 604 951 901 
Bin 141: 510 163 261 781 607 
Bin 142: 931 227 37 573 77 846 
Bin 143: 612 202 240 220 164 520 
Bin 144: 617 373 389 682 718 356 
Bin 145: 343 957 650 586 505 279 
Bin 146: 237 420 106 766 942 
Bin 147: 876 192 83 286 749 
Bin 148: 529 429 695 61 917 253 
Bin 149: 667 872 117 602 639 971 65 277 
Bin 150: 652 817 398 293 20 868 991 
Bin 151: 778 324 498 733 994 385 
