# Objective: 77
# Time: 23.1604
# Feasible: 1
# Solution:
Bin 0: 213 407 349 135 131 84 
Bin 1: 304 81 372 313 252 463 
Bin 2: 450 152 406 196 490 374 
Bin 3: 24 148 438 117 264 165 466 
Bin 4: 387 80 185 70 223 274 193 
Bin 5: 315 344 398 465 495 423 
Bin 6: 129 28 456 242 308 149 26 
Bin 7: 352 61 189 203 354 37 101 
Bin 8: 300 195 360 484 389 287 483 
Bin 9: 175 10 15 166 462 74 258 21 
Bin 10: 499 133 156 341 134 171 177 409 
Bin 11: 107 256 119 268 323 122 401 
Bin 12: 161 16 479 322 410 212 453 
Bin 13: 83 241 68 476 53 218 108 
Bin 14: 226 239 418 40 302 
Bin 15: 269 55 255 49 461 173 236 
Bin 16: 220 50 85 278 23 232 
Bin 17: 428 110 444 250 430 39 
Bin 18: 188 62 86 225 1 480 
Bin 19: 208 71 154 237 494 393 
Bin 20: 477 219 221 12 391 200 215 
Bin 21: 247 243 358 19 493 76 
Bin 22: 64 98 224 327 138 276 147 
Bin 23: 7 325 357 22 92 103 104 
Bin 24: 317 448 405 9 249 284 
Bin 25: 29 254 381 388 452 282 51 
Bin 26: 339 290 2 48 382 330 115 
Bin 27: 373 139 424 179 126 415 
Bin 28: 386 489 281 199 176 164 332 180 
Bin 29: 67 124 427 38 271 335 
Bin 30: 351 265 89 498 342 487 
Bin 31: 43 192 207 206 246 191 
Bin 32: 435 301 63 403 186 429 
Bin 33: 184 371 210 288 295 472 
Bin 34: 130 306 211 151 425 473 
Bin 35: 400 488 146 470 446 181 
Bin 36: 270 102 77 235 0 66 417 378 
Bin 37: 234 214 42 158 333 95 
Bin 38: 292 13 395 359 286 217 305 
Bin 39: 4 93 132 441 459 396 
Bin 40: 94 231 408 434 114 46 
Bin 41: 36 198 337 451 439 259 
Bin 42: 399 14 273 58 353 390 486 
Bin 43: 3 338 244 205 319 275 324 
Bin 44: 310 297 336 143 460 150 431 11 
Bin 45: 340 272 141 458 182 88 348 
Bin 46: 293 321 90 87 443 216 
Bin 47: 174 316 69 312 426 366 
Bin 48: 227 361 78 91 442 485 
Bin 49: 109 209 445 266 72 127 377 257 44 
Bin 50: 178 491 437 137 251 367 326 
Bin 51: 145 345 419 79 280 379 
Bin 52: 362 116 422 163 73 380 96 
Bin 53: 233 6 482 41 334 35 
Bin 54: 162 343 202 307 47 136 25 111 
Bin 55: 376 454 238 299 298 168 449 
Bin 56: 263 169 402 123 144 
Bin 57: 320 296 392 421 283 420 
Bin 58: 56 105 356 314 440 172 397 
Bin 59: 45 30 167 118 230 140 467 
Bin 60: 285 120 279 155 370 404 245 
Bin 61: 18 100 260 52 364 394 31 
Bin 62: 99 433 197 125 253 365 17 
Bin 63: 113 82 414 159 5 33 
Bin 64: 328 157 60 413 471 
Bin 65: 350 34 240 201 228 187 363 
Bin 66: 277 32 97 385 262 492 
Bin 67: 329 194 294 153 457 469 222 
Bin 68: 229 468 347 481 309 355 
Bin 69: 183 65 54 190 331 121 
Bin 70: 160 106 369 170 289 411 
Bin 71: 384 464 267 20 318 204 
Bin 72: 248 27 436 75 368 
Bin 73: 311 432 455 474 496 
Bin 74: 497 447 291 416 59 
Bin 75: 412 346 128 142 375 57 112 
Bin 76: 475 303 383 478 261 8 
