# Objective: 77
# Time: 24.4416
# Feasible: 1
# Solution:
Bin 0: 493 470 482 271 456 274 419 24 
Bin 1: 268 228 343 247 233 191 309 
Bin 2: 385 34 379 363 347 400 230 
Bin 3: 125 212 457 369 365 479 
Bin 4: 446 435 207 210 429 397 
Bin 5: 123 313 441 7 392 46 492 
Bin 6: 352 260 182 257 111 11 10 
Bin 7: 145 237 248 205 273 366 426 
Bin 8: 418 416 264 0 374 
Bin 9: 12 259 300 211 58 174 360 202 156 
Bin 10: 358 494 398 171 481 404 161 
Bin 11: 236 243 162 152 159 282 70 
Bin 12: 428 283 321 433 498 291 425 148 
Bin 13: 285 381 327 101 15 190 342 
Bin 14: 290 9 57 181 231 491 310 
Bin 15: 2 266 195 317 32 118 44 
Bin 16: 74 227 467 442 440 241 153 
Bin 17: 124 222 143 144 444 217 131 
Bin 18: 312 65 13 5 81 472 
Bin 19: 298 458 29 103 308 314 
Bin 20: 453 39 324 318 487 351 336 
Bin 21: 370 141 177 305 489 329 388 415 
Bin 22: 16 256 250 43 362 307 105 
Bin 23: 368 117 345 452 464 
Bin 24: 72 115 175 76 82 316 55 
Bin 25: 188 355 497 356 66 
Bin 26: 284 448 120 6 473 
Bin 27: 387 296 186 331 263 
Bin 28: 14 3 445 68 499 112 
Bin 29: 376 219 50 346 116 349 31 
Bin 30: 459 461 150 449 407 128 154 196 
Bin 31: 280 48 378 301 167 19 204 147 
Bin 32: 463 23 270 185 102 56 469 390 
Bin 33: 421 71 40 395 140 168 
Bin 34: 325 78 340 51 229 85 383 
Bin 35: 486 61 21 119 409 269 401 180 
Bin 36: 197 315 87 75 27 
Bin 37: 333 275 341 396 225 475 354 
Bin 38: 380 37 406 52 42 60 47 
Bin 39: 90 54 304 151 339 179 129 
Bin 40: 183 377 431 133 216 213 218 
Bin 41: 198 488 215 353 480 292 289 
Bin 42: 484 172 408 251 155 261 
Bin 43: 28 332 413 447 422 
Bin 44: 399 323 277 173 265 127 
Bin 45: 220 110 439 414 59 420 
Bin 46: 126 279 83 434 424 476 
Bin 47: 462 490 109 423 104 
Bin 48: 163 121 26 73 234 412 209 460 
Bin 49: 367 136 483 303 320 402 
Bin 50: 193 389 244 394 67 276 319 
Bin 51: 88 98 107 411 485 410 
Bin 52: 166 454 297 430 372 334 235 
Bin 53: 158 86 306 89 199 375 
Bin 54: 62 495 267 18 330 254 
Bin 55: 302 203 106 214 194 337 299 
Bin 56: 294 281 63 478 249 450 466 
Bin 57: 240 80 471 142 373 
Bin 58: 149 258 157 311 41 64 
Bin 59: 160 223 328 49 255 114 
Bin 60: 443 468 8 77 226 93 201 
Bin 61: 238 137 288 164 187 391 357 
Bin 62: 335 221 242 474 170 348 
Bin 63: 30 246 122 338 130 382 438 
Bin 64: 386 96 359 361 45 84 169 
Bin 65: 405 293 262 95 417 53 
Bin 66: 371 99 97 79 393 
Bin 67: 178 108 33 252 432 245 200 
Bin 68: 272 176 384 92 496 344 138 
Bin 69: 17 206 192 139 20 
Bin 70: 326 135 146 1 113 403 
Bin 71: 184 322 465 36 295 455 
Bin 72: 286 25 189 232 427 35 
Bin 73: 134 287 100 132 224 253 
Bin 74: 4 436 350 69 278 165 
Bin 75: 94 477 91 364 38 
Bin 76: 22 239 451 437 208 
