# Objective: 152
# Time: 243.817
# Feasible: 1
# Solution:
Bin 0: 658 332 967 453 738 592 698 849 
Bin 1: 586 892 361 412 86 413 
Bin 2: 101 344 295 691 976 355 
Bin 3: 942 184 520 845 458 323 575 
Bin 4: 186 469 9 252 872 642 
Bin 5: 584 610 213 956 3 291 21 466 
Bin 6: 544 795 646 430 764 518 233 573 99 
Bin 7: 918 129 196 745 549 519 103 984 
Bin 8: 692 768 338 155 621 290 
Bin 9: 229 922 400 342 388 985 13 312 712 
Bin 10: 797 826 43 289 620 336 899 
Bin 11: 907 675 541 471 717 707 819 
Bin 12: 914 830 742 744 969 173 
Bin 13: 303 119 666 6 299 545 
Bin 14: 886 786 423 268 925 604 1 
Bin 15: 416 98 501 302 510 94 731 
Bin 16: 250 277 919 241 215 551 
Bin 17: 142 318 561 533 640 426 339 
Bin 18: 667 802 863 47 356 221 36 
Bin 19: 774 874 614 354 246 136 472 618 334 
Bin 20: 983 366 846 436 183 109 
Bin 21: 69 732 371 262 896 
Bin 22: 245 570 463 383 209 747 
Bin 23: 239 660 263 687 498 820 
Bin 24: 174 395 876 962 650 556 779 
Bin 25: 662 945 973 784 713 771 380 486 613 
Bin 26: 384 722 71 7 966 528 909 
Bin 27: 25 720 937 402 971 
Bin 28: 79 437 754 224 946 398 995 
Bin 29: 751 990 752 794 24 17 
Bin 30: 847 127 571 382 243 716 181 
Bin 31: 663 767 369 271 944 514 
Bin 32: 97 48 902 578 889 711 
Bin 33: 917 583 644 272 960 33 
Bin 34: 474 485 407 576 232 870 635 
Bin 35: 205 326 218 192 22 888 281 
Bin 36: 807 442 37 242 504 529 
Bin 37: 208 804 148 230 726 537 
Bin 38: 841 507 678 62 598 503 512 959 
Bin 39: 495 207 766 748 952 414 
Bin 40: 447 799 705 589 177 464 63 187 
Bin 41: 282 448 481 855 515 211 
Bin 42: 706 261 875 431 810 377 104 59 997 
Bin 43: 370 311 923 809 868 
Bin 44: 23 916 831 301 427 435 
Bin 45: 796 791 368 126 526 169 315 188 
Bin 46: 160 893 5 123 827 88 
Bin 47: 602 558 818 349 590 964 513 780 
Bin 48: 482 565 56 572 488 547 210 296 360 
Bin 49: 879 522 832 258 452 
Bin 50: 31 144 249 843 128 951 880 
Bin 51: 581 739 900 193 61 152 28 
Bin 52: 597 410 719 10 721 911 622 
Bin 53: 568 931 930 75 2 852 
Bin 54: 238 85 199 45 806 643 34 
Bin 55: 133 118 236 406 60 475 483 603 
Bin 56: 328 992 842 26 87 594 
Bin 57: 704 197 49 788 330 
Bin 58: 68 993 182 773 762 107 139 
Bin 59: 327 102 865 73 701 793 781 617 
Bin 60: 376 641 228 265 65 994 
Bin 61: 11 910 587 755 539 135 
Bin 62: 811 682 96 625 90 150 825 274 
Bin 63: 340 105 428 848 78 672 502 
Bin 64: 217 664 965 18 928 638 286 
Bin 65: 805 999 216 653 494 936 
Bin 66: 347 939 194 341 567 
Bin 67: 132 223 840 93 29 
Bin 68: 686 977 154 562 727 624 
Bin 69: 293 981 191 346 932 331 
Bin 70: 120 443 756 757 509 445 8 52 251 
Bin 71: 564 204 405 305 385 225 
Bin 72: 808 814 389 851 309 998 947 
Bin 73: 176 903 392 348 856 680 280 
Bin 74: 411 989 66 415 708 308 
Bin 75: 329 386 534 906 313 420 740 
Bin 76: 645 758 117 137 53 200 630 
Bin 77: 172 873 867 563 511 212 145 
Bin 78: 546 853 419 67 986 
Bin 79: 684 462 734 440 480 775 600 
Bin 80: 473 695 609 955 866 828 359 
Bin 81: 897 432 543 387 41 746 320 
Bin 82: 904 111 335 760 869 54 
Bin 83: 156 628 231 153 737 987 273 237 
Bin 84: 958 74 557 125 365 433 615 
Bin 85: 679 35 963 352 319 439 4 
Bin 86: 158 394 815 470 670 500 397 175 
Bin 87: 44 949 373 484 508 279 
Bin 88: 185 884 585 325 489 
Bin 89: 122 838 374 307 699 616 316 
Bin 90: 829 736 159 710 143 605 256 
Bin 91: 479 15 451 40 444 700 894 
Bin 92: 51 527 694 859 434 269 
Bin 93: 801 372 929 821 260 
Bin 94: 639 14 970 235 554 0 195 991 
Bin 95: 465 283 540 418 940 424 247 362 
Bin 96: 226 364 58 668 776 656 
Bin 97: 812 506 324 170 690 278 
Bin 98: 648 905 19 399 179 816 580 974 
Bin 99: 761 121 351 455 257 629 
Bin 100: 89 106 948 234 950 839 409 
Bin 101: 300 141 162 505 574 367 725 
Bin 102: 357 654 76 516 16 677 
Bin 103: 214 30 492 130 429 
Bin 104: 920 823 595 298 270 
Bin 105: 390 898 138 70 292 
Bin 106: 676 792 95 487 84 673 255 240 632 
Bin 107: 777 972 178 163 266 449 
Bin 108: 450 953 938 446 189 523 
Bin 109: 321 661 42 844 765 535 633 689 81 
Bin 110: 871 168 149 759 813 
Bin 111: 521 709 858 988 147 864 
Bin 112: 264 157 652 735 681 
Bin 113: 593 140 790 476 421 350 112 
Bin 114: 227 50 608 345 753 550 
Bin 115: 961 254 353 803 798 649 124 
Bin 116: 822 259 391 381 596 219 
Bin 117: 222 787 39 288 882 
Bin 118: 908 669 497 379 408 834 
Bin 119: 532 438 12 536 460 715 
Bin 120: 957 693 441 696 146 206 887 
Bin 121: 314 582 714 27 276 393 
Bin 122: 322 800 32 151 82 723 683 901 
Bin 123: 857 697 778 92 131 996 524 
Bin 124: 477 924 607 548 861 
Bin 125: 941 459 220 244 718 297 
Bin 126: 115 203 531 862 835 703 542 674 
Bin 127: 134 817 782 358 702 785 
Bin 128: 287 363 404 741 579 611 190 
Bin 129: 891 836 275 577 671 401 926 
Bin 130: 913 478 560 166 422 915 
Bin 131: 165 978 285 496 980 890 116 
Bin 132: 619 606 883 837 267 333 
Bin 133: 634 824 457 171 588 665 57 770 
Bin 134: 403 968 454 636 491 375 651 833 
Bin 135: 631 294 982 601 854 623 202 860 
Bin 136: 591 555 317 164 599 878 912 
Bin 137: 201 468 493 552 566 881 
Bin 138: 343 789 161 530 979 499 
Bin 139: 885 637 553 769 180 733 284 
Bin 140: 877 728 921 538 933 517 72 
Bin 141: 975 198 934 253 248 954 
Bin 142: 743 100 659 895 378 167 
Bin 143: 626 569 396 306 612 
Bin 144: 55 461 657 456 80 
Bin 145: 46 850 64 749 647 110 927 
Bin 146: 304 337 467 20 559 
Bin 147: 783 730 38 490 310 
Bin 148: 77 763 750 935 525 
Bin 149: 425 943 83 113 772 
Bin 150: 91 729 114 417 688 
Bin 151: 724 655 627 108 685 
