# Objective: 102
# Time: 88.5665
# Feasible: 1
# Solution:
Bin 0: 69 267 38 223 
Bin 1: 266 285 452 402 367 
Bin 2: 180 406 447 159 119 
Bin 3: 203 200 56 496 254 
Bin 4: 117 7 453 259 292 
Bin 5: 132 321 377 221 318 
Bin 6: 118 313 289 222 37 
Bin 7: 31 168 250 333 107 378 
Bin 8: 237 389 439 263 
Bin 9: 198 357 373 308 386 
Bin 10: 315 39 494 277 122 
Bin 11: 231 445 239 126 253 
Bin 12: 485 211 302 366 66 
Bin 13: 305 130 24 226 141 
Bin 14: 6 77 29 13 
Bin 15: 461 125 150 42 138 196 
Bin 16: 143 346 334 238 40 
Bin 17: 96 170 224 166 371 17 
Bin 18: 362 62 415 290 353 
Bin 19: 271 111 339 244 
Bin 20: 317 98 329 156 
Bin 21: 110 140 472 164 436 
Bin 22: 172 297 440 348 
Bin 23: 410 465 310 274 278 
Bin 24: 325 288 487 395 212 
Bin 25: 152 391 482 201 247 21 
Bin 26: 199 44 85 320 115 
Bin 27: 160 489 22 236 432 
Bin 28: 430 483 100 396 463 
Bin 29: 354 105 368 74 488 469 
Bin 30: 194 454 419 264 
Bin 31: 181 154 116 352 429 
Bin 32: 275 104 186 184 
Bin 33: 435 241 213 475 300 
Bin 34: 227 182 437 71 121 
Bin 35: 161 363 205 284 58 
Bin 36: 86 43 379 73 
Bin 37: 459 70 426 131 355 
Bin 38: 418 173 190 493 400 
Bin 39: 123 376 3 375 380 
Bin 40: 351 108 240 444 
Bin 41: 243 175 11 286 449 
Bin 42: 443 82 262 2 307 
Bin 43: 235 169 51 394 134 
Bin 44: 30 384 403 299 19 
Bin 45: 312 139 448 229 179 192 
Bin 46: 103 256 162 345 158 
Bin 47: 261 479 94 207 185 324 
Bin 48: 423 252 374 460 220 
Bin 49: 303 142 314 481 177 
Bin 50: 450 50 1 473 153 137 
Bin 51: 144 358 234 88 101 
Bin 52: 428 183 407 28 145 
Bin 53: 65 128 434 48 
Bin 54: 330 438 99 344 
Bin 55: 242 458 294 455 291 171 
Bin 56: 424 356 328 135 
Bin 57: 433 55 214 323 417 397 446 
Bin 58: 225 280 491 113 287 155 
Bin 59: 75 335 412 102 41 
Bin 60: 68 83 269 89 
Bin 61: 338 61 34 151 257 347 
Bin 62: 187 451 409 109 462 178 
Bin 63: 484 136 385 60 
Bin 64: 341 427 79 431 
Bin 65: 232 157 36 63 337 
Bin 66: 401 383 474 416 464 425 
Bin 67: 260 350 492 296 281 326 
Bin 68: 311 365 301 298 64 
Bin 69: 216 188 441 332 327 
Bin 70: 468 413 87 219 92 
Bin 71: 12 405 251 163 191 
Bin 72: 361 295 369 0 246 
Bin 73: 273 411 255 283 392 
Bin 74: 359 336 486 167 4 
Bin 75: 245 127 422 258 59 495 
Bin 76: 32 442 146 149 
Bin 77: 387 147 381 114 268 
Bin 78: 210 228 204 490 195 
Bin 79: 249 25 218 340 382 
Bin 80: 46 27 322 76 174 
Bin 81: 467 91 129 217 120 
Bin 82: 304 10 404 316 
Bin 83: 293 49 470 26 47 
Bin 84: 84 393 15 20 97 414 
Bin 85: 80 209 349 480 176 
Bin 86: 420 72 5 18 497 
Bin 87: 197 471 457 14 
Bin 88: 309 106 8 81 52 
Bin 89: 306 233 282 202 78 
Bin 90: 342 193 90 476 390 
Bin 91: 331 364 399 23 
Bin 92: 93 189 466 319 215 
Bin 93: 276 270 35 372 
Bin 94: 16 230 54 477 67 
Bin 95: 248 165 124 498 
Bin 96: 279 45 53 112 360 57 
Bin 97: 388 208 148 133 408 
Bin 98: 343 95 421 33 
Bin 99: 370 499 398 478 
Bin 100: 272 206 
Bin 101: 265 9 456 
