# Objective: 19
# Time: 2.31826
# Feasible: 1
# Solution:
Bin 0: 5 29 68 86 112 72 76 
Bin 1: 37 18 28 60 14 107 
Bin 2: 33 19 13 39 103 55 
Bin 3: 26 44 35 46 12 88 
Bin 4: 80 43 79 83 105 7 70 77 
Bin 5: 10 90 104 94 84 
Bin 6: 6 9 23 118 102 24 
Bin 7: 21 93 74 38 65 49 
Bin 8: 119 3 97 62 95 4 40 
Bin 9: 56 100 41 31 101 17 52 108 
Bin 10: 91 75 1 69 0 64 
Bin 11: 15 2 61 113 73 36 109 
Bin 12: 115 25 110 87 71 53 
Bin 13: 89 82 8 20 22 27 
Bin 14: 16 116 63 48 54 92 58 
Bin 15: 32 114 66 117 67 57 
Bin 16: 78 51 81 34 96 11 
Bin 17: 50 59 42 47 30 45 
Bin 18: 106 85 111 99 98 
