# Objective: 156
# Time: 265.402
# Feasible: 1
# Solution:
Bin 0: 311 40 800 543 102 115 155 
Bin 1: 477 959 300 964 4 
Bin 2: 534 817 0 536 144 
Bin 3: 965 910 338 707 661 647 
Bin 4: 369 788 305 365 194 953 
Bin 5: 91 326 433 334 220 156 69 854 
Bin 6: 142 422 796 525 406 114 321 
Bin 7: 897 304 195 975 869 752 196 
Bin 8: 190 645 50 329 675 519 988 
Bin 9: 76 139 301 613 344 230 
Bin 10: 281 847 456 551 214 887 
Bin 11: 633 845 484 795 126 604 
Bin 12: 667 801 726 677 596 851 187 
Bin 13: 99 386 892 860 980 627 
Bin 14: 283 948 310 404 599 624 917 
Bin 15: 954 132 907 244 607 
Bin 16: 630 447 835 337 951 
Bin 17: 170 567 962 453 88 509 772 
Bin 18: 967 924 952 521 105 208 108 59 914 
Bin 19: 207 901 234 206 131 238 841 
Bin 20: 112 590 276 780 217 265 936 
Bin 21: 178 760 984 438 309 
Bin 22: 747 674 822 684 417 81 621 
Bin 23: 549 437 578 240 270 712 
Bin 24: 64 385 558 390 722 696 658 
Bin 25: 242 601 539 754 861 123 970 
Bin 26: 74 704 875 176 559 523 
Bin 27: 737 360 762 98 992 563 
Bin 28: 462 21 374 686 557 243 3 
Bin 29: 790 82 408 140 486 890 574 280 
Bin 30: 606 198 885 279 442 143 
Bin 31: 211 111 503 412 308 192 
Bin 32: 759 400 488 508 461 248 
Bin 33: 691 797 881 177 231 138 377 
Bin 34: 516 43 227 298 715 805 134 
Bin 35: 119 809 468 688 101 960 149 179 
Bin 36: 185 794 642 995 690 409 
Bin 37: 763 652 168 568 347 201 226 963 
Bin 38: 470 292 733 572 678 286 204 
Bin 39: 644 560 804 42 709 110 802 827 
Bin 40: 459 333 949 741 361 855 62 
Bin 41: 941 806 789 346 554 649 
Bin 42: 650 573 106 49 734 697 25 775 
Bin 43: 153 289 821 440 955 241 387 977 
Bin 44: 171 63 541 774 216 341 786 
Bin 45: 465 524 434 626 581 625 932 19 
Bin 46: 848 979 7 439 870 730 
Bin 47: 908 976 749 844 490 460 
Bin 48: 849 24 275 935 415 593 916 
Bin 49: 215 502 294 272 158 993 302 753 
Bin 50: 636 60 877 362 929 452 482 
Bin 51: 342 487 991 451 398 324 729 
Bin 52: 232 939 710 561 903 
Bin 53: 720 46 473 600 631 
Bin 54: 723 693 628 476 680 266 495 
Bin 55: 868 653 708 70 364 22 
Bin 56: 564 56 472 769 31 418 
Bin 57: 221 998 182 728 152 65 
Bin 58: 843 291 770 853 471 815 
Bin 59: 692 718 151 831 130 263 742 
Bin 60: 370 218 602 430 425 930 
Bin 61: 717 902 942 918 778 481 293 
Bin 62: 78 441 228 356 75 399 464 
Bin 63: 818 258 160 655 530 282 41 
Bin 64: 210 812 946 532 608 987 
Bin 65: 255 458 913 113 879 89 839 
Bin 66: 186 129 35 761 555 
Bin 67: 424 368 161 328 997 318 522 
Bin 68: 858 172 445 233 937 852 359 
Bin 69: 828 623 507 497 744 585 
Bin 70: 466 505 716 13 446 499 288 
Bin 71: 299 268 154 575 250 474 
Bin 72: 813 579 367 443 773 
Bin 73: 322 676 592 731 925 635 974 
Bin 74: 746 95 940 480 576 405 985 
Bin 75: 799 373 147 285 366 537 758 
Bin 76: 419 189 785 972 173 394 617 668 605 
Bin 77: 719 751 354 372 548 659 306 278 
Bin 78: 904 389 2 665 80 475 
Bin 79: 426 834 634 687 542 867 
Bin 80: 506 496 253 34 260 162 92 
Bin 81: 340 10 837 580 378 236 104 
Bin 82: 682 36 77 767 51 945 414 
Bin 83: 743 284 47 826 891 782 
Bin 84: 545 584 296 330 863 597 
Bin 85: 823 393 252 436 699 646 620 166 
Bin 86: 915 803 254 814 577 664 
Bin 87: 205 893 514 811 312 622 736 
Bin 88: 339 325 97 351 202 407 30 766 
Bin 89: 883 961 938 375 388 838 26 
Bin 90: 616 313 493 316 197 859 61 978 
Bin 91: 193 71 513 485 54 33 
Bin 92: 566 5 483 382 68 455 57 
Bin 93: 583 395 538 128 261 37 
Bin 94: 188 287 528 449 84 
Bin 95: 694 725 247 52 357 582 
Bin 96: 740 982 213 872 246 350 
Bin 97: 876 44 825 968 966 517 884 
Bin 98: 810 777 610 264 94 343 
Bin 99: 706 511 603 150 200 732 830 
Bin 100: 900 15 23 355 379 169 
Bin 101: 520 609 124 571 66 
Bin 102: 423 510 96 120 807 888 
Bin 103: 87 48 933 865 791 714 
Bin 104: 118 711 323 896 550 164 
Bin 105: 701 100 750 79 866 478 427 
Bin 106: 781 556 874 397 934 824 671 
Bin 107: 727 73 994 14 864 20 
Bin 108: 501 410 174 498 86 457 698 
Bin 109: 175 335 735 685 504 500 
Bin 110: 224 55 85 651 983 947 
Bin 111: 121 768 383 109 776 
Bin 112: 515 923 591 836 871 1 
Bin 113: 552 223 757 336 632 615 432 
Bin 114: 428 660 969 695 277 547 380 
Bin 115: 638 199 209 93 529 981 
Bin 116: 125 512 116 640 683 491 
Bin 117: 396 127 562 239 135 
Bin 118: 705 479 842 157 358 45 
Bin 119: 886 349 363 141 384 820 
Bin 120: 352 808 921 920 950 905 
Bin 121: 237 611 348 909 637 619 
Bin 122: 906 165 163 203 295 787 
Bin 123: 463 829 700 314 971 
Bin 124: 926 180 540 771 846 381 565 
Bin 125: 679 957 401 850 167 793 
Bin 126: 587 137 181 792 880 307 
Bin 127: 444 256 421 862 595 996 
Bin 128: 958 267 748 145 492 
Bin 129: 467 327 535 656 90 107 
Bin 130: 17 117 38 435 290 212 989 
Bin 131: 816 618 681 219 269 889 273 
Bin 132: 448 376 345 569 783 
Bin 133: 331 450 11 882 588 895 
Bin 134: 259 654 420 973 765 9 779 
Bin 135: 873 739 943 58 589 
Bin 136: 721 648 319 39 643 598 956 
Bin 137: 303 689 297 912 245 
Bin 138: 12 148 8 274 798 745 
Bin 139: 133 16 249 928 191 531 
Bin 140: 146 544 431 666 703 229 
Bin 141: 225 315 755 353 235 317 
Bin 142: 614 612 669 527 371 391 
Bin 143: 526 251 429 392 878 898 6 
Bin 144: 403 28 413 670 784 702 
Bin 145: 629 724 899 103 663 183 756 
Bin 146: 416 411 911 159 320 931 
Bin 147: 657 586 271 257 819 332 
Bin 148: 999 894 840 986 672 
Bin 149: 83 857 494 662 262 184 553 594 
Bin 150: 856 764 533 546 32 
Bin 151: 944 641 922 469 136 122 
Bin 152: 67 72 18 673 489 919 
Bin 153: 402 639 927 833 570 
Bin 154: 29 27 738 518 713 
Bin 155: 454 832 222 53 990 
