# Objective: 151
# Time: 222.944
# Feasible: 1
# Solution:
Bin 0: 511 10 395 621 612 723 
Bin 1: 749 292 282 459 386 575 613 735 
Bin 2: 684 231 229 116 548 490 
Bin 3: 249 862 284 983 583 765 309 646 
Bin 4: 961 781 674 570 833 222 289 467 637 
Bin 5: 120 980 859 754 199 35 849 391 677 
Bin 6: 65 182 359 446 320 858 457 
Bin 7: 397 349 935 897 751 739 
Bin 8: 168 108 525 286 943 
Bin 9: 887 774 704 780 820 799 
Bin 10: 166 410 411 544 478 706 
Bin 11: 60 623 240 399 387 451 628 
Bin 12: 135 131 123 421 530 118 
Bin 13: 129 627 851 394 531 372 962 840 
Bin 14: 13 78 342 136 407 
Bin 15: 784 363 360 354 944 816 678 728 
Bin 16: 982 778 43 664 832 443 
Bin 17: 460 209 952 14 550 338 
Bin 18: 403 672 655 497 650 333 361 31 
Bin 19: 304 521 974 56 726 597 69 
Bin 20: 59 268 801 933 339 145 626 685 
Bin 21: 715 523 110 503 293 143 
Bin 22: 479 812 337 823 52 248 902 472 566 
Bin 23: 624 881 873 97 356 798 436 
Bin 24: 991 253 679 295 546 
Bin 25: 592 22 301 975 997 971 7 
Bin 26: 331 218 441 767 777 55 200 807 
Bin 27: 245 693 633 347 80 662 560 
Bin 28: 588 903 581 500 582 769 884 461 
Bin 29: 516 368 642 266 670 813 366 782 99 
Bin 30: 687 377 930 291 701 469 343 
Bin 31: 894 827 668 585 518 775 
Bin 32: 502 39 614 288 246 998 
Bin 33: 589 611 58 36 578 45 437 
Bin 34: 824 826 904 576 82 
Bin 35: 563 272 591 458 499 788 699 
Bin 36: 554 571 401 142 828 21 465 376 
Bin 37: 506 535 890 644 77 445 374 
Bin 38: 447 688 771 468 891 707 815 
Bin 39: 201 594 937 752 766 517 
Bin 40: 797 210 463 73 429 435 785 649 321 
Bin 41: 336 610 46 27 885 112 233 344 
Bin 42: 914 311 819 148 450 995 442 663 
Bin 43: 616 90 942 332 300 
Bin 44: 367 803 85 681 543 92 
Bin 45: 640 187 753 448 683 371 
Bin 46: 760 615 51 162 996 822 
Bin 47: 68 72 303 475 18 601 870 417 
Bin 48: 574 271 526 846 114 350 
Bin 49: 682 195 369 796 322 
Bin 50: 416 17 247 227 134 553 117 
Bin 51: 113 532 434 770 970 30 835 
Bin 52: 792 507 235 951 261 485 
Bin 53: 896 945 212 290 732 724 
Bin 54: 140 181 103 312 717 911 697 
Bin 55: 4 540 444 605 154 
Bin 56: 520 604 941 453 768 471 920 755 
Bin 57: 533 759 382 586 972 727 
Bin 58: 211 172 93 957 165 
Bin 59: 133 96 202 208 850 559 761 
Bin 60: 895 314 152 186 28 192 
Bin 61: 70 892 340 279 159 496 
Bin 62: 598 883 509 730 714 744 169 
Bin 63: 239 572 176 968 406 625 242 
Bin 64: 949 528 863 787 383 402 695 568 
Bin 65: 501 602 67 606 61 299 638 
Bin 66: 438 219 734 455 558 743 577 
Bin 67: 482 746 657 335 631 237 126 
Bin 68: 487 908 3 838 197 702 
Bin 69: 567 236 495 462 275 990 
Bin 70: 44 938 617 243 636 8 124 
Bin 71: 867 709 579 353 25 484 
Bin 72: 821 651 415 954 0 105 418 
Bin 73: 802 230 425 969 979 504 345 323 
Bin 74: 620 946 214 936 74 632 963 854 
Bin 75: 837 128 493 860 146 351 238 
Bin 76: 220 871 791 731 917 456 47 
Bin 77: 413 658 316 919 652 62 888 84 
Bin 78: 373 713 358 476 255 763 956 
Bin 79: 232 513 716 328 33 653 748 
Bin 80: 842 278 918 280 66 48 19 
Bin 81: 88 310 758 257 262 916 392 630 
Bin 82: 76 741 690 365 223 330 319 
Bin 83: 927 81 307 671 527 876 
Bin 84: 686 244 538 49 432 430 973 
Bin 85: 703 492 882 488 24 590 
Bin 86: 452 189 866 893 665 515 440 
Bin 87: 153 666 308 38 557 306 389 976 
Bin 88: 480 408 221 648 845 909 
Bin 89: 174 783 994 955 907 393 536 
Bin 90: 529 188 91 100 562 926 
Bin 91: 964 276 57 725 711 
Bin 92: 931 160 264 756 718 269 786 
Bin 93: 924 267 138 9 137 258 
Bin 94: 106 149 839 889 183 510 
Bin 95: 115 719 989 34 380 259 981 
Bin 96: 710 256 198 667 404 297 364 419 
Bin 97: 747 217 721 762 26 967 
Bin 98: 959 325 950 879 643 385 808 641 
Bin 99: 772 75 541 454 122 773 464 
Bin 100: 660 573 561 260 856 825 449 
Bin 101: 161 932 439 216 156 593 
Bin 102: 164 547 184 40 254 102 
Bin 103: 522 132 94 619 141 729 
Bin 104: 596 843 836 811 109 542 
Bin 105: 878 341 127 420 144 151 50 
Bin 106: 555 852 317 375 466 414 869 
Bin 107: 905 514 948 16 661 98 698 
Bin 108: 370 86 880 659 104 
Bin 109: 524 71 281 294 915 23 
Bin 110: 947 167 215 830 861 251 107 
Bin 111: 692 999 426 814 326 505 
Bin 112: 740 318 534 5 378 600 
Bin 113: 539 934 12 789 15 
Bin 114: 481 111 953 988 689 
Bin 115: 427 265 121 669 225 179 486 
Bin 116: 940 551 180 818 618 508 
Bin 117: 923 708 855 346 745 
Bin 118: 776 925 552 779 922 226 
Bin 119: 810 877 700 722 396 241 804 196 
Bin 120: 101 422 844 483 305 853 424 
Bin 121: 348 634 985 398 545 64 928 733 
Bin 122: 277 868 910 207 805 63 647 
Bin 123: 958 696 831 390 622 864 549 
Bin 124: 190 609 89 939 489 829 473 
Bin 125: 865 32 966 607 83 564 
Bin 126: 41 362 157 794 737 960 
Bin 127: 565 79 986 423 978 673 587 234 
Bin 128: 171 790 738 298 874 185 
Bin 129: 170 584 705 158 29 274 742 
Bin 130: 228 645 206 680 906 433 984 
Bin 131: 6 498 409 899 355 263 913 
Bin 132: 676 175 901 388 608 
Bin 133: 42 204 191 193 405 694 
Bin 134: 929 720 296 329 1 412 886 
Bin 135: 477 285 313 20 965 203 
Bin 136: 569 691 494 793 712 795 
Bin 137: 872 629 139 599 848 898 
Bin 138: 993 841 635 556 474 
Bin 139: 519 977 537 54 2 252 
Bin 140: 53 194 809 334 381 764 
Bin 141: 736 987 512 580 352 
Bin 142: 921 205 806 992 178 817 
Bin 143: 173 847 37 270 224 327 491 
Bin 144: 302 912 125 875 177 470 639 
Bin 145: 119 130 324 213 250 
Bin 146: 150 675 900 155 11 800 287 
Bin 147: 357 750 273 315 283 
Bin 148: 757 656 431 603 654 384 
Bin 149: 834 87 857 400 95 
Bin 150: 428 147 163 595 379 
