# Objective: 199
# Time: 4984.21
# Feasible: 1
# Solution:
Bin 0: 324 979 838 733 682 899 
Bin 1: 70 806 222 436 190 676 
Bin 2: 688 864 477 995 710 314 
Bin 3: 166 546 900 976 341 169 
Bin 4: 996 572 10 280 238 767 
Bin 5: 734 175 793 193 308 
Bin 6: 901 545 311 440 740 
Bin 7: 407 199 271 594 536 
Bin 8: 991 575 256 163 34 
Bin 9: 265 281 370 363 600 956 
Bin 10: 764 13 505 
Bin 11: 486 86 670 145 46 
Bin 12: 379 816 343 924 987 
Bin 13: 483 267 813 362 
Bin 14: 941 158 902 334 500 
Bin 15: 953 526 867 851 695 928 
Bin 16: 292 225 21 26 342 
Bin 17: 396 739 502 550 218 
Bin 18: 936 778 305 441 195 
Bin 19: 107 5 738 504 944 627 
Bin 20: 835 81 88 491 951 
Bin 21: 824 359 906 128 
Bin 22: 744 917 474 358 97 
Bin 23: 938 360 729 375 399 945 
Bin 24: 187 58 47 957 841 
Bin 25: 749 712 366 986 400 635 
Bin 26: 608 959 101 432 384 289 
Bin 27: 262 233 431 940 831 
Bin 28: 776 102 108 65 
Bin 29: 361 301 478 456 11 
Bin 30: 723 241 681 180 853 
Bin 31: 704 283 727 618 388 814 
Bin 32: 446 972 328 12 
Bin 33: 633 854 783 856 288 409 
Bin 34: 920 937 493 581 425 32 
Bin 35: 788 588 868 252 947 237 
Bin 36: 522 153 912 7 528 
Bin 37: 982 889 703 429 675 
Bin 38: 980 919 350 641 14 
Bin 39: 585 151 609 781 650 349 
Bin 40: 31 134 291 357 966 
Bin 41: 973 537 404 667 993 471 
Bin 42: 527 939 645 869 655 
Bin 43: 895 120 472 751 479 
Bin 44: 122 332 249 804 622 
Bin 45: 529 351 878 586 294 
Bin 46: 330 847 532 861 821 
Bin 47: 367 9 968 543 268 
Bin 48: 708 227 179 725 762 983 
Bin 49: 371 519 401 943 886 
Bin 50: 162 509 752 770 612 930 
Bin 51: 621 160 79 654 100 
Bin 52: 112 25 482 837 33 
Bin 53: 131 54 203 191 354 
Bin 54: 722 604 721 313 715 
Bin 55: 786 674 498 488 736 
Bin 56: 217 497 457 811 1 
Bin 57: 771 186 748 967 780 
Bin 58: 136 636 606 933 127 
Bin 59: 828 468 657 970 978 466 
Bin 60: 724 542 415 894 559 
Bin 61: 975 402 424 208 309 
Bin 62: 44 602 449 512 628 492 
Bin 63: 815 547 109 
Bin 64: 323 647 787 326 17 
Bin 65: 245 922 768 858 204 
Bin 66: 51 524 104 958 992 385 
Bin 67: 561 6 595 653 803 
Bin 68: 434 77 161 80 857 
Bin 69: 295 279 61 792 
Bin 70: 391 964 860 230 742 
Bin 71: 965 694 533 452 765 
Bin 72: 684 75 642 185 620 480 
Bin 73: 998 610 52 989 146 
Bin 74: 825 172 949 797 176 376 
Bin 75: 769 15 382 198 876 
Bin 76: 569 881 210 932 817 287 
Bin 77: 623 113 150 564 325 138 
Bin 78: 485 687 318 443 977 98 
Bin 79: 416 36 132 200 
Bin 80: 865 56 345 221 207 
Bin 81: 859 40 377 720 637 
Bin 82: 444 152 897 284 458 
Bin 83: 261 439 773 631 405 
Bin 84: 201 850 67 921 84 433 
Bin 85: 406 57 873 630 338 701 
Bin 86: 732 333 348 124 807 
Bin 87: 927 231 518 27 730 
Bin 88: 759 862 182 789 66 
Bin 89: 226 285 661 800 
Bin 90: 570 649 322 823 999 
Bin 91: 888 297 398 156 870 
Bin 92: 22 494 243 178 154 174 
Bin 93: 593 651 985 960 378 
Bin 94: 224 656 890 4 910 
Bin 95: 45 35 517 896 296 
Bin 96: 678 871 946 159 
Bin 97: 624 430 254 818 115 
Bin 98: 874 76 278 408 891 
Bin 99: 49 988 167 219 335 
Bin 100: 173 626 215 137 462 
Bin 101: 310 30 705 971 110 511 
Bin 102: 99 948 273 887 454 698 931 
Bin 103: 880 403 664 756 266 
Bin 104: 147 802 513 259 598 
Bin 105: 392 126 754 539 
Bin 106: 236 165 555 852 206 469 
Bin 107: 143 805 82 578 808 
Bin 108: 41 848 275 700 634 417 
Bin 109: 205 822 962 832 507 234 
Bin 110: 55 196 743 282 882 
Bin 111: 476 125 898 510 353 
Bin 112: 184 194 48 775 914 904 
Bin 113: 331 668 574 506 731 855 
Bin 114: 794 916 582 697 625 
Bin 115: 442 470 782 247 114 
Bin 116: 213 845 883 913 
Bin 117: 942 766 746 652 760 
Bin 118: 489 63 307 352 183 
Bin 119: 665 747 619 89 484 
Bin 120: 843 390 411 246 663 272 
Bin 121: 495 791 37 73 911 
Bin 122: 303 801 833 413 
Bin 123: 129 28 567 872 423 683 
Bin 124: 96 662 589 632 
Bin 125: 540 437 984 119 761 
Bin 126: 372 42 796 465 714 
Bin 127: 164 846 189 562 758 290 
Bin 128: 130 300 997 840 685 
Bin 129: 327 834 220 558 644 
Bin 130: 251 317 597 809 836 168 
Bin 131: 531 355 260 374 
Bin 132: 607 78 755 557 24 
Bin 133: 508 395 590 393 918 
Bin 134: 499 777 93 955 
Bin 135: 741 177 418 240 453 693 
Bin 136: 915 580 884 501 50 263 
Bin 137: 719 459 798 757 496 53 
Bin 138: 142 90 302 530 774 
Bin 139: 133 412 690 0 568 
Bin 140: 253 60 209 450 
Bin 141: 646 877 810 826 475 
Bin 142: 62 315 103 171 565 779 
Bin 143: 554 276 716 745 298 
Bin 144: 820 202 139 515 72 772 
Bin 145: 709 463 229 750 427 105 
Bin 146: 963 677 603 422 397 
Bin 147: 235 516 373 935 337 223 
Bin 148: 790 216 605 340 447 
Bin 149: 117 893 239 39 304 
Bin 150: 553 2 819 144 389 
Bin 151: 64 673 394 91 702 
Bin 152: 659 584 981 487 707 
Bin 153: 611 336 599 643 875 257 
Bin 154: 59 181 71 473 
Bin 155: 885 692 320 903 214 
Bin 156: 923 155 706 990 118 
Bin 157: 974 601 866 544 812 
Bin 158: 364 907 460 950 520 
Bin 159: 346 464 514 577 445 
Bin 160: 20 467 255 250 68 
Bin 161: 648 435 587 842 316 
Bin 162: 549 713 541 293 
Bin 163: 8 563 277 
Bin 164: 658 344 560 576 347 141 
Bin 165: 925 29 671 879 691 
Bin 166: 428 592 753 248 613 617 
Bin 167: 538 686 711 312 
Bin 168: 426 461 566 
Bin 169: 909 356 614 170 321 
Bin 170: 994 383 503 929 95 
Bin 171: 908 830 763 961 905 
Bin 172: 121 952 387 269 839 
Bin 173: 455 192 140 369 
Bin 174: 699 69 535 286 
Bin 175: 94 38 583 629 
Bin 176: 87 212 188 197 490 
Bin 177: 548 244 525 696 827 
Bin 178: 381 669 414 339 638 
Bin 179: 92 270 83 615 
Bin 180: 573 926 19 551 420 
Bin 181: 380 74 23 258 
Bin 182: 448 829 410 
Bin 183: 672 728 521 726 784 
Bin 184: 306 954 211 
Bin 185: 969 365 640 737 421 
Bin 186: 85 680 368 591 
Bin 187: 556 232 534 123 717 
Bin 188: 111 43 3 799 689 
Bin 189: 571 157 666 18 718 
Bin 190: 228 148 785 596 
Bin 191: 523 849 419 451 
Bin 192: 274 135 863 106 
Bin 193: 264 735 242 579 
Bin 194: 438 386 116 481 
Bin 195: 844 149 892 660 
Bin 196: 16 639 
Bin 197: 616 299 679 319 552 
Bin 198: 329 795 934 
