# Objective: 151
# Time: 468.777
# Feasible: 1
# Solution:
Bin 0: 109 731 62 586 110 113 249 
Bin 1: 72 938 543 980 322 639 289 
Bin 2: 852 602 627 778 533 927 939 
Bin 3: 954 81 935 155 428 
Bin 4: 272 349 317 790 152 654 
Bin 5: 799 693 185 192 783 782 861 
Bin 6: 388 578 969 513 521 640 990 
Bin 7: 20 124 749 264 596 95 
Bin 8: 853 769 471 27 251 968 989 
Bin 9: 956 337 226 397 465 505 897 
Bin 10: 623 995 837 255 825 647 
Bin 11: 67 446 526 455 343 78 
Bin 12: 297 168 506 391 519 598 574 422 
Bin 13: 720 54 133 700 522 600 290 
Bin 14: 854 292 30 726 421 485 48 
Bin 15: 907 178 567 909 977 285 131 668 
Bin 16: 430 104 973 365 890 470 496 
Bin 17: 83 164 361 302 39 345 595 793 
Bin 18: 697 11 350 549 710 891 787 315 
Bin 19: 241 736 147 371 687 100 384 498 
Bin 20: 240 669 50 336 24 975 
Bin 21: 90 426 263 509 507 
Bin 22: 0 431 474 321 865 326 457 
Bin 23: 171 200 294 661 44 16 
Bin 24: 279 571 746 414 721 274 518 296 
Bin 25: 552 982 641 199 744 676 26 
Bin 26: 764 806 112 703 234 142 
Bin 27: 955 284 230 811 941 719 756 
Bin 28: 576 866 482 887 469 611 894 
Bin 29: 605 830 603 776 671 550 833 
Bin 30: 437 34 547 261 588 239 
Bin 31: 597 648 260 3 114 610 901 
Bin 32: 293 449 612 619 38 642 
Bin 33: 971 633 193 126 278 257 
Bin 34: 899 862 49 332 713 845 
Bin 35: 816 733 886 399 222 709 577 
Bin 36: 494 992 2 472 271 678 532 
Bin 37: 912 635 314 64 827 339 191 
Bin 38: 415 286 37 333 456 80 195 
Bin 39: 914 308 964 850 691 847 594 
Bin 40: 91 216 682 516 318 759 21 
Bin 41: 265 348 160 382 17 775 366 741 
Bin 42: 218 196 372 213 436 584 
Bin 43: 536 312 220 718 85 
Bin 44: 1 761 740 427 945 838 
Bin 45: 725 466 403 772 979 634 
Bin 46: 500 144 329 132 616 765 
Bin 47: 685 15 381 353 453 123 205 
Bin 48: 701 566 439 7 223 6 562 559 
Bin 49: 832 338 824 834 262 46 
Bin 50: 900 839 810 625 451 
Bin 51: 45 836 232 116 319 383 
Bin 52: 137 541 818 323 228 370 75 
Bin 53: 158 953 281 660 823 
Bin 54: 916 638 766 753 159 613 97 
Bin 55: 805 877 47 433 187 463 767 
Bin 56: 127 672 529 652 644 618 
Bin 57: 662 728 974 530 607 119 
Bin 58: 514 70 82 511 714 94 
Bin 59: 407 499 33 346 561 632 821 481 
Bin 60: 796 98 490 747 180 347 313 
Bin 61: 972 932 275 484 73 379 
Bin 62: 475 139 35 734 479 141 236 450 
Bin 63: 357 553 999 848 729 432 
Bin 64: 327 920 276 646 476 320 
Bin 65: 976 936 846 380 882 359 860 792 
Bin 66: 551 599 560 829 198 808 
Bin 67: 277 637 440 804 179 739 334 
Bin 68: 23 570 707 737 966 417 
Bin 69: 176 892 925 503 393 984 92 
Bin 70: 108 74 542 723 762 858 88 
Bin 71: 410 815 376 161 32 489 
Bin 72: 889 802 795 229 151 444 305 
Bin 73: 957 231 922 219 748 254 
Bin 74: 71 705 68 148 340 917 55 
Bin 75: 492 983 117 755 859 504 949 
Bin 76: 942 947 777 183 331 400 997 
Bin 77: 649 531 788 473 386 129 883 
Bin 78: 121 197 120 270 235 770 96 
Bin 79: 910 664 960 615 780 779 
Bin 80: 31 12 867 215 210 202 52 929 
Bin 81: 828 162 138 508 948 143 751 362 
Bin 82: 655 103 931 546 622 856 84 
Bin 83: 170 763 118 66 785 468 480 
Bin 84: 991 295 857 813 680 620 650 
Bin 85: 419 404 908 851 477 237 
Bin 86: 309 924 944 273 445 840 791 
Bin 87: 56 86 841 967 819 406 268 
Bin 88: 754 79 835 184 266 645 880 
Bin 89: 173 344 959 732 288 224 206 351 807 
Bin 90: 458 355 405 629 895 690 587 93 
Bin 91: 316 387 981 247 708 
Bin 92: 527 606 134 467 978 683 
Bin 93: 667 233 493 111 394 300 663 
Bin 94: 13 724 172 369 201 659 256 
Bin 95: 704 582 873 227 565 952 
Bin 96: 674 919 204 863 628 61 434 
Bin 97: 817 926 589 459 150 194 452 41 
Bin 98: 57 252 809 341 153 958 
Bin 99: 844 698 225 130 156 946 299 487 
Bin 100: 99 253 298 563 870 328 
Bin 101: 665 738 643 203 140 670 310 
Bin 102: 174 868 209 896 354 
Bin 103: 454 752 510 874 188 258 608 
Bin 104: 122 604 413 411 760 69 568 
Bin 105: 696 283 876 9 987 8 
Bin 106: 535 149 525 928 706 60 888 
Bin 107: 59 335 781 245 89 528 
Bin 108: 364 136 653 443 242 128 768 
Bin 109: 462 951 903 572 360 826 
Bin 110: 243 656 849 716 686 904 677 
Bin 111: 774 831 557 488 486 58 
Bin 112: 730 106 51 681 915 280 820 
Bin 113: 812 564 441 208 177 512 105 
Bin 114: 988 515 673 940 115 501 269 
Bin 115: 495 631 125 154 367 
Bin 116: 985 165 18 537 189 282 291 
Bin 117: 722 548 998 869 902 402 214 
Bin 118: 965 689 875 502 22 993 798 
Bin 119: 544 303 545 885 40 186 
Bin 120: 573 287 4 913 442 950 460 
Bin 121: 42 970 377 921 447 464 342 358 
Bin 122: 368 392 963 717 483 715 429 
Bin 123: 497 416 539 396 435 986 585 
Bin 124: 375 803 937 930 745 743 675 207 
Bin 125: 520 636 146 540 491 684 
Bin 126: 758 87 797 363 395 25 244 
Bin 127: 324 554 893 771 794 145 555 
Bin 128: 398 267 29 538 855 590 250 
Bin 129: 517 569 666 175 76 
Bin 130: 307 592 63 556 43 
Bin 131: 934 872 330 626 385 801 
Bin 132: 911 166 800 259 583 630 
Bin 133: 424 325 906 409 311 881 822 
Bin 134: 658 306 102 374 814 
Bin 135: 190 107 101 167 695 
Bin 136: 580 789 711 918 77 238 
Bin 137: 523 169 65 742 408 352 712 420 
Bin 138: 575 301 14 923 221 
Bin 139: 996 961 871 304 591 
Bin 140: 773 10 558 378 135 418 933 356 898 
Bin 141: 373 581 246 534 699 412 28 
Bin 142: 448 617 390 212 688 
Bin 143: 579 157 609 727 181 425 
Bin 144: 694 478 211 5 943 621 
Bin 145: 36 994 423 784 614 401 
Bin 146: 217 735 593 842 884 
Bin 147: 692 750 389 163 182 
Bin 148: 248 601 962 843 651 
Bin 149: 461 438 879 757 864 657 702 
Bin 150: 524 53 19 878 786 679 905 624 
