# Objective: 20
# Time: 4.06531
# Feasible: 1
# Solution:
Bin 0: 13 46 60 38 96 97 
Bin 1: 99 114 29 41 103 
Bin 2: 25 63 107 39 67 17 31 106 
Bin 3: 90 88 105 102 50 62 
Bin 4: 80 52 30 19 115 
Bin 5: 43 111 51 113 110 104 
Bin 6: 119 36 10 48 53 12 
Bin 7: 82 68 1 21 3 89 
Bin 8: 33 14 9 70 15 95 
Bin 9: 66 61 109 79 117 
Bin 10: 6 108 83 40 37 72 23 
Bin 11: 85 69 116 35 8 91 
Bin 12: 56 45 34 59 76 7 
Bin 13: 4 93 27 2 94 49 
Bin 14: 54 28 16 84 64 118 
Bin 15: 0 77 65 101 42 18 
Bin 16: 73 22 47 86 100 26 
Bin 17: 20 44 87 58 11 112 71 
Bin 18: 24 55 74 92 98 78 
Bin 19: 32 5 75 81 57 
