# Objective: 20
# Time: 3.20446
# Feasible: 1
# Solution:
Bin 0: 44 57 111 13 58 118 8 
Bin 1: 23 81 114 53 48 61 60 
Bin 2: 93 11 33 69 36 78 
Bin 3: 30 92 68 2 110 50 51 
Bin 4: 21 70 105 117 103 63 106 
Bin 5: 85 56 37 10 45 
Bin 6: 14 72 99 107 26 29 64 
Bin 7: 25 115 109 80 83 101 
Bin 8: 9 49 65 94 
Bin 9: 87 40 16 79 54 42 
Bin 10: 19 32 3 46 27 7 
Bin 11: 62 52 1 98 88 
Bin 12: 34 76 95 90 15 17 
Bin 13: 73 91 67 55 74 75 
Bin 14: 89 18 77 43 112 6 
Bin 15: 100 119 113 35 38 0 
Bin 16: 22 102 39 84 71 
Bin 17: 41 96 5 31 97 116 
Bin 18: 47 108 24 104 82 59 
Bin 19: 28 20 86 4 12 66 
