# Objective: 78
# Time: 37.6592
# Feasible: 1
# Solution:
Bin 0: 303 89 400 171 132 120 450 
Bin 1: 66 172 376 258 360 454 290 7 
Bin 2: 3 425 268 222 456 130 1 278 98 
Bin 3: 135 190 181 81 432 224 77 
Bin 4: 233 368 186 353 177 295 
Bin 5: 388 348 279 86 60 359 
Bin 6: 330 211 408 33 389 498 
Bin 7: 372 10 463 477 143 465 
Bin 8: 339 62 334 157 69 384 474 
Bin 9: 22 221 39 234 44 92 373 
Bin 10: 176 155 117 272 80 346 385 193 
Bin 11: 321 484 369 497 354 17 
Bin 12: 421 261 229 200 404 13 
Bin 13: 347 127 328 297 266 160 
Bin 14: 54 97 414 166 110 25 476 
Bin 15: 94 489 305 281 124 475 
Bin 16: 131 212 340 487 35 65 472 
Bin 17: 5 245 180 56 352 29 
Bin 18: 108 142 84 424 256 276 458 
Bin 19: 343 315 247 264 417 192 440 
Bin 20: 467 184 478 136 191 0 
Bin 21: 175 246 228 483 382 48 429 
Bin 22: 267 34 448 349 214 151 248 
Bin 23: 257 310 106 437 392 291 71 
Bin 24: 183 83 96 28 95 37 146 
Bin 25: 147 457 367 235 230 312 99 275 
Bin 26: 378 452 292 371 394 188 
Bin 27: 413 307 9 57 263 154 
Bin 28: 137 318 197 63 379 304 
Bin 29: 104 284 406 446 403 129 159 344 
Bin 30: 480 23 479 134 51 
Bin 31: 161 40 238 415 198 52 100 
Bin 32: 391 148 8 375 2 387 68 
Bin 33: 113 355 422 410 32 341 466 
Bin 34: 345 26 342 150 185 271 370 
Bin 35: 296 133 471 165 273 203 
Bin 36: 324 30 494 396 72 306 
Bin 37: 445 195 438 251 357 31 74 27 
Bin 38: 285 153 162 262 401 326 420 
Bin 39: 141 416 47 350 313 398 363 
Bin 40: 36 482 58 412 289 461 411 433 
Bin 41: 300 126 121 43 460 407 473 
Bin 42: 216 485 139 168 316 356 418 
Bin 43: 293 206 102 174 244 
Bin 44: 374 243 109 46 242 
Bin 45: 361 274 405 225 286 78 
Bin 46: 428 329 451 88 128 107 
Bin 47: 237 210 299 82 240 41 55 
Bin 48: 493 442 11 254 491 434 
Bin 49: 255 194 431 314 38 79 61 
Bin 50: 364 173 202 19 393 199 
Bin 51: 282 486 449 138 182 59 
Bin 52: 325 50 53 15 302 6 
Bin 53: 231 201 362 20 419 4 
Bin 54: 158 112 75 288 105 443 
Bin 55: 435 298 470 283 397 213 
Bin 56: 430 322 14 239 423 144 
Bin 57: 294 402 399 338 21 170 223 
Bin 58: 447 209 335 381 259 45 
Bin 59: 208 189 481 125 207 90 
Bin 60: 337 219 253 236 145 116 
Bin 61: 365 70 169 123 277 49 
Bin 62: 495 269 331 119 260 204 
Bin 63: 395 42 111 252 390 24 
Bin 64: 241 215 67 469 323 
Bin 65: 196 386 332 115 218 205 409 464 152 
Bin 66: 462 453 118 287 499 156 327 
Bin 67: 427 333 358 114 73 
Bin 68: 178 459 492 226 140 249 
Bin 69: 320 383 164 270 265 
Bin 70: 227 439 64 455 16 
Bin 71: 232 12 87 380 103 93 122 
Bin 72: 351 76 301 179 18 444 
Bin 73: 217 336 309 250 280 490 
Bin 74: 496 317 220 311 377 167 
Bin 75: 308 468 366 488 149 319 
Bin 76: 91 187 441 101 85 
Bin 77: 163 426 436 
