# Objective: 38
# Time: 5.03143
# Feasible: 1
# Solution:
Bin 0: 181 114 58 85 4 184 
Bin 1: 146 89 142 72 68 135 214 221 140 
Bin 2: 225 97 6 48 75 74 
Bin 3: 171 211 53 125 86 50 14 
Bin 4: 105 104 76 141 173 127 28 8 
Bin 5: 37 106 219 185 92 
Bin 6: 18 205 99 209 236 69 246 83 
Bin 7: 227 201 235 238 43 128 66 
Bin 8: 40 243 226 41 178 
Bin 9: 207 47 143 215 39 145 
Bin 10: 150 121 100 93 191 21 134 
Bin 11: 51 249 131 188 115 16 
Bin 12: 22 95 133 124 118 111 
Bin 13: 112 137 199 218 208 35 166 
Bin 14: 153 109 217 19 120 52 200 
Bin 15: 17 244 162 96 230 81 
Bin 16: 203 197 79 165 27 
Bin 17: 144 84 147 233 176 167 224 179 
Bin 18: 245 33 169 152 189 10 192 117 
Bin 19: 156 0 73 102 57 9 
Bin 20: 36 25 15 193 164 155 64 
Bin 21: 237 1 98 231 70 88 204 
Bin 22: 103 241 63 170 113 182 
Bin 23: 61 67 23 129 42 44 
Bin 24: 223 160 116 138 123 30 
Bin 25: 190 122 177 119 56 94 
Bin 26: 126 90 172 216 242 186 
Bin 27: 212 38 34 206 71 130 11 139 
Bin 28: 110 202 148 108 3 180 158 
Bin 29: 65 168 247 13 2 45 49 194 
Bin 30: 62 149 20 5 157 163 
Bin 31: 183 220 29 107 210 46 
Bin 32: 60 7 195 91 132 24 
Bin 33: 248 159 196 232 82 136 
Bin 34: 32 59 31 154 175 151 234 222 
Bin 35: 12 87 54 26 213 240 161 
Bin 36: 239 77 187 229 55 
Bin 37: 80 198 228 101 78 174 
