# Objective: 18
# Time: 2.52065
# Feasible: 1
# Solution:
Bin 0: 86 32 98 19 60 76 80 21 
Bin 1: 71 116 92 56 54 26 
Bin 2: 7 24 31 89 117 13 63 100 103 
Bin 3: 35 110 109 16 105 1 14 90 73 
Bin 4: 33 28 97 64 69 6 40 57 37 
Bin 5: 75 36 20 113 87 61 
Bin 6: 111 30 108 67 44 62 48 
Bin 7: 49 51 18 112 55 101 
Bin 8: 8 79 99 66 59 58 
Bin 9: 25 38 83 102 95 106 
Bin 10: 0 96 17 114 46 91 82 5 2 
Bin 11: 27 70 65 74 53 78 43 
Bin 12: 10 84 72 4 77 9 
Bin 13: 41 104 47 93 52 
Bin 14: 94 29 88 81 42 
Bin 15: 23 68 119 34 22 118 
Bin 16: 15 107 115 11 85 50 45 
Bin 17: 12 3 39 
