# Objective: 18
# Time: 3.33361
# Feasible: 1
# Solution:
Bin 0: 53 62 61 11 89 9 113 118 
Bin 1: 10 68 7 32 4 52 114 
Bin 2: 43 100 38 75 104 3 59 
Bin 3: 76 37 50 33 88 57 
Bin 4: 99 34 67 119 27 
Bin 5: 112 74 24 1 65 21 0 91 
Bin 6: 64 39 111 28 31 77 103 29 
Bin 7: 96 63 80 60 49 20 45 
Bin 8: 23 106 84 41 79 97 46 
Bin 9: 95 85 98 22 94 92 
Bin 10: 86 81 78 26 36 30 
Bin 11: 25 90 107 69 115 56 93 
Bin 12: 109 102 82 83 42 5 40 55 
Bin 13: 70 116 101 14 13 66 
Bin 14: 110 2 44 51 58 18 
Bin 15: 73 47 6 54 15 17 
Bin 16: 35 71 8 12 105 
Bin 17: 87 19 117 48 108 16 72 
