# Objective: 153
# Time: 434.784
# Feasible: 1
# Solution:
Bin 0: 45 513 587 675 805 839 
Bin 1: 872 297 770 347 912 16 616 
Bin 2: 687 937 241 783 644 972 856 251 
Bin 3: 216 914 309 545 636 74 842 
Bin 4: 611 703 543 438 700 198 
Bin 5: 235 103 883 33 403 998 
Bin 6: 566 782 196 474 573 533 
Bin 7: 860 225 571 454 964 790 859 
Bin 8: 558 973 466 943 940 25 34 
Bin 9: 967 425 329 886 240 802 
Bin 10: 847 94 516 536 50 140 
Bin 11: 321 590 633 875 186 535 
Bin 12: 510 280 681 346 548 167 988 
Bin 13: 652 599 42 725 15 177 736 
Bin 14: 455 979 819 72 182 733 267 900 
Bin 15: 592 913 487 579 823 252 4 
Bin 16: 755 975 105 303 983 305 73 57 501 
Bin 17: 608 31 901 638 361 816 392 
Bin 18: 569 35 814 868 773 54 689 
Bin 19: 394 237 666 444 968 220 
Bin 20: 129 711 694 993 120 204 575 
Bin 21: 288 461 969 247 497 
Bin 22: 24 615 343 242 853 723 
Bin 23: 415 682 966 412 416 385 794 
Bin 24: 239 489 17 234 598 525 60 
Bin 25: 568 707 910 848 448 623 
Bin 26: 32 334 262 657 146 604 540 
Bin 27: 411 739 339 631 693 714 934 
Bin 28: 181 502 670 499 20 
Bin 29: 528 190 492 952 991 399 710 
Bin 30: 125 458 787 351 661 170 
Bin 31: 737 527 155 336 728 7 938 
Bin 32: 581 450 668 193 716 715 445 
Bin 33: 233 228 741 381 989 
Bin 34: 364 77 38 211 257 841 908 
Bin 35: 648 869 500 530 858 985 320 
Bin 36: 104 409 583 102 452 19 630 456 451 
Bin 37: 295 475 837 260 876 726 
Bin 38: 203 439 131 765 935 866 307 
Bin 39: 322 705 65 797 685 503 209 
Bin 40: 546 580 690 724 826 684 
Bin 41: 960 325 226 90 521 396 585 
Bin 42: 53 768 793 245 55 22 679 
Bin 43: 537 96 556 942 915 920 
Bin 44: 639 595 107 115 655 956 880 380 
Bin 45: 68 272 264 256 680 368 718 
Bin 46: 554 213 642 567 210 202 626 
Bin 47: 147 650 85 95 792 40 
Bin 48: 358 18 166 191 658 955 603 
Bin 49: 429 778 918 423 570 922 845 688 
Bin 50: 338 780 310 646 159 520 201 
Bin 51: 447 150 889 977 367 377 836 468 758 
Bin 52: 619 184 808 436 743 268 
Bin 53: 293 207 517 83 126 127 153 
Bin 54: 930 905 335 86 484 476 
Bin 55: 350 372 276 577 273 250 
Bin 56: 667 547 46 634 810 229 871 
Bin 57: 512 907 180 896 175 143 286 
Bin 58: 231 578 696 89 283 434 
Bin 59: 635 152 0 362 534 713 
Bin 60: 453 974 222 81 277 108 865 
Bin 61: 440 331 290 982 375 735 
Bin 62: 112 947 561 483 699 327 
Bin 63: 200 430 183 542 729 459 931 
Bin 64: 284 653 59 822 97 61 
Bin 65: 701 702 917 359 529 686 76 
Bin 66: 803 898 965 621 145 709 248 
Bin 67: 139 205 292 885 999 672 
Bin 68: 87 878 382 317 275 449 169 
Bin 69: 116 996 662 285 387 352 731 
Bin 70: 600 825 12 628 505 478 
Bin 71: 389 71 164 255 791 496 698 
Bin 72: 294 357 337 774 507 588 435 
Bin 73: 890 784 371 398 219 2 154 
Bin 74: 990 669 75 708 480 36 395 
Bin 75: 760 353 647 929 806 457 224 58 298 
Bin 76: 446 41 279 178 981 953 149 
Bin 77: 941 366 721 674 555 643 851 
Bin 78: 622 732 432 365 173 712 745 
Bin 79: 374 640 47 576 188 63 762 
Bin 80: 834 553 363 695 168 199 
Bin 81: 356 99 676 271 928 11 511 
Bin 82: 563 397 314 463 614 887 
Bin 83: 894 734 738 418 323 138 980 
Bin 84: 221 470 98 923 840 925 
Bin 85: 884 185 660 801 612 
Bin 86: 66 870 270 406 867 809 
Bin 87: 949 562 165 171 274 312 
Bin 88: 472 838 354 100 812 656 
Bin 89: 332 992 462 921 939 963 88 
Bin 90: 301 895 300 927 950 691 
Bin 91: 123 48 402 134 862 254 817 
Bin 92: 194 957 208 433 291 904 514 
Bin 93: 6 156 788 43 771 828 586 
Bin 94: 800 467 574 683 391 135 413 
Bin 95: 877 798 832 706 384 494 593 319 
Bin 96: 749 961 482 151 986 882 
Bin 97: 557 651 697 195 414 719 752 
Bin 98: 881 419 916 649 926 911 
Bin 99: 263 67 906 306 137 311 
Bin 100: 833 265 863 187 9 109 
Bin 101: 777 756 824 326 891 873 
Bin 102: 324 261 340 629 864 70 
Bin 103: 591 597 214 410 625 238 
Bin 104: 330 52 26 114 23 704 
Bin 105: 746 509 854 281 924 163 460 287 
Bin 106: 401 879 141 665 92 379 79 
Bin 107: 122 400 919 601 441 253 
Bin 108: 748 192 962 422 759 722 776 
Bin 109: 948 899 408 421 304 119 
Bin 110: 296 244 101 818 524 490 664 
Bin 111: 344 978 370 813 893 835 
Bin 112: 302 523 427 278 179 627 564 
Bin 113: 821 51 308 212 997 215 
Bin 114: 407 82 266 761 218 
Bin 115: 518 157 744 44 804 994 160 
Bin 116: 56 13 39 246 552 933 624 
Bin 117: 659 602 106 1 78 
Bin 118: 849 618 148 110 620 8 27 
Bin 119: 491 417 161 843 539 946 
Bin 120: 609 852 717 469 236 757 289 
Bin 121: 62 584 10 464 37 471 
Bin 122: 772 142 594 753 174 995 
Bin 123: 269 349 519 596 559 807 428 
Bin 124: 91 383 799 888 544 617 
Bin 125: 227 249 987 259 111 796 
Bin 126: 424 673 49 136 258 316 
Bin 127: 789 223 549 230 831 243 118 
Bin 128: 531 632 442 550 360 751 
Bin 129: 217 355 345 369 84 124 
Bin 130: 605 172 779 932 405 944 763 
Bin 131: 970 315 473 663 121 5 767 
Bin 132: 607 820 426 386 133 830 
Bin 133: 515 637 29 754 857 
Bin 134: 730 541 551 388 677 508 
Bin 135: 479 829 610 342 318 692 390 
Bin 136: 936 420 232 348 742 
Bin 137: 130 162 785 477 903 282 846 
Bin 138: 481 80 3 328 485 786 341 
Bin 139: 206 488 506 747 333 811 
Bin 140: 14 373 766 874 971 815 
Bin 141: 959 128 606 197 443 393 827 
Bin 142: 113 727 671 855 951 560 
Bin 143: 769 176 795 645 158 313 93 
Bin 144: 976 495 378 437 775 493 
Bin 145: 902 431 750 565 538 
Bin 146: 654 892 909 526 945 861 
Bin 147: 28 850 720 117 486 532 
Bin 148: 144 613 678 582 572 132 
Bin 149: 498 844 958 522 641 
Bin 150: 30 21 504 781 465 
Bin 151: 954 984 376 64 404 189 
Bin 152: 589 69 299 764 897 740 
