# Objective: 47
# Time: 12.2032
# Feasible: 1
# Solution:
Bin 0: 134 16 222 136 189 
Bin 1: 210 246 25 162 78 212 
Bin 2: 107 201 99 178 80 
Bin 3: 29 126 88 174 197 17 
Bin 4: 154 43 70 36 233 244 
Bin 5: 66 240 183 12 234 150 
Bin 6: 108 55 230 186 198 14 
Bin 7: 61 2 24 209 41 
Bin 8: 68 143 13 90 58 211 
Bin 9: 155 235 1 92 200 
Bin 10: 127 104 37 23 205 
Bin 11: 113 128 145 142 243 
Bin 12: 163 73 110 65 77 
Bin 13: 69 28 135 185 139 
Bin 14: 176 227 229 217 30 
Bin 15: 8 160 60 82 195 
Bin 16: 239 242 177 245 
Bin 17: 47 237 121 3 106 42 
Bin 18: 93 238 7 53 83 52 
Bin 19: 76 102 218 117 27 193 
Bin 20: 81 49 63 194 206 
Bin 21: 159 20 5 152 181 26 
Bin 22: 204 44 111 232 149 
Bin 23: 166 33 131 120 48 187 
Bin 24: 147 236 188 202 10 91 
Bin 25: 219 35 225 161 182 72 
Bin 26: 220 98 39 196 148 
Bin 27: 124 62 87 21 4 
Bin 28: 18 158 115 175 231 54 
Bin 29: 216 46 103 125 130 
Bin 30: 203 241 50 15 19 
Bin 31: 190 79 249 59 164 
Bin 32: 71 64 247 118 132 
Bin 33: 122 151 223 214 95 
Bin 34: 157 100 101 84 38 141 228 
Bin 35: 119 57 140 97 96 32 226 
Bin 36: 74 116 85 75 109 
Bin 37: 0 144 86 168 133 6 
Bin 38: 11 153 137 156 208 
Bin 39: 172 34 180 224 191 
Bin 40: 138 184 114 173 
Bin 41: 179 192 215 123 248 
Bin 42: 129 146 22 89 165 
Bin 43: 167 56 9 171 199 51 
Bin 44: 67 94 213 105 207 
Bin 45: 40 112 221 170 
Bin 46: 169 45 31 
