# Objective: 153
# Time: 301.43
# Feasible: 1
# Solution:
Bin 0: 508 360 410 311 972 315 438 
Bin 1: 276 644 141 343 81 159 577 
Bin 2: 881 94 287 45 696 272 21 
Bin 3: 515 90 289 11 973 938 
Bin 4: 684 484 923 67 396 884 777 
Bin 5: 897 709 425 628 56 353 313 
Bin 6: 758 350 294 603 385 496 887 689 
Bin 7: 150 204 375 162 267 980 487 785 
Bin 8: 235 443 719 104 270 
Bin 9: 882 400 98 544 377 814 
Bin 10: 334 15 371 356 9 183 
Bin 11: 564 102 868 237 365 889 
Bin 12: 427 361 555 950 12 637 954 
Bin 13: 279 621 188 828 401 182 759 473 
Bin 14: 87 539 716 547 780 794 60 
Bin 15: 169 766 376 813 501 620 737 308 
Bin 16: 458 796 402 176 91 
Bin 17: 125 849 997 73 326 246 686 708 
Bin 18: 817 40 912 963 42 981 631 
Bin 19: 152 910 986 355 364 652 110 682 
Bin 20: 229 121 193 520 28 987 
Bin 21: 734 744 69 724 99 436 497 
Bin 22: 86 783 538 265 250 
Bin 23: 712 124 677 528 775 194 
Bin 24: 641 234 207 271 739 
Bin 25: 345 495 423 214 653 634 600 
Bin 26: 79 6 726 339 824 629 720 398 
Bin 27: 525 609 0 428 445 74 111 627 
Bin 28: 618 286 134 701 786 189 215 
Bin 29: 64 793 248 531 549 738 100 
Bin 30: 432 729 135 681 25 909 
Bin 31: 49 212 925 760 320 728 
Bin 32: 429 112 357 606 456 24 
Bin 33: 936 965 404 414 53 870 
Bin 34: 117 457 465 895 592 359 510 
Bin 35: 109 885 137 888 721 723 
Bin 36: 131 57 569 4 115 571 919 
Bin 37: 139 692 964 552 673 
Bin 38: 68 614 913 464 616 582 
Bin 39: 203 208 651 8 807 702 718 517 
Bin 40: 985 391 757 493 200 
Bin 41: 470 878 107 348 626 
Bin 42: 559 745 704 658 83 185 732 
Bin 43: 543 244 17 827 441 22 498 
Bin 44: 844 557 789 390 736 772 
Bin 45: 424 519 958 488 904 
Bin 46: 578 717 635 776 178 792 822 
Bin 47: 838 694 184 123 277 
Bin 48: 220 338 190 415 568 323 
Bin 49: 869 256 969 714 905 454 605 
Bin 50: 138 299 485 475 66 994 619 
Bin 51: 469 261 297 675 665 380 990 122 
Bin 52: 468 604 156 896 52 165 960 
Bin 53: 153 239 310 550 223 340 143 
Bin 54: 593 62 416 883 369 129 82 486 
Bin 55: 370 494 503 862 639 988 119 
Bin 56: 690 379 902 5 434 
Bin 57: 699 170 660 851 444 927 290 
Bin 58: 317 502 509 833 437 280 
Bin 59: 545 695 790 295 34 788 976 
Bin 60: 133 431 430 710 71 
Bin 61: 574 579 27 195 691 
Bin 62: 527 955 920 198 649 179 903 670 
Bin 63: 245 553 668 754 65 451 978 
Bin 64: 612 452 815 874 36 309 672 970 
Bin 65: 3 534 241 640 440 856 
Bin 66: 900 116 278 797 812 685 
Bin 67: 800 89 514 597 613 186 916 
Bin 68: 43 518 37 252 399 130 480 
Bin 69: 655 407 18 826 551 624 477 
Bin 70: 607 283 787 171 505 
Bin 71: 795 542 679 144 841 839 589 
Bin 72: 659 466 811 735 748 863 
Bin 73: 247 342 257 961 984 387 
Bin 74: 546 238 623 127 381 76 
Bin 75: 575 647 722 142 843 875 173 
Bin 76: 155 373 942 763 877 845 476 
Bin 77: 801 752 663 103 492 860 482 
Bin 78: 816 406 54 762 374 251 61 
Bin 79: 75 225 753 114 218 
Bin 80: 944 408 935 268 446 259 576 
Bin 81: 836 419 321 711 802 500 830 678 930 
Bin 82: 831 479 530 478 108 38 
Bin 83: 275 829 914 854 372 337 
Bin 84: 382 523 224 747 274 945 
Bin 85: 583 957 599 128 175 764 821 
Bin 86: 383 242 932 58 630 243 46 
Bin 87: 341 688 864 327 318 455 608 
Bin 88: 898 44 622 700 992 
Bin 89: 855 580 328 768 59 598 
Bin 90: 439 347 820 29 967 213 230 
Bin 91: 330 977 846 562 615 594 236 
Bin 92: 810 217 462 209 450 222 41 30 
Bin 93: 240 852 26 540 725 643 307 
Bin 94: 474 148 72 221 891 88 
Bin 95: 664 966 871 303 669 319 346 590 
Bin 96: 983 363 853 585 706 918 771 298 157 
Bin 97: 386 953 872 211 867 834 
Bin 98: 33 151 908 219 746 532 
Bin 99: 266 993 602 20 284 145 588 
Bin 100: 97 865 304 491 537 231 646 
Bin 101: 727 971 421 890 481 23 344 
Bin 102: 483 933 405 322 837 687 
Bin 103: 362 566 648 168 264 782 210 
Bin 104: 917 982 471 358 915 611 859 
Bin 105: 333 805 751 349 784 
Bin 106: 774 750 50 367 7 
Bin 107: 847 989 924 164 667 101 95 
Bin 108: 13 305 167 181 269 595 767 
Bin 109: 296 823 447 798 105 216 
Bin 110: 92 253 140 560 740 
Bin 111: 991 581 866 113 929 1 
Bin 112: 507 147 191 2 31 85 886 
Bin 113: 892 292 435 632 572 418 55 
Bin 114: 10 713 77 939 791 433 351 
Bin 115: 16 409 804 158 426 417 
Bin 116: 921 733 573 201 946 
Bin 117: 516 901 586 70 951 666 
Bin 118: 922 808 840 941 962 761 84 136 
Bin 119: 529 819 126 548 161 227 770 
Bin 120: 617 288 999 876 998 522 285 769 
Bin 121: 177 472 32 196 931 
Bin 122: 536 633 563 952 705 561 490 
Bin 123: 584 192 832 394 35 366 715 467 
Bin 124: 132 779 850 937 281 535 
Bin 125: 388 707 80 661 554 453 
Bin 126: 232 166 541 742 803 809 558 676 
Bin 127: 657 106 974 975 262 499 662 
Bin 128: 197 697 506 806 911 979 
Bin 129: 78 205 352 996 995 378 48 
Bin 130: 861 174 674 671 411 39 654 
Bin 131: 857 314 332 755 461 943 
Bin 132: 51 442 949 324 300 
Bin 133: 202 636 301 842 163 928 120 
Bin 134: 693 233 894 645 591 680 
Bin 135: 642 368 293 968 459 180 
Bin 136: 226 948 818 899 879 596 565 
Bin 137: 397 206 395 799 422 570 513 
Bin 138: 316 521 63 504 154 526 567 
Bin 139: 254 556 934 149 273 263 
Bin 140: 756 160 743 258 683 336 413 
Bin 141: 489 698 389 625 463 412 
Bin 142: 778 773 449 325 587 749 601 
Bin 143: 959 384 249 460 765 172 199 
Bin 144: 781 956 731 650 331 335 
Bin 145: 835 47 96 146 907 
Bin 146: 448 730 14 947 906 533 
Bin 147: 638 291 329 392 420 610 
Bin 148: 926 825 354 940 524 
Bin 149: 302 260 703 118 893 511 
Bin 150: 255 393 512 848 19 187 
Bin 151: 282 228 93 656 873 858 
Bin 152: 403 880 741 312 306 
