# Objective: 38
# Time: 7.15264
# Feasible: 1
# Solution:
Bin 0: 5 70 31 38 202 152 46 
Bin 1: 145 193 222 217 168 235 19 
Bin 2: 189 166 84 3 23 157 37 
Bin 3: 133 56 175 8 17 75 
Bin 4: 209 163 48 74 160 171 4 24 
Bin 5: 42 117 225 228 176 205 186 
Bin 6: 110 106 114 13 103 216 
Bin 7: 244 54 203 36 67 102 
Bin 8: 154 18 248 97 132 20 
Bin 9: 136 86 93 105 177 33 194 
Bin 10: 32 162 135 187 22 
Bin 11: 118 219 82 58 50 21 
Bin 12: 63 27 212 11 89 44 195 
Bin 13: 121 204 100 243 68 143 95 
Bin 14: 185 215 29 149 172 64 
Bin 15: 85 211 99 198 241 39 
Bin 16: 170 221 119 122 183 59 1 226 
Bin 17: 201 62 159 60 178 150 94 139 
Bin 18: 137 224 138 57 173 236 134 
Bin 19: 91 179 6 184 169 242 164 
Bin 20: 25 109 112 66 28 116 55 
Bin 21: 73 151 192 34 182 210 26 
Bin 22: 156 238 7 113 92 158 72 213 
Bin 23: 35 30 223 240 214 47 167 
Bin 24: 246 79 124 87 90 130 
Bin 25: 45 218 220 69 197 
Bin 26: 141 239 146 104 61 101 207 140 
Bin 27: 76 147 16 227 234 2 
Bin 28: 191 142 200 155 237 15 14 
Bin 29: 51 230 77 78 53 
Bin 30: 80 199 161 40 123 
Bin 31: 83 49 153 165 245 126 
Bin 32: 71 43 12 148 196 190 10 120 
Bin 33: 181 249 0 128 131 81 
Bin 34: 52 232 188 233 229 107 
Bin 35: 180 108 111 115 127 
Bin 36: 129 206 174 96 247 144 
Bin 37: 125 41 208 9 65 231 98 88 
