# Objective: 75
# Time: 28.7532
# Feasible: 1
# Solution:
Bin 0: 441 221 269 40 394 92 240 203 
Bin 1: 89 479 406 262 22 183 
Bin 2: 174 186 273 468 334 401 370 
Bin 3: 451 173 206 141 230 144 76 438 
Bin 4: 411 211 282 316 467 497 
Bin 5: 4 415 105 429 24 390 179 11 
Bin 6: 189 293 81 330 34 239 342 67 
Bin 7: 352 198 109 310 498 101 294 444 
Bin 8: 72 314 449 233 373 
Bin 9: 59 95 110 93 182 117 484 
Bin 10: 32 216 250 118 377 382 
Bin 11: 321 329 358 440 253 303 
Bin 12: 192 287 75 107 3 267 350 
Bin 13: 143 242 418 376 357 9 
Bin 14: 42 6 381 121 96 313 
Bin 15: 52 466 337 134 36 78 405 
Bin 16: 478 246 290 119 224 1 296 
Bin 17: 361 275 14 387 386 164 
Bin 18: 291 309 326 423 219 374 126 395 
Bin 19: 88 420 177 61 163 234 
Bin 20: 204 349 94 304 151 228 345 
Bin 21: 176 140 372 99 161 145 347 
Bin 22: 470 362 55 363 431 
Bin 23: 385 320 136 58 193 308 346 
Bin 24: 492 19 378 480 443 8 286 27 
Bin 25: 266 277 496 160 84 343 148 74 
Bin 26: 247 69 172 103 232 197 
Bin 27: 341 130 223 44 79 133 366 306 
Bin 28: 459 85 434 428 474 106 120 
Bin 29: 97 461 128 29 70 180 452 
Bin 30: 181 184 213 365 45 162 
Bin 31: 299 408 66 64 37 256 
Bin 32: 307 71 12 187 68 279 146 249 
Bin 33: 212 261 427 104 191 127 
Bin 34: 375 100 91 28 458 351 
Bin 35: 393 241 115 483 238 113 
Bin 36: 122 166 499 5 274 
Bin 37: 194 38 196 43 257 207 305 243 
Bin 38: 399 323 201 131 491 454 236 
Bin 39: 435 355 400 487 489 437 295 
Bin 40: 188 283 35 245 384 409 129 
Bin 41: 155 453 331 268 90 463 
Bin 42: 339 0 33 464 30 367 
Bin 43: 338 348 153 272 31 475 448 83 
Bin 44: 200 328 237 344 23 49 
Bin 45: 404 364 86 398 371 46 229 
Bin 46: 41 278 258 421 336 485 312 
Bin 47: 482 369 432 51 280 465 
Bin 48: 202 469 439 218 460 20 417 
Bin 49: 77 62 317 248 284 300 289 
Bin 50: 132 302 108 178 124 254 10 271 
Bin 51: 391 281 445 333 319 
Bin 52: 446 137 175 149 225 263 
Bin 53: 21 199 450 473 63 231 
Bin 54: 150 403 152 422 205 413 244 
Bin 55: 359 139 53 311 210 315 18 
Bin 56: 260 297 60 47 111 156 
Bin 57: 414 276 123 481 102 477 
Bin 58: 222 488 490 17 159 412 353 
Bin 59: 13 195 472 158 383 217 215 
Bin 60: 171 301 457 462 167 288 
Bin 61: 327 455 259 2 292 318 360 332 416 
Bin 62: 169 80 57 433 426 87 157 
Bin 63: 368 170 251 456 50 340 
Bin 64: 82 154 430 26 255 
Bin 65: 471 235 379 7 252 208 436 
Bin 66: 397 324 424 190 486 220 
Bin 67: 285 16 322 147 392 325 
Bin 68: 476 425 388 419 298 389 138 
Bin 69: 396 165 407 226 494 125 
Bin 70: 112 335 65 114 116 56 265 
Bin 71: 209 402 270 380 495 142 39 
Bin 72: 98 410 214 264 48 54 
Bin 73: 73 493 185 25 135 15 
Bin 74: 442 447 168 227 356 354 
