# Objective: 152
# Time: 408.933
# Feasible: 1
# Solution:
Bin 0: 598 557 656 89 443 
Bin 1: 222 20 905 390 392 381 853 206 
Bin 2: 324 153 452 182 256 
Bin 3: 851 355 66 568 477 970 41 694 
Bin 4: 918 467 759 780 500 91 767 79 537 
Bin 5: 273 40 604 795 895 191 395 
Bin 6: 786 607 117 219 209 822 31 
Bin 7: 295 708 551 791 361 314 678 
Bin 8: 106 816 842 857 438 667 345 
Bin 9: 728 35 834 433 958 15 121 456 
Bin 10: 159 37 768 64 981 772 919 
Bin 11: 508 646 250 418 473 439 302 946 
Bin 12: 94 462 666 945 379 
Bin 13: 730 208 165 469 903 335 643 
Bin 14: 535 629 440 652 843 276 346 
Bin 15: 716 891 454 39 107 
Bin 16: 872 953 754 898 26 
Bin 17: 205 74 986 134 308 476 431 880 
Bin 18: 246 954 482 792 553 677 44 384 423 
Bin 19: 139 42 687 785 947 909 290 
Bin 20: 408 195 430 819 457 709 498 
Bin 21: 974 312 245 349 190 790 
Bin 22: 216 779 530 215 783 859 
Bin 23: 897 549 889 315 736 451 935 387 
Bin 24: 806 885 16 698 837 421 
Bin 25: 263 952 827 373 383 311 
Bin 26: 564 303 410 163 512 516 654 
Bin 27: 808 125 724 674 943 989 
Bin 28: 77 414 649 306 181 465 447 
Bin 29: 715 762 797 684 839 266 8 
Bin 30: 391 578 862 461 291 570 
Bin 31: 5 881 580 472 399 
Bin 32: 403 327 686 281 330 584 744 
Bin 33: 368 122 427 676 18 634 271 
Bin 34: 823 393 861 253 288 848 70 
Bin 35: 265 105 618 894 812 912 
Bin 36: 659 67 741 52 231 669 404 
Bin 37: 267 189 636 577 468 200 
Bin 38: 305 375 34 567 264 268 
Bin 39: 606 651 180 152 704 
Bin 40: 579 685 270 590 612 992 
Bin 41: 638 247 547 49 817 781 755 
Bin 42: 864 761 955 259 212 
Bin 43: 915 234 116 921 437 944 641 
Bin 44: 628 702 541 411 794 545 
Bin 45: 459 620 690 483 409 109 
Bin 46: 160 838 836 374 998 135 359 
Bin 47: 911 621 211 601 999 294 277 939 
Bin 48: 187 804 934 112 202 348 
Bin 49: 745 901 668 554 485 133 510 
Bin 50: 51 727 449 63 83 562 
Bin 51: 932 552 334 546 507 249 286 188 777 
Bin 52: 770 172 80 210 828 280 
Bin 53: 972 397 679 217 696 486 924 
Bin 54: 325 272 333 365 448 987 204 
Bin 55: 380 583 750 936 720 232 645 863 
Bin 56: 458 126 317 529 279 
Bin 57: 832 488 420 733 563 85 
Bin 58: 809 230 841 514 614 396 24 
Bin 59: 194 801 757 226 560 977 
Bin 60: 96 964 442 405 493 985 688 
Bin 61: 735 868 610 179 435 69 300 150 
Bin 62: 45 144 128 65 464 
Bin 63: 132 782 86 527 38 145 
Bin 64: 444 882 588 370 470 743 
Bin 65: 769 830 56 706 975 565 174 
Bin 66: 815 959 829 398 6 845 681 351 800 
Bin 67: 622 615 723 1 299 92 
Bin 68: 218 269 787 914 237 446 
Bin 69: 162 115 377 543 840 425 
Bin 70: 223 429 522 357 100 356 214 
Bin 71: 192 369 665 342 310 
Bin 72: 168 548 480 858 960 890 23 
Bin 73: 344 737 758 90 123 764 
Bin 74: 775 873 371 680 62 788 
Bin 75: 59 642 138 313 484 520 
Bin 76: 536 14 852 575 892 966 
Bin 77: 734 178 566 2 321 630 983 
Bin 78: 798 243 904 229 511 540 
Bin 79: 50 753 886 255 169 870 805 
Bin 80: 957 113 576 22 220 338 531 47 
Bin 81: 478 721 984 436 257 78 
Bin 82: 72 354 850 933 489 474 236 
Bin 83: 559 793 865 569 663 722 71 
Bin 84: 497 167 586 422 196 942 309 
Bin 85: 594 925 29 844 293 350 
Bin 86: 73 971 258 644 82 407 434 
Bin 87: 673 879 691 908 726 61 402 
Bin 88: 824 524 846 632 670 46 
Bin 89: 341 627 400 140 496 415 19 
Bin 90: 871 389 760 275 149 532 
Bin 91: 699 385 883 747 27 504 751 581 
Bin 92: 635 193 931 867 177 884 238 
Bin 93: 711 746 574 103 298 523 
Bin 94: 949 637 713 84 509 274 675 
Bin 95: 749 611 173 544 10 11 941 
Bin 96: 318 0 820 550 241 30 
Bin 97: 363 887 732 980 378 428 796 
Bin 98: 533 825 131 731 519 
Bin 99: 542 773 228 967 995 323 
Bin 100: 88 4 36 650 697 337 869 
Bin 101: 991 917 3 141 235 87 118 224 
Bin 102: 316 899 347 120 261 625 
Bin 103: 874 521 340 657 97 251 923 
Bin 104: 17 254 227 589 297 506 
Bin 105: 239 183 155 382 307 364 289 
Bin 106: 244 810 322 847 831 127 595 
Bin 107: 572 207 689 413 176 319 539 
Bin 108: 441 166 108 154 951 682 528 
Bin 109: 927 25 571 948 963 185 
Bin 110: 146 573 285 13 453 778 
Bin 111: 976 738 329 920 534 517 
Bin 112: 201 148 491 701 475 495 147 
Bin 113: 111 561 854 156 455 725 
Bin 114: 296 466 648 175 282 626 
Bin 115: 640 710 505 693 198 763 157 
Bin 116: 426 240 538 225 913 956 877 
Bin 117: 136 471 143 164 740 729 
Bin 118: 417 221 75 766 424 938 926 
Bin 119: 203 707 95 43 21 492 973 
Bin 120: 151 821 940 748 742 137 
Bin 121: 969 48 278 161 54 658 
Bin 122: 362 719 386 388 283 813 76 9 
Bin 123: 242 888 603 876 994 502 
Bin 124: 58 262 367 197 826 617 
Bin 125: 916 142 124 661 284 129 463 
Bin 126: 849 360 660 518 789 902 199 
Bin 127: 752 993 104 481 336 692 501 
Bin 128: 55 445 301 68 28 705 683 
Bin 129: 695 616 593 503 130 700 
Bin 130: 613 619 292 591 587 114 412 
Bin 131: 712 639 799 432 331 252 818 
Bin 132: 460 99 835 961 494 714 907 
Bin 133: 930 982 119 353 965 53 978 
Bin 134: 372 110 558 662 717 555 
Bin 135: 450 962 499 101 855 171 233 
Bin 136: 631 875 605 866 401 
Bin 137: 81 596 814 910 718 
Bin 138: 922 102 878 756 765 406 703 
Bin 139: 326 98 419 358 803 320 
Bin 140: 624 671 158 653 304 771 515 
Bin 141: 988 602 968 184 672 526 93 352 
Bin 142: 394 556 776 990 608 339 
Bin 143: 655 997 248 186 487 928 
Bin 144: 287 343 896 860 950 582 
Bin 145: 32 416 328 213 647 597 
Bin 146: 929 979 937 490 811 
Bin 147: 366 170 332 807 664 893 
Bin 148: 774 784 739 57 599 802 
Bin 149: 513 260 833 60 856 906 609 600 
Bin 150: 7 633 585 900 623 12 
Bin 151: 479 33 592 996 525 376 
