# Objective: 172
# Time: 3613.22
# Feasible: 1
# Solution:
Bin 0: 268 522 423 411 317 198 
Bin 1: 798 662 526 724 729 375 
Bin 2: 85 976 170 525 371 823 
Bin 3: 212 572 435 523 366 
Bin 4: 651 402 334 664 345 99 
Bin 5: 950 193 256 336 122 528 
Bin 6: 387 599 309 608 97 571 
Bin 7: 816 732 889 542 121 
Bin 8: 883 72 164 346 983 
Bin 9: 918 815 41 3 709 882 
Bin 10: 447 740 606 294 783 220 
Bin 11: 342 133 566 380 323 573 
Bin 12: 147 350 120 353 208 12 
Bin 13: 360 422 214 47 970 127 
Bin 14: 539 725 757 717 814 260 
Bin 15: 951 320 468 560 759 927 
Bin 16: 869 911 624 931 580 49 
Bin 17: 968 764 645 239 249 479 
Bin 18: 782 80 457 910 313 
Bin 19: 474 809 508 145 691 58 928 
Bin 20: 660 679 595 738 544 864 179 
Bin 21: 222 810 972 460 450 98 
Bin 22: 237 316 492 917 832 701 
Bin 23: 359 620 362 694 
Bin 24: 629 61 604 683 874 610 
Bin 25: 637 444 507 27 331 
Bin 26: 123 100 755 721 410 226 
Bin 27: 554 459 499 998 748 841 
Bin 28: 385 564 676 285 589 742 
Bin 29: 74 405 903 613 861 196 
Bin 30: 107 475 887 223 
Bin 31: 96 489 939 991 278 419 
Bin 32: 583 574 501 90 538 
Bin 33: 298 506 325 775 185 374 540 
Bin 34: 429 891 418 935 181 904 
Bin 35: 270 219 436 95 
Bin 36: 593 999 788 352 986 952 187 
Bin 37: 469 300 195 807 83 173 
Bin 38: 438 382 66 481 290 
Bin 39: 936 770 488 238 407 994 623 
Bin 40: 622 894 263 825 62 328 
Bin 41: 765 762 744 666 168 92 
Bin 42: 763 396 326 327 276 
Bin 43: 585 227 35 793 
Bin 44: 517 658 81 919 203 
Bin 45: 714 204 534 296 784 161 
Bin 46: 772 996 2 130 686 856 404 
Bin 47: 25 400 265 954 165 
Bin 48: 698 760 116 154 746 
Bin 49: 1 529 741 91 705 
Bin 50: 600 726 929 472 491 650 
Bin 51: 520 578 906 902 868 
Bin 52: 824 565 152 512 631 
Bin 53: 458 284 31 687 668 264 
Bin 54: 879 743 822 532 143 10 
Bin 55: 656 515 817 137 217 552 
Bin 56: 361 803 283 34 562 46 
Bin 57: 6 625 570 944 338 
Bin 58: 73 819 205 973 644 847 
Bin 59: 609 159 5 586 167 
Bin 60: 751 680 937 71 318 948 
Bin 61: 425 113 806 943 703 
Bin 62: 900 274 389 653 967 925 
Bin 63: 242 956 199 177 191 424 
Bin 64: 923 333 247 349 774 439 275 
Bin 65: 153 250 42 324 135 693 
Bin 66: 888 915 53 997 455 
Bin 67: 176 392 981 908 484 358 104 
Bin 68: 498 446 57 789 969 684 727 
Bin 69: 804 975 852 289 494 978 
Bin 70: 829 114 878 398 483 
Bin 71: 213 149 773 243 938 557 
Bin 72: 163 462 466 383 312 
Bin 73: 471 310 865 563 500 216 495 
Bin 74: 545 577 240 311 811 914 
Bin 75: 800 652 39 643 661 
Bin 76: 158 794 451 478 848 527 
Bin 77: 688 993 801 672 175 831 291 
Bin 78: 448 670 584 288 430 932 
Bin 79: 713 511 134 218 386 
Bin 80: 76 977 427 128 524 
Bin 81: 736 510 172 11 630 982 
Bin 82: 229 711 702 138 381 780 
Bin 83: 963 412 108 779 87 797 357 
Bin 84: 778 415 795 916 465 
Bin 85: 995 44 235 378 273 649 
Bin 86: 51 148 420 934 898 347 674 
Bin 87: 14 431 877 15 119 
Bin 88: 834 456 673 616 496 93 
Bin 89: 461 607 372 321 720 449 
Bin 90: 871 40 647 826 109 987 
Bin 91: 992 921 592 594 406 561 849 
Bin 92: 246 704 845 151 966 791 
Bin 93: 192 730 68 690 280 926 
Bin 94: 295 627 241 654 211 835 
Bin 95: 232 547 979 799 940 671 
Bin 96: 920 514 233 924 485 
Bin 97: 266 855 486 605 839 971 
Bin 98: 482 521 384 626 737 79 
Bin 99: 94 555 476 504 234 550 106 
Bin 100: 854 771 642 858 541 
Bin 101: 665 43 126 621 329 790 
Bin 102: 881 4 124 480 769 32 
Bin 103: 188 315 45 569 48 
Bin 104: 354 909 893 490 231 306 
Bin 105: 169 269 728 700 36 
Bin 106: 180 875 766 922 961 958 
Bin 107: 251 206 452 146 343 827 
Bin 108: 370 257 965 111 434 959 
Bin 109: 697 614 985 913 618 
Bin 110: 20 433 131 117 184 
Bin 111: 846 787 428 33 886 332 29 
Bin 112: 723 254 363 955 307 989 
Bin 113: 18 89 590 761 335 112 
Bin 114: 50 118 646 873 279 337 567 
Bin 115: 0 838 655 421 373 953 
Bin 116: 8 248 293 125 962 706 872 267 
Bin 117: 715 667 142 895 638 505 
Bin 118: 867 830 840 319 862 59 
Bin 119: 518 634 467 833 601 
Bin 120: 756 990 682 445 443 477 
Bin 121: 591 182 980 859 55 297 659 
Bin 122: 949 102 535 160 271 470 
Bin 123: 302 210 30 802 156 341 
Bin 124: 758 628 473 225 215 
Bin 125: 752 754 813 844 901 
Bin 126: 685 101 60 842 190 369 
Bin 127: 818 837 513 639 86 805 
Bin 128: 141 890 493 28 487 56 
Bin 129: 821 281 322 376 942 70 
Bin 130: 603 974 536 719 509 82 200 
Bin 131: 26 579 707 946 21 556 166 
Bin 132: 253 202 453 753 892 417 
Bin 133: 502 255 394 519 304 364 84 
Bin 134: 197 440 708 857 635 548 
Bin 135: 314 722 947 348 414 718 
Bin 136: 368 454 115 648 401 
Bin 137: 957 395 367 230 716 388 
Bin 138: 244 884 340 201 945 808 
Bin 139: 776 426 860 194 543 
Bin 140: 699 155 393 308 710 
Bin 141: 551 633 63 409 617 
Bin 142: 568 292 781 596 301 735 
Bin 143: 796 575 745 162 907 
Bin 144: 941 221 19 183 351 67 377 
Bin 145: 866 252 851 52 602 588 
Bin 146: 853 777 54 669 23 105 236 
Bin 147: 110 139 912 88 615 
Bin 148: 749 464 516 747 792 
Bin 149: 178 463 287 75 282 497 836 
Bin 150: 157 681 305 330 587 
Bin 151: 733 988 598 843 69 16 
Bin 152: 403 144 432 24 189 559 
Bin 153: 228 641 22 553 696 
Bin 154: 132 964 150 657 416 
Bin 155: 303 734 899 581 37 224 
Bin 156: 441 582 207 537 876 786 
Bin 157: 731 695 136 930 933 
Bin 158: 558 64 750 678 77 391 
Bin 159: 356 549 355 576 129 186 259 
Bin 160: 171 533 9 739 880 
Bin 161: 140 531 258 828 379 812 
Bin 162: 905 103 640 960 413 38 
Bin 163: 984 78 675 611 390 636 
Bin 164: 65 712 632 768 344 
Bin 165: 870 209 597 365 286 
Bin 166: 277 13 17 820 530 
Bin 167: 442 619 767 262 261 
Bin 168: 272 689 692 299 663 677 
Bin 169: 399 885 245 850 896 
Bin 170: 437 7 503 785 612 897 
Bin 171: 174 863 339 408 546 397 
