# Objective: 78
# Time: 43.6533
# Feasible: 1
# Solution:
Bin 0: 204 237 399 40 206 393 241 
Bin 1: 218 383 141 247 188 396 30 
Bin 2: 415 287 426 126 409 195 350 205 
Bin 3: 99 263 12 56 29 43 228 
Bin 4: 301 420 245 161 67 340 486 278 
Bin 5: 177 207 4 170 69 128 
Bin 6: 5 107 410 249 339 202 18 466 
Bin 7: 243 255 397 419 295 191 438 
Bin 8: 335 451 89 493 346 63 
Bin 9: 334 155 454 227 366 179 216 
Bin 10: 46 481 460 219 319 
Bin 11: 212 416 344 413 395 323 
Bin 12: 428 488 262 41 44 490 
Bin 13: 463 185 331 127 16 449 260 
Bin 14: 326 302 240 11 197 272 309 
Bin 15: 284 110 0 248 435 111 
Bin 16: 81 400 21 6 122 49 445 
Bin 17: 467 164 429 478 97 311 414 
Bin 18: 304 477 145 378 70 271 
Bin 19: 76 338 369 50 13 282 386 
Bin 20: 475 308 61 236 222 148 
Bin 21: 132 129 103 102 441 2 354 
Bin 22: 474 196 328 138 322 165 14 
Bin 23: 19 17 406 152 120 279 492 472 
Bin 24: 172 229 124 94 357 59 403 
Bin 25: 134 495 239 407 382 52 
Bin 26: 365 456 371 390 95 66 
Bin 27: 199 256 471 379 325 42 
Bin 28: 213 405 86 462 333 368 434 
Bin 29: 226 345 15 469 48 358 342 
Bin 30: 439 112 422 285 318 233 425 
Bin 31: 163 45 437 388 294 412 186 
Bin 32: 193 316 497 28 184 394 459 
Bin 33: 60 180 64 113 181 231 375 
Bin 34: 446 183 485 305 259 118 443 
Bin 35: 385 306 238 484 93 444 125 
Bin 36: 455 286 203 347 352 
Bin 37: 47 290 133 156 267 166 
Bin 38: 78 71 494 362 376 140 153 458 
Bin 39: 58 293 314 487 270 
Bin 40: 348 317 498 169 277 442 430 
Bin 41: 349 252 431 157 288 51 
Bin 42: 136 337 234 273 159 192 
Bin 43: 22 470 175 370 217 142 360 
Bin 44: 131 300 25 198 158 363 
Bin 45: 433 33 115 194 341 109 
Bin 46: 336 108 3 26 353 130 
Bin 47: 398 432 162 408 178 201 154 36 
Bin 48: 38 274 167 404 77 310 100 
Bin 49: 289 143 200 465 20 74 450 
Bin 50: 496 149 105 329 189 281 
Bin 51: 321 265 168 389 83 230 297 
Bin 52: 427 355 296 483 359 421 
Bin 53: 468 380 381 73 187 123 391 
Bin 54: 62 447 440 269 54 343 
Bin 55: 424 68 210 356 150 116 
Bin 56: 137 117 55 88 313 453 144 
Bin 57: 80 104 24 387 34 1 275 
Bin 58: 298 372 208 39 106 436 
Bin 59: 315 114 232 291 87 499 
Bin 60: 57 364 225 173 101 23 10 
Bin 61: 258 27 209 264 215 276 
Bin 62: 292 307 98 214 283 96 
Bin 63: 384 75 367 32 146 373 
Bin 64: 91 457 303 147 160 
Bin 65: 253 79 401 7 479 
Bin 66: 261 221 448 480 182 246 
Bin 67: 37 423 280 220 254 139 
Bin 68: 257 211 330 151 8 418 
Bin 69: 9 464 53 327 476 251 31 
Bin 70: 171 452 190 250 92 402 
Bin 71: 242 35 119 223 374 121 
Bin 72: 392 266 299 482 85 
Bin 73: 268 65 417 235 411 
Bin 74: 351 135 174 82 176 489 
Bin 75: 473 324 312 361 244 377 
Bin 76: 491 84 224 90 
Bin 77: 461 72 320 332 
