# Objective: 88
# Time: 49.8861
# Feasible: 1
# Solution:
Bin 0: 128 211 495 369 368 430 206 
Bin 1: 219 478 454 186 451 152 13 
Bin 2: 447 154 301 168 481 483 241 
Bin 3: 441 362 466 435 75 45 
Bin 4: 313 411 88 67 297 
Bin 5: 366 134 84 437 346 
Bin 6: 287 231 199 281 103 264 54 
Bin 7: 345 218 27 492 359 396 
Bin 8: 135 394 207 491 172 40 
Bin 9: 225 277 228 356 372 
Bin 10: 169 232 457 378 62 323 
Bin 11: 7 78 191 469 214 341 
Bin 12: 127 34 161 129 270 85 
Bin 13: 403 336 496 95 250 
Bin 14: 63 402 342 56 120 436 
Bin 15: 220 150 16 391 247 2 434 
Bin 16: 156 317 405 179 83 324 
Bin 17: 477 108 19 390 
Bin 18: 122 254 37 417 290 5 
Bin 19: 6 223 332 94 319 
Bin 20: 101 260 316 53 153 415 
Bin 21: 198 498 126 163 44 24 
Bin 22: 444 375 190 175 283 
Bin 23: 360 166 236 192 463 334 
Bin 24: 285 48 106 460 196 158 193 
Bin 25: 96 400 155 308 484 266 
Bin 26: 428 148 382 243 355 
Bin 27: 367 357 467 12 30 288 
Bin 28: 386 235 55 38 188 100 255 
Bin 29: 424 227 115 407 389 380 
Bin 30: 92 91 125 202 139 315 
Bin 31: 0 294 499 326 310 51 
Bin 32: 409 233 490 468 370 335 333 
Bin 33: 432 461 177 392 79 
Bin 34: 41 182 104 318 340 423 
Bin 35: 401 10 234 249 119 141 
Bin 36: 15 69 273 306 292 271 132 
Bin 37: 343 472 410 65 443 142 
Bin 38: 80 77 350 146 59 178 
Bin 39: 251 209 348 473 489 258 
Bin 40: 112 449 39 248 242 438 
Bin 41: 497 160 309 289 379 201 
Bin 42: 98 418 136 43 110 455 
Bin 43: 123 296 14 465 395 
Bin 44: 257 221 244 58 284 118 
Bin 45: 238 339 361 189 376 170 
Bin 46: 312 307 448 320 344 138 
Bin 47: 72 487 282 25 429 22 
Bin 48: 311 114 144 358 431 
Bin 49: 3 240 422 314 276 330 
Bin 50: 420 253 57 21 171 354 
Bin 51: 377 109 425 222 165 
Bin 52: 363 295 494 89 217 
Bin 53: 204 167 259 475 90 20 
Bin 54: 416 488 8 230 272 
Bin 55: 74 18 371 245 486 
Bin 56: 210 1 322 414 124 
Bin 57: 117 68 116 337 113 159 
Bin 58: 50 28 331 462 262 
Bin 59: 52 66 205 70 286 
Bin 60: 237 9 383 11 440 298 
Bin 61: 427 412 364 64 464 
Bin 62: 131 261 398 33 180 263 
Bin 63: 328 60 338 470 173 
Bin 64: 305 280 353 137 61 49 
Bin 65: 321 229 212 325 35 349 
Bin 66: 99 187 303 421 76 
Bin 67: 29 480 406 133 213 111 
Bin 68: 397 387 36 459 203 23 302 
Bin 69: 164 107 493 184 162 145 
Bin 70: 208 393 291 149 31 
Bin 71: 293 42 86 87 439 
Bin 72: 304 381 269 373 
Bin 73: 399 453 347 26 352 
Bin 74: 102 246 299 252 4 151 
Bin 75: 197 143 194 365 224 479 
Bin 76: 433 384 450 105 426 93 
Bin 77: 456 268 267 239 32 
Bin 78: 327 140 274 278 404 445 
Bin 79: 71 81 174 351 195 
Bin 80: 46 147 474 452 385 
Bin 81: 408 176 200 413 471 446 
Bin 82: 17 300 97 130 
Bin 83: 185 329 265 183 374 
Bin 84: 215 73 216 279 121 
Bin 85: 482 256 275 157 458 181 
Bin 86: 476 442 388 
Bin 87: 419 485 47 82 226 
