# Objective: 152
# Time: 226.347
# Feasible: 1
# Solution:
Bin 0: 89 29 413 269 414 86 971 
Bin 1: 369 519 522 305 784 642 914 841 
Bin 2: 255 770 374 569 181 970 987 
Bin 3: 211 295 152 32 169 945 258 345 
Bin 4: 594 989 958 589 823 518 974 326 967 
Bin 5: 875 20 889 551 382 666 471 
Bin 6: 194 197 462 432 968 99 179 
Bin 7: 651 209 192 383 547 
Bin 8: 567 219 632 633 274 
Bin 9: 385 143 366 791 361 477 
Bin 10: 640 714 821 225 562 323 
Bin 11: 439 451 502 424 303 55 282 
Bin 12: 457 266 631 584 260 341 433 
Bin 13: 288 190 134 613 66 23 868 532 
Bin 14: 928 50 446 249 215 604 275 175 
Bin 15: 956 349 280 614 955 342 964 
Bin 16: 810 474 946 58 915 536 147 510 
Bin 17: 937 972 599 2 397 988 56 74 
Bin 18: 566 253 797 452 13 33 649 151 
Bin 19: 580 827 963 95 272 835 
Bin 20: 358 500 685 62 571 48 938 
Bin 21: 52 157 672 854 781 279 716 
Bin 22: 122 845 516 831 330 999 60 
Bin 23: 198 822 680 236 863 110 327 882 
Bin 24: 426 384 924 135 605 844 
Bin 25: 689 788 88 14 289 167 807 
Bin 26: 853 624 348 400 21 130 
Bin 27: 748 595 657 391 724 93 661 568 
Bin 28: 321 948 660 284 360 
Bin 29: 287 789 4 546 297 109 
Bin 30: 833 367 740 9 902 206 69 
Bin 31: 669 136 277 405 205 378 420 650 
Bin 32: 586 403 454 877 145 73 
Bin 33: 620 144 643 819 768 728 503 
Bin 34: 559 730 998 119 337 961 723 
Bin 35: 412 45 712 267 558 363 51 
Bin 36: 357 817 706 218 458 577 511 626 
Bin 37: 883 64 168 917 729 941 
Bin 38: 137 203 324 132 505 
Bin 39: 512 49 204 794 765 557 
Bin 40: 645 495 541 553 879 780 
Bin 41: 590 913 484 491 467 338 
Bin 42: 855 128 473 905 216 
Bin 43: 962 466 174 40 801 836 
Bin 44: 726 464 388 333 524 293 
Bin 45: 406 653 885 81 103 
Bin 46: 698 786 318 368 41 441 
Bin 47: 430 931 63 373 401 772 
Bin 48: 959 662 849 544 92 
Bin 49: 816 57 34 582 38 30 
Bin 50: 618 676 19 561 572 757 416 815 
Bin 51: 866 488 579 886 738 
Bin 52: 186 880 300 427 570 11 762 
Bin 53: 201 779 943 767 307 725 372 
Bin 54: 213 759 860 556 950 862 497 798 
Bin 55: 699 328 450 919 486 933 755 
Bin 56: 904 162 159 146 306 565 576 
Bin 57: 869 994 100 312 939 202 455 996 
Bin 58: 638 160 829 24 747 469 
Bin 59: 688 196 530 332 214 960 783 
Bin 60: 888 978 90 317 910 10 997 
Bin 61: 261 183 8 984 418 417 188 
Bin 62: 435 549 895 719 893 641 935 
Bin 63: 44 105 648 398 899 344 347 
Bin 64: 222 220 652 377 200 131 
Bin 65: 434 1 773 242 609 22 733 
Bin 66: 171 304 108 894 793 771 
Bin 67: 76 539 210 692 720 896 499 395 
Bin 68: 301 67 691 343 285 634 785 563 447 
Bin 69: 934 929 607 622 425 623 
Bin 70: 246 154 431 195 351 809 142 
Bin 71: 808 646 776 72 410 
Bin 72: 975 334 627 543 150 608 752 
Bin 73: 133 583 848 244 172 77 112 859 
Bin 74: 600 777 43 985 873 322 124 
Bin 75: 459 969 911 750 102 538 508 
Bin 76: 70 986 787 900 703 155 247 
Bin 77: 286 732 678 990 362 256 
Bin 78: 796 901 778 696 523 379 993 
Bin 79: 250 121 411 707 329 
Bin 80: 526 393 149 54 820 153 531 
Bin 81: 96 701 483 456 693 507 472 
Bin 82: 694 517 68 865 199 438 668 120 
Bin 83: 966 243 671 826 248 731 834 
Bin 84: 922 957 331 682 521 309 753 
Bin 85: 339 790 46 681 514 940 736 
Bin 86: 31 874 814 479 480 290 325 
Bin 87: 47 751 578 501 164 232 
Bin 88: 496 376 754 263 354 954 
Bin 89: 80 881 588 550 234 61 812 
Bin 90: 240 585 697 832 555 12 
Bin 91: 673 713 573 746 125 
Bin 92: 106 587 564 912 677 
Bin 93: 745 761 26 764 291 53 241 
Bin 94: 763 313 982 15 804 702 101 335 
Bin 95: 718 630 596 683 953 429 229 
Bin 96: 528 371 7 449 278 296 396 
Bin 97: 252 230 180 140 782 239 700 878 71 
Bin 98: 705 87 251 991 890 995 
Bin 99: 856 94 437 758 520 504 
Bin 100: 830 141 864 973 704 315 352 
Bin 101: 245 494 506 610 926 658 
Bin 102: 906 980 217 298 270 381 857 
Bin 103: 281 265 977 540 802 82 
Bin 104: 916 227 356 394 485 710 
Bin 105: 314 930 436 126 509 742 111 
Bin 106: 158 611 208 399 91 
Bin 107: 837 800 766 616 554 390 
Bin 108: 83 533 27 674 42 
Bin 109: 734 949 828 228 923 116 487 489 
Bin 110: 870 647 138 560 359 617 656 
Bin 111: 537 78 156 851 727 708 493 
Bin 112: 161 876 207 498 709 
Bin 113: 654 440 825 799 515 749 237 
Bin 114: 302 97 871 965 792 575 
Bin 115: 867 909 310 176 316 
Bin 116: 117 166 442 233 769 813 
Bin 117: 925 127 5 667 365 98 
Bin 118: 635 465 257 529 118 423 
Bin 119: 525 320 927 951 311 380 
Bin 120: 193 847 107 872 741 527 581 
Bin 121: 355 675 294 299 3 
Bin 122: 811 444 375 478 637 139 932 695 
Bin 123: 621 173 976 603 944 189 
Bin 124: 952 460 983 615 346 636 
Bin 125: 597 39 221 606 482 592 
Bin 126: 319 415 212 534 842 
Bin 127: 292 574 598 735 535 593 
Bin 128: 846 629 690 262 918 16 104 
Bin 129: 663 602 453 628 942 737 65 421 
Bin 130: 824 490 548 887 445 
Bin 131: 492 921 711 665 0 407 
Bin 132: 226 920 760 115 25 803 
Bin 133: 79 224 84 891 513 775 
Bin 134: 18 840 36 858 843 37 75 852 
Bin 135: 475 717 28 903 35 805 387 
Bin 136: 722 353 670 686 463 838 
Bin 137: 861 389 419 182 178 739 17 
Bin 138: 336 409 283 443 422 687 981 
Bin 139: 238 185 271 644 659 
Bin 140: 756 59 470 191 908 
Bin 141: 123 114 979 165 884 370 
Bin 142: 601 386 187 113 892 254 
Bin 143: 129 273 721 545 461 402 936 
Bin 144: 264 655 481 552 947 428 
Bin 145: 170 340 476 364 684 591 235 
Bin 146: 744 625 619 818 907 542 898 
Bin 147: 223 408 163 231 259 276 839 268 
Bin 148: 468 448 715 350 992 6 
Bin 149: 679 177 806 404 850 774 
Bin 150: 795 612 664 184 148 743 
Bin 151: 392 897 639 308 85 
