# Objective: 76
# Time: 27.3911
# Feasible: 1
# Solution:
Bin 0: 120 360 250 177 288 310 
Bin 1: 150 426 436 3 14 408 493 400 
Bin 2: 21 121 390 197 468 215 
Bin 3: 265 377 271 393 71 347 
Bin 4: 296 117 149 40 370 228 54 450 
Bin 5: 165 161 56 169 119 
Bin 6: 20 380 152 159 339 430 135 59 201 
Bin 7: 452 58 331 99 395 291 162 
Bin 8: 68 465 57 13 253 379 44 191 
Bin 9: 491 422 240 28 105 431 18 
Bin 10: 415 303 420 382 216 285 481 315 300 
Bin 11: 306 160 27 76 98 196 8 
Bin 12: 337 464 199 293 11 438 
Bin 13: 225 234 37 142 113 49 
Bin 14: 479 222 204 34 329 309 314 188 
Bin 15: 467 157 257 203 324 110 295 281 
Bin 16: 158 227 350 485 476 140 
Bin 17: 266 53 192 319 432 301 341 235 
Bin 18: 302 371 330 259 106 64 335 
Bin 19: 175 469 174 340 318 321 358 
Bin 20: 50 172 275 261 283 486 
Bin 21: 48 497 273 475 93 22 404 
Bin 22: 176 145 184 429 434 221 
Bin 23: 490 214 255 86 447 83 63 5 376 
Bin 24: 498 124 322 424 171 353 
Bin 25: 115 223 122 66 45 361 137 
Bin 26: 494 147 427 230 453 198 65 32 
Bin 27: 443 23 268 19 195 378 478 205 
Bin 28: 96 437 251 391 403 
Bin 29: 435 60 477 387 459 325 
Bin 30: 116 440 24 385 186 61 457 
Bin 31: 326 345 483 74 428 114 107 
Bin 32: 126 156 433 442 264 448 
Bin 33: 417 274 294 305 245 173 357 
Bin 34: 30 154 78 133 456 232 
Bin 35: 386 81 499 286 51 7 
Bin 36: 179 164 495 189 351 
Bin 37: 299 70 411 334 297 73 
Bin 38: 396 372 402 202 419 496 
Bin 39: 472 249 9 312 190 
Bin 40: 200 243 233 92 238 
Bin 41: 97 52 29 269 38 69 134 
Bin 42: 362 407 178 461 470 336 55 
Bin 43: 209 193 181 307 185 244 381 
Bin 44: 412 308 304 466 224 35 
Bin 45: 125 399 272 375 247 109 
Bin 46: 90 229 439 463 108 43 
Bin 47: 219 258 263 290 72 144 180 
Bin 48: 88 373 211 413 101 313 77 
Bin 49: 132 226 346 167 84 480 
Bin 50: 170 239 127 317 256 462 
Bin 51: 292 87 487 328 85 332 397 
Bin 52: 449 111 365 262 36 
Bin 53: 414 146 31 280 143 
Bin 54: 42 130 218 163 384 187 
Bin 55: 212 231 276 455 366 410 482 
Bin 56: 0 473 474 320 131 237 
Bin 57: 95 102 246 279 451 217 363 
Bin 58: 100 26 267 354 94 208 323 
Bin 59: 25 454 103 342 311 458 383 
Bin 60: 489 67 389 2 282 444 316 
Bin 61: 406 242 349 416 405 182 364 
Bin 62: 355 12 441 47 260 
Bin 63: 6 129 136 289 277 10 484 
Bin 64: 33 138 206 398 123 401 327 338 
Bin 65: 374 492 139 207 445 183 
Bin 66: 409 141 16 367 333 
Bin 67: 168 254 344 284 488 425 348 
Bin 68: 82 17 392 1 388 118 471 
Bin 69: 4 194 359 112 210 418 252 
Bin 70: 166 104 80 128 343 89 220 368 
Bin 71: 460 155 75 62 151 
Bin 72: 421 423 298 248 356 278 446 
Bin 73: 41 241 236 79 213 
Bin 74: 91 15 39 369 352 270 
Bin 75: 394 153 148 287 46 
