# Objective: 152
# Time: 264.177
# Feasible: 1
# Solution:
Bin 0: 430 915 778 60 54 321 
Bin 1: 892 236 332 29 498 42 
Bin 2: 392 165 732 351 465 526 
Bin 3: 335 405 113 286 402 301 326 
Bin 4: 507 229 289 888 298 
Bin 5: 187 484 887 939 532 529 
Bin 6: 809 654 221 641 116 799 254 37 
Bin 7: 157 96 468 730 194 697 571 
Bin 8: 940 105 540 172 716 651 77 214 
Bin 9: 223 178 889 396 368 185 
Bin 10: 140 494 294 811 649 79 
Bin 11: 575 485 234 780 840 
Bin 12: 671 737 104 672 12 126 369 
Bin 13: 143 627 437 316 907 975 307 436 
Bin 14: 530 320 751 670 186 636 537 572 
Bin 15: 557 973 685 389 714 76 84 952 
Bin 16: 242 207 404 880 844 467 
Bin 17: 854 403 765 591 94 942 
Bin 18: 933 643 987 589 550 217 522 746 
Bin 19: 399 156 451 932 473 
Bin 20: 848 786 895 170 980 767 218 917 
Bin 21: 103 676 311 439 328 228 833 
Bin 22: 371 360 999 604 256 988 
Bin 23: 724 97 414 616 805 567 
Bin 24: 788 200 367 995 536 453 
Bin 25: 8 713 910 496 781 100 
Bin 26: 517 541 209 542 174 
Bin 27: 757 385 738 650 695 611 
Bin 28: 212 755 937 75 774 
Bin 29: 815 576 419 41 548 131 564 
Bin 30: 626 725 747 318 315 112 664 
Bin 31: 794 208 756 659 924 686 
Bin 32: 909 613 287 600 927 836 
Bin 33: 644 26 632 621 662 295 
Bin 34: 768 906 931 481 514 216 305 426 742 9 
Bin 35: 67 860 922 707 380 417 706 
Bin 36: 929 347 102 722 327 802 58 
Bin 37: 15 233 34 85 128 160 299 175 
Bin 38: 516 608 226 123 449 213 246 
Bin 39: 867 210 491 283 266 501 251 795 
Bin 40: 245 605 353 824 646 612 
Bin 41: 323 625 182 278 749 388 584 276 
Bin 42: 107 486 293 435 35 476 
Bin 43: 460 391 119 46 478 17 127 
Bin 44: 960 619 239 384 309 521 648 
Bin 45: 956 818 2 250 881 
Bin 46: 792 525 313 152 872 411 
Bin 47: 277 607 583 903 812 101 590 
Bin 48: 918 587 862 314 397 535 108 
Bin 49: 114 14 770 908 80 197 
Bin 50: 231 630 912 688 472 745 470 
Bin 51: 549 961 274 73 711 
Bin 52: 692 74 963 193 703 789 92 
Bin 53: 0 264 726 358 479 184 442 
Bin 54: 487 154 683 634 418 834 
Bin 55: 544 306 851 149 736 499 
Bin 56: 374 427 262 99 474 381 
Bin 57: 772 109 976 153 81 993 
Bin 58: 447 998 926 958 561 215 
Bin 59: 552 533 70 609 86 885 
Bin 60: 985 47 864 935 258 842 
Bin 61: 95 566 334 598 696 33 817 787 
Bin 62: 631 930 923 203 520 425 171 
Bin 63: 248 480 261 852 640 
Bin 64: 253 579 921 16 568 823 147 989 
Bin 65: 350 877 642 563 40 843 
Bin 66: 721 967 180 224 512 455 
Bin 67: 938 122 423 803 272 859 
Bin 68: 134 158 269 390 11 728 450 302 
Bin 69: 951 300 905 667 855 441 489 364 
Bin 70: 816 23 495 222 290 319 189 
Bin 71: 690 775 61 359 652 509 800 729 
Bin 72: 849 574 240 312 971 979 986 
Bin 73: 503 336 752 378 965 538 
Bin 74: 556 882 162 954 594 
Bin 75: 663 282 936 869 647 257 735 267 
Bin 76: 183 946 168 723 424 760 408 344 
Bin 77: 597 972 118 957 456 504 211 65 
Bin 78: 902 710 25 337 919 386 682 
Bin 79: 599 717 955 339 886 3 349 
Bin 80: 219 623 50 928 513 111 4 
Bin 81: 454 678 801 994 764 421 394 263 
Bin 82: 138 43 413 241 110 
Bin 83: 167 555 144 346 420 997 56 348 733 
Bin 84: 524 660 24 551 519 477 57 
Bin 85: 462 72 689 90 984 666 
Bin 86: 620 483 819 93 433 739 284 
Bin 87: 331 124 559 883 896 694 
Bin 88: 28 505 66 870 518 475 508 911 
Bin 89: 27 206 547 500 759 249 
Bin 90: 741 914 531 490 680 39 
Bin 91: 837 53 273 578 22 279 
Bin 92: 769 653 342 121 850 
Bin 93: 502 30 88 893 199 
Bin 94: 393 129 638 602 934 702 
Bin 95: 270 71 983 515 363 554 
Bin 96: 457 243 445 148 166 913 586 
Bin 97: 948 69 150 865 271 387 
Bin 98: 639 734 876 32 890 
Bin 99: 720 10 176 593 846 142 431 
Bin 100: 814 195 841 615 797 120 511 949 448 
Bin 101: 916 510 155 440 691 190 539 
Bin 102: 376 125 188 959 461 771 244 
Bin 103: 291 614 562 857 159 38 
Bin 104: 712 285 59 601 835 871 813 
Bin 105: 545 45 235 325 373 656 904 
Bin 106: 820 766 891 506 177 669 577 
Bin 107: 429 400 947 981 372 708 62 
Bin 108: 996 687 839 198 861 497 
Bin 109: 744 992 492 130 438 13 898 
Bin 110: 878 87 416 791 832 894 
Bin 111: 941 375 91 879 754 338 709 700 
Bin 112: 570 750 401 139 345 673 343 
Bin 113: 866 580 969 64 169 829 884 
Bin 114: 558 743 161 354 1 352 
Bin 115: 459 699 674 617 446 668 858 493 
Bin 116: 422 758 281 740 773 330 637 
Bin 117: 658 825 698 853 582 974 
Bin 118: 252 44 990 950 163 528 204 
Bin 119: 304 463 610 151 205 966 202 
Bin 120: 715 259 874 377 136 196 573 
Bin 121: 317 838 523 31 297 191 
Bin 122: 964 863 679 63 329 719 192 873 
Bin 123: 622 78 762 748 366 793 
Bin 124: 543 20 847 920 201 412 365 
Bin 125: 340 808 701 945 704 232 464 
Bin 126: 899 827 117 443 275 
Bin 127: 560 875 310 661 782 164 684 
Bin 128: 603 790 132 991 333 588 
Bin 129: 18 830 633 592 596 
Bin 130: 55 581 145 444 230 856 
Bin 131: 260 237 635 173 868 553 361 
Bin 132: 821 52 383 135 288 36 534 268 
Bin 133: 822 356 645 324 133 944 280 
Bin 134: 355 308 488 831 655 68 
Bin 135: 471 482 828 370 227 137 
Bin 136: 657 51 776 618 255 796 
Bin 137: 434 106 753 953 845 452 
Bin 138: 761 82 322 406 527 181 115 
Bin 139: 83 806 977 382 220 
Bin 140: 727 693 804 970 296 
Bin 141: 428 303 982 341 466 779 798 763 
Bin 142: 458 415 628 624 238 681 
Bin 143: 146 585 606 784 826 783 
Bin 144: 21 7 409 897 362 546 718 
Bin 145: 49 962 900 901 665 807 565 
Bin 146: 432 810 731 410 777 595 
Bin 147: 247 48 357 398 407 
Bin 148: 925 785 978 469 968 89 
Bin 149: 943 141 5 179 6 
Bin 150: 705 629 265 675 379 569 
Bin 151: 395 225 677 19 292 98 
