# Objective: 74
# Time: 22.3221
# Feasible: 1
# Solution:
Bin 0: 41 27 339 499 55 435 364 
Bin 1: 308 178 425 237 426 258 130 
Bin 2: 149 119 205 39 246 196 
Bin 3: 221 47 326 287 111 372 
Bin 4: 202 42 434 78 224 126 
Bin 5: 467 198 406 38 330 348 455 163 397 69 
Bin 6: 391 137 95 79 93 242 
Bin 7: 496 182 148 255 9 
Bin 8: 71 208 488 82 261 134 
Bin 9: 292 131 342 14 101 415 262 
Bin 10: 123 485 70 302 283 383 
Bin 11: 266 407 11 473 264 144 
Bin 12: 452 143 150 494 323 413 458 228 44 46 
Bin 13: 53 344 21 31 86 167 329 215 
Bin 14: 96 399 103 20 214 30 
Bin 15: 446 350 477 24 392 462 
Bin 16: 277 3 296 213 299 325 454 52 
Bin 17: 438 412 48 375 117 165 
Bin 18: 0 319 105 99 58 400 322 300 
Bin 19: 118 154 233 482 486 180 390 355 
Bin 20: 51 347 50 443 152 385 
Bin 21: 340 197 35 49 281 445 404 437 
Bin 22: 497 341 318 161 162 269 6 157 
Bin 23: 65 419 164 23 244 441 259 
Bin 24: 219 356 311 185 108 483 398 176 
Bin 25: 138 102 461 298 444 28 156 160 
Bin 26: 295 181 484 463 142 115 1 77 155 
Bin 27: 309 37 433 243 427 328 187 
Bin 28: 478 222 316 159 18 158 85 
Bin 29: 177 234 240 72 136 343 313 232 
Bin 30: 279 394 17 60 241 100 16 
Bin 31: 422 431 290 209 83 
Bin 32: 472 34 353 256 305 231 
Bin 33: 250 193 423 203 201 
Bin 34: 276 447 297 346 333 442 284 359 386 
Bin 35: 75 369 430 498 107 487 145 
Bin 36: 67 257 4 235 146 395 459 315 332 
Bin 37: 199 429 194 469 239 113 
Bin 38: 274 363 402 173 382 92 54 74 
Bin 39: 56 424 271 448 384 420 408 12 
Bin 40: 171 206 475 304 62 247 
Bin 41: 172 128 129 212 345 230 
Bin 42: 268 254 29 191 289 480 
Bin 43: 490 245 491 357 186 66 495 278 
Bin 44: 479 226 352 367 418 324 
Bin 45: 236 481 371 153 263 166 
Bin 46: 389 291 265 127 73 
Bin 47: 373 114 124 57 252 361 
Bin 48: 320 169 225 168 376 76 
Bin 49: 468 188 210 116 110 317 45 84 
Bin 50: 456 335 388 374 379 337 321 141 
Bin 51: 288 151 492 466 97 80 
Bin 52: 125 307 416 22 33 174 64 211 
Bin 53: 405 312 360 87 464 457 91 
Bin 54: 5 282 303 204 248 417 
Bin 55: 476 365 414 120 393 370 112 
Bin 56: 351 338 106 251 453 331 
Bin 57: 135 19 132 301 432 
Bin 58: 410 175 272 25 43 192 
Bin 59: 260 450 63 195 253 32 474 
Bin 60: 122 217 465 90 104 403 
Bin 61: 493 207 310 218 380 26 
Bin 62: 184 349 139 377 334 
Bin 63: 451 40 36 327 440 81 368 10 
Bin 64: 354 428 133 460 121 59 411 
Bin 65: 421 294 449 147 267 336 
Bin 66: 366 273 401 396 13 238 378 
Bin 67: 61 216 179 285 88 
Bin 68: 89 220 293 98 362 286 270 439 
Bin 69: 68 170 223 200 471 94 
Bin 70: 275 381 7 227 183 358 
Bin 71: 436 189 109 306 229 8 
Bin 72: 409 190 489 140 280 249 
Bin 73: 2 15 470 387 314 
