# Objective: 99
# Time: 112.244
# Feasible: 1
# Solution:
Bin 0: 21 154 426 318 
Bin 1: 176 126 253 485 476 109 
Bin 2: 118 204 151 372 234 369 
Bin 3: 350 82 15 119 246 313 
Bin 4: 407 294 334 380 346 
Bin 5: 347 32 110 44 
Bin 6: 91 181 160 115 444 
Bin 7: 460 16 492 475 209 237 
Bin 8: 303 411 201 368 
Bin 9: 360 339 265 317 39 
Bin 10: 394 203 478 351 104 
Bin 11: 107 52 264 489 461 
Bin 12: 330 451 290 46 1 
Bin 13: 192 479 447 255 389 
Bin 14: 343 210 233 494 243 
Bin 15: 78 269 27 279 207 
Bin 16: 416 244 105 384 249 
Bin 17: 162 218 175 208 493 
Bin 18: 238 352 158 163 100 
Bin 19: 222 221 10 69 43 87 
Bin 20: 400 390 302 62 188 
Bin 21: 17 152 497 325 93 166 
Bin 22: 257 471 382 498 50 374 
Bin 23: 398 349 136 363 342 
Bin 24: 435 466 236 200 129 
Bin 25: 147 228 473 427 311 
Bin 26: 402 29 58 299 436 
Bin 27: 79 157 98 443 323 256 
Bin 28: 401 55 156 281 289 
Bin 29: 345 263 361 66 38 
Bin 30: 455 490 445 41 240 128 
Bin 31: 365 379 277 429 167 393 189 
Bin 32: 480 148 24 7 231 295 
Bin 33: 40 293 9 139 42 
Bin 34: 484 307 30 306 316 
Bin 35: 452 106 356 430 11 
Bin 36: 420 364 499 333 187 385 
Bin 37: 178 491 329 195 278 190 
Bin 38: 298 370 412 191 97 
Bin 39: 396 194 77 76 422 
Bin 40: 418 408 320 327 25 
Bin 41: 0 431 223 314 138 
Bin 42: 439 111 469 474 34 
Bin 43: 301 266 367 424 113 
Bin 44: 20 304 495 123 312 
Bin 45: 395 326 73 168 33 486 
Bin 46: 70 164 220 101 131 483 
Bin 47: 74 112 391 80 197 216 
Bin 48: 251 285 297 465 336 31 
Bin 49: 397 149 88 8 276 
Bin 50: 252 405 144 90 159 
Bin 51: 341 83 309 185 310 
Bin 52: 403 226 274 134 51 488 
Bin 53: 386 438 449 280 353 242 
Bin 54: 121 64 275 184 463 35 
Bin 55: 419 153 135 287 409 
Bin 56: 48 319 140 283 335 
Bin 57: 2 250 262 127 376 
Bin 58: 60 116 145 142 254 308 
Bin 59: 18 245 355 259 53 
Bin 60: 399 165 440 296 241 
Bin 61: 61 348 172 202 423 
Bin 62: 143 212 94 450 392 
Bin 63: 28 300 19 179 366 
Bin 64: 270 387 37 45 359 
Bin 65: 273 362 196 457 63 464 
Bin 66: 103 198 96 331 84 4 
Bin 67: 261 171 291 239 344 205 
Bin 68: 487 137 442 59 
Bin 69: 215 448 415 388 65 
Bin 70: 354 428 441 292 338 
Bin 71: 357 337 26 378 224 
Bin 72: 6 141 410 373 146 
Bin 73: 454 322 371 108 5 477 
Bin 74: 413 193 433 232 174 
Bin 75: 421 54 22 496 182 
Bin 76: 305 340 170 183 
Bin 77: 225 248 481 23 169 
Bin 78: 462 268 85 49 117 213 
Bin 79: 133 375 130 173 
Bin 80: 425 258 332 36 328 417 
Bin 81: 81 324 89 458 
Bin 82: 199 267 12 114 14 377 
Bin 83: 95 470 92 453 456 
Bin 84: 219 161 102 284 
Bin 85: 75 180 125 414 
Bin 86: 67 177 214 120 
Bin 87: 206 68 321 272 467 
Bin 88: 3 434 230 472 
Bin 89: 286 406 468 47 
Bin 90: 13 315 383 482 282 
Bin 91: 56 132 358 381 
Bin 92: 271 247 99 57 
Bin 93: 124 459 86 260 
Bin 94: 72 155 150 217 
Bin 95: 432 71 211 446 404 
Bin 96: 288 122 
Bin 97: 227 235 229 
Bin 98: 186 437 
