# Objective: 37
# Time: 6.95915
# Feasible: 1
# Solution:
Bin 0: 202 174 249 95 187 72 171 219 
Bin 1: 100 227 75 179 191 186 
Bin 2: 43 58 228 147 237 61 218 144 
Bin 3: 205 126 18 132 234 121 140 
Bin 4: 73 188 162 24 125 86 
Bin 5: 39 246 245 20 31 64 
Bin 6: 213 1 203 84 69 208 232 49 
Bin 7: 91 178 48 37 99 25 40 97 
Bin 8: 243 241 22 164 158 225 226 
Bin 9: 142 79 230 136 50 128 151 
Bin 10: 165 2 200 32 78 160 143 
Bin 11: 123 80 76 192 150 19 93 138 
Bin 12: 14 52 224 168 23 74 220 
Bin 13: 4 189 148 81 6 
Bin 14: 215 105 185 139 65 62 122 
Bin 15: 109 112 159 87 173 
Bin 16: 21 104 54 198 167 235 
Bin 17: 199 45 180 113 94 181 38 
Bin 18: 82 146 229 176 211 242 
Bin 19: 209 127 120 135 236 111 42 221 
Bin 20: 240 8 157 47 46 175 26 
Bin 21: 239 247 183 30 169 129 101 156 
Bin 22: 193 102 190 244 10 51 57 60 
Bin 23: 212 44 17 182 28 33 
Bin 24: 210 70 231 166 118 68 103 15 
Bin 25: 83 116 27 89 29 77 13 
Bin 26: 238 34 71 153 16 201 124 172 
Bin 27: 248 85 12 161 90 204 
Bin 28: 195 59 149 233 55 197 217 
Bin 29: 163 67 207 108 9 110 
Bin 30: 56 170 88 117 5 11 
Bin 31: 141 92 131 7 177 98 
Bin 32: 106 115 214 107 137 152 96 
Bin 33: 119 41 66 53 216 222 
Bin 34: 155 114 36 223 134 130 
Bin 35: 145 194 63 206 133 
Bin 36: 184 154 35 3 0 196 
