# Objective: 202
# Time: 3605.71
# Feasible: 1
# Solution:
Bin 0: 601 167 969 462 988 711 
Bin 1: 868 119 984 305 708 
Bin 2: 301 800 929 95 668 163 
Bin 3: 716 954 143 837 808 625 
Bin 4: 96 922 948 783 710 
Bin 5: 107 843 916 411 
Bin 6: 577 940 210 903 871 
Bin 7: 982 18 201 46 227 
Bin 8: 603 37 762 815 911 994 
Bin 9: 560 353 347 417 983 
Bin 10: 433 764 597 194 879 
Bin 11: 428 235 616 804 552 799 
Bin 12: 276 231 623 284 
Bin 13: 529 596 573 3 844 478 
Bin 14: 306 17 520 875 591 
Bin 15: 25 686 88 902 81 717 
Bin 16: 814 675 156 209 219 996 
Bin 17: 626 720 543 652 752 
Bin 18: 488 606 436 549 530 
Bin 19: 212 776 429 157 280 904 
Bin 20: 376 45 570 264 89 
Bin 21: 40 454 876 695 38 
Bin 22: 638 10 197 659 261 
Bin 23: 495 490 330 755 864 
Bin 24: 743 245 820 610 343 139 
Bin 25: 435 745 691 303 331 690 
Bin 26: 648 557 919 91 458 
Bin 27: 14 674 738 418 220 
Bin 28: 662 369 912 609 908 
Bin 29: 442 578 279 624 987 963 
Bin 30: 807 145 430 692 117 
Bin 31: 953 845 672 567 403 
Bin 32: 915 302 492 817 671 
Bin 33: 466 753 657 468 736 970 828 
Bin 34: 896 56 850 851 247 
Bin 35: 503 289 222 313 120 
Bin 36: 966 36 584 901 946 405 
Bin 37: 391 361 62 415 372 905 
Bin 38: 409 128 238 701 730 
Bin 39: 44 608 748 568 159 
Bin 40: 59 513 551 42 314 
Bin 41: 21 485 945 148 84 
Bin 42: 351 962 535 924 420 504 
Bin 43: 381 725 374 184 746 188 
Bin 44: 225 853 496 723 964 215 
Bin 45: 653 9 68 793 24 
Bin 46: 196 198 55 779 
Bin 47: 593 133 985 660 
Bin 48: 782 268 890 829 866 
Bin 49: 399 936 918 47 729 
Bin 50: 187 574 51 663 151 
Bin 51: 218 862 806 177 867 192 
Bin 52: 575 967 602 766 233 
Bin 53: 792 645 605 
Bin 54: 989 598 423 532 407 
Bin 55: 274 778 698 705 
Bin 56: 98 147 547 658 894 565 
Bin 57: 31 827 749 125 15 131 
Bin 58: 223 859 345 181 444 295 
Bin 59: 123 355 556 384 232 
Bin 60: 199 991 563 756 588 
Bin 61: 402 424 975 208 586 
Bin 62: 498 747 619 378 142 
Bin 63: 349 548 935 12 78 130 
Bin 64: 758 270 85 266 841 257 
Bin 65: 230 229 704 328 840 
Bin 66: 559 2 542 11 43 
Bin 67: 874 297 195 839 607 
Bin 68: 860 833 525 211 477 
Bin 69: 714 373 627 186 90 981 
Bin 70: 754 910 957 75 956 
Bin 71: 823 959 255 973 473 
Bin 72: 394 440 152 28 728 
Bin 73: 881 523 459 451 677 
Bin 74: 744 621 528 5 689 
Bin 75: 414 104 941 124 500 
Bin 76: 316 604 487 489 934 
Bin 77: 100 311 965 387 282 
Bin 78: 761 320 183 914 334 
Bin 79: 370 944 20 65 821 
Bin 80: 367 676 891 63 173 
Bin 81: 39 322 256 
Bin 82: 204 383 73 950 4 
Bin 83: 706 718 481 23 
Bin 84: 249 836 960 205 447 
Bin 85: 116 72 777 400 170 
Bin 86: 299 939 164 362 278 
Bin 87: 878 980 741 456 937 
Bin 88: 926 678 892 685 656 
Bin 89: 972 251 524 286 69 
Bin 90: 449 639 172 66 976 71 
Bin 91: 633 697 771 986 298 
Bin 92: 882 502 426 60 872 
Bin 93: 599 300 168 76 
Bin 94: 67 768 307 87 794 
Bin 95: 835 709 797 135 126 427 
Bin 96: 649 861 998 
Bin 97: 521 642 553 997 739 
Bin 98: 847 830 336 789 585 712 
Bin 99: 731 537 838 880 673 978 
Bin 100: 315 103 589 931 925 
Bin 101: 734 8 136 795 622 99 
Bin 102: 79 527 236 174 304 
Bin 103: 669 344 818 452 694 
Bin 104: 526 472 419 569 643 
Bin 105: 715 480 6 
Bin 106: 319 670 644 486 893 
Bin 107: 906 271 636 155 558 
Bin 108: 0 646 366 70 865 
Bin 109: 464 217 74 441 380 
Bin 110: 457 285 269 202 342 
Bin 111: 595 50 333 431 863 277 
Bin 112: 115 938 432 655 
Bin 113: 413 620 958 239 
Bin 114: 531 760 942 101 510 
Bin 115: 461 385 34 788 592 
Bin 116: 846 408 189 241 688 
Bin 117: 775 438 990 614 
Bin 118: 824 296 927 763 448 
Bin 119: 243 338 377 873 446 260 
Bin 120: 917 582 129 379 127 
Bin 121: 933 288 993 852 856 439 
Bin 122: 16 583 137 732 392 
Bin 123: 511 594 321 332 826 
Bin 124: 146 341 388 886 682 687 
Bin 125: 974 479 968 113 765 150 
Bin 126: 467 48 13 404 58 923 
Bin 127: 49 572 631 491 727 
Bin 128: 883 216 786 
Bin 129: 722 951 348 
Bin 130: 719 899 979 889 
Bin 131: 539 702 412 64 190 
Bin 132: 877 234 943 505 870 
Bin 133: 474 93 822 395 737 94 
Bin 134: 471 497 359 180 971 
Bin 135: 651 52 869 640 
Bin 136: 134 476 309 516 281 
Bin 137: 237 907 757 683 
Bin 138: 544 774 267 254 324 
Bin 139: 244 767 696 849 358 
Bin 140: 508 484 647 750 
Bin 141: 453 992 810 
Bin 142: 375 483 340 801 102 790 
Bin 143: 287 811 581 106 517 
Bin 144: 77 735 564 293 518 
Bin 145: 272 30 615 930 
Bin 146: 920 32 397 999 
Bin 147: 534 772 666 111 
Bin 148: 855 352 726 112 390 
Bin 149: 250 561 242 580 
Bin 150: 401 138 628 325 629 
Bin 151: 507 252 475 555 854 144 
Bin 152: 450 562 571 226 740 
Bin 153: 386 118 848 463 667 540 
Bin 154: 909 354 888 465 
Bin 155: 434 263 82 171 371 
Bin 156: 410 443 713 816 699 
Bin 157: 191 506 955 857 
Bin 158: 700 203 162 515 630 
Bin 159: 176 122 200 949 53 
Bin 160: 590 57 97 707 228 
Bin 161: 947 693 41 350 327 
Bin 162: 533 995 283 141 166 339 
Bin 163: 185 898 214 684 654 
Bin 164: 221 105 469 262 110 
Bin 165: 317 323 494 19 161 
Bin 166: 326 831 363 664 357 
Bin 167: 291 751 33 61 791 179 
Bin 168: 22 661 248 35 258 365 
Bin 169: 470 900 335 733 634 310 
Bin 170: 721 169 703 546 224 
Bin 171: 600 154 178 913 
Bin 172: 825 406 545 92 290 29 
Bin 173: 460 897 785 421 364 
Bin 174: 499 536 253 501 759 
Bin 175: 541 1 805 
Bin 176: 493 437 665 207 425 
Bin 177: 617 108 246 
Bin 178: 240 773 206 
Bin 179: 259 416 312 618 612 787 
Bin 180: 635 802 346 356 396 
Bin 181: 842 613 213 977 337 
Bin 182: 554 160 27 832 538 
Bin 183: 961 611 26 798 
Bin 184: 165 650 885 724 
Bin 185: 389 932 514 680 149 
Bin 186: 512 770 742 679 
Bin 187: 884 519 681 398 
Bin 188: 329 175 193 
Bin 189: 292 579 921 318 
Bin 190: 368 121 153 522 7 641 
Bin 191: 83 819 632 360 
Bin 192: 54 80 275 809 
Bin 193: 550 109 132 
Bin 194: 308 86 887 482 
Bin 195: 952 566 114 422 
Bin 196: 182 140 812 637 
Bin 197: 781 455 858 294 
Bin 198: 509 273 834 393 
Bin 199: 769 576 928 813 
Bin 200: 158 265 780 895 
Bin 201: 587 382 445 803 784 796 
