# Objective: 166
# Time: 207.045
# Feasible: 1
# Solution:
Bin 0: 393 695 403 204 274 346 360 
Bin 1: 45 75 901 429 450 242 
Bin 2: 874 260 213 211 825 126 
Bin 3: 184 987 656 388 185 141 647 
Bin 4: 821 853 884 727 300 128 210 
Bin 5: 798 202 819 309 565 703 978 
Bin 6: 559 962 767 749 732 37 839 
Bin 7: 899 605 122 826 642 
Bin 8: 16 169 398 777 666 587 735 295 
Bin 9: 197 23 171 862 704 658 486 
Bin 10: 755 787 289 304 457 175 343 
Bin 11: 631 53 725 310 348 515 
Bin 12: 984 268 298 649 859 342 595 
Bin 13: 558 946 463 920 445 96 872 
Bin 14: 773 430 367 52 653 84 
Bin 15: 906 753 446 331 574 235 
Bin 16: 834 193 989 480 69 
Bin 17: 115 413 717 921 172 881 308 
Bin 18: 133 817 72 182 603 741 17 
Bin 19: 600 187 815 677 929 303 
Bin 20: 720 198 460 742 438 125 
Bin 21: 442 220 283 580 345 144 382 
Bin 22: 110 758 181 585 934 87 
Bin 23: 63 20 822 15 373 
Bin 24: 154 215 131 44 765 522 437 
Bin 25: 99 416 338 711 433 610 
Bin 26: 537 891 669 885 596 544 
Bin 27: 552 507 916 371 982 248 
Bin 28: 374 216 415 161 281 250 
Bin 29: 591 517 378 955 352 317 
Bin 30: 572 81 957 912 116 922 
Bin 31: 278 186 479 576 699 617 
Bin 32: 502 467 423 965 485 22 
Bin 33: 557 275 802 27 267 951 241 
Bin 34: 194 219 114 209 288 571 305 
Bin 35: 551 831 292 861 759 870 165 
Bin 36: 229 841 796 637 412 482 411 
Bin 37: 95 132 409 503 157 824 
Bin 38: 770 225 86 140 782 334 356 
Bin 39: 271 18 688 498 845 107 
Bin 40: 28 359 882 478 531 392 41 
Bin 41: 100 963 327 307 775 76 
Bin 42: 262 51 313 813 243 844 
Bin 43: 120 970 136 771 774 323 
Bin 44: 19 532 26 923 709 660 468 
Bin 45: 640 222 102 809 490 162 
Bin 46: 282 410 609 939 718 
Bin 47: 681 240 778 619 130 
Bin 48: 183 547 386 80 938 344 
Bin 49: 418 60 377 998 427 
Bin 50: 892 266 519 148 255 521 
Bin 51: 937 985 729 33 739 330 
Bin 52: 680 218 491 764 992 779 
Bin 53: 533 387 746 79 440 404 582 487 
Bin 54: 258 256 223 804 756 484 
Bin 55: 56 328 865 909 276 71 265 
Bin 56: 726 244 659 634 422 
Bin 57: 451 761 139 312 483 542 488 
Bin 58: 731 612 621 904 784 419 
Bin 59: 160 363 91 918 156 145 
Bin 60: 593 159 261 472 768 543 397 
Bin 61: 432 622 111 462 910 354 903 747 
Bin 62: 252 996 489 616 77 369 
Bin 63: 499 664 336 239 316 687 883 
Bin 64: 897 152 783 351 32 569 760 
Bin 65: 867 878 208 420 217 
Bin 66: 895 66 83 584 293 999 708 
Bin 67: 64 203 893 797 781 394 
Bin 68: 561 196 625 40 636 205 
Bin 69: 509 228 696 931 972 355 
Bin 70: 668 936 280 586 249 776 
Bin 71: 42 959 326 602 638 973 456 
Bin 72: 652 607 449 426 164 
Bin 73: 880 635 396 48 790 380 
Bin 74: 257 494 9 829 
Bin 75: 769 579 389 752 469 536 900 
Bin 76: 35 856 830 549 979 89 
Bin 77: 407 189 425 933 601 385 
Bin 78: 889 925 623 439 370 54 
Bin 79: 67 505 119 554 443 
Bin 80: 766 311 842 8 721 106 
Bin 81: 896 888 816 155 321 801 
Bin 82: 105 290 697 124 324 
Bin 83: 424 399 733 92 368 927 109 
Bin 84: 550 340 500 814 476 730 
Bin 85: 4 890 428 794 986 556 682 
Bin 86: 10 646 341 991 620 527 49 
Bin 87: 400 510 306 481 567 
Bin 88: 112 541 971 941 568 234 
Bin 89: 807 535 691 207 577 590 
Bin 90: 366 791 492 143 932 905 873 
Bin 91: 237 712 958 277 291 384 
Bin 92: 13 723 73 736 750 995 645 
Bin 93: 473 629 0 50 68 643 
Bin 94: 795 454 357 180 497 314 
Bin 95: 702 464 496 113 690 988 597 
Bin 96: 337 315 163 59 58 47 670 
Bin 97: 812 869 391 745 43 737 
Bin 98: 104 644 627 555 134 562 
Bin 99: 21 238 475 678 246 667 
Bin 100: 135 179 966 976 57 877 
Bin 101: 613 129 401 560 581 578 
Bin 102: 93 648 604 956 173 236 
Bin 103: 201 679 961 974 417 665 11 
Bin 104: 350 546 599 860 716 820 29 994 
Bin 105: 564 511 589 269 566 
Bin 106: 700 62 512 12 573 5 
Bin 107: 36 837 530 30 421 641 
Bin 108: 461 942 434 347 78 847 
Bin 109: 563 529 943 654 823 270 
Bin 110: 763 320 913 975 935 178 
Bin 111: 857 296 662 212 227 887 
Bin 112: 930 191 715 375 34 199 628 
Bin 113: 914 25 253 686 90 786 
Bin 114: 657 137 692 167 395 
Bin 115: 518 372 127 926 61 611 
Bin 116: 967 177 684 940 689 852 526 
Bin 117: 286 626 224 405 545 710 
Bin 118: 785 713 685 31 74 247 
Bin 119: 103 358 520 879 705 
Bin 120: 474 751 452 123 592 792 
Bin 121: 88 302 466 650 997 757 319 
Bin 122: 618 168 968 919 553 738 
Bin 123: 673 740 789 534 655 799 
Bin 124: 806 402 843 98 188 
Bin 125: 146 459 108 406 294 
Bin 126: 335 524 147 471 381 
Bin 127: 301 993 848 548 458 632 833 
Bin 128: 272 683 495 325 82 361 
Bin 129: 948 6 964 408 455 744 
Bin 130: 149 811 694 886 200 
Bin 131: 714 793 38 953 506 
Bin 132: 868 85 332 850 329 192 138 214 
Bin 133: 707 854 251 431 65 
Bin 134: 153 233 514 322 864 513 
Bin 135: 808 855 376 170 672 
Bin 136: 493 101 46 448 871 949 
Bin 137: 898 866 150 835 945 728 
Bin 138: 734 615 353 663 639 661 
Bin 139: 624 39 470 876 983 264 297 
Bin 140: 206 676 190 339 436 693 
Bin 141: 539 674 390 608 117 
Bin 142: 917 924 528 851 748 
Bin 143: 14 299 840 828 838 
Bin 144: 232 849 287 836 977 
Bin 145: 195 810 263 762 525 
Bin 146: 772 333 908 875 3 863 
Bin 147: 538 414 24 944 453 2 362 
Bin 148: 121 508 915 614 981 671 
Bin 149: 540 226 176 441 477 447 
Bin 150: 928 832 273 780 279 911 
Bin 151: 743 907 754 947 97 
Bin 152: 594 990 800 706 435 
Bin 153: 827 174 142 570 
Bin 154: 245 633 846 719 230 805 
Bin 155: 1 575 960 158 954 
Bin 156: 858 651 516 701 365 
Bin 157: 803 588 55 698 465 
Bin 158: 598 952 151 523 722 
Bin 159: 675 606 379 383 788 
Bin 160: 583 259 501 364 724 444 
Bin 161: 818 894 349 254 285 
Bin 162: 166 980 902 118 
Bin 163: 318 221 7 231 
Bin 164: 630 969 94 
Bin 165: 950 504 70 284 
