# Objective: 18
# Time: 2.54273
# Feasible: 1
# Solution:
Bin 0: 52 11 105 4 91 5 
Bin 1: 13 80 28 50 58 114 53 
Bin 2: 15 40 113 70 60 108 100 
Bin 3: 89 42 38 106 79 95 63 
Bin 4: 75 32 98 35 64 48 109 65 12 
Bin 5: 71 47 0 83 74 66 67 111 
Bin 6: 115 46 43 85 29 51 6 
Bin 7: 92 20 16 77 3 59 25 
Bin 8: 87 44 117 102 116 104 17 
Bin 9: 93 30 34 14 7 76 26 
Bin 10: 21 96 61 72 73 
Bin 11: 78 62 24 81 23 10 27 37 33 
Bin 12: 56 49 57 2 8 55 
Bin 13: 31 19 36 94 103 
Bin 14: 118 45 9 22 86 1 
Bin 15: 39 88 54 68 69 101 
Bin 16: 82 99 90 107 84 119 
Bin 17: 18 112 110 97 41 
