# Objective: 20
# Time: 4.32933
# Feasible: 1
# Solution:
Bin 0: 94 34 108 84 117 110 47 
Bin 1: 73 112 50 72 21 85 49 
Bin 2: 27 13 97 41 1 65 20 
Bin 3: 3 102 45 48 44 96 
Bin 4: 53 18 62 30 5 
Bin 5: 91 105 98 90 86 79 
Bin 6: 77 35 6 59 25 113 37 
Bin 7: 28 22 55 36 68 7 
Bin 8: 31 66 23 89 42 52 
Bin 9: 119 81 101 114 10 87 67 
Bin 10: 71 116 99 92 24 
Bin 11: 60 4 104 103 74 12 
Bin 12: 46 9 19 61 100 29 
Bin 13: 107 14 26 95 63 106 
Bin 14: 80 93 38 0 43 
Bin 15: 57 11 17 115 33 
Bin 16: 111 2 16 39 32 82 54 
Bin 17: 64 83 58 88 78 
Bin 18: 15 75 69 51 109 
Bin 19: 40 118 8 70 76 56 
