# Objective: 22
# Time: 6.67345
# Feasible: 1
# Solution:
Bin 0: 73 10 110 89 57 
Bin 1: 83 81 100 90 27 
Bin 2: 31 30 102 82 99 
Bin 3: 115 43 92 6 11 67 
Bin 4: 23 18 46 103 24 
Bin 5: 64 96 38 93 77 
Bin 6: 35 95 94 39 33 98 25 
Bin 7: 87 9 1 37 7 29 
Bin 8: 105 21 17 76 55 104 12 
Bin 9: 8 97 47 2 49 20 
Bin 10: 61 88 112 51 75 108 54 
Bin 11: 58 85 80 14 50 
Bin 12: 72 65 28 86 5 
Bin 13: 52 4 36 19 66 
Bin 14: 91 79 13 34 3 111 
Bin 15: 45 68 26 22 15 74 
Bin 16: 70 69 109 62 84 0 
Bin 17: 78 118 116 16 117 
Bin 18: 113 71 60 119 
Bin 19: 63 48 42 114 44 
Bin 20: 59 53 107 101 32 
Bin 21: 41 56 106 40 
