# Objective: 37
# Time: 5.12929
# Feasible: 1
# Solution:
Bin 0: 149 215 83 181 87 237 
Bin 1: 249 205 239 228 128 16 190 
Bin 2: 109 61 113 168 9 20 
Bin 3: 60 63 161 142 101 122 148 30 
Bin 4: 180 105 146 90 66 187 247 54 203 
Bin 5: 163 23 2 196 3 160 29 123 
Bin 6: 64 108 17 193 53 159 229 177 
Bin 7: 195 26 147 8 141 171 12 102 
Bin 8: 33 70 173 95 119 
Bin 9: 85 67 169 197 164 138 73 
Bin 10: 107 150 232 243 35 97 
Bin 11: 211 140 134 198 139 4 
Bin 12: 209 91 32 24 220 51 
Bin 13: 56 31 241 144 167 15 153 
Bin 14: 106 117 157 34 225 238 129 
Bin 15: 219 132 158 183 22 200 98 234 46 226 
Bin 16: 185 125 135 104 245 127 233 224 
Bin 17: 92 47 227 45 10 156 13 
Bin 18: 27 72 76 217 174 137 210 
Bin 19: 99 155 7 40 175 124 69 
Bin 20: 208 111 201 43 207 68 21 
Bin 21: 77 120 93 57 115 204 
Bin 22: 191 194 65 130 212 59 44 
Bin 23: 6 218 50 48 176 114 112 
Bin 24: 96 179 62 118 152 37 
Bin 25: 182 162 231 166 244 11 1 246 
Bin 26: 75 236 84 188 110 
Bin 27: 143 74 184 202 242 58 
Bin 28: 223 116 121 25 0 131 240 
Bin 29: 222 78 133 52 100 230 
Bin 30: 89 154 151 199 192 103 170 
Bin 31: 71 42 206 221 79 39 
Bin 32: 186 38 19 172 55 82 165 
Bin 33: 145 216 94 126 213 88 
Bin 34: 189 248 5 136 80 
Bin 35: 18 28 36 81 41 
Bin 36: 178 214 86 14 235 49 
