# Objective: 39
# Time: 12.3621
# Feasible: 1
# Solution:
Bin 0: 215 129 19 184 231 207 123 
Bin 1: 28 99 73 121 14 3 49 195 
Bin 2: 222 54 51 48 194 141 198 
Bin 3: 90 5 53 91 131 86 
Bin 4: 201 82 124 241 149 37 239 
Bin 5: 35 146 177 221 132 78 
Bin 6: 193 118 77 10 112 101 218 206 
Bin 7: 234 105 216 220 44 183 155 
Bin 8: 150 122 126 13 83 113 249 
Bin 9: 70 46 39 248 116 55 
Bin 10: 232 133 204 190 136 43 148 
Bin 11: 95 196 176 93 217 230 152 
Bin 12: 172 63 160 23 85 79 192 
Bin 13: 227 72 229 145 214 81 224 
Bin 14: 243 25 109 125 16 200 157 
Bin 15: 21 17 173 32 76 127 66 
Bin 16: 40 111 246 223 33 178 
Bin 17: 237 2 187 74 120 164 
Bin 18: 140 130 71 102 9 62 247 
Bin 19: 57 166 7 36 115 59 144 
Bin 20: 50 107 188 236 41 238 181 
Bin 21: 75 110 174 179 18 
Bin 22: 153 137 225 186 87 142 
Bin 23: 143 97 147 89 24 4 199 
Bin 24: 65 98 84 209 22 15 203 245 
Bin 25: 165 134 94 69 61 197 
Bin 26: 68 60 202 67 167 212 
Bin 27: 213 162 185 233 158 108 
Bin 28: 235 119 96 29 117 
Bin 29: 45 6 170 12 191 80 
Bin 30: 135 26 182 52 30 159 
Bin 31: 242 103 226 27 34 58 156 
Bin 32: 219 211 180 175 64 161 169 
Bin 33: 56 11 210 205 47 20 
Bin 34: 139 92 228 0 1 106 
Bin 35: 128 154 114 208 88 
Bin 36: 151 163 8 168 42 
Bin 37: 171 31 138 104 189 240 
Bin 38: 38 100 244 
