# Objective: 75
# Time: 35.3188
# Feasible: 1
# Solution:
Bin 0: 195 324 297 370 107 54 
Bin 1: 322 473 29 410 34 326 480 167 
Bin 2: 408 298 124 263 211 405 178 307 
Bin 3: 265 425 129 363 67 313 495 452 
Bin 4: 423 208 439 468 48 400 
Bin 5: 193 210 471 113 27 
Bin 6: 481 133 491 223 16 493 275 
Bin 7: 55 15 429 357 79 176 282 
Bin 8: 43 93 262 119 181 99 
Bin 9: 333 75 411 258 465 488 264 
Bin 10: 403 312 478 2 292 42 451 117 
Bin 11: 89 186 231 158 110 346 94 448 123 
Bin 12: 494 139 69 81 283 39 
Bin 13: 188 24 266 454 73 155 19 205 
Bin 14: 170 428 207 222 177 143 
Bin 15: 106 345 443 279 49 13 172 260 
Bin 16: 281 426 50 329 367 
Bin 17: 361 18 290 288 217 201 315 273 
Bin 18: 198 276 128 160 387 151 251 
Bin 19: 296 32 304 250 169 26 
Bin 20: 248 339 437 287 74 192 396 
Bin 21: 21 474 17 381 244 219 320 498 
Bin 22: 200 149 409 308 83 441 
Bin 23: 230 440 453 434 121 213 392 
Bin 24: 261 406 236 463 402 243 171 
Bin 25: 209 459 394 134 479 72 483 353 
Bin 26: 358 393 445 168 420 162 
Bin 27: 68 332 378 20 145 125 397 
Bin 28: 130 462 371 14 419 36 
Bin 29: 341 224 472 499 418 183 
Bin 30: 375 88 343 323 449 38 242 
Bin 31: 131 102 270 376 404 197 456 97 
Bin 32: 225 447 284 309 165 
Bin 33: 12 239 63 486 373 132 344 
Bin 34: 334 150 280 214 65 59 10 66 
Bin 35: 101 331 256 212 476 484 254 
Bin 36: 0 114 203 232 173 
Bin 37: 422 206 87 135 407 
Bin 38: 335 482 7 136 461 108 11 234 
Bin 39: 228 6 455 245 446 22 
Bin 40: 489 436 421 289 109 374 233 51 122 
Bin 41: 240 415 246 330 112 
Bin 42: 100 347 141 291 96 35 384 
Bin 43: 189 142 140 62 104 
Bin 44: 77 52 399 58 85 60 
Bin 45: 23 444 196 485 492 86 
Bin 46: 388 496 116 45 310 269 115 
Bin 47: 382 299 295 442 267 31 
Bin 48: 306 467 220 202 285 187 46 259 
Bin 49: 76 127 327 185 227 80 144 
Bin 50: 237 354 221 253 311 3 
Bin 51: 360 337 190 414 424 416 372 
Bin 52: 241 33 303 286 336 427 
Bin 53: 278 41 487 153 359 302 
Bin 54: 216 9 438 199 401 111 
Bin 55: 163 179 466 293 71 431 
Bin 56: 8 277 390 349 314 30 
Bin 57: 457 272 146 475 28 184 
Bin 58: 389 5 430 319 464 
Bin 59: 317 194 147 175 328 238 235 300 
Bin 60: 137 398 352 340 318 356 226 180 
Bin 61: 257 355 118 255 477 450 103 164 
Bin 62: 391 61 152 161 377 
Bin 63: 294 120 362 385 84 204 1 369 
Bin 64: 364 342 433 316 4 57 98 40 
Bin 65: 247 47 386 365 268 126 44 
Bin 66: 350 348 105 156 182 25 
Bin 67: 53 470 301 92 395 321 229 
Bin 68: 274 70 157 305 325 432 91 
Bin 69: 379 159 460 64 95 148 
Bin 70: 138 154 82 166 383 469 
Bin 71: 90 417 368 351 458 218 
Bin 72: 435 191 215 413 249 497 
Bin 73: 174 78 366 271 490 
Bin 74: 412 380 252 56 37 338 
