# Objective: 152
# Time: 224.019
# Feasible: 1
# Solution:
Bin 0: 229 789 259 71 607 3 617 837 
Bin 1: 761 805 599 985 961 801 975 
Bin 2: 577 404 860 667 496 977 
Bin 3: 414 989 115 847 697 205 310 
Bin 4: 653 257 20 342 520 931 
Bin 5: 37 338 551 588 431 
Bin 6: 265 531 791 960 835 189 
Bin 7: 433 139 519 152 512 637 426 
Bin 8: 565 179 357 937 358 
Bin 9: 517 397 455 213 675 9 
Bin 10: 170 292 250 610 281 158 927 10 649 
Bin 11: 621 788 453 439 728 298 890 
Bin 12: 928 501 765 203 463 692 294 190 102 
Bin 13: 105 227 30 328 177 716 
Bin 14: 379 65 300 786 320 626 824 369 
Bin 15: 163 516 285 55 321 46 11 586 
Bin 16: 364 983 109 127 564 93 441 
Bin 17: 299 280 635 349 718 539 
Bin 18: 73 191 295 222 730 
Bin 19: 742 584 366 43 252 982 0 
Bin 20: 422 437 507 54 970 430 393 571 
Bin 21: 522 67 376 678 446 987 772 5 
Bin 22: 296 581 699 875 601 274 
Bin 23: 389 594 367 854 936 844 
Bin 24: 309 329 181 17 287 537 
Bin 25: 311 956 418 410 95 
Bin 26: 447 434 178 605 593 731 811 
Bin 27: 879 148 740 560 582 932 925 
Bin 28: 183 627 469 806 670 62 647 559 554 
Bin 29: 267 549 934 75 69 424 173 269 
Bin 30: 286 371 111 933 833 155 579 
Bin 31: 706 494 466 254 487 325 578 
Bin 32: 704 226 15 345 751 747 40 214 
Bin 33: 858 659 739 350 381 344 
Bin 34: 803 642 511 521 114 
Bin 35: 779 454 409 720 640 944 766 
Bin 36: 236 391 913 94 733 764 240 
Bin 37: 770 503 334 215 354 689 
Bin 38: 683 123 56 443 392 814 
Bin 39: 260 193 857 912 322 
Bin 40: 436 180 262 28 888 722 755 
Bin 41: 524 145 590 70 784 275 608 432 
Bin 42: 530 656 323 611 154 957 880 
Bin 43: 598 339 82 745 52 291 
Bin 44: 42 951 192 242 137 16 415 
Bin 45: 218 556 470 225 278 502 
Bin 46: 719 459 849 212 822 878 966 
Bin 47: 829 958 237 845 661 331 
Bin 48: 855 754 88 396 330 948 166 821 
Bin 49: 792 461 118 734 417 147 497 
Bin 50: 175 492 64 606 47 978 736 
Bin 51: 690 499 243 974 819 38 92 693 
Bin 52: 41 759 905 490 72 375 800 337 199 
Bin 53: 543 967 336 326 32 574 
Bin 54: 50 110 211 592 399 547 
Bin 55: 251 373 930 851 981 
Bin 56: 316 279 335 486 894 738 573 
Bin 57: 228 307 317 6 536 402 776 
Bin 58: 782 950 953 468 120 
Bin 59: 165 249 425 518 498 603 596 
Bin 60: 301 760 230 679 802 
Bin 61: 968 778 721 478 308 405 
Bin 62: 135 628 374 204 906 897 
Bin 63: 460 351 24 569 589 263 
Bin 64: 395 288 664 823 780 604 84 
Bin 65: 370 886 832 711 795 378 
Bin 66: 654 488 440 882 666 273 648 
Bin 67: 980 346 271 219 78 797 401 353 691 
Bin 68: 442 687 534 343 476 639 
Bin 69: 416 979 387 362 57 66 
Bin 70: 660 883 509 479 122 124 523 976 
Bin 71: 506 632 703 194 841 365 
Bin 72: 380 757 255 119 467 235 
Bin 73: 327 18 902 787 909 451 
Bin 74: 19 103 247 563 799 533 808 
Bin 75: 360 848 954 818 390 224 169 
Bin 76: 108 261 176 686 938 769 116 896 35 
Bin 77: 746 196 595 482 4 700 717 
Bin 78: 36 915 29 830 657 149 
Bin 79: 23 843 918 361 636 838 
Bin 80: 386 161 485 96 744 314 852 
Bin 81: 207 372 750 491 474 406 891 
Bin 82: 566 807 831 233 79 59 
Bin 83: 134 873 268 48 223 580 
Bin 84: 172 266 171 435 347 952 901 
Bin 85: 865 14 319 407 195 959 694 
Bin 86: 541 741 763 445 908 527 
Bin 87: 216 820 125 646 804 614 907 
Bin 88: 600 771 8 304 774 248 26 
Bin 89: 874 529 324 625 472 962 
Bin 90: 618 990 955 462 221 
Bin 91: 220 241 652 619 555 383 477 113 
Bin 92: 159 724 146 475 132 97 
Bin 93: 869 570 411 994 245 707 315 
Bin 94: 685 863 144 816 859 658 256 929 
Bin 95: 167 282 710 810 665 790 
Bin 96: 633 850 813 457 87 238 
Bin 97: 400 809 313 85 526 
Bin 98: 650 368 972 725 911 756 991 
Bin 99: 920 356 836 258 458 998 583 
Bin 100: 828 13 922 535 587 253 133 
Bin 101: 793 452 121 870 671 143 917 
Bin 102: 544 438 98 201 743 698 713 283 
Bin 103: 926 641 21 471 508 293 
Bin 104: 623 622 748 558 513 231 895 200 
Bin 105: 591 546 986 86 548 289 151 
Bin 106: 449 866 794 696 552 969 104 645 
Bin 107: 162 141 61 186 106 
Bin 108: 444 924 971 613 156 
Bin 109: 749 187 877 881 388 542 412 
Bin 110: 277 352 868 673 695 753 
Bin 111: 856 80 138 900 394 921 
Bin 112: 827 423 117 427 81 182 276 
Bin 113: 861 136 612 532 846 681 
Bin 114: 39 768 25 510 767 557 
Bin 115: 168 385 662 825 862 126 916 
Bin 116: 942 575 715 398 505 234 714 
Bin 117: 312 620 198 864 872 27 949 
Bin 118: 684 812 553 914 840 939 
Bin 119: 493 128 340 783 51 941 
Bin 120: 923 99 112 995 616 615 712 
Bin 121: 947 34 33 68 456 
Bin 122: 655 83 197 206 688 525 303 
Bin 123: 708 264 420 785 737 919 
Bin 124: 333 705 940 12 450 
Bin 125: 76 676 31 495 752 726 
Bin 126: 408 898 638 964 464 651 
Bin 127: 624 290 545 701 504 484 
Bin 128: 630 826 885 871 305 359 
Bin 129: 762 669 44 815 629 729 781 481 
Bin 130: 1 483 77 480 680 284 965 
Bin 131: 997 341 984 160 239 272 
Bin 132: 140 876 602 884 107 210 538 
Bin 133: 798 157 515 576 270 45 817 209 
Bin 134: 727 631 130 297 473 867 142 419 
Bin 135: 892 796 561 935 677 348 
Bin 136: 174 709 842 946 100 7 
Bin 137: 853 562 889 53 528 887 
Bin 138: 643 60 332 672 999 403 
Bin 139: 910 2 377 834 644 
Bin 140: 150 567 63 702 91 
Bin 141: 246 129 988 514 244 943 
Bin 142: 153 777 185 634 597 993 131 
Bin 143: 609 585 489 572 232 773 668 
Bin 144: 903 682 74 429 963 899 
Bin 145: 318 90 382 208 945 540 
Bin 146: 992 500 49 735 904 202 674 363 
Bin 147: 428 448 101 732 188 22 
Bin 148: 421 89 723 306 568 184 
Bin 149: 164 384 302 996 893 775 
Bin 150: 217 413 355 465 550 
Bin 151: 758 663 58 839 973 
