# Objective: 40
# Time: 12.3057
# Feasible: 1
# Solution:
Bin 0: 235 134 119 237 45 
Bin 1: 106 147 66 85 25 199 64 140 
Bin 2: 112 50 220 118 105 43 
Bin 3: 149 89 216 63 95 81 
Bin 4: 113 102 184 249 5 233 185 
Bin 5: 136 172 11 135 200 
Bin 6: 56 154 4 241 22 198 
Bin 7: 221 88 84 96 27 126 41 214 
Bin 8: 103 69 236 223 209 247 0 
Bin 9: 232 38 129 104 150 205 97 
Bin 10: 165 130 110 137 3 125 213 
Bin 11: 228 1 131 78 248 180 72 
Bin 12: 79 179 114 17 111 23 60 
Bin 13: 192 75 206 208 2 
Bin 14: 37 139 61 155 53 217 117 
Bin 15: 76 87 24 16 83 
Bin 16: 210 173 151 31 167 101 182 
Bin 17: 21 193 144 187 143 54 212 
Bin 18: 18 29 74 219 10 159 153 
Bin 19: 204 47 93 197 175 246 
Bin 20: 239 77 157 161 164 227 
Bin 21: 127 55 44 7 225 
Bin 22: 142 166 120 58 183 
Bin 23: 190 215 92 62 145 
Bin 24: 178 123 156 86 203 116 
Bin 25: 42 94 168 34 234 224 
Bin 26: 115 207 162 35 51 
Bin 27: 15 160 36 189 194 39 
Bin 28: 218 14 148 68 52 
Bin 29: 70 71 186 40 109 26 59 230 
Bin 30: 171 91 65 176 240 138 
Bin 31: 158 177 128 170 108 181 
Bin 32: 82 222 98 33 67 195 
Bin 33: 169 201 163 226 141 20 19 
Bin 34: 242 12 100 49 229 80 32 
Bin 35: 73 90 238 146 30 13 121 
Bin 36: 8 231 124 245 196 99 133 
Bin 37: 28 48 9 107 122 
Bin 38: 6 211 191 244 46 174 
Bin 39: 152 57 243 188 132 202 
