# Objective: 86
# Time: 67.6124
# Feasible: 1
# Solution:
Bin 0: 401 418 344 317 308 
Bin 1: 140 357 213 119 287 123 
Bin 2: 443 281 139 451 165 
Bin 3: 316 16 162 99 327 366 272 
Bin 4: 387 402 220 458 286 201 
Bin 5: 269 66 145 126 35 
Bin 6: 403 18 82 371 346 438 
Bin 7: 409 247 473 388 353 397 
Bin 8: 354 361 184 264 389 252 299 
Bin 9: 240 394 375 176 484 208 
Bin 10: 110 175 39 313 399 
Bin 11: 106 157 92 133 253 292 138 
Bin 12: 495 288 485 360 489 127 
Bin 13: 255 251 406 103 414 445 294 
Bin 14: 293 169 233 390 486 85 
Bin 15: 339 64 174 22 237 146 
Bin 16: 295 104 323 238 256 
Bin 17: 13 54 9 349 115 382 
Bin 18: 404 23 29 164 435 73 
Bin 19: 160 38 28 74 20 116 
Bin 20: 177 369 408 385 89 31 
Bin 21: 474 483 90 7 148 232 
Bin 22: 144 241 170 204 363 218 
Bin 23: 479 413 335 187 114 472 
Bin 24: 5 302 60 41 482 210 
Bin 25: 15 56 141 265 415 
Bin 26: 8 234 496 324 211 236 153 
Bin 27: 46 37 428 180 297 30 
Bin 28: 193 122 149 480 27 492 
Bin 29: 266 235 181 315 468 108 
Bin 30: 426 190 301 441 338 341 
Bin 31: 259 423 229 227 446 417 471 
Bin 32: 333 4 326 343 34 
Bin 33: 291 62 132 67 217 124 
Bin 34: 393 351 68 309 347 262 
Bin 35: 431 231 112 44 91 78 
Bin 36: 448 379 58 61 358 386 355 
Bin 37: 59 311 461 376 2 183 
Bin 38: 263 93 71 100 142 460 
Bin 39: 143 152 49 244 172 24 
Bin 40: 305 84 283 268 303 285 
Bin 41: 33 3 340 249 275 47 
Bin 42: 372 279 109 278 113 
Bin 43: 463 221 348 342 477 319 
Bin 44: 200 83 289 129 167 79 
Bin 45: 186 222 449 40 97 405 
Bin 46: 456 87 192 257 380 478 
Bin 47: 277 173 209 14 258 
Bin 48: 300 420 465 370 352 81 
Bin 49: 444 207 475 373 284 
Bin 50: 362 199 189 117 454 412 
Bin 51: 158 95 107 330 150 345 
Bin 52: 239 55 432 171 377 225 
Bin 53: 261 134 452 196 50 
Bin 54: 290 270 63 462 378 86 
Bin 55: 336 271 206 490 125 267 
Bin 56: 36 43 6 419 367 51 466 
Bin 57: 429 72 407 242 179 70 
Bin 58: 374 440 1 197 57 
Bin 59: 10 310 476 121 430 
Bin 60: 105 437 439 230 198 329 
Bin 61: 459 467 166 436 434 42 
Bin 62: 96 365 205 88 21 53 
Bin 63: 296 131 147 328 334 19 332 
Bin 64: 398 94 178 396 331 410 
Bin 65: 226 11 75 32 491 
Bin 66: 427 307 320 48 
Bin 67: 135 26 384 481 130 
Bin 68: 194 228 312 359 469 422 
Bin 69: 424 304 191 246 168 368 274 
Bin 70: 383 381 102 499 322 182 
Bin 71: 497 154 76 421 400 185 
Bin 72: 364 155 325 425 457 
Bin 73: 216 203 137 136 128 111 493 
Bin 74: 224 314 163 12 159 464 
Bin 75: 156 494 45 450 447 411 
Bin 76: 65 321 80 215 243 
Bin 77: 52 350 254 161 101 245 
Bin 78: 69 455 487 248 442 
Bin 79: 223 195 498 470 488 
Bin 80: 280 120 202 392 25 
Bin 81: 306 282 391 318 98 151 356 
Bin 82: 276 212 118 250 433 188 
Bin 83: 77 273 453 337 
Bin 84: 395 260 0 416 
Bin 85: 219 298 17 214 
