# Objective: 38
# Time: 6.07052
# Feasible: 1
# Solution:
Bin 0: 139 186 69 151 177 196 150 
Bin 1: 242 232 13 37 74 175 
Bin 2: 238 246 81 80 194 234 178 239 
Bin 3: 182 244 221 79 61 24 219 
Bin 4: 197 161 60 47 38 103 
Bin 5: 91 90 195 46 142 245 
Bin 6: 64 29 160 95 229 230 
Bin 7: 184 181 129 26 89 187 31 30 
Bin 8: 227 162 110 158 94 1 111 
Bin 9: 170 198 100 62 43 126 33 
Bin 10: 45 93 207 75 77 7 
Bin 11: 88 218 25 121 119 159 92 
Bin 12: 164 171 66 15 190 225 
Bin 13: 237 55 34 214 113 
Bin 14: 155 102 44 127 140 156 
Bin 15: 143 189 223 133 83 191 42 
Bin 16: 157 53 172 98 84 108 
Bin 17: 165 87 35 4 36 67 
Bin 18: 226 202 41 40 73 224 5 
Bin 19: 11 167 50 173 114 2 146 
Bin 20: 179 222 63 8 72 188 166 
Bin 21: 117 248 135 212 141 220 
Bin 22: 241 208 152 116 200 20 
Bin 23: 27 249 107 147 51 201 
Bin 24: 137 76 231 153 32 70 176 
Bin 25: 138 0 101 125 215 21 
Bin 26: 97 199 120 52 174 168 
Bin 27: 86 204 243 14 205 130 144 
Bin 28: 185 247 128 209 210 213 106 
Bin 29: 82 192 180 96 65 39 134 
Bin 30: 10 228 19 216 57 118 145 123 
Bin 31: 9 28 68 109 149 233 235 
Bin 32: 217 71 122 183 16 193 206 
Bin 33: 23 18 59 148 124 115 
Bin 34: 99 136 132 104 154 169 
Bin 35: 211 131 236 12 105 54 48 
Bin 36: 78 112 163 56 240 22 
Bin 37: 49 58 17 85 203 6 3 
