# Objective: 39
# Time: 4.8588
# Feasible: 1
# Solution:
Bin 0: 58 8 108 136 18 81 186 
Bin 1: 86 137 157 59 131 33 228 145 
Bin 2: 38 55 27 7 163 45 23 93 
Bin 3: 95 141 70 89 104 146 
Bin 4: 74 232 123 16 94 246 
Bin 5: 226 71 32 11 40 128 150 
Bin 6: 31 191 195 50 221 227 
Bin 7: 119 183 17 233 198 103 225 4 
Bin 8: 238 113 148 72 25 
Bin 9: 67 118 187 218 192 21 
Bin 10: 197 142 22 83 162 122 
Bin 11: 80 41 245 107 219 129 171 76 
Bin 12: 82 239 68 152 75 
Bin 13: 9 206 44 116 109 185 29 73 
Bin 14: 133 174 176 36 48 173 240 34 
Bin 15: 181 140 57 207 99 
Bin 16: 12 100 49 205 175 88 222 
Bin 17: 203 96 90 212 126 87 60 165 14 
Bin 18: 161 242 28 200 158 53 
Bin 19: 39 114 144 66 42 172 249 102 
Bin 20: 43 47 111 190 180 210 229 
Bin 21: 201 0 170 160 230 204 
Bin 22: 52 97 188 78 77 179 
Bin 23: 98 13 178 134 112 56 130 
Bin 24: 2 217 153 3 37 91 
Bin 25: 84 231 155 209 234 79 
Bin 26: 139 166 1 63 85 177 
Bin 27: 105 184 61 208 26 223 167 
Bin 28: 132 202 115 159 64 124 
Bin 29: 196 92 5 220 243 
Bin 30: 6 46 182 211 110 143 214 
Bin 31: 244 101 117 189 154 
Bin 32: 69 35 138 194 20 
Bin 33: 51 151 121 213 120 193 
Bin 34: 62 19 127 168 236 54 
Bin 35: 215 241 237 125 199 
Bin 36: 65 149 135 147 247 
Bin 37: 15 216 106 164 156 10 
Bin 38: 24 169 30 248 224 235 
