# Objective: 19
# Time: 3.05137
# Feasible: 1
# Solution:
Bin 0: 76 29 31 10 25 87 46 
Bin 1: 102 16 88 41 52 119 
Bin 2: 94 56 99 3 105 36 
Bin 3: 115 91 11 79 24 9 61 
Bin 4: 13 37 23 15 112 21 
Bin 5: 19 116 60 109 0 98 49 
Bin 6: 6 18 117 83 90 77 40 
Bin 7: 103 70 33 78 110 
Bin 8: 50 72 64 89 93 
Bin 9: 92 26 114 7 53 86 51 
Bin 10: 32 84 80 27 12 65 17 30 
Bin 11: 43 85 113 45 55 4 
Bin 12: 73 35 96 106 8 
Bin 13: 66 111 20 107 48 5 
Bin 14: 68 95 34 44 101 63 82 
Bin 15: 75 67 81 14 59 
Bin 16: 54 69 62 97 57 47 38 
Bin 17: 104 39 22 28 71 1 
Bin 18: 42 108 118 2 100 58 74 
