# Objective: 22
# Time: 4.51656
# Feasible: 1
# Solution:
Bin 0: 78 73 62 65 11 46 
Bin 1: 109 117 113 95 1 12 
Bin 2: 42 116 22 33 6 66 
Bin 3: 98 108 8 60 30 
Bin 4: 99 35 40 26 84 
Bin 5: 61 74 64 83 82 51 
Bin 6: 13 115 18 57 44 
Bin 7: 97 24 72 50 112 19 32 
Bin 8: 21 10 34 80 104 37 
Bin 9: 58 41 76 23 38 16 
Bin 10: 54 81 88 29 90 
Bin 11: 100 36 111 86 85 
Bin 12: 89 114 4 92 53 39 
Bin 13: 77 106 63 45 25 
Bin 14: 9 56 48 47 105 
Bin 15: 20 101 0 70 28 
Bin 16: 7 68 91 102 87 15 
Bin 17: 17 69 27 110 96 
Bin 18: 14 71 49 2 31 
Bin 19: 103 107 59 94 55 
Bin 20: 67 3 52 75 
Bin 21: 43 118 79 5 119 93 
