# Objective: 148
# Time: 300.737
# Feasible: 1
# Solution:
Bin 0: 126 117 384 803 836 187 
Bin 1: 700 976 387 921 890 529 958 872 121 
Bin 2: 428 822 206 674 666 676 
Bin 3: 311 68 302 751 237 510 735 173 80 
Bin 4: 812 863 158 99 18 599 386 687 130 
Bin 5: 553 440 252 621 233 
Bin 6: 843 743 768 886 968 
Bin 7: 139 928 505 218 326 627 831 883 
Bin 8: 44 571 62 169 913 255 
Bin 9: 586 567 551 372 304 447 378 584 
Bin 10: 289 497 228 646 238 697 
Bin 11: 724 426 765 178 315 554 981 495 
Bin 12: 292 964 168 476 57 12 
Bin 13: 376 24 350 664 905 814 56 
Bin 14: 352 945 791 403 544 869 523 
Bin 15: 860 120 159 561 116 527 782 
Bin 16: 897 442 607 713 195 
Bin 17: 556 840 906 448 294 915 895 375 
Bin 18: 423 318 747 616 530 679 
Bin 19: 103 167 408 191 177 597 152 
Bin 20: 824 284 837 794 805 563 534 901 
Bin 21: 286 175 231 317 749 820 456 52 
Bin 22: 909 453 469 992 460 301 
Bin 23: 899 758 677 810 140 702 552 438 106 
Bin 24: 353 504 918 908 842 612 
Bin 25: 482 755 807 960 330 471 275 922 
Bin 26: 680 647 930 760 975 502 325 944 
Bin 27: 711 705 645 525 696 519 
Bin 28: 907 265 536 464 681 
Bin 29: 466 533 336 307 698 993 969 
Bin 30: 942 207 259 617 746 811 665 
Bin 31: 421 995 606 276 579 332 789 538 
Bin 32: 248 279 927 516 916 422 86 280 
Bin 33: 706 221 145 132 17 109 
Bin 34: 389 535 515 324 887 719 622 404 
Bin 35: 961 418 745 49 14 880 
Bin 36: 366 641 266 675 337 487 81 777 508 
Bin 37: 688 972 589 598 714 309 835 
Bin 38: 940 319 996 726 734 635 
Bin 39: 943 35 210 416 133 695 708 
Bin 40: 5 649 521 220 391 211 351 
Bin 41: 864 249 251 799 609 684 271 
Bin 42: 893 2 626 215 359 866 
Bin 43: 672 898 543 938 96 517 911 77 
Bin 44: 491 415 847 669 723 345 380 
Bin 45: 778 434 914 202 69 105 160 932 
Bin 46: 47 283 329 143 201 455 
Bin 47: 797 123 912 648 88 212 
Bin 48: 298 770 947 41 327 540 773 
Bin 49: 601 514 37 112 137 787 150 737 
Bin 50: 340 577 223 441 678 853 31 588 
Bin 51: 297 209 703 54 671 10 429 
Bin 52: 828 634 84 224 472 263 537 357 
Bin 53: 531 397 959 409 889 61 870 151 
Bin 54: 365 546 107 566 9 432 43 
Bin 55: 767 929 424 524 71 410 
Bin 56: 156 925 347 48 399 331 
Bin 57: 920 937 204 290 272 861 254 341 
Bin 58: 779 444 197 161 731 72 53 
Bin 59: 433 452 879 310 427 555 868 
Bin 60: 716 939 841 451 390 682 157 
Bin 61: 312 313 154 888 742 738 
Bin 62: 611 595 135 655 873 931 570 962 
Bin 63: 474 459 896 371 475 624 518 
Bin 64: 987 526 163 463 771 580 875 892 
Bin 65: 321 171 246 946 848 631 
Bin 66: 977 402 346 29 844 894 383 
Bin 67: 689 500 245 461 232 949 501 
Bin 68: 454 36 59 750 66 825 
Bin 69: 830 242 980 732 435 728 
Bin 70: 494 560 948 76 55 95 247 
Bin 71: 101 936 725 439 569 449 
Bin 72: 457 153 739 581 114 699 188 
Bin 73: 458 335 662 258 25 604 
Bin 74: 97 661 917 712 172 
Bin 75: 630 134 821 273 16 576 653 
Bin 76: 625 781 83 333 343 923 
Bin 77: 358 904 170 467 355 600 
Bin 78: 144 559 882 377 15 13 727 
Bin 79: 957 484 506 685 203 528 
Bin 80: 407 253 618 75 839 549 425 
Bin 81: 884 174 756 437 398 
Bin 82: 858 583 989 900 788 194 
Bin 83: 614 73 763 575 801 816 370 
Bin 84: 239 360 227 270 7 973 772 
Bin 85: 733 610 213 149 379 129 
Bin 86: 282 0 982 776 813 748 874 
Bin 87: 244 919 26 979 594 578 660 
Bin 88: 361 637 198 715 854 381 
Bin 89: 986 147 60 498 468 89 736 
Bin 90: 243 834 256 965 287 142 
Bin 91: 483 829 74 707 941 436 364 293 
Bin 92: 205 328 574 85 654 1 
Bin 93: 585 356 902 542 492 235 496 608 
Bin 94: 971 855 400 859 118 314 
Bin 95: 176 11 225 628 850 30 
Bin 96: 217 348 490 20 411 
Bin 97: 683 602 775 166 230 709 
Bin 98: 804 392 446 593 295 368 762 
Bin 99: 605 480 306 984 419 8 
Bin 100: 558 396 141 102 222 603 
Bin 101: 509 269 903 34 241 871 349 
Bin 102: 623 125 394 104 710 795 111 190 
Bin 103: 291 809 633 783 752 547 420 
Bin 104: 465 257 663 512 450 729 40 
Bin 105: 587 652 926 179 656 90 718 
Bin 106: 50 462 478 974 406 564 
Bin 107: 658 91 638 753 78 806 798 983 
Bin 108: 180 200 562 22 817 277 573 541 
Bin 109: 744 657 267 64 136 568 369 
Bin 110: 51 808 485 65 300 488 856 
Bin 111: 761 659 431 199 46 67 
Bin 112: 189 620 990 832 785 113 704 
Bin 113: 214 954 740 481 557 532 
Bin 114: 473 582 193 885 694 138 590 367 
Bin 115: 489 818 565 548 338 891 
Bin 116: 754 786 691 21 486 148 720 792 
Bin 117: 988 730 994 857 539 184 334 
Bin 118: 470 967 264 131 181 445 82 303 
Bin 119: 644 388 670 108 185 636 
Bin 120: 970 845 851 274 236 
Bin 121: 413 852 115 629 827 493 
Bin 122: 640 395 690 401 757 499 
Bin 123: 877 784 985 953 769 
Bin 124: 405 838 45 668 639 70 240 
Bin 125: 741 183 722 849 507 766 615 
Bin 126: 513 165 339 430 717 42 
Bin 127: 79 385 362 250 3 63 
Bin 128: 693 27 545 991 393 934 92 124 
Bin 129: 305 316 881 146 596 229 910 
Bin 130: 281 800 262 686 592 
Bin 131: 802 952 417 261 764 6 511 
Bin 132: 323 613 322 23 793 
Bin 133: 308 363 268 619 164 865 
Bin 134: 520 572 963 278 774 33 94 127 
Bin 135: 956 955 999 591 373 320 412 
Bin 136: 354 128 479 780 226 
Bin 137: 208 110 790 234 344 642 862 186 
Bin 138: 721 119 342 550 296 876 58 
Bin 139: 38 155 196 192 87 477 
Bin 140: 833 285 414 650 28 182 846 
Bin 141: 966 522 950 632 878 299 701 997 
Bin 142: 122 924 935 162 933 815 
Bin 143: 667 503 382 93 39 
Bin 144: 443 643 978 216 673 288 
Bin 145: 219 19 819 4 651 
Bin 146: 826 100 374 759 98 867 823 
Bin 147: 32 260 998 692 951 796 
