# Objective: 155
# Time: 359.43
# Feasible: 1
# Solution:
Bin 0: 286 743 371 863 494 51 432 
Bin 1: 562 904 482 947 223 660 100 173 
Bin 2: 439 67 434 359 252 549 
Bin 3: 312 631 606 744 504 411 
Bin 4: 828 949 388 684 217 3 366 442 
Bin 5: 648 955 789 652 68 644 966 623 994 
Bin 6: 492 737 873 620 60 390 
Bin 7: 338 786 104 956 698 912 162 16 
Bin 8: 980 987 761 948 779 888 77 
Bin 9: 127 425 253 688 878 133 
Bin 10: 112 581 105 428 491 668 521 
Bin 11: 954 117 470 75 153 440 
Bin 12: 118 627 762 32 782 218 
Bin 13: 894 919 711 772 728 24 136 299 
Bin 14: 281 26 618 649 703 859 
Bin 15: 317 336 867 126 205 
Bin 16: 590 219 666 123 43 605 678 
Bin 17: 790 700 39 23 230 489 
Bin 18: 572 595 180 551 982 715 525 823 
Bin 19: 260 788 915 475 897 871 
Bin 20: 177 69 130 556 376 733 
Bin 21: 290 375 416 400 847 324 436 577 574 216 
Bin 22: 975 213 812 500 160 997 777 712 
Bin 23: 330 120 792 479 90 294 414 
Bin 24: 148 609 367 764 818 468 
Bin 25: 243 190 969 603 340 138 204 
Bin 26: 288 70 408 101 960 702 621 
Bin 27: 114 579 397 473 885 839 407 
Bin 28: 233 351 91 844 158 831 
Bin 29: 379 952 4 723 254 
Bin 30: 441 183 182 713 463 532 450 
Bin 31: 727 31 510 759 758 115 
Bin 32: 194 675 467 968 499 876 657 
Bin 33: 179 344 971 285 155 412 608 
Bin 34: 573 575 914 0 592 794 269 89 
Bin 35: 455 172 933 452 528 962 403 
Bin 36: 433 816 363 988 886 
Bin 37: 71 279 739 536 40 378 
Bin 38: 964 481 304 707 8 874 
Bin 39: 512 910 74 564 170 
Bin 40: 422 384 275 186 518 722 
Bin 41: 866 464 655 417 570 116 321 247 
Bin 42: 237 802 18 934 689 234 
Bin 43: 306 34 345 835 262 129 
Bin 44: 690 893 667 157 896 272 
Bin 45: 587 984 768 313 380 154 
Bin 46: 913 746 616 922 589 427 
Bin 47: 196 926 856 834 423 322 
Bin 48: 704 466 848 195 580 670 683 
Bin 49: 524 107 548 493 803 748 920 
Bin 50: 769 881 232 1 447 
Bin 51: 865 658 941 125 327 598 
Bin 52: 314 924 511 168 215 377 47 44 
Bin 53: 901 531 37 992 932 566 484 
Bin 54: 516 401 799 298 940 335 176 
Bin 55: 517 766 273 374 264 526 163 
Bin 56: 783 404 7 643 292 855 238 
Bin 57: 741 409 970 369 278 787 457 
Bin 58: 181 821 503 767 747 453 
Bin 59: 6 276 717 353 538 449 
Bin 60: 300 979 315 695 391 79 
Bin 61: 418 460 753 760 770 911 902 56 
Bin 62: 961 259 594 199 263 329 361 677 
Bin 63: 73 486 487 875 14 797 270 
Bin 64: 593 776 121 751 185 97 
Bin 65: 534 636 535 144 977 879 815 
Bin 66: 951 405 925 671 488 320 
Bin 67: 241 421 735 714 42 781 780 
Bin 68: 395 720 266 864 362 641 832 
Bin 69: 134 381 943 976 805 11 
Bin 70: 576 318 958 614 291 785 
Bin 71: 461 437 854 624 245 483 578 
Bin 72: 108 227 48 328 274 277 203 981 
Bin 73: 139 341 348 368 167 2 
Bin 74: 81 836 591 373 754 221 833 
Bin 75: 235 612 953 420 334 917 
Bin 76: 537 145 995 801 406 729 567 
Bin 77: 990 908 242 82 599 672 625 
Bin 78: 798 364 141 999 965 497 
Bin 79: 731 571 506 862 870 
Bin 80: 552 41 226 220 807 622 385 
Bin 81: 505 568 853 687 680 773 
Bin 82: 349 502 131 673 557 370 
Bin 83: 923 600 674 740 945 92 
Bin 84: 161 708 296 765 319 389 
Bin 85: 721 308 358 939 699 
Bin 86: 669 757 541 214 19 175 705 
Bin 87: 584 448 837 601 841 857 
Bin 88: 907 909 28 718 774 250 653 
Bin 89: 978 752 435 102 664 898 
Bin 90: 665 523 20 87 950 174 
Bin 91: 228 842 88 543 514 
Bin 92: 332 973 307 303 212 918 778 
Bin 93: 458 444 851 861 858 164 
Bin 94: 527 17 413 151 942 426 124 
Bin 95: 540 36 15 701 928 826 
Bin 96: 53 210 305 651 249 791 206 
Bin 97: 178 301 147 225 387 719 561 
Bin 98: 843 559 814 726 820 58 
Bin 99: 882 289 840 929 159 65 59 140 
Bin 100: 817 972 597 825 617 287 
Bin 101: 189 533 811 553 38 394 974 
Bin 102: 745 50 637 113 583 64 529 849 
Bin 103: 496 742 309 495 346 29 697 
Bin 104: 96 710 750 143 360 635 339 
Bin 105: 255 967 477 343 352 
Bin 106: 819 771 696 251 963 800 
Bin 107: 936 846 325 169 383 310 542 539 
Bin 108: 645 202 508 809 709 607 
Bin 109: 293 629 152 795 128 208 544 
Bin 110: 611 271 76 224 513 586 
Bin 111: 84 588 796 239 331 663 661 
Bin 112: 507 386 806 9 316 459 
Bin 113: 890 905 872 109 240 
Bin 114: 986 110 33 193 522 46 424 
Bin 115: 793 498 946 892 61 755 736 
Bin 116: 122 446 419 763 297 
Bin 117: 333 989 103 485 429 257 142 
Bin 118: 78 884 454 443 150 558 
Bin 119: 98 191 547 135 451 602 
Bin 120: 55 12 827 935 119 686 
Bin 121: 679 66 916 149 676 813 
Bin 122: 927 184 132 632 244 415 
Bin 123: 52 365 337 824 267 
Bin 124: 80 265 520 654 93 
Bin 125: 490 996 146 889 478 280 
Bin 126: 569 137 850 993 480 393 445 
Bin 127: 937 944 284 166 49 396 662 
Bin 128: 326 111 685 706 207 530 
Bin 129: 983 734 476 25 350 732 94 45 
Bin 130: 248 615 86 231 900 209 
Bin 131: 906 95 656 756 694 633 
Bin 132: 430 808 57 985 991 372 399 
Bin 133: 887 860 957 354 560 804 
Bin 134: 268 302 85 431 883 895 229 
Bin 135: 472 222 749 236 323 
Bin 136: 610 691 724 545 197 830 
Bin 137: 868 555 681 27 930 546 
Bin 138: 693 634 462 585 639 638 
Bin 139: 283 891 261 647 156 410 
Bin 140: 35 565 998 563 880 
Bin 141: 630 10 198 356 869 650 
Bin 142: 903 822 63 775 738 201 
Bin 143: 282 829 626 258 852 347 187 
Bin 144: 596 582 692 509 716 646 398 
Bin 145: 515 106 392 342 725 519 
Bin 146: 83 613 730 640 246 659 
Bin 147: 456 959 471 99 784 
Bin 148: 845 628 604 619 21 192 
Bin 149: 256 211 5 200 188 171 
Bin 150: 54 877 810 13 931 
Bin 151: 465 382 938 311 22 501 
Bin 152: 72 30 355 642 474 295 
Bin 153: 357 62 550 438 402 899 
Bin 154: 165 838 469 682 554 921 
