# Objective: 78
# Time: 72.1308
# Feasible: 1
# Solution:
Bin 0: 289 239 322 124 4 136 110 
Bin 1: 367 305 234 57 122 351 420 71 
Bin 2: 314 332 6 68 265 465 131 
Bin 3: 209 213 38 480 211 1 294 
Bin 4: 167 108 197 58 335 304 
Bin 5: 238 308 487 137 152 159 357 
Bin 6: 179 127 415 235 226 172 441 318 
Bin 7: 288 202 331 333 376 250 325 
Bin 8: 355 297 146 153 280 187 88 
Bin 9: 423 242 93 82 149 
Bin 10: 348 70 258 76 302 173 
Bin 11: 347 459 39 382 345 210 326 
Bin 12: 260 10 244 111 447 363 482 461 
Bin 13: 113 287 64 53 371 342 
Bin 14: 396 166 426 69 97 430 268 
Bin 15: 476 204 141 214 493 116 
Bin 16: 148 373 485 300 440 405 
Bin 17: 374 468 221 11 402 90 422 
Bin 18: 279 147 313 315 460 129 293 264 
Bin 19: 390 80 383 350 477 446 217 125 
Bin 20: 431 438 151 379 224 317 
Bin 21: 55 406 454 83 479 200 
Bin 22: 114 321 378 196 158 176 
Bin 23: 13 198 312 47 73 496 344 175 
Bin 24: 403 442 394 186 185 8 472 
Bin 25: 409 381 419 303 191 404 416 
Bin 26: 178 120 337 91 451 32 429 
Bin 27: 471 407 20 449 346 181 
Bin 28: 247 128 464 223 171 368 61 
Bin 29: 150 92 184 276 140 87 
Bin 30: 12 105 473 190 182 50 126 
Bin 31: 455 467 301 488 203 
Bin 32: 249 165 145 452 282 133 
Bin 33: 243 48 104 157 222 
Bin 34: 229 343 491 31 458 456 
Bin 35: 9 232 240 375 395 
Bin 36: 365 269 261 119 253 
Bin 37: 338 366 263 370 22 86 
Bin 38: 336 361 369 195 307 278 
Bin 39: 392 393 44 84 183 
Bin 40: 478 52 5 414 330 
Bin 41: 427 274 273 106 443 398 109 33 
Bin 42: 177 284 469 42 466 28 252 
Bin 43: 143 246 489 433 437 254 
Bin 44: 397 296 130 98 352 218 
Bin 45: 215 267 275 15 354 432 
Bin 46: 63 292 132 411 494 401 
Bin 47: 3 299 156 372 285 
Bin 48: 463 364 435 256 445 60 45 
Bin 49: 102 484 160 362 174 43 34 
Bin 50: 481 400 237 74 189 27 
Bin 51: 100 66 231 311 483 413 339 418 
Bin 52: 219 17 138 320 67 380 
Bin 53: 180 470 155 286 29 205 327 134 
Bin 54: 358 281 30 353 14 168 410 
Bin 55: 356 193 164 408 475 388 123 
Bin 56: 77 389 450 360 295 75 
Bin 57: 19 56 291 208 255 298 
Bin 58: 41 0 225 417 439 341 424 78 
Bin 59: 139 391 117 21 212 144 81 
Bin 60: 474 453 328 386 457 161 
Bin 61: 349 89 334 329 121 206 
Bin 62: 40 227 115 18 272 436 
Bin 63: 24 377 35 188 201 
Bin 64: 251 245 283 112 359 262 
Bin 65: 486 25 498 59 259 
Bin 66: 26 118 103 85 428 
Bin 67: 7 135 319 65 425 142 497 
Bin 68: 107 241 340 46 434 
Bin 69: 169 99 271 207 309 96 490 
Bin 70: 421 323 194 199 37 220 
Bin 71: 492 266 101 412 51 324 95 
Bin 72: 277 2 399 499 49 306 387 
Bin 73: 170 228 495 385 16 384 
Bin 74: 233 94 257 444 290 316 
Bin 75: 310 36 248 62 192 72 230 
Bin 76: 216 236 23 154 54 
Bin 77: 162 270 448 79 163 462 
