# Objective: 149
# Time: 282.696
# Feasible: 1
# Solution:
Bin 0: 492 907 678 508 367 462 211 833 
Bin 1: 757 79 483 485 88 40 
Bin 2: 263 350 796 125 383 448 
Bin 3: 595 440 467 219 56 561 662 669 503 
Bin 4: 480 280 692 311 358 253 698 
Bin 5: 804 85 57 90 345 829 818 
Bin 6: 586 773 926 327 68 151 582 
Bin 7: 902 433 32 424 129 912 399 832 929 
Bin 8: 516 376 2 979 742 579 425 
Bin 9: 883 911 668 632 313 395 
Bin 10: 496 906 346 478 196 53 72 160 
Bin 11: 827 914 835 66 532 903 226 
Bin 12: 83 944 705 920 240 423 936 
Bin 13: 974 564 923 472 985 291 
Bin 14: 54 893 563 225 190 410 863 871 
Bin 15: 488 991 724 717 457 513 
Bin 16: 900 787 274 92 490 292 767 
Bin 17: 360 24 124 477 89 567 947 775 
Bin 18: 254 331 568 111 768 788 296 120 
Bin 19: 644 44 4 587 704 737 927 284 
Bin 20: 779 95 566 258 428 15 264 464 
Bin 21: 583 756 749 892 405 409 406 
Bin 22: 794 961 873 822 753 299 
Bin 23: 94 293 896 642 306 482 
Bin 24: 850 407 789 938 931 728 867 
Bin 25: 136 707 992 853 811 977 
Bin 26: 459 82 214 155 511 87 
Bin 27: 861 450 525 598 771 307 933 135 
Bin 28: 847 731 797 370 505 620 217 680 177 
Bin 29: 76 23 803 194 983 
Bin 30: 806 455 181 235 81 355 172 
Bin 31: 289 207 648 339 849 353 
Bin 32: 713 702 955 637 419 400 697 
Bin 33: 972 336 618 325 271 785 270 604 
Bin 34: 554 278 109 59 677 795 
Bin 35: 152 144 730 580 783 845 366 
Bin 36: 161 441 630 512 13 249 526 
Bin 37: 6 536 276 227 884 
Bin 38: 489 475 361 942 386 740 658 
Bin 39: 837 476 106 315 182 130 201 
Bin 40: 928 836 507 970 295 369 841 
Bin 41: 55 0 515 473 119 857 
Bin 42: 422 381 708 897 616 47 781 
Bin 43: 218 733 782 330 848 499 162 
Bin 44: 565 963 445 498 619 62 348 374 
Bin 45: 808 790 228 171 764 780 651 
Bin 46: 570 878 260 645 988 203 
Bin 47: 657 791 45 537 729 
Bin 48: 257 302 147 78 30 205 684 
Bin 49: 946 971 916 550 29 674 994 
Bin 50: 232 157 221 556 35 709 
Bin 51: 5 723 439 535 951 465 689 
Bin 52: 514 431 202 969 852 523 
Bin 53: 695 401 365 333 665 739 67 
Bin 54: 460 354 524 102 438 390 230 138 
Bin 55: 510 772 950 670 572 693 
Bin 56: 241 220 486 484 359 741 809 683 
Bin 57: 719 935 481 592 267 167 427 
Bin 58: 402 885 403 324 415 133 
Bin 59: 34 615 956 634 116 777 905 876 91 
Bin 60: 551 754 238 918 322 101 504 664 
Bin 61: 653 509 185 156 134 
Bin 62: 990 743 329 282 364 834 
Bin 63: 965 173 61 176 206 301 290 908 
Bin 64: 444 378 959 506 839 819 39 397 
Bin 65: 821 251 210 939 519 603 
Bin 66: 28 859 223 318 146 163 
Bin 67: 20 412 471 865 688 332 596 
Bin 68: 470 338 497 667 957 212 
Bin 69: 629 298 231 36 758 522 
Bin 70: 732 326 277 703 915 245 793 
Bin 71: 549 250 685 104 633 321 429 430 
Bin 72: 628 895 552 761 243 
Bin 73: 368 110 170 999 115 310 382 371 
Bin 74: 197 239 418 962 613 747 
Bin 75: 500 502 941 140 799 
Bin 76: 943 726 993 679 442 817 
Bin 77: 458 198 721 77 973 855 99 
Bin 78: 449 687 435 337 898 838 
Bin 79: 854 725 164 73 294 518 631 
Bin 80: 621 531 142 899 666 349 453 
Bin 81: 975 541 801 533 887 562 602 954 
Bin 82: 995 165 384 11 41 209 
Bin 83: 891 188 320 545 980 
Bin 84: 224 105 894 17 375 890 
Bin 85: 643 784 712 984 826 
Bin 86: 711 27 544 521 716 149 234 
Bin 87: 872 656 964 626 192 123 362 
Bin 88: 100 394 317 807 377 179 
Bin 89: 706 800 443 493 37 334 
Bin 90: 640 128 97 283 581 380 605 
Bin 91: 816 652 436 589 520 434 682 
Bin 92: 495 71 93 479 966 
Bin 93: 676 776 998 242 432 
Bin 94: 259 328 608 314 762 798 770 
Bin 95: 272 14 387 573 882 715 945 80 
Bin 96: 33 869 588 659 213 50 886 
Bin 97: 215 814 468 527 49 735 341 60 
Bin 98: 494 244 447 141 391 671 846 925 
Bin 99: 137 21 825 344 414 888 
Bin 100: 769 451 169 766 557 691 879 420 
Bin 101: 126 463 183 416 960 255 
Bin 102: 752 987 413 875 646 953 108 
Bin 103: 148 612 660 831 815 52 981 38 396 
Bin 104: 186 385 696 208 989 599 
Bin 105: 917 266 281 200 958 901 16 
Bin 106: 904 710 195 316 373 751 744 
Bin 107: 304 456 575 46 673 411 
Bin 108: 748 542 517 236 233 614 
Bin 109: 862 466 617 559 323 222 843 
Bin 110: 805 275 654 948 649 718 
Bin 111: 601 145 114 51 43 750 351 699 
Bin 112: 191 437 606 19 661 913 
Bin 113: 7 305 187 64 858 627 
Bin 114: 720 379 910 184 922 
Bin 115: 830 287 996 237 655 840 
Bin 116: 921 734 421 774 166 597 560 997 540 
Bin 117: 686 372 461 746 180 844 
Bin 118: 247 672 174 548 417 
Bin 119: 701 609 86 765 868 584 
Bin 120: 641 571 820 529 534 574 501 877 
Bin 121: 248 635 229 404 594 
Bin 122: 168 555 759 558 625 31 
Bin 123: 864 216 265 663 347 813 356 
Bin 124: 285 889 932 982 308 745 
Bin 125: 569 252 279 590 117 553 851 
Bin 126: 131 530 286 874 189 343 
Bin 127: 107 175 812 880 881 924 
Bin 128: 760 986 139 74 538 452 
Bin 129: 611 714 700 65 143 446 546 357 
Bin 130: 824 363 810 856 578 
Bin 131: 75 585 335 96 388 178 
Bin 132: 792 949 622 738 860 454 3 
Bin 133: 647 392 866 352 319 8 193 309 
Bin 134: 204 256 121 159 952 132 930 
Bin 135: 607 577 122 786 694 624 
Bin 136: 727 934 273 340 650 736 
Bin 137: 398 636 303 150 408 262 261 153 
Bin 138: 9 18 22 870 778 600 
Bin 139: 528 547 70 828 268 940 
Bin 140: 113 842 539 823 63 103 112 
Bin 141: 389 978 246 154 1 968 48 
Bin 142: 976 342 300 118 42 802 12 919 
Bin 143: 638 393 675 937 288 909 158 
Bin 144: 593 69 690 623 543 967 
Bin 145: 491 469 297 681 474 10 127 591 
Bin 146: 426 58 84 26 763 639 
Bin 147: 722 312 98 576 199 
Bin 148: 755 610 269 487 25 
