# Objective: 78
# Time: 39.4249
# Feasible: 1
# Solution:
Bin 0: 141 442 105 181 460 230 406 
Bin 1: 408 386 83 409 389 374 
Bin 2: 195 476 473 293 461 437 456 
Bin 3: 84 25 9 314 488 69 310 276 
Bin 4: 104 260 119 284 186 426 159 
Bin 5: 64 321 111 459 468 129 
Bin 6: 359 71 156 434 410 86 24 
Bin 7: 14 277 324 430 34 457 
Bin 8: 306 98 417 451 433 439 125 326 
Bin 9: 411 189 425 237 138 366 
Bin 10: 304 341 147 388 367 248 
Bin 11: 458 370 244 295 113 399 160 
Bin 12: 252 191 81 449 440 0 196 
Bin 13: 371 329 499 6 117 335 167 
Bin 14: 233 487 299 432 49 254 
Bin 15: 369 340 245 157 36 11 421 
Bin 16: 390 68 394 101 164 334 
Bin 17: 38 246 216 307 188 290 327 272 
Bin 18: 258 203 10 130 176 419 15 296 
Bin 19: 305 109 489 1 323 136 415 
Bin 20: 158 268 240 102 112 362 443 
Bin 21: 354 280 149 7 222 61 
Bin 22: 375 65 300 316 380 53 266 
Bin 23: 297 161 21 466 273 180 226 
Bin 24: 134 152 205 82 26 332 184 264 
Bin 25: 492 365 376 267 255 357 
Bin 26: 187 144 198 328 212 12 
Bin 27: 135 351 231 236 454 76 89 
Bin 28: 356 364 126 477 491 
Bin 29: 249 392 114 414 428 57 
Bin 30: 482 463 427 173 177 
Bin 31: 27 424 250 217 206 166 317 116 
Bin 32: 3 193 274 490 435 423 
Bin 33: 270 447 343 333 162 350 
Bin 34: 194 115 325 382 446 163 413 
Bin 35: 363 96 303 239 471 183 91 
Bin 36: 127 137 342 93 232 42 345 
Bin 37: 361 352 393 199 73 
Bin 38: 59 387 285 44 450 190 23 
Bin 39: 54 201 92 309 302 288 
Bin 40: 32 219 72 51 445 110 381 
Bin 41: 29 348 227 479 448 373 17 
Bin 42: 178 172 140 338 465 308 279 
Bin 43: 259 396 122 498 313 90 79 
Bin 44: 52 142 452 438 412 265 
Bin 45: 495 202 153 211 497 
Bin 46: 261 200 493 235 2 286 
Bin 47: 210 247 391 281 238 224 
Bin 48: 103 170 469 229 416 225 418 
Bin 49: 204 402 355 481 484 470 
Bin 50: 151 320 150 384 123 
Bin 51: 221 262 353 171 88 168 301 
Bin 52: 4 475 431 19 337 377 
Bin 53: 395 331 31 63 179 251 494 
Bin 54: 243 95 404 37 455 43 
Bin 55: 213 100 405 397 257 148 
Bin 56: 467 462 46 269 287 223 
Bin 57: 436 483 197 453 422 400 128 
Bin 58: 256 143 97 215 234 403 182 
Bin 59: 311 294 241 368 131 253 
Bin 60: 154 28 312 60 344 
Bin 61: 62 58 132 75 298 378 
Bin 62: 486 339 360 169 55 133 
Bin 63: 56 77 319 242 496 
Bin 64: 33 220 40 120 318 209 
Bin 65: 74 165 336 39 263 283 48 
Bin 66: 35 398 192 121 207 478 275 
Bin 67: 107 146 78 282 441 429 87 
Bin 68: 358 322 349 45 124 372 
Bin 69: 13 185 228 347 464 106 420 
Bin 70: 155 118 208 108 379 407 401 
Bin 71: 385 139 22 289 145 47 
Bin 72: 174 330 480 99 474 
Bin 73: 278 315 8 70 218 18 
Bin 74: 50 291 16 67 5 
Bin 75: 444 214 472 292 346 80 
Bin 76: 85 271 175 485 383 20 
Bin 77: 66 94 41 30 
