# Objective: 75
# Time: 47.341
# Feasible: 1
# Solution:
Bin 0: 22 310 217 439 333 44 202 
Bin 1: 385 105 409 336 327 431 200 
Bin 2: 452 59 2 406 461 73 
Bin 3: 55 402 174 109 69 45 360 302 
Bin 4: 140 172 365 27 46 97 
Bin 5: 81 440 197 187 355 245 464 
Bin 6: 272 488 408 366 36 205 181 157 
Bin 7: 490 347 398 368 429 228 236 
Bin 8: 129 403 166 462 198 208 143 
Bin 9: 345 363 244 477 42 111 478 
Bin 10: 246 435 422 279 289 467 56 190 
Bin 11: 86 137 153 30 194 176 113 
Bin 12: 99 322 252 218 412 498 485 416 
Bin 13: 359 382 62 459 493 179 471 146 
Bin 14: 480 444 112 29 170 300 484 
Bin 15: 344 20 324 357 199 311 128 
Bin 16: 125 61 266 78 270 352 474 
Bin 17: 156 63 215 171 396 104 307 
Bin 18: 110 369 136 239 420 303 346 
Bin 19: 447 48 292 100 182 387 443 238 
Bin 20: 25 453 4 458 342 88 
Bin 21: 256 348 259 144 339 313 85 
Bin 22: 235 451 95 12 231 58 35 
Bin 23: 214 70 391 320 21 101 120 
Bin 24: 149 253 475 126 294 457 
Bin 25: 495 430 390 376 372 115 330 445 
Bin 26: 343 328 351 50 281 340 
Bin 27: 167 378 353 79 98 362 
Bin 28: 298 80 10 496 163 437 
Bin 29: 389 492 314 19 16 51 
Bin 30: 5 139 131 407 28 334 
Bin 31: 275 264 117 454 341 34 178 
Bin 32: 456 482 278 425 254 145 463 
Bin 33: 195 161 221 418 438 93 14 338 
Bin 34: 331 332 367 89 165 
Bin 35: 248 305 152 421 118 296 
Bin 36: 297 326 213 204 162 24 
Bin 37: 393 177 299 335 87 392 381 
Bin 38: 383 138 423 414 201 
Bin 39: 186 242 84 13 226 240 211 
Bin 40: 192 469 483 65 433 290 15 1 
Bin 41: 319 282 374 121 158 23 470 68 
Bin 42: 224 130 309 250 395 405 267 
Bin 43: 404 237 415 288 287 184 114 64 276 476 
Bin 44: 487 32 183 271 134 241 124 
Bin 45: 67 147 122 0 72 77 
Bin 46: 234 301 57 26 8 133 
Bin 47: 308 273 280 304 268 175 
Bin 48: 258 473 90 188 358 455 
Bin 49: 426 41 494 249 185 
Bin 50: 155 82 466 43 76 377 
Bin 51: 168 263 160 337 83 
Bin 52: 150 432 465 350 491 380 329 
Bin 53: 39 225 373 481 60 479 169 
Bin 54: 321 206 37 497 116 
Bin 55: 401 427 413 442 247 
Bin 56: 364 370 54 47 424 230 472 
Bin 57: 269 449 123 229 274 284 31 
Bin 58: 356 223 255 312 38 18 
Bin 59: 209 317 210 349 132 499 151 399 
Bin 60: 285 232 148 75 96 286 212 
Bin 61: 291 154 315 173 159 375 
Bin 62: 293 11 460 142 417 257 164 
Bin 63: 243 397 91 127 306 283 325 
Bin 64: 7 441 40 180 379 196 
Bin 65: 227 207 102 295 119 106 191 
Bin 66: 193 203 400 486 388 434 
Bin 67: 262 53 108 103 384 261 74 
Bin 68: 222 323 419 354 94 361 
Bin 69: 386 33 219 216 277 52 
Bin 70: 446 3 450 66 260 410 49 
Bin 71: 428 411 135 6 468 318 448 
Bin 72: 489 394 265 436 220 
Bin 73: 189 371 92 316 71 9 
Bin 74: 251 17 107 141 233 
