# Objective: 38
# Time: 5.86292
# Feasible: 1
# Solution:
Bin 0: 231 170 203 54 27 195 80 
Bin 1: 64 141 1 32 204 126 131 30 
Bin 2: 50 37 177 35 49 174 
Bin 3: 175 36 247 99 153 38 111 
Bin 4: 182 63 102 188 219 201 91 
Bin 5: 7 152 156 162 106 81 166 202 193 
Bin 6: 148 93 151 237 26 47 208 
Bin 7: 143 112 78 192 191 55 74 
Bin 8: 200 0 114 124 68 
Bin 9: 185 218 62 210 103 241 173 138 
Bin 10: 120 249 234 58 168 248 4 
Bin 11: 233 9 189 11 180 105 226 
Bin 12: 2 52 222 8 246 235 13 
Bin 13: 205 236 75 139 60 161 59 
Bin 14: 69 17 140 34 149 96 
Bin 15: 25 183 228 98 19 6 206 
Bin 16: 110 176 33 97 160 3 95 
Bin 17: 145 16 118 230 178 154 
Bin 18: 115 167 243 171 146 31 45 
Bin 19: 179 209 232 108 87 
Bin 20: 199 164 53 12 150 104 109 
Bin 21: 119 239 18 172 101 10 
Bin 22: 187 73 157 67 24 184 
Bin 23: 245 61 113 79 142 197 
Bin 24: 213 76 5 130 100 217 240 
Bin 25: 155 207 147 224 225 137 44 
Bin 26: 23 21 22 70 181 117 212 
Bin 27: 127 158 72 133 89 134 190 
Bin 28: 136 221 196 28 229 215 
Bin 29: 66 71 39 121 20 135 48 
Bin 30: 129 90 186 116 43 198 46 
Bin 31: 84 29 159 128 169 
Bin 32: 82 125 122 216 238 83 92 
Bin 33: 42 220 88 211 163 57 85 
Bin 34: 56 65 194 86 94 
Bin 35: 244 165 144 40 51 
Bin 36: 227 242 107 123 14 41 
Bin 37: 223 77 132 214 15 
