# Objective: 152
# Time: 210.9
# Feasible: 1
# Solution:
Bin 0: 403 501 682 77 710 204 901 
Bin 1: 631 698 892 416 701 103 270 13 232 
Bin 2: 288 952 589 176 767 864 700 677 
Bin 3: 209 991 254 412 183 203 510 620 
Bin 4: 733 354 388 339 522 561 
Bin 5: 844 792 414 89 1 7 924 
Bin 6: 880 304 122 485 265 117 262 85 
Bin 7: 873 67 824 301 429 435 330 832 
Bin 8: 469 23 929 494 509 746 173 
Bin 9: 858 141 140 945 622 
Bin 10: 0 705 592 853 981 346 227 598 970 
Bin 11: 568 110 691 528 840 240 920 684 
Bin 12: 96 697 30 319 6 903 
Bin 13: 910 585 689 5 143 273 49 
Bin 14: 145 604 66 997 168 756 
Bin 15: 661 282 922 765 233 178 564 
Bin 16: 994 962 619 630 785 879 695 
Bin 17: 372 253 181 716 738 886 567 165 
Bin 18: 626 560 868 456 347 
Bin 19: 75 350 778 482 875 105 594 
Bin 20: 92 942 791 611 137 
Bin 21: 360 963 859 777 788 950 628 
Bin 22: 758 849 138 225 245 415 311 
Bin 23: 248 544 999 22 88 79 
Bin 24: 933 921 688 713 935 214 
Bin 25: 444 124 647 749 362 42 411 
Bin 26: 936 396 53 751 134 229 488 
Bin 27: 616 483 834 919 249 718 293 329 740 
Bin 28: 904 344 271 588 302 152 676 774 
Bin 29: 755 817 391 247 250 33 167 
Bin 30: 363 850 413 667 549 371 191 432 
Bin 31: 154 434 852 884 474 798 
Bin 32: 712 116 24 974 473 699 36 885 349 
Bin 33: 663 975 980 711 967 615 156 
Bin 34: 607 754 61 276 985 638 
Bin 35: 753 426 177 367 427 898 
Bin 36: 511 876 512 540 538 492 934 
Bin 37: 683 190 866 261 854 
Bin 38: 381 328 702 109 221 703 827 
Bin 39: 826 605 115 184 752 299 914 867 
Bin 40: 737 889 129 226 60 665 
Bin 41: 125 314 762 632 268 992 
Bin 42: 272 421 198 146 153 804 196 128 104 
Bin 43: 613 771 197 331 317 955 310 
Bin 44: 155 437 951 651 149 573 
Bin 45: 916 228 562 355 495 430 878 
Bin 46: 507 40 829 334 902 741 
Bin 47: 386 333 420 599 870 514 
Bin 48: 742 238 243 808 275 408 
Bin 49: 407 708 639 461 445 370 
Bin 50: 449 235 519 259 438 52 633 27 
Bin 51: 401 819 505 809 83 666 126 
Bin 52: 14 255 399 475 256 223 
Bin 53: 113 499 794 187 306 479 745 947 
Bin 54: 65 775 433 195 988 823 833 
Bin 55: 277 773 185 93 805 812 806 842 
Bin 56: 368 64 9 931 581 102 
Bin 57: 593 618 923 454 678 439 410 555 425 
Bin 58: 679 750 337 986 296 106 640 609 
Bin 59: 211 938 335 769 323 978 
Bin 60: 694 406 675 554 266 170 
Bin 61: 72 17 545 612 787 780 
Bin 62: 998 260 932 318 385 578 180 648 
Bin 63: 862 855 405 954 802 280 521 
Bin 64: 820 464 941 484 101 591 219 520 
Bin 65: 715 150 29 108 768 321 315 
Bin 66: 600 107 352 127 59 841 610 
Bin 67: 294 348 637 291 382 39 
Bin 68: 579 309 157 900 58 342 
Bin 69: 292 763 627 10 369 326 
Bin 70: 210 468 550 790 687 681 734 656 
Bin 71: 442 720 977 987 164 559 915 
Bin 72: 723 409 364 625 120 476 257 246 
Bin 73: 654 366 973 944 724 759 
Bin 74: 148 398 308 205 135 748 171 
Bin 75: 289 3 529 905 478 
Bin 76: 531 557 727 872 206 404 831 776 
Bin 77: 893 121 887 548 97 
Bin 78: 46 470 601 18 861 624 4 
Bin 79: 830 835 869 90 287 234 726 455 
Bin 80: 670 772 799 629 34 815 
Bin 81: 906 28 174 744 447 927 460 
Bin 82: 491 338 26 636 534 172 590 
Bin 83: 63 80 38 451 418 
Bin 84: 359 73 390 693 614 56 
Bin 85: 660 281 400 949 635 652 493 
Bin 86: 327 351 565 587 91 714 
Bin 87: 47 586 983 816 481 264 
Bin 88: 471 43 353 313 377 516 
Bin 89: 995 964 649 463 524 111 
Bin 90: 194 839 757 556 453 760 532 
Bin 91: 672 303 480 332 897 298 968 
Bin 92: 696 41 297 19 166 376 966 
Bin 93: 201 814 539 241 175 100 
Bin 94: 300 239 68 569 237 
Bin 95: 789 786 645 576 283 
Bin 96: 979 285 602 813 94 21 417 
Bin 97: 84 487 735 673 899 375 
Bin 98: 825 490 543 380 732 114 220 
Bin 99: 546 958 764 836 467 706 76 
Bin 100: 577 930 500 843 671 82 874 
Bin 101: 721 343 50 518 269 989 25 822 200 
Bin 102: 365 244 674 236 208 960 295 
Bin 103: 446 389 436 523 838 961 
Bin 104: 123 912 16 69 664 
Bin 105: 193 707 55 357 12 
Bin 106: 603 373 336 71 32 584 
Bin 107: 972 48 162 796 231 160 779 
Bin 108: 535 743 940 634 566 
Bin 109: 896 668 982 218 290 563 86 
Bin 110: 397 98 251 216 419 307 659 158 
Bin 111: 472 99 907 731 87 278 
Bin 112: 527 851 766 918 553 646 
Bin 113: 595 860 895 312 503 797 
Bin 114: 690 207 504 728 541 224 
Bin 115: 948 937 857 662 606 378 202 
Bin 116: 513 192 552 533 993 956 
Bin 117: 258 617 118 800 793 669 
Bin 118: 990 946 151 837 448 212 457 
Bin 119: 582 422 795 217 650 
Bin 120: 57 926 62 322 847 284 571 882 
Bin 121: 179 37 392 393 623 
Bin 122: 953 502 374 199 685 644 597 530 
Bin 123: 984 459 74 119 818 655 324 
Bin 124: 575 112 320 865 458 189 
Bin 125: 871 894 78 443 345 35 325 358 
Bin 126: 428 20 891 466 574 848 
Bin 127: 95 263 144 939 169 965 286 
Bin 128: 486 136 547 142 497 441 
Bin 129: 692 508 384 163 558 51 
Bin 130: 730 846 580 908 394 161 
Bin 131: 387 821 54 341 761 305 
Bin 132: 643 729 856 279 917 
Bin 133: 131 883 658 572 147 686 
Bin 134: 274 515 423 657 877 810 
Bin 135: 424 888 641 130 969 
Bin 136: 132 911 717 551 340 608 
Bin 137: 996 477 890 440 709 506 
Bin 138: 925 783 596 782 81 
Bin 139: 803 971 653 498 943 15 
Bin 140: 570 536 976 379 828 213 230 462 
Bin 141: 542 450 252 159 31 909 
Bin 142: 583 736 267 680 11 465 719 
Bin 143: 2 186 402 489 182 
Bin 144: 395 537 959 784 517 316 
Bin 145: 928 801 704 770 845 807 
Bin 146: 188 383 781 222 957 
Bin 147: 8 133 881 45 242 
Bin 148: 525 526 70 215 747 
Bin 149: 431 642 811 44 621 
Bin 150: 725 139 913 863 722 
Bin 151: 356 496 361 452 739 
