# Objective: 153
# Time: 276.898
# Feasible: 1
# Solution:
Bin 0: 314 464 808 891 903 659 293 
Bin 1: 653 444 957 303 717 809 
Bin 2: 773 251 604 269 360 297 
Bin 3: 397 25 537 513 729 906 
Bin 4: 845 579 614 133 211 643 963 
Bin 5: 7 215 388 522 231 117 385 201 
Bin 6: 415 855 128 982 828 587 978 850 
Bin 7: 815 51 273 398 857 
Bin 8: 951 691 62 72 718 414 
Bin 9: 936 728 338 500 692 631 560 
Bin 10: 519 880 179 954 382 618 149 882 
Bin 11: 709 923 800 727 438 832 973 
Bin 12: 68 274 858 950 742 489 108 825 
Bin 13: 326 253 961 981 313 966 970 
Bin 14: 893 446 776 158 130 321 831 
Bin 15: 345 342 759 952 90 429 533 365 
Bin 16: 765 820 988 431 9 257 626 
Bin 17: 638 354 766 320 553 327 
Bin 18: 359 573 455 150 872 248 
Bin 19: 412 6 280 592 467 409 428 
Bin 20: 351 54 781 17 433 624 172 899 
Bin 21: 266 570 802 549 739 856 
Bin 22: 197 534 166 49 945 472 144 
Bin 23: 682 16 956 132 621 629 125 
Bin 24: 353 64 88 80 10 243 
Bin 25: 447 418 783 833 308 949 
Bin 26: 875 233 232 503 801 180 289 99 
Bin 27: 185 575 171 41 466 362 
Bin 28: 668 505 155 939 774 558 777 
Bin 29: 611 267 911 736 971 543 
Bin 30: 914 218 217 341 283 705 
Bin 31: 387 36 512 282 962 780 
Bin 32: 1 277 531 754 317 335 378 515 
Bin 33: 37 333 496 213 654 810 332 478 
Bin 34: 240 510 637 352 392 678 399 
Bin 35: 106 688 204 504 900 495 664 
Bin 36: 31 869 343 516 601 599 
Bin 37: 996 947 740 976 109 623 188 
Bin 38: 168 794 523 85 905 886 
Bin 39: 450 287 594 105 203 162 778 
Bin 40: 147 540 442 416 445 477 
Bin 41: 723 154 102 918 652 137 
Bin 42: 576 186 603 318 434 895 
Bin 43: 298 439 47 247 868 775 465 
Bin 44: 779 694 430 111 835 695 35 
Bin 45: 741 375 613 544 494 164 
Bin 46: 532 675 39 983 135 316 722 189 
Bin 47: 475 827 223 367 469 96 190 391 
Bin 48: 853 258 667 27 919 11 
Bin 49: 492 372 897 507 249 97 
Bin 50: 191 389 24 865 991 14 
Bin 51: 356 470 568 768 346 555 762 
Bin 52: 724 894 497 322 679 786 812 925 
Bin 53: 563 261 735 441 140 98 32 
Bin 54: 319 693 329 349 920 852 607 
Bin 55: 44 772 583 557 846 
Bin 56: 57 22 268 870 745 23 209 
Bin 57: 119 143 757 235 299 265 984 
Bin 58: 84 610 443 876 574 198 
Bin 59: 577 296 262 836 230 
Bin 60: 126 672 77 509 589 917 
Bin 61: 302 946 34 424 499 
Bin 62: 485 386 312 136 254 541 
Bin 63: 798 933 527 122 116 684 183 118 
Bin 64: 325 286 884 170 940 131 764 
Bin 65: 448 482 758 674 272 59 146 
Bin 66: 605 578 101 524 468 617 713 487 
Bin 67: 644 977 364 245 379 463 530 
Bin 68: 18 550 425 169 112 407 
Bin 69: 566 747 584 350 551 459 538 
Bin 70: 615 860 2 165 591 655 
Bin 71: 680 647 892 803 437 87 124 
Bin 72: 417 15 562 830 275 
Bin 73: 220 461 521 129 153 479 199 
Bin 74: 910 309 943 636 700 837 
Bin 75: 518 585 567 726 622 730 
Bin 76: 127 656 0 336 456 226 
Bin 77: 593 67 490 491 222 980 
Bin 78: 896 403 748 160 926 481 
Bin 79: 173 86 328 340 763 879 725 732 103 
Bin 80: 70 909 965 841 52 985 
Bin 81: 252 572 663 767 651 55 202 75 
Bin 82: 873 658 974 420 997 967 590 53 921 
Bin 83: 676 822 471 368 715 
Bin 84: 721 486 588 901 630 246 
Bin 85: 26 453 829 686 993 698 
Bin 86: 369 708 890 107 110 193 394 151 
Bin 87: 535 744 807 797 972 942 94 
Bin 88: 528 847 666 755 864 452 542 
Bin 89: 311 838 548 811 994 569 
Bin 90: 881 843 598 649 814 
Bin 91: 100 384 423 4 390 376 
Bin 92: 281 292 20 707 635 874 929 595 
Bin 93: 561 750 867 559 799 612 
Bin 94: 395 706 451 476 156 
Bin 95: 69 295 995 696 449 370 401 
Bin 96: 710 968 738 665 89 279 
Bin 97: 915 924 517 363 789 488 
Bin 98: 241 207 21 716 78 334 697 
Bin 99: 792 427 632 419 331 888 
Bin 100: 582 564 571 74 661 769 849 
Bin 101: 81 288 677 953 278 134 426 
Bin 102: 948 743 642 229 701 699 
Bin 103: 383 657 474 834 214 422 435 237 
Bin 104: 139 206 554 889 788 640 871 
Bin 105: 152 714 406 260 339 225 703 
Bin 106: 255 138 355 195 120 373 987 
Bin 107: 719 960 33 244 731 234 506 
Bin 108: 526 5 508 704 502 347 344 
Bin 109: 912 586 627 304 734 854 
Bin 110: 689 602 711 177 746 142 181 938 
Bin 111: 421 902 751 348 944 
Bin 112: 821 358 681 374 13 95 
Bin 113: 989 806 436 330 30 927 400 
Bin 114: 381 227 669 393 824 46 
Bin 115: 609 606 648 673 597 224 608 
Bin 116: 791 276 238 625 851 212 737 529 
Bin 117: 787 580 182 937 536 73 284 
Bin 118: 511 371 498 690 114 
Bin 119: 964 43 291 71 208 861 823 
Bin 120: 634 65 174 986 817 50 683 
Bin 121: 878 749 958 402 840 
Bin 122: 804 305 941 999 662 525 
Bin 123: 930 167 221 306 259 29 
Bin 124: 42 702 859 205 501 
Bin 125: 932 210 782 196 826 270 
Bin 126: 770 159 660 473 928 616 60 58 
Bin 127: 361 324 45 863 646 3 
Bin 128: 48 239 236 628 8 148 
Bin 129: 813 600 157 56 357 908 
Bin 130: 819 816 337 145 82 818 
Bin 131: 396 12 290 839 639 904 242 
Bin 132: 38 931 413 883 620 200 
Bin 133: 216 228 969 404 596 760 458 
Bin 134: 645 250 887 323 934 121 
Bin 135: 975 104 192 184 633 756 
Bin 136: 552 842 712 916 28 520 796 
Bin 137: 670 271 790 163 264 493 
Bin 138: 141 885 641 310 483 805 
Bin 139: 61 565 405 771 460 979 187 
Bin 140: 866 898 19 581 935 784 
Bin 141: 380 307 752 113 366 998 793 
Bin 142: 219 91 545 547 377 115 
Bin 143: 484 176 992 844 907 546 
Bin 144: 194 862 457 93 795 454 
Bin 145: 411 514 462 63 432 
Bin 146: 720 671 687 955 76 
Bin 147: 556 40 480 301 263 285 
Bin 148: 410 408 66 315 913 619 539 
Bin 149: 848 959 175 761 92 990 
Bin 150: 83 294 785 79 161 440 
Bin 151: 877 256 178 685 922 
Bin 152: 650 123 300 733 753 
