# Objective: 75
# Time: 31.7111
# Feasible: 1
# Solution:
Bin 0: 77 376 266 152 157 497 402 
Bin 1: 44 374 486 82 448 117 415 9 
Bin 2: 215 94 314 167 364 329 86 
Bin 3: 43 171 35 144 331 429 
Bin 4: 325 85 39 75 179 265 116 42 
Bin 5: 71 62 1 436 140 162 425 
Bin 6: 246 480 14 328 97 137 172 259 
Bin 7: 217 251 83 369 282 377 260 
Bin 8: 256 209 457 427 11 392 74 5 
Bin 9: 432 114 59 277 421 214 
Bin 10: 205 46 125 193 385 64 
Bin 11: 55 89 164 12 36 73 430 
Bin 12: 343 132 302 81 145 441 283 
Bin 13: 423 273 487 68 297 298 
Bin 14: 461 474 26 295 110 347 
Bin 15: 471 264 254 101 105 
Bin 16: 326 191 118 23 422 389 147 340 472 
Bin 17: 418 315 456 413 220 300 
Bin 18: 350 249 8 452 174 404 22 
Bin 19: 126 394 375 310 236 195 270 
Bin 20: 113 416 160 222 393 84 
Bin 21: 56 318 380 141 371 411 
Bin 22: 257 226 345 368 445 498 166 
Bin 23: 272 143 30 232 386 146 
Bin 24: 235 155 92 464 0 27 
Bin 25: 129 316 58 372 123 178 37 
Bin 26: 181 165 177 479 319 458 161 
Bin 27: 51 247 463 120 351 
Bin 28: 204 248 459 434 460 128 168 76 
Bin 29: 175 107 485 45 109 93 332 200 
Bin 30: 151 96 29 124 355 28 267 
Bin 31: 237 190 408 31 252 119 239 
Bin 32: 419 363 410 495 447 276 
Bin 33: 10 233 47 405 440 381 261 
Bin 34: 462 399 396 228 306 206 
Bin 35: 176 442 115 139 65 481 
Bin 36: 294 378 180 122 268 244 
Bin 37: 296 61 212 305 95 373 170 
Bin 38: 187 431 6 263 293 196 
Bin 39: 339 365 290 186 221 275 
Bin 40: 80 7 130 230 489 301 255 
Bin 41: 469 312 245 201 323 307 420 
Bin 42: 169 400 274 383 455 407 
Bin 43: 19 284 287 231 433 33 
Bin 44: 384 238 311 158 253 69 
Bin 45: 424 21 189 210 398 148 104 
Bin 46: 337 108 243 289 78 271 211 53 
Bin 47: 467 150 449 285 465 103 349 208 
Bin 48: 443 279 216 66 366 262 
Bin 49: 444 299 409 163 341 134 281 184 
Bin 50: 333 357 133 112 185 183 
Bin 51: 142 24 353 234 292 435 483 
Bin 52: 362 218 388 370 412 317 
Bin 53: 344 417 482 213 34 241 397 72 
Bin 54: 41 346 25 475 3 476 360 
Bin 55: 192 491 330 173 446 342 60 79 
Bin 56: 361 473 198 303 153 48 
Bin 57: 20 242 439 32 38 356 354 395 
Bin 58: 406 477 227 450 291 199 202 470 
Bin 59: 390 286 324 258 207 367 
Bin 60: 338 466 478 16 67 288 
Bin 61: 229 17 127 99 453 359 
Bin 62: 414 224 87 15 321 451 
Bin 63: 102 91 88 203 225 106 
Bin 64: 320 98 149 223 136 348 492 
Bin 65: 50 269 63 454 250 
Bin 66: 334 327 40 490 54 
Bin 67: 494 197 428 278 4 159 154 
Bin 68: 57 336 358 308 382 309 100 219 
Bin 69: 493 18 240 401 52 194 
Bin 70: 322 280 488 182 111 131 426 
Bin 71: 2 90 468 437 138 304 49 
Bin 72: 496 499 188 13 135 
Bin 73: 379 70 313 121 438 156 
Bin 74: 387 335 352 403 484 391 
