# Objective: 43
# Time: 19.0296
# Feasible: 1
# Solution:
Bin 0: 220 197 125 95 87 
Bin 1: 193 51 174 121 151 172 195 
Bin 2: 227 181 115 185 1 162 
Bin 3: 76 88 146 239 29 218 248 
Bin 4: 226 236 34 64 26 93 
Bin 5: 223 15 18 116 189 62 177 
Bin 6: 0 68 122 46 16 107 
Bin 7: 212 22 231 210 139 32 
Bin 8: 170 20 201 211 96 41 161 
Bin 9: 136 78 50 7 103 44 
Bin 10: 128 221 42 243 247 
Bin 11: 89 30 28 94 131 224 
Bin 12: 205 65 237 147 133 61 
Bin 13: 36 233 91 219 217 
Bin 14: 37 164 27 11 23 17 
Bin 15: 111 215 145 199 75 187 
Bin 16: 148 3 135 119 184 
Bin 17: 173 110 127 13 142 
Bin 18: 55 166 203 200 143 
Bin 19: 53 194 67 245 165 69 
Bin 20: 242 6 45 100 97 
Bin 21: 120 191 40 214 113 157 140 
Bin 22: 225 85 66 35 206 101 
Bin 23: 105 232 33 152 63 57 
Bin 24: 168 213 123 52 155 
Bin 25: 176 9 47 182 167 71 109 
Bin 26: 108 171 235 70 229 19 
Bin 27: 90 154 207 246 132 86 
Bin 28: 202 39 240 158 190 
Bin 29: 228 98 4 114 59 49 117 
Bin 30: 129 126 183 144 249 24 
Bin 31: 2 209 48 156 163 
Bin 32: 79 244 153 73 160 196 
Bin 33: 118 10 82 54 83 38 216 
Bin 34: 230 56 21 106 112 
Bin 35: 124 130 104 81 141 159 
Bin 36: 84 138 178 149 192 208 
Bin 37: 31 150 58 60 92 198 
Bin 38: 74 25 134 222 102 
Bin 39: 72 80 186 234 
Bin 40: 238 179 169 204 137 8 
Bin 41: 175 241 14 43 99 
Bin 42: 12 180 77 188 5 
