# Objective: 151
# Time: 306.174
# Feasible: 1
# Solution:
Bin 0: 991 924 182 417 613 316 
Bin 1: 40 685 659 556 584 471 
Bin 2: 578 41 405 15 385 797 
Bin 3: 774 56 201 170 529 363 
Bin 4: 327 522 132 241 138 1 215 217 
Bin 5: 242 799 786 199 247 859 688 214 
Bin 6: 26 581 843 490 431 623 32 
Bin 7: 512 597 694 203 269 850 796 299 
Bin 8: 130 319 931 172 142 990 699 
Bin 9: 166 184 798 157 779 542 
Bin 10: 763 520 781 404 537 523 550 854 
Bin 11: 806 83 193 610 284 479 
Bin 12: 37 322 379 175 885 722 650 
Bin 13: 213 958 42 946 436 176 618 497 
Bin 14: 329 920 739 545 554 965 
Bin 15: 745 637 324 392 599 251 
Bin 16: 662 860 162 496 935 938 559 150 
Bin 17: 51 682 624 572 812 48 533 
Bin 18: 959 136 895 787 772 852 261 
Bin 19: 186 427 353 465 298 531 179 
Bin 20: 896 670 446 154 748 499 980 
Bin 21: 97 870 752 412 717 808 303 187 
Bin 22: 473 59 283 98 555 928 
Bin 23: 825 393 370 908 74 687 669 
Bin 24: 227 744 185 665 588 302 192 
Bin 25: 868 783 875 18 515 498 
Bin 26: 677 789 873 716 605 489 152 733 
Bin 27: 178 503 898 831 507 194 139 
Bin 28: 95 633 395 950 120 20 658 
Bin 29: 87 359 641 58 77 257 635 911 816 
Bin 30: 552 886 153 16 313 388 
Bin 31: 974 109 771 945 540 979 289 719 
Bin 32: 712 667 905 569 354 807 
Bin 33: 841 297 295 530 855 820 236 
Bin 34: 947 164 224 189 63 691 437 
Bin 35: 871 230 301 570 971 
Bin 36: 442 504 113 822 509 874 
Bin 37: 645 913 433 838 296 742 
Bin 38: 839 782 689 259 601 273 762 
Bin 39: 357 155 612 999 856 333 243 
Bin 40: 206 292 551 519 216 985 320 
Bin 41: 976 672 833 646 7 262 286 
Bin 42: 767 846 5 726 71 274 801 
Bin 43: 420 111 964 451 364 318 809 
Bin 44: 567 521 944 815 493 903 410 609 
Bin 45: 940 840 311 676 441 305 472 
Bin 46: 768 478 279 228 14 830 929 443 
Bin 47: 116 265 418 202 440 191 513 960 
Bin 48: 775 53 881 383 511 709 867 778 
Bin 49: 369 747 245 740 99 290 921 
Bin 50: 630 429 679 608 467 0 
Bin 51: 734 865 145 197 235 474 847 
Bin 52: 349 76 89 403 24 438 
Bin 53: 632 94 118 394 804 238 625 
Bin 54: 85 765 915 368 293 233 987 
Bin 55: 278 347 173 516 686 989 916 
Bin 56: 793 102 309 82 543 92 181 
Bin 57: 249 401 122 33 696 371 861 448 
Bin 58: 562 408 904 22 54 
Bin 59: 595 55 602 107 780 863 
Bin 60: 148 701 338 29 70 606 
Bin 61: 926 851 978 889 930 817 19 
Bin 62: 603 502 288 652 423 939 988 
Bin 63: 65 962 661 234 268 454 307 
Bin 64: 967 803 13 205 598 416 
Bin 65: 628 754 587 12 832 731 834 276 
Bin 66: 362 827 79 858 291 879 724 
Bin 67: 312 664 973 6 86 693 919 
Bin 68: 674 684 753 314 534 757 
Bin 69: 439 773 631 491 140 81 897 
Bin 70: 475 644 741 492 421 100 470 
Bin 71: 563 558 649 627 746 
Bin 72: 457 27 622 161 84 805 
Bin 73: 248 346 835 884 923 229 
Bin 74: 794 246 548 409 124 342 425 
Bin 75: 326 576 842 532 75 663 
Bin 76: 788 204 932 105 706 406 
Bin 77: 221 616 604 44 119 171 
Bin 78: 963 200 381 34 755 749 800 557 
Bin 79: 174 281 933 697 464 88 590 728 
Bin 80: 710 387 447 791 483 
Bin 81: 481 341 887 795 60 69 907 
Bin 82: 714 695 38 596 219 
Bin 83: 692 190 776 575 643 673 106 671 258 
Bin 84: 57 378 232 638 169 308 829 
Bin 85: 328 564 30 17 384 114 
Bin 86: 790 756 196 761 657 128 
Bin 87: 9 35 986 821 488 80 
Bin 88: 927 736 579 845 372 538 891 
Bin 89: 350 813 39 482 144 374 539 126 
Bin 90: 2 422 700 922 912 
Bin 91: 450 573 365 127 900 480 
Bin 92: 260 466 373 358 332 770 647 225 993 
Bin 93: 468 883 541 872 953 
Bin 94: 501 121 849 680 237 163 
Bin 95: 11 254 340 698 882 668 
Bin 96: 345 954 925 271 352 998 459 
Bin 97: 617 592 880 890 477 165 
Bin 98: 634 484 177 294 256 218 848 
Bin 99: 992 819 514 857 4 
Bin 100: 400 315 535 566 485 411 
Bin 101: 713 321 351 951 818 
Bin 102: 211 844 547 275 413 704 982 146 
Bin 103: 862 428 430 718 158 207 131 
Bin 104: 591 836 705 282 526 517 270 952 
Bin 105: 721 615 188 355 424 
Bin 106: 814 231 949 703 906 751 
Bin 107: 725 764 3 8 869 
Bin 108: 917 361 123 568 367 325 720 
Bin 109: 52 73 317 640 72 21 
Bin 110: 36 528 344 864 336 
Bin 111: 375 524 614 995 125 103 
Bin 112: 209 957 277 611 272 396 
Bin 113: 983 941 50 78 360 414 183 
Bin 114: 143 766 445 648 463 621 
Bin 115: 758 711 837 115 285 449 334 304 
Bin 116: 263 112 244 824 660 377 147 
Bin 117: 853 877 426 167 159 977 
Bin 118: 585 984 561 389 110 997 
Bin 119: 434 452 156 149 619 366 331 
Bin 120: 348 28 893 67 46 386 226 
Bin 121: 453 828 300 810 62 549 96 
Bin 122: 902 91 792 969 505 525 759 
Bin 123: 639 415 335 675 90 
Bin 124: 956 255 536 760 750 487 343 594 
Bin 125: 168 508 469 252 104 571 
Bin 126: 589 955 784 553 68 66 133 
Bin 127: 866 356 580 390 64 
Bin 128: 769 968 380 565 47 455 
Bin 129: 651 476 456 600 287 402 
Bin 130: 253 500 310 506 141 239 
Bin 131: 31 45 486 461 323 942 899 25 
Bin 132: 901 208 683 690 391 494 975 
Bin 133: 264 729 527 399 629 
Bin 134: 888 61 961 636 306 398 
Bin 135: 49 892 220 996 330 
Bin 136: 586 198 337 981 994 460 250 
Bin 137: 134 560 910 462 937 823 918 
Bin 138: 518 117 785 458 212 544 948 
Bin 139: 593 681 382 151 510 23 223 972 
Bin 140: 495 656 419 914 966 802 
Bin 141: 737 339 826 129 909 727 
Bin 142: 577 376 894 735 574 43 
Bin 143: 934 936 777 876 707 626 607 
Bin 144: 280 444 708 723 702 397 970 
Bin 145: 435 267 583 666 266 407 
Bin 146: 642 160 10 732 240 101 
Bin 147: 738 943 582 878 715 
Bin 148: 210 730 108 546 653 180 811 
Bin 149: 135 432 195 137 678 93 
Bin 150: 654 743 655 620 222 
