# Objective: 164
# Time: 249.685
# Feasible: 1
# Solution:
Bin 0: 830 129 160 610 622 911 
Bin 1: 346 906 723 90 226 43 483 
Bin 2: 424 213 981 965 747 702 609 
Bin 3: 972 635 184 762 343 247 
Bin 4: 173 198 436 694 816 434 354 
Bin 5: 366 478 92 417 262 499 
Bin 6: 206 470 679 285 504 382 646 
Bin 7: 837 686 96 73 739 190 616 
Bin 8: 687 433 72 3 350 840 459 
Bin 9: 791 938 688 779 234 217 268 
Bin 10: 68 937 122 75 798 84 460 
Bin 11: 988 153 991 617 716 83 685 
Bin 12: 924 238 476 124 588 31 946 
Bin 13: 793 235 732 781 376 
Bin 14: 500 463 847 191 393 60 
Bin 15: 82 852 404 179 306 439 
Bin 16: 25 91 821 569 839 863 
Bin 17: 254 446 61 403 517 717 
Bin 18: 806 400 275 560 24 565 
Bin 19: 222 758 947 510 227 240 942 
Bin 20: 817 353 532 49 634 546 661 
Bin 21: 722 934 979 878 468 640 
Bin 22: 127 893 487 975 282 334 
Bin 23: 211 761 745 748 185 968 
Bin 24: 437 708 508 828 966 
Bin 25: 239 264 904 580 156 756 
Bin 26: 177 32 549 744 553 853 
Bin 27: 360 676 284 297 263 14 
Bin 28: 26 199 33 352 594 759 367 
Bin 29: 678 850 174 207 8 357 945 
Bin 30: 374 644 331 30 257 867 
Bin 31: 51 794 195 695 659 272 
Bin 32: 113 4 709 957 115 438 894 
Bin 33: 172 656 384 204 851 
Bin 34: 909 136 276 411 880 314 
Bin 35: 512 17 48 85 265 305 
Bin 36: 950 936 259 899 155 
Bin 37: 768 45 107 765 902 976 963 
Bin 38: 12 47 430 718 783 449 448 
Bin 39: 581 490 428 643 836 88 
Bin 40: 349 220 110 37 960 547 416 
Bin 41: 52 516 772 809 983 344 167 166 
Bin 42: 451 555 471 608 990 706 
Bin 43: 159 773 308 137 245 464 
Bin 44: 802 591 485 13 330 663 
Bin 45: 186 80 657 683 209 339 66 236 
Bin 46: 310 101 35 564 355 562 
Bin 47: 100 422 858 34 480 550 
Bin 48: 484 842 533 530 903 414 
Bin 49: 106 427 105 632 823 
Bin 50: 993 506 740 664 214 889 571 
Bin 51: 834 974 63 624 511 40 373 
Bin 52: 223 413 926 139 89 150 
Bin 53: 249 488 822 862 256 120 743 
Bin 54: 123 681 21 838 799 537 277 
Bin 55: 856 97 77 292 820 103 93 
Bin 56: 293 895 387 554 316 313 
Bin 57: 785 20 973 700 738 329 372 
Bin 58: 456 279 913 769 250 258 
Bin 59: 669 849 108 541 941 
Bin 60: 825 844 351 824 505 886 
Bin 61: 713 237 522 168 741 114 920 
Bin 62: 642 611 729 118 916 98 971 
Bin 63: 573 443 111 482 454 752 
Bin 64: 23 194 362 668 912 627 
Bin 65: 429 529 216 566 161 
Bin 66: 637 855 126 770 200 301 
Bin 67: 399 380 558 596 253 
Bin 68: 531 790 335 721 776 402 629 
Bin 69: 157 54 261 233 697 
Bin 70: 964 502 304 465 229 15 435 
Bin 71: 703 410 521 885 148 321 557 
Bin 72: 244 922 86 827 933 2 
Bin 73: 831 724 112 133 667 
Bin 74: 572 556 241 736 395 303 
Bin 75: 896 278 9 705 548 169 
Bin 76: 603 871 914 444 523 
Bin 77: 121 379 10 102 94 598 
Bin 78: 917 203 205 998 515 79 943 461 
Bin 79: 323 386 730 606 147 910 
Bin 80: 145 170 735 846 309 466 602 
Bin 81: 409 662 16 7 27 458 
Bin 82: 267 898 255 291 677 883 
Bin 83: 778 536 67 280 805 38 
Bin 84: 755 518 952 967 338 76 
Bin 85: 81 359 452 891 50 340 
Bin 86: 513 692 803 59 811 
Bin 87: 109 514 421 712 176 766 
Bin 88: 969 875 394 388 601 187 
Bin 89: 977 815 151 715 300 501 520 
Bin 90: 897 494 71 341 163 818 
Bin 91: 905 699 104 958 734 0 589 
Bin 92: 881 737 486 381 892 742 345 
Bin 93: 36 333 408 570 907 543 
Bin 94: 182 684 869 575 693 954 
Bin 95: 183 595 929 726 365 6 
Bin 96: 356 165 633 138 860 332 
Bin 97: 921 925 940 497 771 
Bin 98: 311 887 193 318 866 538 
Bin 99: 328 552 774 473 636 534 117 116 
Bin 100: 58 298 696 296 563 919 
Bin 101: 801 757 879 620 378 450 
Bin 102: 246 224 287 749 492 
Bin 103: 625 918 134 243 658 888 
Bin 104: 319 140 568 707 593 475 
Bin 105: 440 397 65 750 868 788 784 
Bin 106: 315 900 995 135 645 812 
Bin 107: 377 218 814 845 652 496 
Bin 108: 544 56 865 760 479 398 651 
Bin 109: 489 228 162 587 599 215 835 
Bin 110: 833 477 579 675 41 590 
Bin 111: 984 786 763 248 999 689 795 
Bin 112: 746 347 221 674 371 719 986 
Bin 113: 142 405 144 294 841 618 
Bin 114: 131 55 201 908 698 930 
Bin 115: 619 782 348 415 152 286 369 
Bin 116: 985 62 274 996 336 631 
Bin 117: 212 561 406 509 423 527 
Bin 118: 787 363 961 638 615 
Bin 119: 551 42 649 273 270 989 
Bin 120: 884 775 710 680 859 
Bin 121: 225 992 848 503 832 231 22 
Bin 122: 320 545 125 931 99 813 
Bin 123: 733 682 807 389 442 955 
Bin 124: 462 592 792 653 751 
Bin 125: 725 493 128 939 630 690 
Bin 126: 364 623 808 519 800 
Bin 127: 1 796 648 728 189 583 854 
Bin 128: 141 326 317 789 307 453 711 
Bin 129: 44 542 804 935 928 232 
Bin 130: 418 53 358 660 230 455 
Bin 131: 251 46 951 242 872 843 
Bin 132: 956 753 192 944 325 540 597 
Bin 133: 472 426 39 604 396 
Bin 134: 671 95 691 978 819 260 180 
Bin 135: 654 704 164 650 412 171 567 
Bin 136: 982 283 932 175 208 197 
Bin 137: 727 154 312 385 419 498 
Bin 138: 890 666 269 407 57 146 
Bin 139: 281 962 425 873 202 607 
Bin 140: 467 613 474 829 188 29 
Bin 141: 655 337 764 143 877 701 
Bin 142: 74 432 600 5 392 288 639 
Bin 143: 526 327 915 391 864 290 
Bin 144: 641 196 70 445 997 714 28 
Bin 145: 882 181 322 559 874 
Bin 146: 210 826 447 673 949 19 
Bin 147: 578 219 626 876 457 586 
Bin 148: 266 64 441 528 628 927 
Bin 149: 535 178 665 302 647 901 
Bin 150: 525 469 767 585 252 390 
Bin 151: 370 289 970 431 78 401 
Bin 152: 612 810 295 119 375 780 
Bin 153: 777 861 149 621 797 
Bin 154: 614 720 299 130 672 
Bin 155: 582 574 539 491 
Bin 156: 11 361 605 324 670 420 
Bin 157: 953 576 584 754 959 
Bin 158: 87 383 132 524 18 
Bin 159: 577 731 69 342 368 
Bin 160: 495 987 158 
Bin 161: 271 507 481 980 
Bin 162: 948 870 857 
Bin 163: 923 994 
