# Objective: 149
# Time: 291.619
# Feasible: 1
# Solution:
Bin 0: 396 553 640 70 213 651 236 
Bin 1: 870 77 597 221 24 639 809 
Bin 2: 607 317 892 233 540 806 955 109 
Bin 3: 266 958 201 128 315 632 
Bin 4: 83 192 169 353 614 
Bin 5: 112 558 248 330 857 3 320 
Bin 6: 605 604 46 981 770 349 446 
Bin 7: 761 997 419 970 685 549 
Bin 8: 656 342 68 22 574 56 148 
Bin 9: 887 913 172 531 951 415 304 
Bin 10: 914 701 390 600 147 864 440 
Bin 11: 355 197 59 54 624 124 631 463 
Bin 12: 978 585 253 95 618 861 
Bin 13: 894 387 906 586 136 965 
Bin 14: 976 85 772 708 492 905 
Bin 15: 562 591 888 945 502 741 501 
Bin 16: 570 437 321 75 448 496 940 
Bin 17: 99 971 765 346 222 88 684 
Bin 18: 86 649 730 214 778 431 180 
Bin 19: 985 565 698 101 789 567 208 
Bin 20: 268 838 938 293 749 902 975 
Bin 21: 183 225 559 742 97 636 63 
Bin 22: 78 520 333 952 526 337 844 121 
Bin 23: 357 461 328 20 633 947 
Bin 24: 303 733 466 826 966 934 
Bin 25: 625 37 535 746 529 174 820 175 
Bin 26: 52 847 64 754 319 373 
Bin 27: 8 881 477 189 676 819 833 
Bin 28: 157 917 514 196 270 312 634 
Bin 29: 139 491 654 791 711 503 729 753 
Bin 30: 839 926 850 782 612 402 
Bin 31: 722 94 755 313 547 935 251 
Bin 32: 336 217 830 469 645 41 
Bin 33: 57 736 704 683 421 442 681 998 
Bin 34: 834 49 249 322 983 580 899 801 323 
Bin 35: 895 178 464 613 724 360 359 
Bin 36: 277 327 726 840 813 577 
Bin 37: 764 609 622 918 33 
Bin 38: 310 664 599 657 984 443 205 
Bin 39: 250 891 223 538 162 750 
Bin 40: 916 42 366 43 241 378 104 695 
Bin 41: 682 294 240 759 743 2 393 
Bin 42: 973 117 797 398 474 518 298 744 
Bin 43: 732 673 38 73 910 372 369 
Bin 44: 66 495 581 114 747 44 290 
Bin 45: 650 45 590 990 62 
Bin 46: 779 493 358 987 688 738 
Bin 47: 556 781 65 186 579 370 647 
Bin 48: 170 194 267 19 941 530 953 
Bin 49: 659 89 470 611 860 
Bin 50: 890 515 32 505 264 555 775 345 
Bin 51: 127 931 462 243 484 537 
Bin 52: 123 447 271 244 784 886 882 
Bin 53: 927 877 207 545 653 458 308 
Bin 54: 155 339 803 619 922 802 731 909 
Bin 55: 575 483 601 980 675 199 
Bin 56: 384 546 513 93 96 974 397 
Bin 57: 227 326 334 55 131 
Bin 58: 524 748 878 39 805 6 
Bin 59: 434 641 751 361 869 561 739 29 
Bin 60: 727 883 652 543 793 569 159 100 499 
Bin 61: 674 1 712 510 160 694 40 
Bin 62: 680 828 490 528 473 12 153 165 272 
Bin 63: 988 412 901 835 235 386 
Bin 64: 563 306 111 379 215 31 521 
Bin 65: 572 489 703 943 551 587 969 206 
Bin 66: 692 278 325 804 220 435 889 
Bin 67: 837 766 507 216 74 539 
Bin 68: 130 578 252 615 247 297 
Bin 69: 942 740 383 150 643 453 
Bin 70: 710 405 164 141 167 554 105 
Bin 71: 392 314 377 616 991 757 436 
Bin 72: 282 195 700 344 427 589 872 937 
Bin 73: 666 291 356 340 181 960 137 
Bin 74: 758 912 855 403 341 811 660 
Bin 75: 706 230 218 915 799 288 
Bin 76: 745 904 719 815 416 471 
Bin 77: 576 717 71 156 668 263 
Bin 78: 829 371 135 831 842 583 
Bin 79: 866 4 728 191 365 859 
Bin 80: 332 414 817 933 234 868 
Bin 81: 723 825 481 948 176 
Bin 82: 152 316 508 420 908 582 362 
Bin 83: 982 161 60 69 843 628 
Bin 84: 260 851 787 30 289 352 116 
Bin 85: 166 409 200 992 756 5 687 
Bin 86: 862 919 245 734 568 468 488 
Bin 87: 246 407 527 662 324 425 432 
Bin 88: 925 486 72 92 363 7 959 
Bin 89: 285 790 617 536 404 989 900 
Bin 90: 179 939 231 281 459 424 
Bin 91: 287 465 648 832 261 735 125 
Bin 92: 142 115 438 774 472 190 
Bin 93: 968 691 177 780 762 211 
Bin 94: 87 849 911 84 257 903 28 
Bin 95: 13 598 807 661 516 343 350 
Bin 96: 389 10 35 475 391 452 
Bin 97: 433 630 329 133 667 500 994 
Bin 98: 417 658 845 140 11 964 445 
Bin 99: 450 182 305 760 210 509 
Bin 100: 494 638 411 311 209 67 108 
Bin 101: 26 752 456 286 428 836 479 375 
Bin 102: 188 854 224 132 364 457 
Bin 103: 18 972 594 376 429 478 242 
Bin 104: 512 16 821 763 522 644 335 
Bin 105: 154 924 566 957 367 606 
Bin 106: 907 846 879 385 677 808 848 
Bin 107: 256 284 58 665 818 620 646 
Bin 108: 967 418 184 693 301 696 533 921 
Bin 109: 875 81 98 80 956 498 550 
Bin 110: 348 395 255 885 185 374 
Bin 111: 588 302 103 928 0 
Bin 112: 929 90 810 129 292 149 276 
Bin 113: 525 262 874 23 610 460 
Bin 114: 993 410 399 48 439 331 544 
Bin 115: 118 702 299 827 17 880 
Bin 116: 592 497 388 158 382 107 523 144 
Bin 117: 279 541 134 679 705 50 946 
Bin 118: 381 238 795 228 871 932 671 
Bin 119: 816 950 812 82 202 823 106 
Bin 120: 898 856 962 794 771 406 517 
Bin 121: 401 173 422 318 27 9 786 
Bin 122: 560 296 672 413 876 47 867 
Bin 123: 595 637 824 283 454 482 
Bin 124: 798 485 400 557 542 102 504 
Bin 125: 977 212 444 273 394 275 
Bin 126: 626 198 602 573 239 995 
Bin 127: 690 237 783 145 300 642 138 
Bin 128: 120 151 476 954 113 863 552 
Bin 129: 858 269 893 15 961 
Bin 130: 143 767 655 737 686 307 596 354 
Bin 131: 455 725 511 571 309 
Bin 132: 721 506 449 999 822 91 
Bin 133: 873 923 163 519 368 408 122 
Bin 134: 229 608 944 669 814 621 
Bin 135: 853 788 487 792 865 920 204 896 
Bin 136: 295 232 380 949 532 36 
Bin 137: 146 79 689 699 714 718 
Bin 138: 852 713 119 629 709 426 777 800 
Bin 139: 254 338 187 897 110 203 
Bin 140: 769 627 258 776 171 796 
Bin 141: 351 979 534 930 259 936 670 
Bin 142: 126 347 423 884 34 
Bin 143: 593 707 841 430 193 603 
Bin 144: 451 584 274 986 996 785 
Bin 145: 564 623 678 635 168 61 53 
Bin 146: 768 716 76 280 441 25 715 
Bin 147: 14 720 773 21 480 697 226 265 
Bin 148: 51 963 219 548 663 467 
