# Objective: 165
# Time: 131.168
# Feasible: 1
# Solution:
Bin 0: 771 903 767 88 866 517 
Bin 1: 629 516 449 864 251 89 
Bin 2: 674 729 40 124 384 69 
Bin 3: 36 187 820 249 878 541 448 266 
Bin 4: 679 477 286 222 833 890 650 
Bin 5: 126 293 602 948 709 
Bin 6: 275 816 434 26 235 44 775 
Bin 7: 213 933 583 462 731 560 
Bin 8: 199 938 795 392 947 639 
Bin 9: 307 409 828 203 612 396 205 
Bin 10: 301 747 752 569 358 210 382 
Bin 11: 391 378 542 1 984 
Bin 12: 605 897 230 113 963 852 552 
Bin 13: 635 444 100 655 365 117 575 
Bin 14: 573 192 410 56 531 924 273 
Bin 15: 688 241 52 406 218 842 965 439 
Bin 16: 441 976 459 869 977 107 
Bin 17: 114 482 247 562 814 312 616 
Bin 18: 527 860 665 86 208 677 500 782 
Bin 19: 285 169 863 93 300 884 
Bin 20: 291 264 736 670 240 250 371 737 
Bin 21: 362 66 993 712 777 960 
Bin 22: 743 875 180 248 189 753 
Bin 23: 957 598 721 669 153 472 
Bin 24: 455 453 395 544 486 745 
Bin 25: 128 664 939 644 370 258 
Bin 26: 349 170 611 329 790 175 402 
Bin 27: 255 906 48 761 905 375 
Bin 28: 962 547 337 335 796 
Bin 29: 555 431 634 716 502 10 
Bin 30: 683 270 54 330 288 589 
Bin 31: 257 883 259 471 554 263 970 
Bin 32: 485 533 695 787 832 550 
Bin 33: 912 756 867 102 649 902 
Bin 34: 125 360 998 974 543 770 
Bin 35: 982 889 708 427 943 2 930 
Bin 36: 120 590 104 789 706 812 622 
Bin 37: 355 421 751 809 881 82 
Bin 38: 166 577 785 997 841 372 
Bin 39: 202 920 958 780 651 
Bin 40: 895 323 703 368 673 645 
Bin 41: 490 847 507 298 165 
Bin 42: 137 803 647 407 834 608 
Bin 43: 641 565 118 184 778 676 740 
Bin 44: 768 996 553 321 90 546 
Bin 45: 97 735 443 846 557 734 
Bin 46: 657 692 146 894 887 209 
Bin 47: 570 922 193 591 739 5 
Bin 48: 150 964 438 632 320 723 324 
Bin 49: 916 604 60 432 619 143 
Bin 50: 512 67 535 719 408 278 
Bin 51: 357 232 925 873 585 303 
Bin 52: 318 423 929 503 684 953 261 
Bin 53: 367 238 30 926 185 345 31 
Bin 54: 595 197 885 81 872 823 819 807 
Bin 55: 23 746 302 74 388 714 
Bin 56: 627 536 856 510 45 
Bin 57: 225 154 666 328 445 545 
Bin 58: 294 971 339 236 607 
Bin 59: 32 386 491 858 511 42 
Bin 60: 466 630 123 297 73 183 
Bin 61: 468 91 848 428 913 131 
Bin 62: 497 793 317 662 156 540 
Bin 63: 28 206 995 762 380 631 
Bin 64: 691 659 151 617 582 
Bin 65: 728 981 475 494 437 12 262 
Bin 66: 224 15 4 794 381 132 
Bin 67: 980 470 139 966 702 322 164 
Bin 68: 613 279 331 927 868 277 
Bin 69: 260 979 900 606 941 701 
Bin 70: 454 952 524 87 821 57 576 
Bin 71: 563 989 280 299 625 599 
Bin 72: 754 464 16 379 481 713 
Bin 73: 730 972 911 204 601 
Bin 74: 55 853 316 397 24 837 
Bin 75: 518 893 344 663 571 214 597 
Bin 76: 671 43 944 83 483 440 
Bin 77: 227 968 7 928 523 217 130 
Bin 78: 271 882 366 135 463 191 77 
Bin 79: 37 909 496 642 200 991 907 
Bin 80: 801 34 690 377 281 567 
Bin 81: 694 687 937 350 405 
Bin 82: 637 219 574 168 704 332 
Bin 83: 188 138 675 436 20 71 430 
Bin 84: 161 65 374 162 70 343 682 
Bin 85: 171 578 133 835 458 
Bin 86: 744 973 268 779 136 891 14 
Bin 87: 614 348 727 356 509 226 
Bin 88: 620 220 75 792 596 19 
Bin 89: 525 105 62 992 176 654 
Bin 90: 129 179 879 811 157 493 
Bin 91: 537 21 759 79 383 876 
Bin 92: 722 92 211 253 825 
Bin 93: 47 399 198 603 282 874 
Bin 94: 174 559 623 648 870 39 919 
Bin 95: 59 33 772 696 228 243 
Bin 96: 831 749 626 229 857 786 
Bin 97: 85 817 361 826 98 223 
Bin 98: 334 426 41 400 478 452 
Bin 99: 254 327 505 35 838 296 
Bin 100: 234 231 446 615 693 581 
Bin 101: 412 429 221 352 850 416 
Bin 102: 700 422 11 784 457 566 141 
Bin 103: 983 760 726 13 961 705 865 
Bin 104: 292 245 159 480 643 419 
Bin 105: 140 376 0 765 514 529 896 
Bin 106: 289 22 158 932 144 306 
Bin 107: 181 685 267 515 415 815 
Bin 108: 149 194 99 698 988 
Bin 109: 658 447 64 528 27 
Bin 110: 766 373 572 239 586 898 
Bin 111: 252 548 101 190 799 931 
Bin 112: 921 313 269 940 955 967 
Bin 113: 108 827 954 420 121 
Bin 114: 425 757 810 119 314 325 594 
Bin 115: 633 469 501 25 699 667 51 
Bin 116: 450 394 338 755 495 435 167 
Bin 117: 237 18 295 473 484 310 163 
Bin 118: 738 461 513 956 915 802 
Bin 119: 849 918 975 6 908 522 
Bin 120: 686 934 822 628 359 609 38 
Bin 121: 851 116 111 681 800 212 
Bin 122: 830 354 46 411 492 556 
Bin 123: 624 532 564 17 763 521 549 
Bin 124: 451 741 584 404 742 336 
Bin 125: 732 621 806 401 389 
Bin 126: 363 859 945 568 610 242 
Bin 127: 813 804 942 474 797 155 
Bin 128: 733 910 776 854 718 999 
Bin 129: 720 949 50 600 861 173 
Bin 130: 990 417 618 142 49 207 
Bin 131: 244 951 715 580 265 
Bin 132: 195 53 978 103 308 95 
Bin 133: 855 305 122 923 160 579 
Bin 134: 76 72 504 969 638 646 
Bin 135: 390 152 871 588 418 661 
Bin 136: 843 899 640 985 593 274 
Bin 137: 287 845 764 750 178 
Bin 138: 177 946 773 284 829 398 
Bin 139: 134 917 534 774 748 
Bin 140: 385 467 862 115 61 592 877 84 
Bin 141: 886 836 215 311 147 424 
Bin 142: 196 758 824 808 256 
Bin 143: 29 276 508 9 342 
Bin 144: 3 656 460 433 465 
Bin 145: 476 717 333 319 414 216 326 
Bin 146: 791 636 888 112 304 530 
Bin 147: 364 246 346 668 201 551 
Bin 148: 148 959 950 109 489 680 538 
Bin 149: 145 393 309 315 290 340 
Bin 150: 839 987 986 901 80 
Bin 151: 488 506 558 403 110 58 
Bin 152: 587 660 710 341 127 
Bin 153: 347 8 487 479 840 
Bin 154: 539 689 788 697 904 387 
Bin 155: 653 94 935 106 520 
Bin 156: 561 914 96 783 936 
Bin 157: 413 672 498 353 442 
Bin 158: 369 798 456 233 63 
Bin 159: 678 519 781 272 892 
Bin 160: 186 724 172 
Bin 161: 769 68 707 78 283 
Bin 162: 880 499 725 994 182 
Bin 163: 711 652 805 818 
Bin 164: 351 526 844 
