# Objective: 19
# Time: 2.55094
# Feasible: 1
# Solution:
Bin 0: 119 0 17 87 29 27 36 59 
Bin 1: 111 9 52 40 72 41 69 110 48 
Bin 2: 55 84 10 4 96 113 
Bin 3: 66 7 13 63 28 98 
Bin 4: 54 65 71 6 95 104 
Bin 5: 16 22 25 99 116 80 
Bin 6: 18 92 118 70 21 94 53 
Bin 7: 106 38 14 85 76 3 
Bin 8: 90 67 97 57 47 64 
Bin 9: 32 15 61 11 101 82 19 
Bin 10: 8 100 78 68 93 37 
Bin 11: 56 35 79 12 109 26 
Bin 12: 51 42 1 34 103 81 
Bin 13: 102 30 105 117 75 
Bin 14: 108 77 49 115 114 43 
Bin 15: 46 31 44 5 2 74 88 
Bin 16: 91 24 33 50 86 
Bin 17: 62 45 89 107 39 
Bin 18: 83 23 20 112 60 73 58 
