# Objective: 79
# Time: 47.7129
# Feasible: 1
# Solution:
Bin 0: 415 439 430 221 38 206 
Bin 1: 351 37 331 50 384 387 191 
Bin 2: 260 389 220 48 232 166 
Bin 3: 373 66 98 78 84 499 
Bin 4: 340 218 109 257 414 116 330 58 
Bin 5: 454 350 380 337 293 
Bin 6: 277 11 53 259 165 327 207 155 
Bin 7: 239 348 284 323 481 489 76 
Bin 8: 488 345 314 366 94 402 157 
Bin 9: 352 250 279 63 241 
Bin 10: 357 124 15 358 196 274 
Bin 11: 306 140 71 362 313 205 237 
Bin 12: 149 347 282 363 374 42 278 492 
Bin 13: 33 408 305 99 424 490 85 96 
Bin 14: 134 80 201 394 27 248 382 
Bin 15: 341 120 418 209 212 223 404 
Bin 16: 281 443 291 396 433 193 
Bin 17: 444 401 52 56 26 
Bin 18: 34 475 10 112 176 119 
Bin 19: 467 478 217 79 104 69 
Bin 20: 5 158 332 457 169 268 
Bin 21: 452 403 419 180 435 36 246 
Bin 22: 61 453 141 497 391 164 156 365 
Bin 23: 356 136 333 21 498 442 154 
Bin 24: 315 375 369 477 299 108 
Bin 25: 463 161 361 195 224 254 
Bin 26: 307 172 353 82 496 
Bin 27: 199 289 395 385 152 186 
Bin 28: 432 472 393 388 368 354 
Bin 29: 485 18 376 473 263 203 
Bin 30: 440 290 445 407 6 409 227 188 
Bin 31: 55 122 417 181 317 383 25 
Bin 32: 231 355 343 346 416 269 431 
Bin 33: 211 300 364 261 175 296 29 83 
Bin 34: 145 24 68 22 51 189 287 178 
Bin 35: 57 328 449 12 338 491 123 
Bin 36: 213 320 35 146 398 476 273 
Bin 37: 67 240 413 258 230 446 
Bin 38: 474 271 286 174 251 459 
Bin 39: 319 294 372 256 127 184 125 
Bin 40: 192 228 90 428 133 
Bin 41: 397 249 461 132 153 342 283 
Bin 42: 75 138 19 45 118 70 
Bin 43: 468 245 151 429 236 322 378 
Bin 44: 272 105 264 360 276 233 441 107 
Bin 45: 326 406 216 17 13 335 135 2 420 
Bin 46: 148 64 47 113 447 
Bin 47: 437 202 89 142 73 182 411 
Bin 48: 265 436 177 87 426 91 
Bin 49: 456 95 466 194 280 297 
Bin 50: 458 470 81 20 234 399 
Bin 51: 4 62 377 129 60 295 
Bin 52: 167 438 292 495 480 304 
Bin 53: 434 392 159 235 379 115 
Bin 54: 311 31 318 253 97 423 
Bin 55: 204 367 32 30 171 3 
Bin 56: 130 160 143 49 285 
Bin 57: 39 464 41 252 400 162 266 
Bin 58: 219 106 137 479 425 187 
Bin 59: 460 92 150 410 214 494 
Bin 60: 147 43 185 336 198 117 222 86 
Bin 61: 163 312 412 54 303 190 
Bin 62: 325 301 275 200 65 390 77 
Bin 63: 131 298 371 139 88 405 
Bin 64: 229 487 465 242 270 
Bin 65: 486 316 100 173 128 126 
Bin 66: 0 482 170 308 484 46 386 
Bin 67: 344 288 422 370 23 
Bin 68: 455 321 448 114 451 
Bin 69: 310 179 471 469 381 334 
Bin 70: 110 208 215 427 421 197 44 
Bin 71: 450 309 324 74 40 7 
Bin 72: 243 244 103 1 72 
Bin 73: 262 93 16 483 102 238 
Bin 74: 493 349 111 247 226 225 
Bin 75: 359 101 168 8 144 210 
Bin 76: 183 121 302 462 59 
Bin 77: 339 9 28 
Bin 78: 255 329 14 267 
