# Objective: 78
# Time: 40.5228
# Feasible: 1
# Solution:
Bin 0: 360 359 80 462 418 60 406 397 
Bin 1: 23 78 182 448 176 184 300 
Bin 2: 14 248 441 387 92 298 490 
Bin 3: 423 433 7 41 42 46 
Bin 4: 352 79 461 236 355 254 101 
Bin 5: 117 357 303 257 356 131 
Bin 6: 481 145 183 366 229 460 364 
Bin 7: 95 377 340 18 494 386 127 
Bin 8: 409 259 219 493 435 1 271 
Bin 9: 394 380 2 194 299 
Bin 10: 30 353 158 348 29 
Bin 11: 141 284 226 93 310 
Bin 12: 414 108 262 15 224 251 225 
Bin 13: 135 351 220 98 50 258 90 313 
Bin 14: 233 25 99 188 350 34 333 
Bin 15: 205 55 91 133 67 308 
Bin 16: 70 326 9 62 321 83 306 
Bin 17: 428 480 128 487 485 115 0 74 282 
Bin 18: 486 118 425 160 399 472 247 
Bin 19: 343 301 275 76 116 185 437 345 
Bin 20: 177 285 89 334 124 
Bin 21: 125 443 291 81 256 476 294 120 
Bin 22: 479 126 293 451 142 457 
Bin 23: 198 395 119 109 132 
Bin 24: 384 265 56 373 202 273 149 
Bin 25: 314 389 243 413 296 164 
Bin 26: 416 368 439 337 27 
Bin 27: 417 302 396 322 354 292 452 
Bin 28: 16 471 453 463 341 483 33 
Bin 29: 408 421 307 427 121 449 331 
Bin 30: 61 385 330 54 140 252 165 230 169 
Bin 31: 192 249 241 358 263 245 
Bin 32: 465 19 231 280 28 147 49 
Bin 33: 100 21 388 255 398 
Bin 34: 137 216 378 73 69 104 
Bin 35: 244 327 436 346 214 134 
Bin 36: 342 240 434 123 107 139 
Bin 37: 199 382 237 31 445 
Bin 38: 288 365 375 12 400 283 87 
Bin 39: 178 223 295 410 347 376 
Bin 40: 171 72 276 405 266 162 26 
Bin 41: 317 392 204 195 6 411 403 
Bin 42: 459 146 339 84 402 114 
Bin 43: 77 130 136 208 474 96 391 261 
Bin 44: 112 269 488 106 191 371 
Bin 45: 103 206 52 144 227 45 
Bin 46: 289 215 309 422 43 11 324 
Bin 47: 86 85 304 200 450 4 432 
Bin 48: 363 415 102 113 407 75 
Bin 49: 150 35 179 151 203 
Bin 50: 482 143 316 264 217 447 344 
Bin 51: 175 489 446 332 197 40 456 
Bin 52: 110 311 484 105 232 424 
Bin 53: 3 393 172 201 180 212 361 155 
Bin 54: 278 38 383 153 71 94 17 
Bin 55: 111 163 429 210 187 37 
Bin 56: 148 466 44 168 181 492 
Bin 57: 475 420 458 22 159 401 
Bin 58: 297 430 235 325 13 174 
Bin 59: 10 59 173 496 290 213 66 
Bin 60: 336 122 211 287 196 
Bin 61: 53 455 272 335 39 152 
Bin 62: 58 277 267 68 190 498 440 
Bin 63: 82 234 161 464 426 454 
Bin 64: 497 477 478 242 467 
Bin 65: 495 268 270 473 419 286 
Bin 66: 323 246 370 444 319 238 329 
Bin 67: 250 431 97 315 57 8 157 
Bin 68: 63 239 218 470 193 367 
Bin 69: 51 362 412 318 166 88 
Bin 70: 404 65 349 390 338 
Bin 71: 167 374 138 32 47 170 20 
Bin 72: 207 186 222 209 442 
Bin 73: 154 48 499 305 64 
Bin 74: 253 369 468 281 379 5 129 
Bin 75: 320 491 36 372 228 156 
Bin 76: 328 438 24 469 312 274 
Bin 77: 381 221 260 189 279 
