# Objective: 39
# Time: 10.7789
# Feasible: 1
# Solution:
Bin 0: 208 42 197 81 227 162 220 
Bin 1: 85 167 127 14 99 108 121 165 
Bin 2: 164 28 60 210 148 139 68 
Bin 3: 211 247 51 110 7 57 206 
Bin 4: 230 218 152 19 66 187 
Bin 5: 244 101 65 245 176 
Bin 6: 26 59 228 196 25 155 93 143 
Bin 7: 22 132 200 171 114 90 
Bin 8: 96 117 166 11 15 58 45 49 
Bin 9: 241 17 130 64 67 
Bin 10: 83 246 6 29 78 97 
Bin 11: 231 107 20 189 175 84 24 
Bin 12: 82 158 172 237 180 40 87 184 
Bin 13: 129 173 100 72 79 109 207 
Bin 14: 62 95 73 147 89 229 
Bin 15: 10 55 50 86 193 4 168 
Bin 16: 188 205 182 102 138 116 
Bin 17: 235 52 186 94 219 54 
Bin 18: 63 239 243 151 133 179 202 
Bin 19: 69 194 21 33 191 190 115 
Bin 20: 18 41 23 71 38 56 118 
Bin 21: 234 214 80 122 135 32 
Bin 22: 144 174 170 141 8 199 
Bin 23: 240 0 3 195 223 39 92 
Bin 24: 2 249 103 204 192 225 159 
Bin 25: 46 149 112 242 131 233 
Bin 26: 123 124 169 212 75 216 
Bin 27: 134 31 156 226 142 34 157 
Bin 28: 70 5 98 203 236 126 248 
Bin 29: 209 106 222 136 30 9 
Bin 30: 146 105 201 137 120 47 
Bin 31: 160 37 217 16 161 163 
Bin 32: 13 140 125 74 44 35 
Bin 33: 178 185 119 111 224 183 
Bin 34: 91 36 215 53 213 43 
Bin 35: 154 27 104 145 12 61 
Bin 36: 232 113 181 1 150 
Bin 37: 153 48 76 177 238 
Bin 38: 88 198 221 77 128 
