# Objective: 22
# Time: 4.23099
# Feasible: 1
# Solution:
Bin 0: 57 114 5 83 102 
Bin 1: 92 97 112 22 2 
Bin 2: 8 88 113 26 7 96 
Bin 3: 76 103 4 44 34 
Bin 4: 39 90 95 107 38 
Bin 5: 68 66 74 46 80 111 41 
Bin 6: 19 52 37 25 31 55 
Bin 7: 71 23 73 36 89 40 
Bin 8: 54 9 93 27 
Bin 9: 99 91 110 43 84 82 
Bin 10: 118 48 72 50 20 53 
Bin 11: 28 33 67 78 100 
Bin 12: 56 6 1 21 106 62 42 
Bin 13: 65 70 32 59 86 
Bin 14: 14 0 81 117 35 
Bin 15: 105 64 16 30 115 49 
Bin 16: 12 69 45 15 63 85 
Bin 17: 94 11 47 51 79 
Bin 18: 58 60 109 87 104 101 
Bin 19: 29 10 108 18 116 
Bin 20: 24 98 17 119 
Bin 21: 3 61 13 77 75 
