# Objective: 199
# Time: 1683.71
# Feasible: 1
# Solution:
Bin 0: 343 174 882 231 531 947 
Bin 1: 858 514 116 126 496 272 
Bin 2: 346 762 83 32 523 
Bin 3: 364 547 433 846 90 295 
Bin 4: 976 614 836 884 
Bin 5: 530 609 303 713 101 46 
Bin 6: 937 541 119 969 944 987 
Bin 7: 181 170 782 220 694 
Bin 8: 769 357 481 565 780 790 
Bin 9: 469 133 563 754 963 
Bin 10: 951 575 238 738 267 
Bin 11: 8 686 287 667 437 
Bin 12: 919 761 211 727 365 
Bin 13: 278 58 43 104 890 859 
Bin 14: 498 897 519 968 115 118 
Bin 15: 207 288 468 619 396 
Bin 16: 611 705 587 36 941 
Bin 17: 384 910 265 863 217 
Bin 18: 860 503 545 283 721 
Bin 19: 817 888 929 453 152 940 
Bin 20: 745 338 372 922 408 
Bin 21: 900 387 334 447 262 668 
Bin 22: 515 259 805 678 302 
Bin 23: 865 491 812 255 524 685 
Bin 24: 348 243 936 692 943 130 
Bin 25: 534 962 246 712 153 
Bin 26: 329 375 566 915 322 
Bin 27: 638 553 775 399 123 
Bin 28: 31 823 4 504 571 
Bin 29: 558 696 741 54 732 
Bin 30: 935 998 918 477 414 
Bin 31: 149 355 603 942 584 
Bin 32: 25 570 38 325 913 602 
Bin 33: 538 702 121 730 210 458 
Bin 34: 588 306 854 795 725 
Bin 35: 610 193 706 381 624 
Bin 36: 17 869 977 996 345 
Bin 37: 737 362 656 682 747 740 
Bin 38: 632 256 27 143 412 191 
Bin 39: 642 45 215 467 
Bin 40: 223 844 400 341 277 714 999 
Bin 41: 995 883 637 439 931 
Bin 42: 760 916 718 55 14 896 
Bin 43: 423 263 703 843 582 905 
Bin 44: 622 989 94 274 62 
Bin 45: 168 788 260 819 573 244 
Bin 46: 18 723 166 105 98 
Bin 47: 305 988 499 719 67 
Bin 48: 56 821 285 880 394 
Bin 49: 100 641 395 226 
Bin 50: 891 450 666 65 489 85 
Bin 51: 645 428 95 300 176 
Bin 52: 129 178 398 683 451 
Bin 53: 758 800 273 234 948 680 
Bin 54: 13 548 572 389 635 711 
Bin 55: 559 96 698 454 70 
Bin 56: 311 981 298 219 146 
Bin 57: 472 321 906 88 19 7 
Bin 58: 99 688 275 
Bin 59: 72 778 914 35 516 
Bin 60: 351 257 250 350 221 
Bin 61: 427 42 734 970 878 578 
Bin 62: 390 608 978 569 354 
Bin 63: 163 772 233 841 371 855 
Bin 64: 899 874 366 612 781 369 
Bin 65: 137 134 850 324 74 923 
Bin 66: 828 360 185 932 539 
Bin 67: 886 921 868 643 596 
Bin 68: 671 839 597 135 286 44 
Bin 69: 113 492 485 654 160 
Bin 70: 881 63 627 198 22 
Bin 71: 199 107 856 144 84 
Bin 72: 495 473 240 457 92 
Bin 73: 568 967 691 807 729 750 
Bin 74: 373 623 616 270 
Bin 75: 690 835 945 
Bin 76: 421 620 924 194 
Bin 77: 801 293 28 292 704 
Bin 78: 289 21 455 49 230 
Bin 79: 701 232 156 872 
Bin 80: 885 347 845 693 284 
Bin 81: 186 380 964 767 662 
Bin 82: 407 124 466 310 3 
Bin 83: 864 527 517 518 792 
Bin 84: 589 972 413 648 798 946 
Bin 85: 465 340 591 405 742 169 
Bin 86: 326 934 385 212 73 
Bin 87: 252 895 164 106 757 
Bin 88: 840 811 236 33 383 268 
Bin 89: 803 229 237 195 336 
Bin 90: 208 462 24 655 417 
Bin 91: 251 567 876 980 830 
Bin 92: 20 804 593 332 797 
Bin 93: 125 574 225 78 388 
Bin 94: 81 320 500 449 382 
Bin 95: 625 308 606 444 917 
Bin 96: 607 849 630 276 440 
Bin 97: 722 851 716 715 202 
Bin 98: 69 746 75 53 370 377 
Bin 99: 297 335 397 356 661 
Bin 100: 480 313 290 175 430 950 
Bin 101: 755 487 909 709 66 
Bin 102: 556 241 508 862 550 
Bin 103: 102 374 459 650 873 
Bin 104: 37 966 672 699 114 
Bin 105: 179 676 171 2 779 
Bin 106: 93 128 110 675 182 
Bin 107: 629 766 806 731 57 
Bin 108: 378 80 420 479 47 
Bin 109: 299 61 659 796 331 
Bin 110: 506 903 674 315 271 
Bin 111: 581 441 333 594 552 
Bin 112: 264 785 653 159 189 794 
Bin 113: 733 928 484 509 312 
Bin 114: 162 664 30 349 911 
Bin 115: 213 752 103 522 376 949 
Bin 116: 592 763 488 599 79 
Bin 117: 789 825 5 939 87 
Bin 118: 216 808 826 402 809 141 
Bin 119: 551 651 120 634 644 728 
Bin 120: 617 344 258 187 649 907 
Bin 121: 815 392 912 756 813 154 
Bin 122: 604 679 327 150 442 
Bin 123: 419 986 902 786 520 
Bin 124: 511 726 435 990 
Bin 125: 827 561 533 50 879 
Bin 126: 112 425 613 248 507 
Bin 127: 560 510 196 601 245 
Bin 128: 652 753 861 172 151 
Bin 129: 875 920 824 764 353 
Bin 130: 640 132 535 9 720 
Bin 131: 512 776 475 831 562 
Bin 132: 157 474 406 521 600 
Bin 133: 689 743 448 700 557 
Bin 134: 77 145 316 748 224 
Bin 135: 147 304 768 249 579 
Bin 136: 422 770 834 646 401 
Bin 137: 247 542 330 41 
Bin 138: 739 91 291 982 
Bin 139: 443 791 403 142 482 
Bin 140: 628 452 227 793 60 
Bin 141: 707 6 
Bin 142: 470 735 180 543 490 
Bin 143: 486 992 192 266 985 
Bin 144: 197 239 670 993 281 
Bin 145: 901 432 583 97 456 
Bin 146: 319 957 633 853 783 
Bin 147: 222 253 590 228 460 279 
Bin 148: 814 894 261 
Bin 149: 254 665 955 464 359 
Bin 150: 40 820 23 314 502 
Bin 151: 505 842 131 710 183 
Bin 152: 765 585 409 857 751 673 
Bin 153: 379 431 631 269 771 
Bin 154: 51 838 736 975 161 
Bin 155: 887 167 802 892 889 
Bin 156: 837 108 618 564 318 
Bin 157: 528 636 89 446 68 
Bin 158: 717 997 52 546 48 
Bin 159: 294 833 201 127 697 
Bin 160: 984 148 415 852 309 
Bin 161: 925 323 959 76 832 
Bin 162: 117 214 663 34 
Bin 163: 979 974 200 463 
Bin 164: 363 122 537 155 577 
Bin 165: 367 787 958 206 
Bin 166: 71 867 822 188 
Bin 167: 111 708 11 829 870 847 
Bin 168: 393 483 296 493 994 
Bin 169: 242 526 818 339 361 681 
Bin 170: 724 404 418 352 
Bin 171: 445 16 82 799 658 580 
Bin 172: 424 471 586 961 138 
Bin 173: 926 991 971 1 282 
Bin 174: 478 540 549 866 893 
Bin 175: 513 328 136 956 501 
Bin 176: 639 438 39 647 497 
Bin 177: 953 26 965 555 337 
Bin 178: 983 952 29 158 
Bin 179: 960 235 954 426 342 
Bin 180: 416 368 307 109 
Bin 181: 774 64 203 744 532 
Bin 182: 554 595 938 
Bin 183: 429 536 684 871 
Bin 184: 434 386 677 10 494 
Bin 185: 184 525 15 
Bin 186: 218 930 749 695 687 777 
Bin 187: 204 605 598 
Bin 188: 626 209 0 173 
Bin 189: 411 86 301 12 
Bin 190: 177 773 621 
Bin 191: 205 317 973 391 933 
Bin 192: 410 190 165 280 
Bin 193: 576 544 140 
Bin 194: 615 669 816 59 904 898 
Bin 195: 810 476 436 848 
Bin 196: 877 139 358 461 
Bin 197: 660 759 784 
Bin 198: 927 529 908 657 
