# Objective: 38
# Time: 5.54143
# Feasible: 1
# Solution:
Bin 0: 183 136 9 230 208 228 134 
Bin 1: 179 110 241 185 242 45 
Bin 2: 215 224 223 11 176 163 
Bin 3: 192 14 246 131 114 3 158 
Bin 4: 130 190 159 226 212 99 78 
Bin 5: 105 77 206 0 139 219 132 
Bin 6: 92 18 141 81 166 
Bin 7: 180 115 93 171 71 140 
Bin 8: 182 72 148 249 221 123 167 
Bin 9: 61 128 135 67 240 198 103 38 
Bin 10: 232 24 222 32 162 43 213 197 
Bin 11: 97 238 245 33 235 237 127 
Bin 12: 248 194 153 129 108 66 41 
Bin 13: 172 75 56 161 247 
Bin 14: 191 199 181 236 36 31 73 
Bin 15: 144 150 165 104 16 63 49 68 
Bin 16: 106 147 193 102 29 94 69 46 
Bin 17: 30 195 109 47 85 19 
Bin 18: 133 12 88 44 76 83 
Bin 19: 225 80 25 137 39 65 101 
Bin 20: 204 170 142 211 174 152 
Bin 21: 95 7 210 168 169 40 
Bin 22: 59 79 186 62 91 13 118 
Bin 23: 229 52 149 82 201 121 10 
Bin 24: 216 100 243 220 87 218 202 
Bin 25: 21 189 84 125 70 234 
Bin 26: 205 23 184 175 107 55 53 
Bin 27: 203 124 146 138 6 8 
Bin 28: 27 214 200 227 57 
Bin 29: 37 113 143 233 207 157 154 1 
Bin 30: 217 2 112 122 196 188 209 
Bin 31: 74 35 58 4 42 5 86 
Bin 32: 155 17 98 89 239 126 
Bin 33: 111 116 145 22 156 
Bin 34: 64 20 48 26 160 54 
Bin 35: 173 50 51 120 151 90 178 
Bin 36: 244 96 187 60 34 177 119 
Bin 37: 15 117 164 231 28 
