# Objective: 155
# Time: 346.388
# Feasible: 1
# Solution:
Bin 0: 426 728 269 931 917 309 
Bin 1: 144 78 244 235 371 447 847 850 29 
Bin 2: 138 653 336 932 611 543 
Bin 3: 726 672 578 596 654 755 
Bin 4: 268 242 316 95 27 58 744 
Bin 5: 362 494 802 588 84 333 149 
Bin 6: 963 5 946 957 706 939 
Bin 7: 840 587 930 868 843 238 
Bin 8: 120 206 854 679 439 785 
Bin 9: 566 960 632 430 595 256 713 
Bin 10: 311 824 758 756 579 331 795 
Bin 11: 91 459 187 737 603 376 476 
Bin 12: 673 164 10 880 685 490 736 624 
Bin 13: 898 422 421 320 109 979 662 
Bin 14: 355 196 474 307 887 
Bin 15: 876 937 289 260 912 
Bin 16: 738 783 192 496 315 638 290 286 
Bin 17: 427 369 412 46 353 695 807 
Bin 18: 989 437 57 345 233 
Bin 19: 328 817 36 985 872 103 
Bin 20: 463 956 621 536 832 787 101 
Bin 21: 398 239 770 504 420 657 
Bin 22: 378 455 492 243 116 348 306 
Bin 23: 628 62 253 928 131 746 873 897 166 108 
Bin 24: 399 157 769 160 678 814 
Bin 25: 523 506 546 839 7 162 972 639 
Bin 26: 529 372 890 152 631 910 589 
Bin 27: 925 735 503 245 842 555 382 
Bin 28: 658 313 691 49 266 83 725 55 
Bin 29: 222 703 641 119 383 801 
Bin 30: 629 285 938 403 418 558 920 
Bin 31: 757 613 143 766 113 889 
Bin 32: 528 554 666 819 651 582 
Bin 33: 337 467 742 619 656 500 
Bin 34: 745 682 432 955 895 519 865 
Bin 35: 480 593 825 884 381 962 
Bin 36: 466 461 72 782 608 52 
Bin 37: 940 165 721 833 809 752 132 
Bin 38: 670 590 712 449 552 969 892 
Bin 39: 163 763 173 135 413 130 751 4 
Bin 40: 442 614 484 441 69 634 272 
Bin 41: 563 869 189 999 844 740 959 
Bin 42: 688 867 720 1 31 216 
Bin 43: 236 220 424 936 699 387 350 870 67 
Bin 44: 577 729 977 453 495 451 477 788 
Bin 45: 125 520 312 497 13 813 330 42 
Bin 46: 396 687 259 539 96 20 
Bin 47: 215 50 298 550 697 
Bin 48: 838 408 510 646 167 205 
Bin 49: 837 342 749 182 450 664 374 
Bin 50: 155 402 61 768 534 488 501 92 
Bin 51: 623 618 993 66 606 140 
Bin 52: 511 600 19 85 798 363 428 
Bin 53: 107 34 80 987 568 
Bin 54: 981 581 498 23 71 846 
Bin 55: 715 604 172 903 384 747 443 
Bin 56: 576 665 885 535 630 575 
Bin 57: 805 100 137 904 25 201 303 21 
Bin 58: 207 718 329 773 375 586 68 
Bin 59: 40 934 705 308 483 856 323 
Bin 60: 513 63 994 941 386 
Bin 61: 229 343 538 305 300 826 
Bin 62: 561 858 16 812 30 406 141 
Bin 63: 617 598 257 416 468 649 
Bin 64: 111 86 557 2 857 
Bin 65: 635 471 527 287 219 277 
Bin 66: 908 221 435 327 434 299 
Bin 67: 585 992 9 237 181 902 38 469 
Bin 68: 790 689 674 487 255 
Bin 69: 684 191 950 54 926 438 288 
Bin 70: 592 98 360 8 894 
Bin 71: 168 105 711 122 610 364 700 
Bin 72: 660 716 123 271 980 275 
Bin 73: 485 627 262 804 594 82 727 47 
Bin 74: 647 514 385 405 349 90 
Bin 75: 121 302 544 990 391 818 525 
Bin 76: 954 209 184 811 397 540 
Bin 77: 549 458 276 899 567 26 489 
Bin 78: 750 228 877 762 724 
Bin 79: 351 365 719 642 984 893 
Bin 80: 97 247 195 620 741 924 273 481 
Bin 81: 644 704 18 789 99 764 
Bin 82: 512 59 370 258 223 836 
Bin 83: 794 94 367 841 831 949 
Bin 84: 249 126 906 292 964 
Bin 85: 714 401 571 352 772 911 
Bin 86: 73 710 976 774 332 545 945 761 584 
Bin 87: 696 457 117 335 791 232 570 
Bin 88: 472 106 669 32 564 
Bin 89: 668 81 675 175 915 433 967 
Bin 90: 265 671 849 380 462 
Bin 91: 118 177 128 597 89 708 
Bin 92: 366 655 112 179 760 
Bin 93: 17 429 723 828 425 622 
Bin 94: 683 616 986 863 800 231 648 
Bin 95: 909 37 765 104 515 916 
Bin 96: 609 502 780 3 874 650 
Bin 97: 295 274 314 919 185 180 
Bin 98: 145 973 341 935 251 776 475 
Bin 99: 197 114 978 698 361 
Bin 100: 456 667 717 797 51 263 178 524 
Bin 101: 793 891 200 982 478 301 317 
Bin 102: 208 900 918 473 777 
Bin 103: 310 454 601 154 754 537 188 542 626 
Bin 104: 356 998 102 676 739 734 411 
Bin 105: 748 743 460 53 264 771 
Bin 106: 952 134 572 388 400 848 
Bin 107: 282 565 147 28 198 991 224 
Bin 108: 148 896 415 151 862 709 574 
Bin 109: 942 150 569 882 153 291 921 517 
Bin 110: 70 410 516 234 974 142 
Bin 111: 852 835 218 296 279 261 246 
Bin 112: 75 866 556 995 521 393 35 
Bin 113: 997 87 43 319 637 732 
Bin 114: 533 431 968 551 139 591 881 373 
Bin 115: 183 214 230 733 943 799 
Bin 116: 127 389 816 202 354 753 827 677 
Bin 117: 324 394 322 507 864 304 
Bin 118: 509 636 217 652 377 77 
Bin 119: 681 278 414 56 953 786 532 
Bin 120: 193 6 810 553 14 60 784 
Bin 121: 470 821 203 878 530 338 
Bin 122: 779 958 284 913 815 508 357 
Bin 123: 730 983 213 944 404 482 
Bin 124: 409 248 326 853 518 971 0 
Bin 125: 24 159 970 325 888 465 
Bin 126: 359 440 759 859 12 929 176 
Bin 127: 820 731 270 707 599 379 
Bin 128: 792 692 283 293 961 830 
Bin 129: 778 346 79 548 448 879 
Bin 130: 645 190 988 951 875 
Bin 131: 834 541 927 808 948 966 505 
Bin 132: 392 339 170 156 602 227 
Bin 133: 975 573 74 419 615 871 
Bin 134: 686 194 158 965 933 240 210 
Bin 135: 115 344 446 905 643 
Bin 136: 226 775 64 493 294 445 110 
Bin 137: 407 781 486 199 860 368 
Bin 138: 395 531 41 901 661 171 
Bin 139: 803 174 334 423 829 
Bin 140: 914 133 136 22 241 693 
Bin 141: 340 767 560 33 559 161 663 
Bin 142: 254 186 390 694 45 722 
Bin 143: 851 225 886 250 347 
Bin 144: 547 680 633 48 212 321 907 
Bin 145: 845 526 701 806 211 580 
Bin 146: 436 499 318 605 607 522 
Bin 147: 464 204 996 15 947 612 
Bin 148: 640 922 562 88 444 
Bin 149: 855 702 44 124 452 281 
Bin 150: 93 76 823 491 280 169 
Bin 151: 11 129 583 252 883 
Bin 152: 267 796 417 659 146 
Bin 153: 65 39 822 625 358 
Bin 154: 479 861 923 690 297 
