# Objective: 37
# Time: 12.0726
# Feasible: 1
# Solution:
Bin 0: 23 20 90 153 166 243 122 192 
Bin 1: 181 234 45 130 118 87 
Bin 2: 248 60 165 144 138 208 103 
Bin 3: 0 49 182 48 175 226 132 221 
Bin 4: 92 152 158 215 203 216 200 
Bin 5: 95 245 170 231 233 183 249 
Bin 6: 77 228 36 143 218 115 
Bin 7: 19 222 26 204 59 205 
Bin 8: 178 47 199 51 88 104 13 171 214 
Bin 9: 96 10 148 131 30 213 12 
Bin 10: 70 184 197 238 33 79 100 15 
Bin 11: 185 7 11 135 189 212 240 
Bin 12: 54 202 68 6 120 155 
Bin 13: 73 209 63 42 194 151 2 
Bin 14: 173 16 157 139 86 46 101 
Bin 15: 121 237 201 149 239 93 211 188 
Bin 16: 113 99 22 85 210 227 25 
Bin 17: 174 116 177 50 39 196 
Bin 18: 97 52 74 1 162 
Bin 19: 195 145 137 229 107 217 
Bin 20: 78 223 4 140 224 127 230 
Bin 21: 5 40 142 187 3 43 193 
Bin 22: 235 156 134 220 66 67 91 8 
Bin 23: 179 108 247 110 37 141 
Bin 24: 123 41 102 17 129 29 83 
Bin 25: 246 61 207 242 14 84 80 
Bin 26: 119 147 38 27 69 
Bin 27: 125 163 225 24 76 164 241 109 21 
Bin 28: 114 28 44 150 82 98 190 105 
Bin 29: 35 172 160 232 169 154 81 
Bin 30: 167 72 206 71 168 
Bin 31: 126 198 89 106 186 124 
Bin 32: 65 18 219 64 56 159 
Bin 33: 57 133 191 244 55 
Bin 34: 58 117 53 31 128 112 
Bin 35: 32 34 161 94 111 75 146 
Bin 36: 176 136 62 180 9 236 
