# Objective: 37
# Time: 5.38622
# Feasible: 1
# Solution:
Bin 0: 187 34 124 46 96 143 199 194 
Bin 1: 119 192 84 170 101 230 
Bin 2: 140 94 109 20 12 42 236 
Bin 3: 2 48 159 54 152 91 17 
Bin 4: 144 193 35 57 239 131 122 
Bin 5: 196 197 213 148 237 214 201 
Bin 6: 95 74 115 63 78 222 
Bin 7: 178 156 49 191 212 208 242 
Bin 8: 241 85 176 204 141 103 
Bin 9: 111 40 180 58 184 200 
Bin 10: 130 228 82 81 61 136 105 244 198 
Bin 11: 117 102 168 51 174 32 86 83 186 
Bin 12: 118 227 36 106 104 
Bin 13: 247 139 38 249 66 108 26 
Bin 14: 19 132 146 52 30 175 234 
Bin 15: 25 128 248 157 210 123 116 
Bin 16: 93 134 207 217 75 100 215 233 223 
Bin 17: 55 50 225 107 137 70 47 
Bin 18: 220 142 114 151 232 147 
Bin 19: 23 188 149 219 24 182 
Bin 20: 43 162 203 120 1 29 126 
Bin 21: 5 80 165 129 65 202 150 185 
Bin 22: 235 22 67 72 155 92 154 79 
Bin 23: 246 171 179 68 59 160 98 
Bin 24: 90 10 3 27 0 153 133 
Bin 25: 76 240 87 181 6 206 138 
Bin 26: 64 127 125 135 56 21 112 
Bin 27: 211 169 189 110 167 41 
Bin 28: 173 13 15 97 205 161 172 
Bin 29: 53 4 39 121 9 195 
Bin 30: 77 45 71 33 88 190 
Bin 31: 31 183 18 238 164 28 
Bin 32: 113 218 177 60 243 166 
Bin 33: 224 226 14 221 73 7 
Bin 34: 44 89 11 216 37 16 145 
Bin 35: 163 158 69 8 209 
Bin 36: 229 245 99 231 62 
