# Objective: 22
# Time: 4.48287
# Feasible: 1
# Solution:
Bin 0: 93 71 106 36 40 47 
Bin 1: 97 53 116 79 9 95 100 
Bin 2: 15 48 4 18 57 23 75 
Bin 3: 5 44 38 27 30 16 
Bin 4: 96 63 51 91 87 41 
Bin 5: 7 64 66 62 50 101 
Bin 6: 56 61 89 88 90 
Bin 7: 46 74 86 82 39 65 
Bin 8: 76 33 111 58 42 103 
Bin 9: 32 69 43 83 70 37 
Bin 10: 104 80 11 118 
Bin 11: 20 1 78 21 3 
Bin 12: 45 54 85 67 99 52 
Bin 13: 114 115 92 117 24 49 
Bin 14: 77 98 13 19 35 22 
Bin 15: 81 109 112 102 110 31 
Bin 16: 94 107 0 28 105 
Bin 17: 84 26 6 72 
Bin 18: 113 12 2 73 60 
Bin 19: 108 10 17 34 
Bin 20: 119 14 29 68 
Bin 21: 59 25 8 55 
