# Objective: 157
# Time: 335.13
# Feasible: 1
# Solution:
Bin 0: 355 720 100 953 660 912 
Bin 1: 256 102 584 186 819 161 
Bin 2: 755 927 274 454 8 520 175 
Bin 3: 670 879 869 785 841 874 113 
Bin 4: 872 649 515 799 277 
Bin 5: 52 568 433 232 994 548 
Bin 6: 392 995 163 804 421 592 
Bin 7: 434 246 779 139 326 524 798 967 
Bin 8: 239 854 748 921 573 511 632 
Bin 9: 719 784 911 550 595 647 
Bin 10: 741 364 477 489 86 247 
Bin 11: 472 205 836 805 437 415 
Bin 12: 510 25 242 363 279 702 103 
Bin 13: 481 893 99 658 810 150 425 
Bin 14: 136 897 35 381 997 400 
Bin 15: 327 374 766 734 362 318 453 
Bin 16: 325 210 173 464 411 
Bin 17: 480 968 889 3 494 137 828 
Bin 18: 596 73 735 323 571 567 
Bin 19: 255 957 845 601 388 991 
Bin 20: 669 703 790 28 484 932 
Bin 21: 700 839 629 608 630 64 67 491 
Bin 22: 16 759 908 851 354 541 580 
Bin 23: 678 942 835 10 871 419 70 
Bin 24: 23 740 468 187 876 979 
Bin 25: 432 988 311 298 224 987 119 
Bin 26: 319 554 615 831 752 663 727 
Bin 27: 690 169 933 394 888 689 
Bin 28: 519 202 216 500 402 125 96 451 
Bin 29: 823 43 285 925 941 880 160 
Bin 30: 269 324 211 920 288 812 
Bin 31: 417 6 792 258 307 543 
Bin 32: 706 237 757 359 667 369 61 
Bin 33: 123 934 913 935 270 780 435 770 
Bin 34: 775 195 642 401 958 149 74 562 
Bin 35: 801 627 521 907 146 448 89 794 
Bin 36: 282 750 338 582 233 93 899 
Bin 37: 217 170 134 552 471 996 677 
Bin 38: 542 51 486 429 287 813 758 
Bin 39: 695 530 588 943 305 624 56 
Bin 40: 328 998 718 937 846 444 499 
Bin 41: 818 21 539 81 788 688 
Bin 42: 993 271 190 975 646 501 
Bin 43: 619 837 864 498 220 44 549 
Bin 44: 651 730 533 884 787 575 427 
Bin 45: 887 817 597 528 976 177 
Bin 46: 9 492 27 965 970 737 
Bin 47: 373 314 698 12 15 111 
Bin 48: 922 335 404 820 536 7 303 
Bin 49: 707 34 399 936 280 143 
Bin 50: 894 902 691 509 656 152 
Bin 51: 705 142 919 299 916 701 671 
Bin 52: 309 493 387 961 772 977 
Bin 53: 952 959 219 940 739 944 
Bin 54: 885 882 450 617 723 859 
Bin 55: 751 63 62 684 848 948 209 
Bin 56: 185 668 424 244 235 795 69 
Bin 57: 236 955 339 272 743 455 37 
Bin 58: 861 867 982 17 47 517 286 
Bin 59: 176 29 821 901 605 264 
Bin 60: 756 140 644 564 122 681 572 
Bin 61: 365 625 556 445 344 151 418 132 
Bin 62: 561 914 570 666 704 928 
Bin 63: 154 905 522 20 683 636 
Bin 64: 18 375 733 924 551 808 
Bin 65: 291 890 196 19 930 267 227 
Bin 66: 527 478 79 207 391 926 986 
Bin 67: 581 310 641 827 490 398 833 
Bin 68: 697 529 579 676 115 736 891 
Bin 69: 55 849 865 465 947 675 
Bin 70: 749 753 746 76 230 694 
Bin 71: 917 832 231 576 868 535 
Bin 72: 183 82 213 776 654 512 900 
Bin 73: 638 259 423 31 117 628 
Bin 74: 566 336 611 531 708 180 
Bin 75: 106 974 687 329 229 496 
Bin 76: 120 938 446 254 290 168 
Bin 77: 614 883 313 738 145 652 153 
Bin 78: 331 665 896 514 939 166 379 
Bin 79: 199 11 131 923 361 577 
Bin 80: 822 198 782 24 116 370 
Bin 81: 212 68 343 13 171 546 30 
Bin 82: 395 40 226 181 4 5 462 
Bin 83: 513 778 898 108 358 877 
Bin 84: 591 504 179 622 135 600 
Bin 85: 292 565 598 442 516 
Bin 86: 49 777 824 54 602 747 
Bin 87: 523 800 215 457 71 240 184 349 
Bin 88: 878 50 459 45 811 508 
Bin 89: 366 80 544 304 505 
Bin 90: 692 112 834 59 414 164 875 
Bin 91: 765 725 964 295 182 534 
Bin 92: 612 297 609 189 193 803 206 
Bin 93: 72 340 321 283 892 124 655 771 
Bin 94: 218 950 308 838 754 377 422 
Bin 95: 497 470 141 467 886 797 
Bin 96: 773 250 249 138 714 
Bin 97: 769 165 188 342 781 637 376 
Bin 98: 223 729 999 129 713 918 
Bin 99: 260 83 431 296 842 412 
Bin 100: 441 194 351 783 488 261 368 
Bin 101: 802 221 88 857 32 525 
Bin 102: 680 895 449 382 320 
Bin 103: 685 409 843 578 91 
Bin 104: 334 85 410 293 711 853 
Bin 105: 127 192 405 679 990 101 716 
Bin 106: 294 653 456 201 284 245 545 
Bin 107: 157 589 443 482 371 94 
Bin 108: 793 485 569 159 650 
Bin 109: 479 862 92 466 357 661 407 
Bin 110: 204 731 130 951 238 724 228 
Bin 111: 789 767 312 989 316 972 786 46 
Bin 112: 322 248 631 815 95 866 
Bin 113: 715 657 593 473 156 721 
Bin 114: 586 686 583 966 954 931 
Bin 115: 262 234 978 265 635 144 
Bin 116: 526 495 87 174 483 763 
Bin 117: 243 726 158 197 847 946 
Bin 118: 353 469 332 760 406 559 
Bin 119: 346 26 563 341 830 699 
Bin 120: 945 39 48 0 929 909 560 
Bin 121: 447 77 330 84 621 814 97 
Bin 122: 356 873 2 276 606 
Bin 123: 257 969 128 78 742 816 745 
Bin 124: 870 109 214 118 910 147 659 
Bin 125: 728 906 623 791 555 648 809 
Bin 126: 114 626 60 547 420 844 
Bin 127: 393 881 225 403 384 408 
Bin 128: 162 829 268 172 826 348 
Bin 129: 1 289 14 58 302 553 
Bin 130: 613 104 278 717 75 301 372 
Bin 131: 42 461 672 107 594 983 57 
Bin 132: 360 90 476 806 618 960 
Bin 133: 981 121 610 251 383 693 506 
Bin 134: 345 807 585 300 712 167 
Bin 135: 590 645 858 985 367 
Bin 136: 148 860 65 380 963 507 
Bin 137: 599 203 333 620 537 440 855 
Bin 138: 378 768 66 350 980 607 
Bin 139: 252 439 474 337 41 673 
Bin 140: 396 110 662 306 557 710 
Bin 141: 538 487 796 682 856 
Bin 142: 352 36 640 436 540 761 
Bin 143: 33 273 452 639 956 
Bin 144: 696 263 463 191 208 574 762 
Bin 145: 385 949 634 389 390 664 
Bin 146: 587 732 532 722 347 904 
Bin 147: 825 22 850 155 458 275 
Bin 148: 503 643 992 460 962 616 
Bin 149: 915 105 98 502 38 518 
Bin 150: 558 674 744 253 53 
Bin 151: 903 386 971 852 178 126 
Bin 152: 438 281 416 774 840 764 
Bin 153: 317 475 241 973 413 604 
Bin 154: 984 603 426 133 633 
Bin 155: 863 709 315 430 200 
Bin 156: 428 397 266 222 
