# Objective: 151
# Time: 289.16
# Feasible: 1
# Solution:
Bin 0: 290 545 156 886 940 279 144 862 
Bin 1: 200 953 622 866 126 95 58 
Bin 2: 469 304 896 374 570 464 
Bin 3: 427 653 237 441 723 44 867 109 684 
Bin 4: 401 724 349 170 204 108 954 
Bin 5: 90 710 774 198 122 432 797 9 
Bin 6: 868 630 238 619 393 382 878 210 
Bin 7: 386 465 773 147 832 145 16 
Bin 8: 844 476 484 218 735 262 143 121 
Bin 9: 747 372 27 433 455 184 468 
Bin 10: 960 528 577 500 87 917 22 869 
Bin 11: 342 381 660 839 525 150 
Bin 12: 904 252 770 324 542 598 321 
Bin 13: 627 905 153 785 640 67 52 
Bin 14: 208 473 516 277 414 113 938 
Bin 15: 941 178 729 295 562 56 769 727 
Bin 16: 571 686 540 667 616 65 
Bin 17: 856 927 676 620 821 229 
Bin 18: 689 559 670 42 409 151 120 160 410 
Bin 19: 944 888 205 223 34 
Bin 20: 657 117 219 813 182 371 169 387 17 
Bin 21: 114 453 353 220 47 
Bin 22: 406 895 736 328 674 572 332 
Bin 23: 475 467 983 518 186 789 320 569 549 
Bin 24: 732 25 645 538 984 146 591 691 
Bin 25: 840 282 233 649 699 802 873 83 
Bin 26: 171 329 88 597 737 62 
Bin 27: 334 173 730 26 547 513 535 
Bin 28: 959 680 861 567 913 948 128 
Bin 29: 952 791 281 669 565 853 
Bin 30: 404 5 412 671 69 454 
Bin 31: 224 923 947 21 257 245 384 692 846 
Bin 32: 646 694 61 672 776 780 693 
Bin 33: 733 683 269 656 296 530 
Bin 34: 921 725 768 899 629 59 
Bin 35: 717 971 270 389 659 801 101 
Bin 36: 474 493 851 316 925 
Bin 37: 124 987 336 497 450 988 715 
Bin 38: 258 711 51 314 993 582 64 501 
Bin 39: 705 695 764 857 512 
Bin 40: 367 451 527 749 911 172 
Bin 41: 197 187 607 955 447 241 471 
Bin 42: 514 908 920 748 742 226 
Bin 43: 417 583 580 532 142 289 
Bin 44: 73 129 240 623 313 767 741 
Bin 45: 261 369 592 602 722 713 139 
Bin 46: 906 341 932 81 244 356 663 863 
Bin 47: 498 994 246 222 309 286 300 
Bin 48: 599 714 505 340 423 133 721 558 
Bin 49: 78 548 509 470 159 185 864 998 
Bin 50: 885 20 834 53 855 553 18 
Bin 51: 251 787 217 771 242 910 564 
Bin 52: 969 166 92 461 57 434 
Bin 53: 668 647 951 477 842 777 825 
Bin 54: 214 162 999 363 149 682 338 
Bin 55: 278 112 207 331 54 975 
Bin 56: 155 919 808 348 397 
Bin 57: 45 604 997 377 956 273 843 
Bin 58: 343 812 378 939 318 337 519 
Bin 59: 967 596 688 421 494 181 299 
Bin 60: 847 534 486 829 879 914 740 
Bin 61: 930 614 814 563 968 884 824 
Bin 62: 506 633 980 107 679 585 551 
Bin 63: 541 792 405 799 661 560 74 
Bin 64: 761 66 631 360 199 728 429 
Bin 65: 123 399 981 790 358 606 
Bin 66: 287 978 615 772 838 726 
Bin 67: 48 105 962 508 206 361 86 
Bin 68: 266 221 10 977 11 141 850 
Bin 69: 641 110 452 383 96 307 23 
Bin 70: 828 625 637 744 912 347 809 
Bin 71: 746 818 985 1 703 379 395 916 
Bin 72: 93 89 891 973 639 174 
Bin 73: 326 524 98 254 462 
Bin 74: 734 216 942 195 685 882 
Bin 75: 194 898 894 264 249 
Bin 76: 872 996 644 164 738 366 111 
Bin 77: 188 796 612 91 739 706 
Bin 78: 75 130 992 231 355 357 650 
Bin 79: 697 158 909 291 608 308 945 
Bin 80: 902 837 871 76 781 167 874 
Bin 81: 131 444 463 368 125 274 
Bin 82: 259 456 396 132 793 617 
Bin 83: 165 701 275 24 605 32 
Bin 84: 243 148 819 312 211 323 
Bin 85: 163 678 370 922 400 763 365 
Bin 86: 756 601 642 690 589 903 539 
Bin 87: 594 979 180 380 658 503 
Bin 88: 926 449 292 517 175 
Bin 89: 458 743 415 362 177 536 628 
Bin 90: 333 849 168 38 385 544 
Bin 91: 472 201 265 488 779 283 
Bin 92: 595 63 811 618 584 192 13 
Bin 93: 718 446 964 364 71 
Bin 94: 635 522 950 416 621 301 70 835 
Bin 95: 810 327 459 248 388 782 
Bin 96: 193 36 430 161 225 487 
Bin 97: 119 883 804 957 757 529 
Bin 98: 755 613 322 346 698 865 
Bin 99: 783 716 990 179 0 176 351 227 555 
Bin 100: 566 924 972 496 881 235 504 
Bin 101: 375 859 557 2 284 499 662 
Bin 102: 826 573 190 49 807 
Bin 103: 991 202 482 492 436 759 876 
Bin 104: 294 311 288 561 439 490 137 
Bin 105: 546 437 94 934 651 858 
Bin 106: 675 704 413 298 890 
Bin 107: 440 831 263 887 390 
Bin 108: 398 134 140 666 823 352 115 966 
Bin 109: 778 478 116 817 302 85 3 
Bin 110: 445 593 30 483 234 654 
Bin 111: 507 392 306 611 411 191 765 
Bin 112: 852 578 751 665 391 136 624 
Bin 113: 285 970 568 515 786 37 502 
Bin 114: 753 958 256 28 297 8 97 
Bin 115: 798 31 833 946 929 157 
Bin 116: 830 603 731 931 310 319 
Bin 117: 935 880 183 438 845 345 407 
Bin 118: 521 766 511 961 14 135 
Bin 119: 79 15 943 510 489 209 
Bin 120: 448 762 4 103 127 664 
Bin 121: 293 255 106 232 875 215 80 
Bin 122: 435 189 681 889 638 
Bin 123: 196 526 803 822 68 
Bin 124: 634 775 815 949 305 55 752 677 
Bin 125: 588 72 758 485 40 466 424 533 
Bin 126: 626 428 995 19 712 267 460 
Bin 127: 760 330 897 937 339 
Bin 128: 636 60 750 870 376 43 35 
Bin 129: 354 643 325 418 7 900 422 335 
Bin 130: 579 556 841 610 531 350 816 
Bin 131: 373 491 632 827 709 587 543 
Bin 132: 554 426 152 687 480 
Bin 133: 84 901 707 652 479 550 
Bin 134: 805 247 154 230 982 
Bin 135: 586 576 100 443 836 702 
Bin 136: 581 794 918 976 408 
Bin 137: 523 272 46 820 708 420 720 915 
Bin 138: 442 253 600 303 280 754 
Bin 139: 419 50 696 800 936 877 974 102 
Bin 140: 118 99 788 268 203 
Bin 141: 907 552 239 394 271 
Bin 142: 138 104 431 212 82 575 
Bin 143: 892 33 236 520 655 745 457 
Bin 144: 806 989 574 965 315 893 359 
Bin 145: 402 963 609 537 860 
Bin 146: 39 648 719 700 986 228 928 
Bin 147: 784 481 6 590 213 
Bin 148: 77 41 317 495 276 933 
Bin 149: 12 854 425 795 29 
Bin 150: 344 250 403 260 848 673 
