# Objective: 152
# Time: 360.664
# Feasible: 1
# Solution:
Bin 0: 76 318 557 816 882 936 446 942 
Bin 1: 875 302 300 271 457 121 
Bin 2: 818 85 504 289 165 838 181 125 
Bin 3: 135 983 589 742 21 39 974 
Bin 4: 433 25 668 664 685 186 
Bin 5: 786 146 373 791 254 858 
Bin 6: 447 694 37 539 68 954 
Bin 7: 286 57 449 546 570 
Bin 8: 820 463 763 690 743 523 997 
Bin 9: 242 645 156 327 174 722 
Bin 10: 765 247 353 351 641 829 870 
Bin 11: 940 994 67 267 920 503 716 961 
Bin 12: 278 494 59 210 608 
Bin 13: 976 842 4 153 172 356 80 
Bin 14: 828 925 213 479 844 279 265 
Bin 15: 801 291 34 119 761 126 
Bin 16: 894 639 729 969 757 139 
Bin 17: 889 995 157 129 240 
Bin 18: 524 488 709 528 499 978 
Bin 19: 191 740 847 478 863 55 
Bin 20: 800 953 707 640 163 695 283 636 
Bin 21: 681 769 490 413 951 486 774 
Bin 22: 43 459 36 605 943 719 
Bin 23: 884 272 821 361 702 845 545 
Bin 24: 252 851 966 218 780 755 970 
Bin 25: 384 527 673 330 442 852 
Bin 26: 739 661 563 284 693 310 
Bin 27: 8 714 197 143 653 747 
Bin 28: 926 643 377 223 987 543 
Bin 29: 60 627 618 444 109 35 902 
Bin 30: 134 917 993 750 833 344 
Bin 31: 782 1 655 895 606 991 537 950 
Bin 32: 226 558 72 118 316 663 
Bin 33: 95 855 56 777 631 
Bin 34: 13 947 453 106 903 929 472 
Bin 35: 793 532 452 896 41 370 
Bin 36: 348 534 652 802 111 301 
Bin 37: 461 518 968 568 549 736 871 
Bin 38: 790 928 198 815 16 11 303 438 
Bin 39: 700 474 519 805 592 836 233 
Bin 40: 262 209 354 270 586 535 587 
Bin 41: 440 907 692 407 808 410 481 
Bin 42: 394 187 797 168 697 500 347 553 
Bin 43: 217 306 429 834 196 20 
Bin 44: 29 45 921 634 42 319 738 684 959 
Bin 45: 355 275 0 687 331 28 
Bin 46: 914 938 711 230 133 577 
Bin 47: 602 285 764 312 927 671 
Bin 48: 224 238 419 876 86 88 268 
Bin 49: 624 169 389 260 990 71 
Bin 50: 274 599 158 905 22 127 65 540 
Bin 51: 975 294 835 720 120 514 19 434 
Bin 52: 810 295 809 854 617 798 362 784 
Bin 53: 183 859 7 723 102 665 323 
Bin 54: 311 853 766 788 110 465 
Bin 55: 376 382 320 792 924 144 510 
Bin 56: 630 785 395 222 734 399 
Bin 57: 551 491 654 443 87 398 
Bin 58: 451 913 569 533 321 15 
Bin 59: 484 422 372 573 890 282 
Bin 60: 717 131 556 245 614 448 
Bin 61: 985 93 794 256 878 49 
Bin 62: 471 162 365 277 105 827 
Bin 63: 705 564 52 525 840 414 69 515 
Bin 64: 406 775 84 177 517 107 214 
Bin 65: 340 375 937 607 288 795 350 
Bin 66: 383 579 492 659 580 3 632 417 
Bin 67: 149 290 601 957 849 547 47 609 
Bin 68: 885 728 883 992 593 967 
Bin 69: 536 155 81 346 613 211 445 701 
Bin 70: 501 418 952 629 567 2 
Bin 71: 511 986 38 562 30 998 82 
Bin 72: 236 703 768 565 308 735 
Bin 73: 201 430 935 981 696 454 
Bin 74: 698 145 662 112 309 866 493 
Bin 75: 971 280 396 708 745 91 
Bin 76: 572 336 421 366 904 470 469 
Bin 77: 620 219 40 770 292 686 371 477 
Bin 78: 441 824 24 342 642 239 
Bin 79: 415 633 737 746 776 677 
Bin 80: 956 450 611 189 897 460 257 175 
Bin 81: 759 173 99 724 400 
Bin 82: 781 656 103 916 554 90 864 
Bin 83: 243 867 182 250 343 77 
Bin 84: 814 14 651 248 468 901 151 
Bin 85: 246 635 638 825 516 930 704 
Bin 86: 819 922 860 476 881 435 
Bin 87: 982 58 324 387 385 
Bin 88: 234 190 249 541 160 581 315 
Bin 89: 598 803 94 322 756 962 550 
Bin 90: 401 337 625 64 575 154 458 610 
Bin 91: 128 12 405 100 955 727 
Bin 92: 933 660 148 502 179 
Bin 93: 341 989 958 621 402 475 
Bin 94: 74 232 837 796 623 873 979 
Bin 95: 150 83 749 482 9 832 582 
Bin 96: 178 811 241 566 891 939 208 
Bin 97: 426 721 509 689 161 
Bin 98: 826 691 900 552 658 
Bin 99: 591 166 358 725 843 973 576 
Bin 100: 215 760 335 18 231 898 334 600 
Bin 101: 911 171 314 73 817 732 391 
Bin 102: 583 812 195 116 584 203 
Bin 103: 287 712 137 779 263 977 
Bin 104: 799 574 846 762 54 616 326 850 
Bin 105: 646 403 44 199 147 596 
Bin 106: 313 615 830 590 227 332 363 
Bin 107: 66 259 513 206 648 594 293 595 
Bin 108: 364 988 949 628 908 498 
Bin 109: 62 918 839 683 167 644 666 
Bin 110: 682 861 10 159 130 899 848 487 
Bin 111: 228 887 194 807 505 678 124 
Bin 112: 710 679 841 152 349 588 
Bin 113: 345 585 141 906 603 381 225 
Bin 114: 333 374 622 868 63 115 972 
Bin 115: 297 136 637 497 560 221 
Bin 116: 142 604 496 877 26 773 888 
Bin 117: 359 964 299 264 428 856 555 880 
Bin 118: 984 425 456 753 229 963 
Bin 119: 718 368 869 281 597 507 390 
Bin 120: 53 473 138 748 483 
Bin 121: 378 31 783 626 741 170 
Bin 122: 909 379 98 612 108 420 520 862 
Bin 123: 325 27 980 132 184 296 
Bin 124: 269 180 676 804 831 462 
Bin 125: 874 411 273 726 75 758 
Bin 126: 46 188 751 731 923 114 879 
Bin 127: 521 200 424 999 778 529 
Bin 128: 220 388 339 857 423 317 204 667 
Bin 129: 713 104 48 437 744 733 512 542 
Bin 130: 50 767 32 5 752 251 
Bin 131: 393 823 298 931 79 919 255 
Bin 132: 439 506 946 23 706 941 
Bin 133: 369 412 185 571 715 944 
Bin 134: 730 650 647 619 101 235 
Bin 135: 386 92 945 480 176 427 
Bin 136: 329 216 754 495 258 538 
Bin 137: 17 548 140 392 680 657 
Bin 138: 466 97 455 489 578 771 526 
Bin 139: 672 934 912 806 893 117 559 
Bin 140: 960 813 485 261 787 675 772 
Bin 141: 305 910 865 561 207 669 
Bin 142: 51 436 408 78 276 33 404 
Bin 143: 205 193 544 915 212 
Bin 144: 688 432 123 253 508 
Bin 145: 522 965 886 397 416 202 
Bin 146: 699 192 266 360 431 932 
Bin 147: 164 789 674 892 357 822 996 
Bin 148: 367 6 649 304 338 872 467 
Bin 149: 96 409 61 380 70 464 531 
Bin 150: 113 307 89 352 328 
Bin 151: 670 244 948 530 122 237 
