# Objective: 152
# Time: 293.746
# Feasible: 1
# Solution:
Bin 0: 983 729 992 731 395 394 599 403 
Bin 1: 204 317 520 126 705 460 813 
Bin 2: 408 158 1 24 587 256 997 616 
Bin 3: 787 770 355 244 506 325 972 501 
Bin 4: 58 218 119 449 127 994 
Bin 5: 90 767 184 633 39 5 812 
Bin 6: 756 887 725 611 977 956 251 
Bin 7: 684 830 974 264 947 436 49 
Bin 8: 117 179 709 980 130 940 93 828 
Bin 9: 503 702 806 444 73 644 
Bin 10: 275 883 134 619 853 255 620 
Bin 11: 949 186 409 66 429 129 718 11 
Bin 12: 92 253 543 727 757 497 
Bin 13: 701 343 547 281 937 91 970 272 485 
Bin 14: 769 21 721 832 753 381 564 
Bin 15: 931 761 22 740 820 
Bin 16: 434 457 27 513 781 231 
Bin 17: 782 885 571 376 784 154 349 
Bin 18: 500 424 239 664 437 559 482 
Bin 19: 682 473 310 435 553 135 
Bin 20: 826 886 452 552 139 354 
Bin 21: 957 174 681 978 967 95 
Bin 22: 85 98 979 846 4 389 300 808 128 
Bin 23: 650 314 396 17 777 865 738 
Bin 24: 356 598 711 16 912 783 934 625 700 
Bin 25: 550 746 486 164 245 194 
Bin 26: 144 312 340 750 360 161 280 455 167 
Bin 27: 708 565 707 101 468 162 200 
Bin 28: 344 59 282 637 640 36 689 248 
Bin 29: 15 334 628 852 649 773 939 
Bin 30: 697 40 159 953 226 959 502 
Bin 31: 578 591 38 258 526 
Bin 32: 143 37 629 471 872 595 
Bin 33: 57 842 524 60 368 0 870 
Bin 34: 866 416 476 398 557 
Bin 35: 190 922 556 413 561 
Bin 36: 868 64 211 323 370 
Bin 37: 297 348 292 287 86 
Bin 38: 469 206 645 346 555 593 178 
Bin 39: 647 732 324 880 690 624 537 
Bin 40: 966 580 815 120 489 807 
Bin 41: 383 454 431 182 131 915 156 
Bin 42: 62 518 856 583 475 53 
Bin 43: 493 215 651 867 904 800 588 
Bin 44: 274 295 570 788 527 115 936 369 
Bin 45: 447 461 318 439 34 
Bin 46: 367 928 195 622 361 232 466 
Bin 47: 220 825 926 163 384 212 54 
Bin 48: 695 847 674 266 268 378 884 534 
Bin 49: 341 283 406 353 554 26 505 944 
Bin 50: 352 67 138 202 351 31 99 
Bin 51: 900 217 205 632 441 760 423 
Bin 52: 180 397 914 618 558 492 
Bin 53: 824 6 660 532 771 881 374 
Bin 54: 822 747 141 46 710 567 573 794 
Bin 55: 688 63 404 313 28 
Bin 56: 464 259 897 814 491 203 893 
Bin 57: 715 279 246 874 581 77 551 
Bin 58: 942 415 112 102 791 65 906 
Bin 59: 755 111 696 933 829 876 
Bin 60: 470 41 975 375 427 662 
Bin 61: 659 673 844 319 531 484 
Bin 62: 277 233 219 925 712 495 30 
Bin 63: 516 951 669 104 168 877 
Bin 64: 723 420 169 508 498 860 
Bin 65: 443 752 72 923 322 172 
Bin 66: 831 133 749 451 801 327 786 
Bin 67: 514 908 294 448 759 142 792 402 
Bin 68: 790 540 237 646 236 107 229 929 207 
Bin 69: 330 775 850 364 744 490 407 
Bin 70: 617 639 841 905 189 924 854 
Bin 71: 342 630 165 726 685 
Bin 72: 160 768 185 222 320 566 
Bin 73: 577 337 359 477 920 890 623 
Bin 74: 150 608 377 284 296 265 821 774 
Bin 75: 548 241 290 803 817 845 
Bin 76: 982 655 607 898 293 693 802 
Bin 77: 263 94 149 691 316 
Bin 78: 819 35 656 612 197 658 805 209 
Bin 79: 147 230 242 261 153 525 
Bin 80: 74 873 851 614 917 25 29 
Bin 81: 2 50 998 541 772 636 739 405 224 
Bin 82: 724 472 735 521 81 410 
Bin 83: 602 958 533 304 82 
Bin 84: 737 613 675 247 615 818 89 
Bin 85: 676 391 811 991 113 653 12 110 
Bin 86: 909 488 145 170 428 836 
Bin 87: 315 140 43 576 810 
Bin 88: 44 594 417 78 84 569 
Bin 89: 871 181 763 605 932 289 132 
Bin 90: 273 797 935 151 252 996 
Bin 91: 422 326 582 137 23 388 638 
Bin 92: 481 948 703 345 678 363 
Bin 93: 789 494 479 704 574 539 716 
Bin 94: 511 462 965 418 954 303 
Bin 95: 302 572 730 14 148 
Bin 96: 459 600 903 713 392 
Bin 97: 901 667 458 308 440 338 560 
Bin 98: 446 809 68 734 907 579 962 568 
Bin 99: 855 545 519 973 201 306 
Bin 100: 103 262 943 706 686 677 
Bin 101: 955 941 199 741 88 882 9 
Bin 102: 76 938 188 597 751 679 
Bin 103: 603 463 671 641 329 228 
Bin 104: 7 848 221 859 694 118 672 
Bin 105: 196 864 309 509 496 
Bin 106: 70 357 19 720 116 
Bin 107: 627 892 698 499 869 109 
Bin 108: 643 512 837 601 432 776 
Bin 109: 517 918 960 916 510 596 
Bin 110: 687 328 372 985 298 371 83 
Bin 111: 210 250 105 175 990 42 626 
Bin 112: 657 225 152 590 544 
Bin 113: 332 96 385 748 411 
Bin 114: 843 528 347 430 589 538 
Bin 115: 311 208 945 45 480 467 
Bin 116: 663 604 393 75 331 243 382 
Bin 117: 758 362 321 379 387 286 895 
Bin 118: 365 106 122 963 927 51 
Bin 119: 8 995 269 52 307 
Bin 120: 586 288 79 254 450 680 838 
Bin 121: 862 157 999 833 981 522 950 414 483 
Bin 122: 465 456 754 123 214 857 
Bin 123: 584 765 840 478 984 55 
Bin 124: 487 964 56 827 419 969 
Bin 125: 235 238 946 32 48 661 834 
Bin 126: 733 366 249 780 796 919 
Bin 127: 766 648 930 333 108 223 373 
Bin 128: 507 971 529 621 575 728 911 
Bin 129: 301 305 426 858 270 654 993 285 
Bin 130: 278 652 894 986 183 745 
Bin 131: 546 714 177 213 961 719 921 
Bin 132: 227 71 785 114 173 390 
Bin 133: 336 380 87 635 442 987 
Bin 134: 291 433 585 631 762 722 399 
Bin 135: 234 778 400 861 736 968 
Bin 136: 839 47 668 425 358 549 665 
Bin 137: 61 634 795 20 260 
Bin 138: 240 401 779 670 764 743 
Bin 139: 989 271 97 13 386 
Bin 140: 3 438 849 804 976 335 
Bin 141: 891 136 878 339 504 536 
Bin 142: 692 888 699 592 798 
Bin 143: 166 988 100 257 474 299 
Bin 144: 563 187 879 683 666 191 
Bin 145: 69 124 816 515 171 835 535 
Bin 146: 542 606 125 18 952 530 913 121 823 
Bin 147: 609 610 562 33 523 896 
Bin 148: 642 146 198 445 742 902 267 
Bin 149: 176 421 799 875 910 793 
Bin 150: 899 10 80 276 863 350 193 
Bin 151: 192 216 717 155 412 889 453 
