# Objective: 18
# Time: 2.78886
# Feasible: 1
# Solution:
Bin 0: 30 82 32 72 38 15 
Bin 1: 49 106 115 105 81 53 
Bin 2: 50 112 69 45 19 92 97 
Bin 3: 94 70 28 89 3 21 54 60 90 
Bin 4: 119 98 63 102 74 23 26 67 
Bin 5: 6 56 24 100 93 31 1 57 
Bin 6: 61 79 104 4 110 0 
Bin 7: 62 111 2 25 35 52 
Bin 8: 33 51 27 14 64 68 8 71 
Bin 9: 13 85 5 96 
Bin 10: 91 65 77 107 99 75 
Bin 11: 7 43 22 20 116 114 46 
Bin 12: 118 29 39 95 37 83 
Bin 13: 36 42 12 88 109 44 41 
Bin 14: 10 103 80 34 58 84 
Bin 15: 55 101 48 18 78 86 
Bin 16: 66 47 16 11 17 9 117 40 
Bin 17: 73 76 87 108 59 113 
