# Objective: 77
# Time: 79.4941
# Feasible: 1
# Solution:
Bin 0: 274 432 389 306 343 106 49 
Bin 1: 195 115 196 0 350 66 57 
Bin 2: 342 113 421 496 197 428 172 201 
Bin 3: 262 348 198 24 332 154 494 
Bin 4: 78 448 383 457 28 397 
Bin 5: 327 352 182 110 190 64 311 
Bin 6: 65 493 85 399 130 187 
Bin 7: 61 114 93 235 30 228 11 
Bin 8: 37 234 393 231 408 176 412 
Bin 9: 375 367 34 499 416 36 359 
Bin 10: 308 492 344 403 414 239 233 144 
Bin 11: 337 296 329 405 372 482 
Bin 12: 7 249 331 366 181 440 373 466 309 
Bin 13: 396 39 160 419 94 162 317 42 
Bin 14: 81 315 72 245 411 356 
Bin 15: 310 56 70 210 10 69 
Bin 16: 476 256 29 386 103 209 450 44 
Bin 17: 472 260 68 92 125 175 253 
Bin 18: 477 90 131 108 105 413 
Bin 19: 265 387 291 365 443 50 
Bin 20: 242 473 87 38 149 
Bin 21: 322 155 177 98 158 54 313 
Bin 22: 21 318 71 157 9 240 
Bin 23: 321 410 135 353 351 170 
Bin 24: 8 20 73 463 97 123 452 
Bin 25: 406 307 495 398 277 382 
Bin 26: 191 320 361 483 80 312 
Bin 27: 111 268 422 194 293 243 148 
Bin 28: 316 184 257 3 326 5 
Bin 29: 461 487 497 208 488 134 
Bin 30: 305 328 441 445 481 390 
Bin 31: 55 254 213 100 46 
Bin 32: 292 451 431 179 102 118 456 216 
Bin 33: 368 354 340 295 438 259 
Bin 34: 212 60 227 400 272 120 429 
Bin 35: 45 454 83 63 376 47 
Bin 36: 167 150 121 251 484 427 
Bin 37: 286 266 391 74 469 215 304 
Bin 38: 302 214 137 395 89 273 
Bin 39: 138 439 297 434 282 41 
Bin 40: 255 346 258 199 203 16 
Bin 41: 189 22 404 12 470 420 107 
Bin 42: 23 222 345 281 211 218 
Bin 43: 442 250 141 206 498 333 289 
Bin 44: 263 145 62 25 418 129 
Bin 45: 285 330 491 380 79 4 385 
Bin 46: 338 27 117 264 357 180 299 280 
Bin 47: 202 165 119 173 15 86 
Bin 48: 147 132 489 341 33 164 
Bin 49: 223 362 369 288 75 
Bin 50: 347 435 35 124 300 166 217 
Bin 51: 193 287 301 200 139 462 
Bin 52: 109 43 267 298 324 360 
Bin 53: 40 76 128 67 84 417 
Bin 54: 269 122 455 381 261 
Bin 55: 402 358 161 58 230 447 14 53 
Bin 56: 226 270 192 82 467 204 436 
Bin 57: 168 146 238 99 401 355 185 
Bin 58: 236 6 13 52 334 474 151 
Bin 59: 379 378 319 279 104 136 
Bin 60: 453 335 430 384 127 31 478 465 
Bin 61: 423 51 464 174 468 188 377 374 
Bin 62: 458 314 18 290 126 444 112 
Bin 63: 433 153 224 437 479 17 
Bin 64: 152 247 371 480 415 271 
Bin 65: 186 26 485 486 143 246 363 
Bin 66: 77 349 183 169 133 32 339 
Bin 67: 323 2 460 275 159 88 
Bin 68: 425 244 294 283 116 171 19 
Bin 69: 278 276 232 284 392 252 325 
Bin 70: 426 303 388 370 449 59 
Bin 71: 142 219 225 471 178 
Bin 72: 101 446 48 96 241 409 
Bin 73: 163 424 394 490 205 91 
Bin 74: 229 95 207 140 1 221 
Bin 75: 475 237 364 407 459 
Bin 76: 336 156 248 220 
