# Objective: 22
# Time: 6.73699
# Feasible: 1
# Solution:
Bin 0: 39 20 110 10 100 
Bin 1: 19 2 86 50 
Bin 2: 24 68 29 89 60 113 
Bin 3: 53 42 8 102 4 
Bin 4: 114 58 71 111 59 81 
Bin 5: 1 5 115 45 40 54 
Bin 6: 0 62 25 26 11 
Bin 7: 78 63 44 85 36 22 
Bin 8: 67 32 3 93 14 88 
Bin 9: 72 55 119 30 98 
Bin 10: 74 118 112 46 48 65 
Bin 11: 87 117 15 12 95 75 
Bin 12: 34 21 33 52 107 104 
Bin 13: 94 13 47 9 105 
Bin 14: 56 92 6 35 80 16 
Bin 15: 73 18 17 27 57 
Bin 16: 61 91 66 79 7 109 
Bin 17: 41 23 28 38 37 
Bin 18: 69 101 96 49 31 
Bin 19: 82 43 51 70 83 64 
Bin 20: 99 97 106 77 116 
Bin 21: 108 76 103 90 84 
