# Objective: 169
# Time: 145.591
# Feasible: 1
# Solution:
Bin 0: 702 426 508 494 126 135 818 
Bin 1: 872 920 804 236 565 550 
Bin 2: 17 592 167 27 595 0 
Bin 3: 371 481 3 370 540 321 
Bin 4: 609 824 831 899 946 990 
Bin 5: 490 106 577 343 531 
Bin 6: 23 967 267 755 639 479 231 
Bin 7: 191 874 607 850 139 373 
Bin 8: 553 980 199 537 420 444 
Bin 9: 770 140 13 317 85 
Bin 10: 876 138 636 513 830 
Bin 11: 12 554 979 871 510 310 
Bin 12: 594 677 678 58 911 629 
Bin 13: 326 396 143 698 913 453 867 
Bin 14: 57 192 360 400 716 105 
Bin 15: 880 515 182 909 227 560 
Bin 16: 585 729 620 936 289 30 862 
Bin 17: 476 616 450 545 771 
Bin 18: 832 894 482 268 109 
Bin 19: 33 413 943 51 328 996 
Bin 20: 816 206 703 161 522 188 
Bin 21: 249 278 243 517 500 970 
Bin 22: 181 152 418 659 736 952 787 
Bin 23: 642 366 32 381 901 259 
Bin 24: 932 497 962 815 115 189 
Bin 25: 984 782 748 695 424 976 
Bin 26: 5 134 924 981 558 650 146 104 
Bin 27: 882 501 445 539 
Bin 28: 110 335 399 645 353 648 
Bin 29: 614 753 915 102 367 
Bin 30: 168 837 883 279 432 986 
Bin 31: 575 248 751 377 41 503 
Bin 32: 568 931 637 717 137 627 
Bin 33: 798 728 726 583 969 358 811 
Bin 34: 286 529 714 619 121 590 535 
Bin 35: 193 817 868 6 998 
Bin 36: 79 974 761 251 431 60 
Bin 37: 600 221 828 826 649 491 
Bin 38: 615 900 546 169 725 794 
Bin 39: 518 66 214 536 261 934 
Bin 40: 172 887 581 151 136 200 
Bin 41: 473 879 322 174 465 778 428 
Bin 42: 644 40 957 25 641 779 
Bin 43: 907 447 954 854 154 416 
Bin 44: 347 363 313 502 763 989 86 
Bin 45: 342 720 889 829 463 810 
Bin 46: 82 691 668 288 878 323 
Bin 47: 669 89 534 859 732 351 
Bin 48: 918 8 930 411 604 337 
Bin 49: 382 774 486 741 873 93 
Bin 50: 94 403 230 280 31 160 384 589 
Bin 51: 436 605 478 692 350 43 
Bin 52: 224 245 744 820 269 735 475 88 
Bin 53: 509 521 255 246 621 357 142 
Bin 54: 28 548 939 185 929 613 
Bin 55: 211 194 922 471 881 823 670 593 
Bin 56: 204 884 861 274 942 681 602 
Bin 57: 277 527 219 805 825 
Bin 58: 205 722 311 561 10 443 391 
Bin 59: 83 556 689 441 938 765 
Bin 60: 993 131 661 975 919 352 26 
Bin 61: 800 844 640 574 999 59 
Bin 62: 361 287 504 921 61 705 
Bin 63: 37 84 634 945 156 
Bin 64: 775 906 505 925 415 754 569 
Bin 65: 7 439 74 708 704 690 
Bin 66: 858 833 233 557 449 
Bin 67: 803 331 207 144 997 706 
Bin 68: 141 365 314 179 801 397 
Bin 69: 283 281 835 671 364 
Bin 70: 477 95 461 657 994 291 
Bin 71: 272 163 101 786 988 119 
Bin 72: 430 263 405 344 697 839 
Bin 73: 68 855 673 745 148 923 
Bin 74: 822 712 223 630 541 338 
Bin 75: 790 836 797 166 665 44 
Bin 76: 655 586 250 547 100 
Bin 77: 927 14 964 242 769 796 496 
Bin 78: 202 389 784 218 209 45 
Bin 79: 273 393 498 217 99 
Bin 80: 107 846 484 737 512 743 
Bin 81: 785 489 869 468 802 201 
Bin 82: 111 466 122 197 647 234 
Bin 83: 421 47 940 576 739 113 
Bin 84: 707 638 213 709 937 693 926 
Bin 85: 718 520 684 849 451 446 
Bin 86: 355 325 694 624 46 652 387 
Bin 87: 392 528 92 738 572 320 
Bin 88: 566 56 459 34 622 780 
Bin 89: 795 538 2 635 4 
Bin 90: 307 220 24 766 170 507 
Bin 91: 799 955 472 183 383 851 
Bin 92: 305 877 746 349 991 563 
Bin 93: 950 132 875 210 398 
Bin 94: 688 711 866 474 526 863 
Bin 95: 573 312 596 130 953 987 
Bin 96: 369 195 232 968 686 235 
Bin 97: 935 514 462 178 658 674 247 
Bin 98: 332 611 69 571 334 147 
Bin 99: 120 16 388 724 793 
Bin 100: 701 544 857 759 297 187 
Bin 101: 159 128 15 789 956 190 423 
Bin 102: 368 730 654 103 898 406 
Bin 103: 90 499 433 809 336 977 
Bin 104: 133 329 888 339 348 215 764 
Bin 105: 158 385 155 304 651 493 
Bin 106: 947 552 467 42 70 145 
Bin 107: 81 276 29 296 354 454 97 
Bin 108: 303 98 949 379 153 
Bin 109: 679 551 262 341 905 
Bin 110: 559 417 237 412 580 
Bin 111: 257 768 747 814 757 
Bin 112: 319 908 666 22 65 38 
Bin 113: 18 186 48 983 
Bin 114: 457 700 812 409 375 229 
Bin 115: 9 792 252 438 96 664 
Bin 116: 108 762 76 982 175 77 
Bin 117: 452 464 895 386 448 843 
Bin 118: 971 891 533 948 675 80 632 
Bin 119: 555 567 301 162 346 241 
Bin 120: 75 549 429 176 64 680 455 
Bin 121: 378 904 653 427 362 
Bin 122: 841 422 264 374 253 
Bin 123: 198 676 53 293 244 896 
Bin 124: 628 870 734 434 380 285 
Bin 125: 265 687 203 916 660 683 
Bin 126: 282 394 164 992 606 129 
Bin 127: 21 719 239 62 972 646 
Bin 128: 897 856 599 933 226 631 
Bin 129: 456 184 582 149 643 
Bin 130: 750 488 847 865 598 
Bin 131: 696 302 917 49 180 578 806 
Bin 132: 570 208 71 749 222 587 699 
Bin 133: 840 50 713 216 663 359 
Bin 134: 667 966 127 275 842 610 
Bin 135: 893 177 306 171 458 260 
Bin 136: 404 579 506 773 813 963 890 
Bin 137: 315 767 425 912 327 292 
Bin 138: 36 492 886 318 67 821 
Bin 139: 838 324 625 91 460 196 
Bin 140: 516 442 791 408 63 
Bin 141: 284 985 819 760 123 
Bin 142: 487 864 885 852 125 
Bin 143: 485 892 308 340 564 626 
Bin 144: 543 756 783 19 150 958 758 
Bin 145: 395 772 727 376 973 
Bin 146: 114 270 715 807 316 
Bin 147: 401 808 480 290 910 228 
Bin 148: 407 225 410 960 731 
Bin 149: 941 356 617 469 723 845 
Bin 150: 928 672 542 258 623 254 685 
Bin 151: 294 951 733 721 740 788 
Bin 152: 1 112 944 662 495 
Bin 153: 525 256 419 777 597 
Bin 154: 72 588 295 298 965 
Bin 155: 591 73 914 330 752 52 
Bin 156: 124 682 656 853 860 601 618 
Bin 157: 39 603 978 562 584 240 
Bin 158: 530 612 524 54 523 78 
Bin 159: 212 309 372 511 902 
Bin 160: 35 959 519 633 271 165 
Bin 161: 20 834 710 961 238 
Bin 162: 55 157 345 299 470 
Bin 163: 440 532 87 300 848 
Bin 164: 116 414 173 781 903 
Bin 165: 402 995 608 827 
Bin 166: 118 437 435 390 
Bin 167: 11 333 742 
Bin 168: 266 776 117 483 
