# Objective: 38
# Time: 8.46328
# Feasible: 1
# Solution:
Bin 0: 62 239 236 137 173 228 57 
Bin 1: 33 171 135 211 180 130 34 
Bin 2: 21 43 248 140 86 241 
Bin 3: 129 191 84 111 124 154 9 5 
Bin 4: 96 10 196 102 81 179 
Bin 5: 108 98 6 103 220 132 
Bin 6: 32 0 63 50 75 234 
Bin 7: 16 88 147 73 168 13 249 
Bin 8: 22 225 99 38 85 209 
Bin 9: 231 37 164 186 152 82 235 29 
Bin 10: 189 46 219 105 128 26 
Bin 11: 243 4 106 134 72 194 53 
Bin 12: 91 114 206 161 117 146 144 
Bin 13: 143 136 42 104 48 197 
Bin 14: 202 61 52 160 213 157 
Bin 15: 170 110 109 89 208 246 68 
Bin 16: 133 58 145 119 67 121 
Bin 17: 148 156 172 40 79 7 100 
Bin 18: 221 8 14 122 126 30 101 
Bin 19: 18 178 120 25 158 90 217 
Bin 20: 36 151 49 177 199 115 3 242 
Bin 21: 187 214 87 125 107 19 
Bin 22: 222 149 51 238 166 203 139 
Bin 23: 65 227 12 192 92 224 
Bin 24: 35 205 76 188 204 167 
Bin 25: 23 163 181 207 216 240 142 
Bin 26: 138 183 1 233 56 185 200 
Bin 27: 193 97 190 215 229 80 174 69 
Bin 28: 59 247 31 44 41 116 27 
Bin 29: 112 175 60 2 218 232 
Bin 30: 71 45 17 182 210 237 
Bin 31: 83 165 78 198 159 123 64 
Bin 32: 118 94 15 176 184 169 
Bin 33: 74 70 153 226 127 20 
Bin 34: 28 212 47 244 39 141 
Bin 35: 54 230 66 55 11 93 113 155 
Bin 36: 162 195 24 223 150 
Bin 37: 77 201 131 245 95 
