# Objective: 75
# Time: 39.1884
# Feasible: 1
# Solution:
Bin 0: 94 193 495 214 261 195 12 
Bin 1: 11 218 22 197 15 36 498 499 189 
Bin 2: 473 405 463 145 324 240 447 342 
Bin 3: 432 356 126 470 234 269 63 
Bin 4: 472 199 416 294 248 369 
Bin 5: 95 485 321 372 28 292 352 
Bin 6: 10 70 267 46 213 444 393 296 
Bin 7: 27 300 347 206 163 252 468 
Bin 8: 178 177 93 159 107 426 
Bin 9: 258 417 89 382 322 
Bin 10: 211 335 239 86 56 315 
Bin 11: 47 23 380 53 183 85 477 
Bin 12: 117 226 38 222 160 60 464 
Bin 13: 398 220 273 313 440 78 290 
Bin 14: 280 328 288 257 425 136 221 
Bin 15: 365 438 205 479 72 229 281 
Bin 16: 18 422 7 496 304 287 5 
Bin 17: 225 489 83 230 172 123 
Bin 18: 478 2 48 348 120 483 
Bin 19: 188 368 453 423 367 92 58 
Bin 20: 171 277 389 404 236 351 254 
Bin 21: 274 297 200 337 169 185 
Bin 22: 243 4 43 419 497 306 204 
Bin 23: 32 452 212 51 266 350 102 
Bin 24: 326 35 370 490 75 223 201 357 363 
Bin 25: 42 216 471 265 119 13 106 175 
Bin 26: 366 316 242 364 362 460 127 
Bin 27: 246 387 198 247 41 6 307 
Bin 28: 388 311 173 186 153 170 250 
Bin 29: 271 65 353 264 450 161 
Bin 30: 458 262 415 323 112 275 133 
Bin 31: 45 394 371 151 40 378 424 
Bin 32: 49 17 135 80 74 69 96 88 
Bin 33: 493 462 437 190 116 142 
Bin 34: 66 121 407 305 413 228 
Bin 35: 129 401 9 90 334 84 346 
Bin 36: 91 249 237 158 1 113 147 
Bin 37: 339 144 196 474 31 64 
Bin 38: 114 268 359 399 360 76 
Bin 39: 124 0 138 87 397 466 
Bin 40: 283 329 109 461 59 16 81 
Bin 41: 111 379 154 469 164 482 
Bin 42: 409 293 55 224 241 455 396 
Bin 43: 331 487 207 182 232 446 
Bin 44: 33 149 270 57 301 152 
Bin 45: 358 291 140 77 71 122 391 108 
Bin 46: 208 355 320 209 125 215 217 
Bin 47: 327 168 494 439 255 179 384 141 
Bin 48: 340 286 325 118 430 
Bin 49: 428 481 97 263 345 344 435 
Bin 50: 354 406 319 308 184 148 
Bin 51: 383 491 476 459 421 443 21 
Bin 52: 374 418 202 50 244 101 
Bin 53: 231 475 373 8 386 24 3 
Bin 54: 317 105 134 436 298 445 
Bin 55: 467 44 146 330 492 402 167 
Bin 56: 299 343 62 403 181 162 
Bin 57: 166 26 278 110 449 441 
Bin 58: 314 276 375 131 312 73 442 
Bin 59: 238 272 448 309 390 61 
Bin 60: 376 377 310 392 98 332 
Bin 61: 245 210 385 400 187 454 
Bin 62: 427 253 336 303 318 456 
Bin 63: 68 165 333 480 143 14 
Bin 64: 486 39 176 52 150 381 
Bin 65: 251 233 302 194 79 431 174 349 
Bin 66: 420 54 260 67 338 19 256 219 
Bin 67: 408 20 295 361 156 99 
Bin 68: 465 282 157 285 180 
Bin 69: 30 457 410 412 104 235 
Bin 70: 289 115 341 259 488 284 203 
Bin 71: 34 484 130 25 434 103 
Bin 72: 128 414 411 137 395 155 29 
Bin 73: 192 139 100 227 279 
Bin 74: 433 37 191 429 82 132 451 
