# Objective: 75
# Time: 35.716
# Feasible: 1
# Solution:
Bin 0: 253 0 12 140 269 436 194 
Bin 1: 489 108 398 60 3 264 385 48 
Bin 2: 119 196 201 52 71 273 444 54 265 
Bin 3: 33 181 42 22 151 147 335 348 
Bin 4: 90 153 397 173 204 179 166 292 
Bin 5: 328 270 463 134 8 67 175 
Bin 6: 302 390 475 212 363 261 412 
Bin 7: 429 380 419 400 445 339 
Bin 8: 104 453 308 174 433 303 
Bin 9: 459 435 479 190 84 482 371 
Bin 10: 141 395 148 92 294 333 96 128 
Bin 11: 116 192 465 309 56 471 
Bin 12: 99 225 235 14 416 330 443 236 
Bin 13: 188 446 288 39 5 387 
Bin 14: 172 4 401 106 469 164 462 
Bin 15: 434 432 57 483 498 388 
Bin 16: 107 367 125 365 411 70 211 
Bin 17: 281 91 359 490 111 43 
Bin 18: 24 200 219 178 460 262 396 
Bin 19: 242 448 101 284 347 338 74 
Bin 20: 63 274 32 472 199 255 6 
Bin 21: 391 77 430 268 392 456 
Bin 22: 439 168 228 491 64 187 
Bin 23: 72 95 26 449 374 476 
Bin 24: 383 230 208 318 474 366 
Bin 25: 202 381 143 389 431 184 
Bin 26: 162 155 149 297 376 157 
Bin 27: 186 28 340 207 89 334 
Bin 28: 344 232 375 437 310 329 356 417 352 
Bin 29: 378 75 239 384 301 120 
Bin 30: 170 17 343 470 240 312 129 
Bin 31: 496 150 65 454 452 250 473 
Bin 32: 46 210 438 300 161 110 
Bin 33: 73 102 468 40 47 2 353 209 
Bin 34: 440 182 324 130 183 103 21 
Bin 35: 487 224 216 304 126 231 256 
Bin 36: 458 133 480 59 276 139 345 
Bin 37: 98 243 118 37 27 247 
Bin 38: 36 455 226 425 112 215 34 171 
Bin 39: 121 499 83 481 405 486 124 
Bin 40: 163 158 382 295 266 
Bin 41: 51 287 145 317 246 306 349 
Bin 42: 351 19 407 409 13 160 260 
Bin 43: 323 154 495 275 20 350 358 
Bin 44: 258 426 1 132 50 394 123 
Bin 45: 403 493 399 78 180 15 10 
Bin 46: 114 278 137 307 280 18 213 
Bin 47: 279 370 7 424 342 
Bin 48: 117 53 97 144 442 94 159 191 
Bin 49: 331 244 355 11 44 223 
Bin 50: 35 146 368 320 282 364 316 
Bin 51: 336 245 80 327 138 315 189 185 
Bin 52: 427 386 485 25 299 402 
Bin 53: 203 86 238 81 423 413 
Bin 54: 206 410 372 305 464 267 
Bin 55: 122 218 156 227 337 205 9 
Bin 56: 222 249 217 418 263 414 
Bin 57: 259 177 221 61 326 136 31 
Bin 58: 127 237 321 220 41 229 
Bin 59: 45 248 341 450 441 404 100 
Bin 60: 115 497 357 466 16 165 
Bin 61: 461 195 69 415 167 285 
Bin 62: 361 68 290 291 408 457 
Bin 63: 283 88 82 428 251 198 
Bin 64: 30 252 38 214 66 377 478 
Bin 65: 332 271 373 135 241 322 
Bin 66: 193 296 23 420 362 298 
Bin 67: 325 484 58 257 142 62 254 
Bin 68: 105 492 360 234 169 197 421 369 
Bin 69: 379 277 85 49 286 293 
Bin 70: 313 467 76 152 477 451 
Bin 71: 55 87 393 354 233 113 
Bin 72: 346 447 422 311 176 109 
Bin 73: 494 79 319 488 29 
Bin 74: 314 131 93 406 289 272 
