# Objective: 37
# Time: 11.991
# Feasible: 1
# Solution:
Bin 0: 75 198 111 171 190 47 142 
Bin 1: 77 185 134 133 37 201 76 66 136 
Bin 2: 209 34 29 203 188 78 
Bin 3: 235 236 225 124 41 70 143 
Bin 4: 159 150 30 114 80 23 74 127 
Bin 5: 245 224 109 195 24 116 11 168 
Bin 6: 163 248 169 39 158 170 94 121 
Bin 7: 35 247 27 120 45 144 
Bin 8: 154 126 181 56 43 155 148 
Bin 9: 194 112 160 16 86 104 221 
Bin 10: 17 59 202 122 230 19 157 
Bin 11: 8 219 145 191 233 107 115 222 
Bin 12: 246 108 62 210 226 139 
Bin 13: 51 239 15 63 101 118 
Bin 14: 208 234 128 87 161 82 49 64 
Bin 15: 113 21 60 212 14 123 52 
Bin 16: 186 28 129 96 179 164 165 102 
Bin 17: 137 9 215 153 105 93 
Bin 18: 244 71 241 67 20 199 227 
Bin 19: 200 90 131 214 166 40 173 
Bin 20: 184 119 192 84 130 
Bin 21: 207 125 95 206 98 132 232 
Bin 22: 177 10 54 228 58 140 182 
Bin 23: 141 204 97 31 110 26 193 
Bin 24: 44 69 211 25 65 38 231 
Bin 25: 189 135 36 197 50 55 
Bin 26: 48 3 229 32 240 12 
Bin 27: 103 162 4 99 218 216 73 46 
Bin 28: 117 91 85 149 146 175 
Bin 29: 0 106 68 217 152 223 
Bin 30: 187 13 57 180 183 237 6 
Bin 31: 81 79 176 22 61 205 
Bin 32: 238 249 151 7 156 5 
Bin 33: 138 2 89 1 243 172 
Bin 34: 92 83 100 147 178 53 213 
Bin 35: 33 88 18 42 196 
Bin 36: 72 242 174 220 167 
