# Objective: 39
# Time: 7.77615
# Feasible: 1
# Solution:
Bin 0: 40 43 19 159 46 138 
Bin 1: 65 147 79 210 228 60 
Bin 2: 176 13 135 177 173 243 206 
Bin 3: 122 235 77 212 161 242 56 
Bin 4: 62 78 102 182 42 106 
Bin 5: 200 156 44 220 71 74 
Bin 6: 247 110 3 149 9 183 36 
Bin 7: 151 121 89 72 28 171 1 23 
Bin 8: 47 10 61 25 244 248 
Bin 9: 204 29 31 18 93 113 
Bin 10: 0 34 26 232 245 103 
Bin 11: 155 51 142 163 222 165 224 
Bin 12: 80 91 50 238 185 168 
Bin 13: 249 169 14 246 59 175 225 119 
Bin 14: 39 116 205 125 32 137 123 
Bin 15: 201 111 48 145 115 234 
Bin 16: 144 127 76 109 214 97 174 
Bin 17: 240 198 8 170 208 191 231 
Bin 18: 194 20 157 99 41 
Bin 19: 193 166 207 227 164 53 66 22 
Bin 20: 229 7 101 105 104 197 73 
Bin 21: 239 107 189 187 82 213 133 218 30 
Bin 22: 5 57 100 90 6 136 
Bin 23: 75 35 167 203 33 94 
Bin 24: 54 112 179 186 146 223 
Bin 25: 180 195 95 64 114 140 
Bin 26: 15 154 27 134 230 96 117 192 
Bin 27: 108 67 49 221 216 
Bin 28: 92 211 141 86 150 236 
Bin 29: 172 215 188 143 139 17 
Bin 30: 184 219 70 16 160 85 
Bin 31: 84 178 162 12 128 55 
Bin 32: 69 88 148 152 199 158 
Bin 33: 190 87 118 209 132 45 98 
Bin 34: 217 37 52 21 202 237 
Bin 35: 196 120 24 81 126 124 
Bin 36: 4 38 11 233 58 129 
Bin 37: 131 2 63 130 
Bin 38: 68 181 241 153 226 83 
