# Objective: 43
# Time: 8.96999
# Feasible: 1
# Solution:
Bin 0: 240 148 194 16 213 
Bin 1: 225 215 125 14 122 117 
Bin 2: 127 229 102 49 69 78 241 
Bin 3: 53 205 131 40 245 85 
Bin 4: 74 142 195 51 28 208 153 
Bin 5: 146 217 222 188 119 203 
Bin 6: 107 39 216 136 170 157 
Bin 7: 120 152 111 33 11 167 171 
Bin 8: 18 76 71 60 226 55 67 
Bin 9: 132 154 115 17 75 105 211 
Bin 10: 8 181 210 173 13 118 
Bin 11: 189 198 239 233 185 65 242 
Bin 12: 201 103 58 46 149 145 231 
Bin 13: 100 163 12 54 160 66 
Bin 14: 79 88 110 141 180 
Bin 15: 4 47 237 93 187 63 
Bin 16: 97 193 81 31 247 25 
Bin 17: 156 89 140 52 220 1 86 
Bin 18: 29 172 178 96 6 
Bin 19: 228 77 161 224 235 164 
Bin 20: 32 99 169 214 158 104 15 
Bin 21: 56 130 112 143 230 168 
Bin 22: 192 234 48 155 80 108 
Bin 23: 246 137 19 144 249 109 126 
Bin 24: 121 177 9 129 73 101 
Bin 25: 44 221 34 50 3 
Bin 26: 45 0 21 38 133 134 
Bin 27: 27 20 190 191 139 
Bin 28: 182 162 206 219 41 2 
Bin 29: 212 165 236 95 62 94 
Bin 30: 227 166 175 232 84 113 
Bin 31: 243 135 248 91 35 
Bin 32: 124 90 196 209 150 197 
Bin 33: 42 184 64 199 98 106 
Bin 34: 37 114 147 218 244 
Bin 35: 72 183 22 92 128 
Bin 36: 87 138 59 61 204 
Bin 37: 116 123 10 174 
Bin 38: 202 186 24 176 
Bin 39: 83 151 5 36 23 
Bin 40: 238 207 68 57 43 
Bin 41: 82 200 70 7 
Bin 42: 223 30 26 159 179 
