# Objective: 78
# Time: 38.5195
# Feasible: 1
# Solution:
Bin 0: 109 176 296 311 320 332 104 
Bin 1: 126 418 443 459 177 
Bin 2: 74 285 1 322 258 483 450 326 78 
Bin 3: 347 6 413 333 184 163 
Bin 4: 319 379 452 216 278 402 
Bin 5: 351 464 8 380 436 76 130 152 
Bin 6: 68 497 203 208 260 66 
Bin 7: 268 306 290 115 250 309 374 371 188 
Bin 8: 264 448 64 455 36 295 42 
Bin 9: 150 431 249 19 159 427 
Bin 10: 396 18 34 349 281 338 
Bin 11: 403 440 473 128 393 425 302 274 
Bin 12: 121 377 369 334 125 266 318 13 
Bin 13: 244 389 288 113 438 87 
Bin 14: 169 98 0 417 174 385 167 
Bin 15: 218 123 496 435 134 20 
Bin 16: 330 170 474 202 255 270 
Bin 17: 245 69 233 101 405 132 
Bin 18: 376 239 57 108 80 102 
Bin 19: 259 231 251 38 337 65 119 
Bin 20: 2 47 456 437 406 26 282 
Bin 21: 367 224 407 197 468 139 485 308 
Bin 22: 131 366 348 48 273 60 205 
Bin 23: 235 217 317 283 230 482 328 
Bin 24: 356 147 315 297 257 
Bin 25: 142 276 99 375 53 207 43 
Bin 26: 140 148 460 286 232 461 284 
Bin 27: 291 72 90 397 442 156 358 
Bin 28: 149 199 171 424 166 447 398 195 
Bin 29: 116 331 24 63 336 120 
Bin 30: 106 50 345 213 37 271 
Bin 31: 300 361 287 426 353 267 499 
Bin 32: 359 446 144 364 11 
Bin 33: 164 313 269 71 28 79 
Bin 34: 183 226 401 234 492 70 
Bin 35: 56 110 453 254 215 445 77 
Bin 36: 253 247 252 412 246 219 191 
Bin 37: 187 410 346 236 210 433 365 420 
Bin 38: 463 400 355 206 100 
Bin 39: 179 352 88 323 467 381 
Bin 40: 476 491 489 444 81 478 
Bin 41: 75 441 275 172 44 458 31 196 
Bin 42: 321 248 222 173 41 190 462 
Bin 43: 293 430 378 373 416 146 
Bin 44: 324 117 439 124 451 494 
Bin 45: 432 212 343 340 32 466 449 
Bin 46: 58 325 342 12 15 280 
Bin 47: 185 261 479 160 354 5 
Bin 48: 157 189 228 118 383 161 3 
Bin 49: 59 168 382 368 182 107 
Bin 50: 392 192 61 9 411 
Bin 51: 229 362 86 204 178 480 
Bin 52: 193 391 137 241 114 96 
Bin 53: 434 214 198 487 221 469 408 
Bin 54: 422 384 327 136 91 138 
Bin 55: 390 265 112 465 180 495 
Bin 56: 194 341 357 303 498 92 
Bin 57: 471 153 162 493 310 158 
Bin 58: 475 83 363 95 421 29 
Bin 59: 240 409 25 488 67 51 314 
Bin 60: 372 82 227 387 305 97 
Bin 61: 62 292 404 394 46 
Bin 62: 211 10 103 151 470 256 
Bin 63: 201 85 93 94 165 243 
Bin 64: 350 242 33 262 477 111 360 
Bin 65: 154 181 237 329 395 386 
Bin 66: 415 481 414 122 472 17 388 
Bin 67: 279 457 263 35 298 429 
Bin 68: 54 399 145 419 45 141 225 
Bin 69: 370 49 21 30 22 423 
Bin 70: 272 486 312 135 484 175 
Bin 71: 186 7 4 55 299 105 
Bin 72: 39 40 428 223 133 89 
Bin 73: 238 220 490 344 155 
Bin 74: 127 294 143 304 316 27 
Bin 75: 339 84 23 16 129 307 
Bin 76: 454 73 209 200 335 52 
Bin 77: 289 301 14 277 
