# Objective: 78
# Time: 27.4672
# Feasible: 1
# Solution:
Bin 0: 469 222 393 26 118 383 
Bin 1: 227 376 157 490 357 345 
Bin 2: 217 387 446 486 216 453 71 359 
Bin 3: 148 358 114 251 325 72 
Bin 4: 46 399 403 404 481 436 499 319 
Bin 5: 31 456 82 290 120 220 126 37 
Bin 6: 23 460 442 2 194 
Bin 7: 313 41 173 304 80 164 418 
Bin 8: 191 498 259 134 275 296 139 
Bin 9: 338 169 327 57 171 314 264 
Bin 10: 210 174 102 128 79 452 
Bin 11: 103 438 367 69 178 417 287 
Bin 12: 363 471 33 249 400 27 302 
Bin 13: 135 309 395 445 432 240 
Bin 14: 20 4 386 15 317 42 182 459 
Bin 15: 192 269 6 158 107 49 
Bin 16: 61 437 125 36 371 458 115 
Bin 17: 190 497 99 8 154 279 
Bin 18: 236 282 149 183 241 45 326 
Bin 19: 29 361 44 91 373 175 231 
Bin 20: 341 213 324 116 419 73 105 74 
Bin 21: 84 193 257 397 76 288 
Bin 22: 463 146 451 189 310 382 
Bin 23: 405 152 444 311 495 68 
Bin 24: 412 12 62 289 223 280 
Bin 25: 22 218 81 424 277 347 356 
Bin 26: 303 159 124 450 30 270 449 278 336 
Bin 27: 75 260 472 316 391 
Bin 28: 50 308 422 147 243 482 
Bin 29: 301 185 342 207 377 362 384 
Bin 30: 108 151 129 232 333 163 374 
Bin 31: 484 170 234 196 160 334 366 
Bin 32: 214 441 300 211 465 
Bin 33: 248 172 261 100 372 281 
Bin 34: 38 97 305 273 215 123 205 306 
Bin 35: 479 89 477 0 145 204 
Bin 36: 14 414 255 64 86 180 320 
Bin 37: 40 423 480 141 461 369 394 
Bin 38: 201 430 88 375 208 202 
Bin 39: 478 265 140 60 200 246 496 
Bin 40: 390 52 457 90 111 352 
Bin 41: 263 155 494 322 256 253 
Bin 42: 396 286 464 307 53 429 239 
Bin 43: 93 59 337 87 413 179 
Bin 44: 55 351 433 17 219 
Bin 45: 132 143 162 237 344 184 150 
Bin 46: 411 312 92 389 415 24 
Bin 47: 113 385 349 235 77 489 331 
Bin 48: 3 258 176 96 355 47 
Bin 49: 378 209 225 25 198 67 
Bin 50: 455 21 425 224 392 294 
Bin 51: 156 321 48 409 428 94 364 
Bin 52: 254 421 233 299 153 379 1 
Bin 53: 470 65 360 346 293 244 
Bin 54: 348 492 56 131 329 221 10 
Bin 55: 297 85 121 138 266 
Bin 56: 161 454 66 238 112 434 144 
Bin 57: 63 181 229 83 226 448 
Bin 58: 271 13 323 51 133 315 
Bin 59: 380 247 493 353 168 407 
Bin 60: 104 467 410 292 475 427 
Bin 61: 34 295 439 130 106 188 
Bin 62: 165 177 268 127 250 406 
Bin 63: 32 335 98 328 408 343 
Bin 64: 416 401 402 70 117 187 276 
Bin 65: 28 166 242 474 35 443 
Bin 66: 272 431 7 298 122 354 197 
Bin 67: 491 487 212 5 199 39 
Bin 68: 284 466 485 110 285 
Bin 69: 447 468 420 252 137 43 
Bin 70: 398 18 262 267 186 167 
Bin 71: 332 426 78 19 9 
Bin 72: 58 488 340 206 440 
Bin 73: 119 203 381 476 195 109 
Bin 74: 368 54 370 339 101 142 
Bin 75: 16 228 245 274 350 318 330 
Bin 76: 95 136 473 230 435 365 
Bin 77: 462 483 11 388 283 291 
