# Objective: 182
# Time: 336.304
# Feasible: 1
# Solution:
Bin 0: 719 657 584 658 381 317 
Bin 1: 909 796 216 310 344 
Bin 2: 703 3 543 961 48 286 
Bin 3: 431 648 135 402 378 805 968 
Bin 4: 537 536 270 662 356 
Bin 5: 87 679 435 700 396 100 
Bin 6: 341 848 389 791 357 351 
Bin 7: 325 963 946 715 625 689 
Bin 8: 446 809 716 630 18 422 
Bin 9: 578 844 643 319 723 382 
Bin 10: 515 951 139 305 694 
Bin 11: 346 761 31 370 486 976 
Bin 12: 13 27 267 635 652 
Bin 13: 494 506 871 606 695 977 
Bin 14: 948 664 408 172 349 
Bin 15: 114 20 257 415 157 632 566 
Bin 16: 599 259 975 266 279 663 
Bin 17: 211 726 678 101 155 666 
Bin 18: 530 490 206 966 767 
Bin 19: 527 729 917 140 534 
Bin 20: 613 883 799 636 489 195 
Bin 21: 827 485 205 860 383 177 
Bin 22: 781 119 612 888 421 978 
Bin 23: 472 743 60 192 693 756 823 
Bin 24: 465 772 89 937 
Bin 25: 610 374 7 531 955 
Bin 26: 795 580 339 37 479 548 
Bin 27: 130 283 701 508 903 145 
Bin 28: 425 547 423 74 738 
Bin 29: 933 732 248 326 500 
Bin 30: 521 251 510 725 202 
Bin 31: 54 68 866 518 949 
Bin 32: 247 212 414 470 64 
Bin 33: 750 38 169 285 
Bin 34: 252 932 803 468 277 455 
Bin 35: 111 95 223 473 858 709 
Bin 36: 433 958 73 995 388 302 
Bin 37: 520 454 200 927 196 460 
Bin 38: 312 491 603 405 564 497 
Bin 39: 714 829 718 583 14 394 
Bin 40: 749 198 939 540 677 
Bin 41: 845 916 481 82 724 800 
Bin 42: 352 760 620 801 193 
Bin 43: 469 445 265 851 910 
Bin 44: 0 550 168 71 634 275 
Bin 45: 982 730 432 655 837 905 
Bin 46: 593 232 814 841 676 
Bin 47: 561 899 496 721 256 376 
Bin 48: 687 313 182 804 76 
Bin 49: 993 553 747 818 296 
Bin 50: 33 876 477 889 936 567 
Bin 51: 526 201 146 929 728 822 
Bin 52: 219 907 922 892 449 828 
Bin 53: 249 649 294 25 
Bin 54: 604 770 142 780 754 448 
Bin 55: 812 235 463 900 434 
Bin 56: 941 507 992 350 361 227 
Bin 57: 879 787 722 771 403 590 
Bin 58: 104 246 459 699 4 482 
Bin 59: 856 638 348 794 303 759 369 
Bin 60: 391 895 234 539 398 79 
Bin 61: 390 263 853 147 375 75 783 
Bin 62: 213 542 552 57 184 128 
Bin 63: 833 985 607 671 179 557 
Bin 64: 755 912 683 340 570 49 
Bin 65: 854 835 22 272 987 773 
Bin 66: 241 452 258 528 748 492 
Bin 67: 377 980 779 751 930 741 
Bin 68: 849 443 84 280 132 154 
Bin 69: 88 250 568 979 324 
Bin 70: 462 116 819 335 717 
Bin 71: 817 763 969 220 688 637 
Bin 72: 311 762 254 811 47 
Bin 73: 336 734 686 160 502 984 
Bin 74: 347 204 735 121 16 484 
Bin 75: 36 307 393 623 122 752 
Bin 76: 681 439 62 902 830 505 
Bin 77: 323 785 102 591 971 
Bin 78: 595 55 28 63 586 852 
Bin 79: 371 581 524 846 149 261 
Bin 80: 712 218 209 798 416 
Bin 81: 594 797 131 214 395 
Bin 82: 208 499 269 592 628 546 
Bin 83: 366 228 458 43 998 156 
Bin 84: 112 362 957 456 99 343 
Bin 85: 669 874 784 816 98 
Bin 86: 276 659 69 742 67 436 
Bin 87: 947 290 825 954 2 144 
Bin 88: 81 672 994 373 864 571 
Bin 89: 821 705 163 970 45 
Bin 90: 857 514 775 675 42 77 51 
Bin 91: 34 877 563 109 924 411 870 
Bin 92: 438 365 5 808 881 226 
Bin 93: 589 867 397 788 493 
Bin 94: 138 129 901 619 911 56 
Bin 95: 609 17 133 127 650 461 
Bin 96: 720 621 9 815 161 
Bin 97: 495 203 923 511 996 126 
Bin 98: 253 372 697 417 466 
Bin 99: 670 645 1 178 103 471 
Bin 100: 11 44 513 509 24 
Bin 101: 873 327 964 737 973 
Bin 102: 409 986 194 544 745 914 
Bin 103: 758 789 117 974 981 617 
Bin 104: 186 188 739 236 151 
Bin 105: 802 488 556 820 230 
Bin 106: 264 153 572 680 777 
Bin 107: 143 834 298 399 262 83 633 
Bin 108: 574 962 893 533 306 105 
Bin 109: 838 124 862 653 292 244 
Bin 110: 764 562 577 608 166 
Bin 111: 273 15 467 123 162 810 
Bin 112: 706 97 94 110 698 
Bin 113: 215 320 70 453 944 
Bin 114: 333 654 287 243 516 
Bin 115: 176 426 165 765 573 863 
Bin 116: 920 554 684 32 991 
Bin 117: 359 358 940 480 569 368 
Bin 118: 768 696 300 183 80 96 
Bin 119: 967 152 999 618 150 19 
Bin 120: 832 6 753 894 447 
Bin 121: 392 549 931 284 740 
Bin 122: 519 231 271 442 65 224 
Bin 123: 826 58 614 238 207 631 
Bin 124: 407 167 942 673 626 
Bin 125: 661 674 872 891 26 
Bin 126: 314 682 596 913 
Bin 127: 972 125 8 115 575 
Bin 128: 776 180 354 53 278 
Bin 129: 66 337 174 158 185 304 
Bin 130: 624 345 12 824 35 136 
Bin 131: 464 424 692 582 299 118 
Bin 132: 61 757 23 558 239 
Bin 133: 474 885 956 668 836 884 
Bin 134: 21 685 878 199 281 41 
Bin 135: 428 512 30 255 355 
Bin 136: 647 908 330 938 
Bin 137: 108 91 868 906 78 229 
Bin 138: 960 555 983 430 831 
Bin 139: 950 813 861 72 646 501 
Bin 140: 171 210 260 882 
Bin 141: 420 106 587 90 487 690 
Bin 142: 710 731 385 274 282 316 953 
Bin 143: 601 134 187 869 475 379 
Bin 144: 159 576 839 291 297 915 
Bin 145: 611 887 667 898 429 
Bin 146: 245 148 40 890 786 
Bin 147: 387 842 309 517 237 450 
Bin 148: 997 10 691 918 295 289 
Bin 149: 639 733 585 338 173 
Bin 150: 342 483 332 597 
Bin 151: 525 859 925 46 329 
Bin 152: 598 197 665 736 644 886 
Bin 153: 476 107 353 498 945 
Bin 154: 545 656 707 806 86 
Bin 155: 532 541 928 29 651 
Bin 156: 959 921 602 288 120 
Bin 157: 59 774 478 175 364 629 
Bin 158: 579 627 847 93 
Bin 159: 896 744 843 990 523 181 
Bin 160: 404 170 934 793 904 559 
Bin 161: 189 92 221 217 240 897 
Bin 162: 855 328 322 727 792 588 
Bin 163: 535 713 334 419 504 
Bin 164: 503 412 293 702 418 386 778 
Bin 165: 451 301 85 50 807 222 
Bin 166: 641 308 440 865 437 137 
Bin 167: 850 704 616 384 746 
Bin 168: 315 522 790 367 880 
Bin 169: 233 191 622 989 769 600 
Bin 170: 965 615 321 331 
Bin 171: 457 642 926 935 
Bin 172: 711 952 919 190 380 
Bin 173: 52 39 782 605 538 
Bin 174: 141 410 444 242 
Bin 175: 427 413 660 113 
Bin 176: 766 400 840 318 
Bin 177: 943 441 565 988 
Bin 178: 401 640 164 363 
Bin 179: 551 360 708 268 225 
Bin 180: 529 406 560 
Bin 181: 875 
