# Objective: 166
# Time: 133.45
# Feasible: 1
# Solution:
Bin 0: 949 34 90 593 661 67 
Bin 1: 783 287 270 642 792 557 
Bin 2: 724 878 110 851 713 8 
Bin 3: 810 982 925 435 37 839 
Bin 4: 443 757 994 492 201 801 
Bin 5: 656 912 137 92 210 364 
Bin 6: 923 714 777 432 303 
Bin 7: 1 511 675 572 852 
Bin 8: 446 488 3 756 633 702 10 
Bin 9: 765 779 873 830 807 
Bin 10: 574 260 699 785 926 622 
Bin 11: 403 172 680 648 630 841 781 
Bin 12: 55 605 740 313 887 608 
Bin 13: 872 146 301 900 135 536 
Bin 14: 667 58 177 278 349 226 773 
Bin 15: 990 212 251 563 23 452 
Bin 16: 56 690 782 233 867 305 
Bin 17: 847 314 541 277 187 481 
Bin 18: 624 525 822 671 800 629 
Bin 19: 571 359 360 362 241 217 484 
Bin 20: 464 133 458 651 266 165 575 
Bin 21: 337 214 4 889 824 51 
Bin 22: 255 442 751 549 68 380 
Bin 23: 195 409 431 467 281 728 
Bin 24: 653 259 52 160 512 940 
Bin 25: 567 701 681 732 387 594 
Bin 26: 775 832 297 942 678 551 
Bin 27: 356 199 321 532 218 917 881 491 
Bin 28: 916 468 306 414 365 669 
Bin 29: 267 248 587 919 350 151 
Bin 30: 870 855 188 868 697 288 620 836 
Bin 31: 601 749 710 750 429 842 
Bin 32: 157 941 689 211 75 348 209 
Bin 33: 234 950 703 457 115 13 
Bin 34: 227 987 790 0 938 285 
Bin 35: 552 969 961 535 89 929 673 964 
Bin 36: 486 553 239 426 272 
Bin 37: 444 20 880 859 167 729 799 
Bin 38: 986 904 70 404 718 734 
Bin 39: 708 604 342 73 84 39 
Bin 40: 742 761 911 821 483 310 664 
Bin 41: 951 341 280 43 256 
Bin 42: 720 647 956 837 960 370 
Bin 43: 585 992 394 451 389 455 
Bin 44: 991 408 163 791 566 382 738 
Bin 45: 53 959 771 936 24 984 527 
Bin 46: 829 144 102 276 433 343 
Bin 47: 320 759 81 731 770 506 
Bin 48: 495 636 271 156 683 988 973 
Bin 49: 197 693 355 933 665 77 109 
Bin 50: 581 391 450 755 796 116 
Bin 51: 74 857 805 475 976 186 
Bin 52: 434 125 897 890 741 924 332 
Bin 53: 610 420 518 50 447 412 228 
Bin 54: 625 294 609 504 863 366 
Bin 55: 235 46 45 411 521 6 543 
Bin 56: 907 545 784 688 2 
Bin 57: 722 662 816 519 584 700 
Bin 58: 877 361 119 793 331 508 410 
Bin 59: 19 668 743 507 510 896 
Bin 60: 981 972 161 80 245 62 378 769 
Bin 61: 145 906 818 351 542 346 
Bin 62: 220 307 908 174 659 858 
Bin 63: 607 637 899 534 325 284 
Bin 64: 106 274 79 997 745 57 
Bin 65: 131 213 439 687 813 470 658 
Bin 66: 748 460 691 705 522 977 
Bin 67: 415 134 402 694 85 712 
Bin 68: 381 304 644 915 611 296 
Bin 69: 374 766 150 103 814 641 655 
Bin 70: 159 838 86 489 840 550 189 
Bin 71: 817 758 83 47 478 598 
Bin 72: 117 196 975 875 191 298 
Bin 73: 128 424 866 184 602 309 
Bin 74: 427 970 322 449 379 
Bin 75: 339 638 371 5 685 
Bin 76: 753 589 353 471 392 203 
Bin 77: 224 874 82 692 948 
Bin 78: 643 413 823 914 312 345 
Bin 79: 108 15 998 253 377 902 
Bin 80: 140 578 494 503 334 833 
Bin 81: 974 768 330 698 612 190 123 
Bin 82: 719 466 808 237 564 25 
Bin 83: 124 326 396 162 979 579 
Bin 84: 155 441 918 473 670 
Bin 85: 834 11 876 181 614 
Bin 86: 516 462 101 565 36 120 588 
Bin 87: 778 317 105 646 520 126 895 
Bin 88: 250 64 373 376 430 754 
Bin 89: 472 170 22 626 526 
Bin 90: 423 727 920 958 529 63 143 
Bin 91: 707 96 544 616 324 
Bin 92: 869 71 223 619 955 597 
Bin 93: 386 21 965 856 577 347 
Bin 94: 798 634 935 843 127 
Bin 95: 736 252 763 440 937 
Bin 96: 417 723 746 87 582 666 
Bin 97: 533 826 88 613 395 657 
Bin 98: 453 329 202 592 627 59 684 
Bin 99: 962 289 576 385 456 176 344 
Bin 100: 12 649 26 399 327 715 
Bin 101: 733 939 586 316 706 
Bin 102: 677 400 496 407 645 454 803 393 
Bin 103: 517 891 29 93 704 179 
Bin 104: 528 166 17 672 318 774 154 
Bin 105: 66 401 580 44 850 854 
Bin 106: 820 623 772 291 48 735 
Bin 107: 546 60 682 340 603 
Bin 108: 752 279 932 232 148 514 
Bin 109: 764 635 476 944 650 200 
Bin 110: 513 931 238 319 419 175 
Bin 111: 425 207 490 497 261 995 352 
Bin 112: 554 883 130 30 463 884 
Bin 113: 254 540 663 797 42 249 
Bin 114: 978 726 18 686 794 845 
Bin 115: 957 786 369 886 548 615 
Bin 116: 569 954 996 383 953 968 
Bin 117: 358 336 747 776 268 421 204 
Bin 118: 9 780 787 315 28 
Bin 119: 31 335 509 219 844 618 
Bin 120: 422 985 599 789 111 229 
Bin 121: 795 767 265 263 901 16 
Bin 122: 311 283 480 913 193 368 
Bin 123: 113 819 142 295 804 927 
Bin 124: 894 600 967 41 205 33 
Bin 125: 502 696 848 788 721 
Bin 126: 61 32 809 302 591 861 
Bin 127: 243 149 338 121 230 888 
Bin 128: 244 493 846 660 983 
Bin 129: 118 676 632 812 945 474 
Bin 130: 438 258 445 849 14 448 
Bin 131: 993 158 815 487 501 7 
Bin 132: 152 573 114 437 531 590 
Bin 133: 40 679 893 328 631 286 905 
Bin 134: 558 257 247 461 72 885 
Bin 135: 628 198 94 730 136 
Bin 136: 246 523 864 100 717 583 
Bin 137: 639 910 129 716 835 76 
Bin 138: 559 206 208 375 562 606 
Bin 139: 524 35 762 469 711 308 282 398 
Bin 140: 515 139 561 465 388 568 
Bin 141: 860 27 147 99 406 38 
Bin 142: 107 966 617 547 171 725 
Bin 143: 262 499 825 436 173 65 
Bin 144: 922 739 654 999 871 357 
Bin 145: 292 215 555 178 418 903 
Bin 146: 505 946 952 943 225 323 
Bin 147: 49 459 539 95 372 485 
Bin 148: 538 652 182 882 275 
Bin 149: 231 367 390 853 879 293 
Bin 150: 640 980 963 760 909 
Bin 151: 811 806 299 971 354 69 
Bin 152: 709 802 194 269 240 185 
Bin 153: 54 216 333 898 934 
Bin 154: 865 180 537 989 947 
Bin 155: 556 477 168 596 744 242 
Bin 156: 183 236 500 221 300 
Bin 157: 482 674 921 192 498 
Bin 158: 737 384 695 828 273 
Bin 159: 264 104 595 930 862 
Bin 160: 222 928 78 132 397 
Bin 161: 141 560 892 122 416 530 
Bin 162: 112 153 363 405 
Bin 163: 138 831 621 97 91 570 
Bin 164: 169 98 479 
Bin 165: 827 164 428 290 
