# Objective: 80
# Time: 64.3694
# Feasible: 1
# Solution:
Bin 0: 483 493 494 35 337 217 
Bin 1: 180 484 87 39 128 242 313 
Bin 2: 486 351 324 441 160 436 393 
Bin 3: 386 346 420 305 219 464 358 
Bin 4: 122 193 230 392 5 183 
Bin 5: 348 206 194 221 232 252 
Bin 6: 124 268 186 25 72 170 178 
Bin 7: 257 208 433 339 450 472 442 240 495 
Bin 8: 488 402 373 145 404 238 437 
Bin 9: 251 182 426 267 334 
Bin 10: 185 42 117 225 365 91 
Bin 11: 154 169 457 56 274 438 
Bin 12: 303 174 485 364 425 341 340 
Bin 13: 374 195 120 338 0 123 
Bin 14: 458 21 44 130 107 482 49 
Bin 15: 196 62 188 398 397 29 
Bin 16: 24 406 414 227 366 81 
Bin 17: 279 289 270 474 344 159 146 
Bin 18: 354 162 429 376 98 103 
Bin 19: 27 211 395 31 400 259 306 
Bin 20: 377 57 466 214 96 331 
Bin 21: 499 125 9 333 152 50 41 
Bin 22: 295 245 407 323 443 233 
Bin 23: 356 470 448 163 467 266 299 
Bin 24: 476 478 200 156 286 497 352 
Bin 25: 294 492 421 481 131 218 172 
Bin 26: 83 8 453 115 90 161 113 
Bin 27: 307 150 58 277 415 153 
Bin 28: 82 167 143 92 77 280 
Bin 29: 265 317 166 439 112 
Bin 30: 247 283 263 86 36 487 222 
Bin 31: 290 480 276 465 396 137 
Bin 32: 67 210 68 298 359 349 413 
Bin 33: 287 157 440 14 325 110 427 
Bin 34: 127 12 368 184 135 2 
Bin 35: 151 205 372 248 462 431 
Bin 36: 237 318 136 60 300 455 
Bin 37: 207 97 469 84 105 405 
Bin 38: 95 384 381 118 93 228 434 
Bin 39: 399 111 264 367 250 471 
Bin 40: 202 216 34 187 231 37 
Bin 41: 422 304 212 71 461 449 293 
Bin 42: 410 258 171 371 32 315 
Bin 43: 292 284 16 4 102 144 
Bin 44: 394 176 363 126 100 261 
Bin 45: 177 451 246 475 379 179 321 
Bin 46: 1 142 380 18 332 278 
Bin 47: 85 378 330 419 391 164 328 
Bin 48: 329 15 116 301 52 147 
Bin 49: 26 108 104 254 114 45 
Bin 50: 132 181 390 435 53 401 
Bin 51: 418 468 204 43 63 3 
Bin 52: 226 479 51 59 296 148 236 
Bin 53: 423 360 235 312 66 275 
Bin 54: 80 65 101 70 119 430 
Bin 55: 189 369 256 362 121 133 416 
Bin 56: 408 297 282 253 459 7 
Bin 57: 165 155 370 48 158 357 109 
Bin 58: 61 224 456 243 308 
Bin 59: 347 387 23 490 76 383 411 
Bin 60: 129 223 326 20 175 388 
Bin 61: 6 13 452 327 302 389 489 
Bin 62: 424 262 139 138 375 64 
Bin 63: 447 22 355 445 11 432 88 
Bin 64: 309 79 343 190 498 285 
Bin 65: 33 191 168 454 94 69 
Bin 66: 140 320 241 255 444 106 
Bin 67: 244 40 213 353 17 463 
Bin 68: 336 215 311 249 345 314 
Bin 69: 288 75 409 335 99 209 
Bin 70: 234 260 412 78 350 46 
Bin 71: 134 192 73 54 55 
Bin 72: 319 460 173 197 141 310 
Bin 73: 273 269 403 89 201 
Bin 74: 382 491 496 28 417 473 322 
Bin 75: 291 47 220 74 361 
Bin 76: 446 271 38 385 342 
Bin 77: 198 149 10 272 
Bin 78: 477 316 30 428 229 203 
Bin 79: 19 239 199 281 
