# Objective: 75
# Time: 31.982
# Feasible: 1
# Solution:
Bin 0: 202 131 178 187 380 477 142 238 
Bin 1: 392 494 163 398 449 
Bin 2: 386 306 2 138 445 32 317 
Bin 3: 322 308 460 428 105 126 284 
Bin 4: 478 395 352 244 59 197 268 
Bin 5: 194 139 459 119 252 85 97 490 
Bin 6: 247 237 318 425 68 307 
Bin 7: 349 112 310 270 294 210 
Bin 8: 220 162 123 450 104 440 
Bin 9: 451 91 457 376 366 63 
Bin 10: 127 55 206 282 240 447 377 
Bin 11: 207 367 472 72 418 38 384 
Bin 12: 180 40 470 57 191 269 44 
Bin 13: 124 354 125 299 483 196 413 
Bin 14: 175 39 323 37 287 215 285 120 
Bin 15: 408 145 251 324 373 437 
Bin 16: 74 199 242 132 341 479 
Bin 17: 273 241 221 438 209 87 
Bin 18: 49 406 136 492 19 486 
Bin 19: 53 113 498 257 31 342 402 489 
Bin 20: 133 51 213 389 444 137 140 277 
Bin 21: 225 488 234 350 412 467 288 218 
Bin 22: 256 383 172 15 43 387 
Bin 23: 130 107 289 216 397 153 186 266 
Bin 24: 52 276 301 432 296 309 
Bin 25: 391 466 78 193 302 84 
Bin 26: 150 184 83 149 422 157 434 
Bin 27: 405 245 263 481 496 358 109 
Bin 28: 90 499 166 64 58 275 
Bin 29: 205 141 291 152 442 69 
Bin 30: 487 305 435 461 148 146 
Bin 31: 424 416 188 393 388 
Bin 32: 359 365 81 185 116 315 35 
Bin 33: 47 42 212 497 79 
Bin 34: 203 431 229 174 326 170 
Bin 35: 471 118 73 293 344 420 
Bin 36: 94 169 176 129 436 385 298 
Bin 37: 227 329 18 86 3 70 
Bin 38: 159 362 356 80 401 259 12 345 
Bin 39: 261 48 371 20 419 452 280 
Bin 40: 128 361 409 360 423 253 71 99 334 
Bin 41: 248 369 400 441 403 394 433 
Bin 42: 168 468 316 485 200 179 
Bin 43: 62 108 454 77 56 254 390 303 473 
Bin 44: 182 88 30 239 243 372 381 226 
Bin 45: 16 82 382 311 364 223 
Bin 46: 300 60 17 464 195 34 378 
Bin 47: 198 415 28 260 476 4 
Bin 48: 117 462 98 115 295 161 232 
Bin 49: 222 26 346 10 265 258 411 271 
Bin 50: 314 279 333 368 147 336 7 114 
Bin 51: 379 144 101 23 111 
Bin 52: 1 448 480 264 410 177 281 76 
Bin 53: 66 22 439 297 427 
Bin 54: 396 246 121 36 9 426 
Bin 55: 255 430 189 355 399 235 
Bin 56: 110 463 65 29 192 421 
Bin 57: 171 27 100 443 106 272 
Bin 58: 455 181 135 290 331 335 41 
Bin 59: 201 348 92 167 228 343 453 
Bin 60: 5 283 363 122 339 286 469 
Bin 61: 262 484 231 173 274 330 13 
Bin 62: 353 233 46 495 214 75 312 
Bin 63: 456 319 165 267 491 
Bin 64: 224 61 446 292 156 340 
Bin 65: 407 50 164 417 313 183 249 
Bin 66: 219 160 332 134 96 151 328 
Bin 67: 143 414 325 33 21 45 
Bin 68: 67 204 158 338 24 250 
Bin 69: 0 482 327 304 54 190 347 208 
Bin 70: 217 6 89 475 95 
Bin 71: 93 465 337 370 103 25 155 
Bin 72: 493 11 320 8 351 154 278 374 
Bin 73: 230 102 458 429 357 211 
Bin 74: 375 474 404 236 321 14 
