# Objective: 168
# Time: 114.877
# Feasible: 1
# Solution:
Bin 0: 505 599 575 266 274 249 
Bin 1: 829 386 823 66 795 933 979 
Bin 2: 544 358 659 8 364 936 300 
Bin 3: 889 368 869 752 529 171 
Bin 4: 2 130 153 847 342 754 416 
Bin 5: 395 944 667 766 593 237 
Bin 6: 966 19 257 272 584 67 638 
Bin 7: 313 867 864 391 630 995 
Bin 8: 82 52 432 442 307 202 
Bin 9: 617 180 214 308 334 170 510 
Bin 10: 886 912 629 215 435 472 700 
Bin 11: 625 351 397 296 877 923 
Bin 12: 409 787 3 151 627 796 183 
Bin 13: 821 417 166 815 687 574 656 
Bin 14: 132 103 47 715 226 
Bin 15: 383 735 904 731 135 36 
Bin 16: 77 781 672 255 362 
Bin 17: 128 376 352 927 281 482 
Bin 18: 670 433 61 643 94 184 702 
Bin 19: 478 321 354 210 908 741 622 
Bin 20: 640 720 63 303 419 21 
Bin 21: 523 256 369 466 688 164 943 
Bin 22: 260 916 682 999 467 430 292 
Bin 23: 236 512 992 647 653 922 
Bin 24: 449 910 42 168 144 596 
Bin 25: 797 581 875 693 186 814 818 
Bin 26: 509 501 299 747 506 968 
Bin 27: 816 862 318 315 420 414 40 
Bin 28: 198 388 305 387 874 804 
Bin 29: 206 837 960 615 142 147 722 
Bin 30: 79 559 270 732 607 500 474 
Bin 31: 503 86 964 538 710 524 
Bin 32: 909 846 34 723 418 774 
Bin 33: 612 828 390 866 193 192 
Bin 34: 930 279 408 84 601 803 907 
Bin 35: 855 677 611 887 217 
Bin 36: 116 438 96 445 162 620 
Bin 37: 285 402 711 951 771 243 
Bin 38: 610 415 436 773 89 235 
Bin 39: 952 926 207 537 104 0 624 
Bin 40: 165 976 248 906 945 426 
Bin 41: 348 337 628 357 790 859 121 
Bin 42: 948 560 30 182 583 892 
Bin 43: 504 900 626 883 213 
Bin 44: 489 521 400 154 493 920 
Bin 45: 685 173 896 258 124 265 
Bin 46: 118 407 746 81 374 107 
Bin 47: 898 413 238 851 262 231 977 
Bin 48: 618 275 602 536 801 665 
Bin 49: 399 642 340 382 115 962 
Bin 50: 526 660 185 558 141 
Bin 51: 592 31 181 671 230 809 
Bin 52: 331 199 282 955 492 525 
Bin 53: 44 290 497 134 450 761 204 
Bin 54: 718 750 998 567 455 
Bin 55: 222 566 322 595 550 857 
Bin 56: 780 932 200 531 989 663 
Bin 57: 609 233 39 854 705 145 
Bin 58: 405 530 970 658 965 
Bin 59: 439 314 27 197 695 557 117 
Bin 60: 99 863 251 679 475 775 
Bin 61: 546 13 698 57 423 982 838 
Bin 62: 469 90 211 707 302 811 295 
Bin 63: 329 850 983 845 453 654 
Bin 64: 41 810 582 967 726 806 
Bin 65: 831 74 85 840 871 
Bin 66: 486 648 254 9 590 
Bin 67: 765 461 62 853 201 95 
Bin 68: 783 598 488 440 250 954 
Bin 69: 6 169 437 412 604 770 
Bin 70: 516 452 984 789 786 587 316 
Bin 71: 938 429 309 17 269 
Bin 72: 463 848 739 764 176 985 
Bin 73: 122 616 704 836 980 769 
Bin 74: 101 133 570 349 839 725 724 
Bin 75: 252 646 113 69 138 221 
Bin 76: 286 953 925 268 603 585 
Bin 77: 78 380 678 733 651 289 
Bin 78: 517 261 379 743 518 893 
Bin 79: 673 28 911 827 404 375 748 802 
Bin 80: 940 621 830 914 87 569 
Bin 81: 188 825 98 218 333 92 
Bin 82: 543 534 878 319 939 195 
Bin 83: 978 411 868 108 247 580 
Bin 84: 191 29 681 464 974 434 
Bin 85: 129 139 174 451 43 
Bin 86: 378 805 608 655 961 785 
Bin 87: 668 444 287 623 551 701 
Bin 88: 385 50 335 365 890 988 344 
Bin 89: 137 996 991 694 158 578 835 
Bin 90: 219 480 156 591 359 
Bin 91: 150 522 360 858 768 
Bin 92: 755 495 373 58 684 690 
Bin 93: 149 229 45 100 431 491 
Bin 94: 7 519 10 14 949 345 
Bin 95: 55 11 483 427 232 972 
Bin 96: 793 699 244 70 12 320 
Bin 97: 511 216 703 343 714 446 324 71 
Bin 98: 502 389 662 652 649 986 
Bin 99: 520 367 680 784 424 843 
Bin 100: 841 757 552 934 635 366 56 
Bin 101: 849 459 212 109 361 606 
Bin 102: 548 227 384 779 46 913 
Bin 103: 903 541 167 872 234 327 547 
Bin 104: 709 51 346 157 696 
Bin 105: 24 997 20 738 994 441 159 
Bin 106: 778 223 25 22 421 110 
Bin 107: 528 60 730 341 533 788 729 
Bin 108: 473 468 706 1 573 826 
Bin 109: 196 401 571 447 861 
Bin 110: 406 179 692 777 987 220 
Bin 111: 901 48 918 126 639 339 
Bin 112: 363 664 228 963 891 555 
Bin 113: 485 734 477 225 457 187 
Bin 114: 259 175 338 311 902 448 
Bin 115: 576 301 479 753 470 772 
Bin 116: 297 317 392 884 645 
Bin 117: 23 674 443 18 428 527 
Bin 118: 294 246 498 396 119 114 758 
Bin 119: 716 276 481 347 370 562 759 
Bin 120: 669 666 800 68 947 75 
Bin 121: 253 586 762 820 73 742 
Bin 122: 120 760 242 80 852 
Bin 123: 812 460 880 588 564 
Bin 124: 515 507 888 876 542 873 
Bin 125: 572 834 946 484 93 676 
Bin 126: 563 792 686 332 822 928 
Bin 127: 808 350 205 577 454 817 140 
Bin 128: 971 794 819 298 661 
Bin 129: 597 641 487 131 929 
Bin 130: 326 330 271 456 32 163 
Bin 131: 304 273 403 882 4 
Bin 132: 719 148 209 981 990 37 
Bin 133: 49 894 16 325 26 763 161 
Bin 134: 59 355 53 637 5 462 
Bin 135: 353 613 589 644 476 749 
Bin 136: 38 737 278 465 146 
Bin 137: 97 398 277 697 905 
Bin 138: 172 381 650 799 935 
Bin 139: 675 513 565 657 712 899 776 
Bin 140: 241 633 35 636 937 
Bin 141: 921 91 178 310 496 975 
Bin 142: 293 942 264 356 189 865 
Bin 143: 897 422 973 917 634 
Bin 144: 959 600 556 160 15 
Bin 145: 540 372 539 127 65 
Bin 146: 312 535 605 393 919 88 
Bin 147: 879 881 619 33 458 203 
Bin 148: 740 72 155 950 532 123 
Bin 149: 328 860 744 751 832 
Bin 150: 190 713 689 553 717 807 
Bin 151: 240 499 112 514 377 
Bin 152: 924 941 194 579 545 
Bin 153: 64 471 208 508 844 
Bin 154: 410 708 824 143 177 
Bin 155: 323 958 895 136 336 
Bin 156: 371 782 549 306 245 494 
Bin 157: 239 83 111 767 915 631 
Bin 158: 561 956 683 931 284 745 
Bin 159: 152 856 102 594 425 
Bin 160: 870 798 632 756 76 
Bin 161: 957 721 727 568 
Bin 162: 54 736 842 224 
Bin 163: 105 125 728 691 
Bin 164: 993 614 490 813 
Bin 165: 394 885 833 280 554 
Bin 166: 969 288 267 791 
Bin 167: 283 291 263 106 
