# Objective: 75
# Time: 24.2402
# Feasible: 1
# Solution:
Bin 0: 69 76 381 456 282 382 395 20 62 
Bin 1: 117 362 288 14 145 9 268 364 252 
Bin 2: 309 257 208 378 491 84 
Bin 3: 248 26 64 233 260 187 373 424 215 
Bin 4: 30 411 293 46 428 218 432 
Bin 5: 121 435 39 273 333 322 109 
Bin 6: 279 481 440 66 460 138 90 
Bin 7: 270 140 235 281 292 
Bin 8: 185 167 499 155 425 
Bin 9: 228 210 329 190 133 165 287 74 151 
Bin 10: 430 186 246 124 372 394 226 51 
Bin 11: 118 464 449 321 180 346 101 
Bin 12: 216 75 57 480 266 12 126 
Bin 13: 276 132 409 479 111 22 
Bin 14: 283 48 108 119 275 451 56 386 
Bin 15: 429 332 350 100 308 91 
Bin 16: 154 389 476 143 247 221 
Bin 17: 130 168 204 173 50 300 
Bin 18: 79 413 8 178 286 234 450 4 289 
Bin 19: 412 73 384 160 358 68 438 161 
Bin 20: 18 148 327 443 175 
Bin 21: 189 213 104 490 157 477 163 93 
Bin 22: 128 147 442 137 222 123 407 312 
Bin 23: 63 314 489 455 181 158 
Bin 24: 264 136 349 6 36 
Bin 25: 0 416 261 53 240 80 
Bin 26: 444 307 19 162 396 385 
Bin 27: 436 195 414 277 284 445 85 
Bin 28: 431 369 191 149 169 159 31 
Bin 29: 342 134 107 495 484 230 
Bin 30: 262 211 205 487 365 447 13 
Bin 31: 338 345 392 404 344 116 485 
Bin 32: 306 400 86 105 461 135 448 242 
Bin 33: 482 354 259 458 399 23 267 
Bin 34: 337 28 184 71 269 166 417 11 
Bin 35: 483 291 38 356 82 357 420 
Bin 36: 223 390 421 110 241 153 
Bin 37: 427 89 172 367 426 437 
Bin 38: 326 156 201 406 152 
Bin 39: 25 237 316 328 194 
Bin 40: 410 239 463 220 232 
Bin 41: 441 203 103 52 251 127 
Bin 42: 47 408 304 24 317 193 
Bin 43: 65 391 355 468 98 
Bin 44: 43 343 27 471 330 397 
Bin 45: 34 197 49 387 141 183 320 299 
Bin 46: 325 3 278 188 379 423 453 
Bin 47: 336 415 366 465 263 
Bin 48: 29 370 348 144 35 41 
Bin 49: 467 171 97 457 114 199 310 469 
Bin 50: 217 305 54 398 83 7 
Bin 51: 219 340 335 249 243 37 
Bin 52: 182 454 388 77 285 106 254 
Bin 53: 253 352 405 1 245 236 
Bin 54: 486 146 363 434 55 78 466 
Bin 55: 274 176 174 353 496 
Bin 56: 290 95 142 402 33 88 375 72 42 125 
Bin 57: 227 446 403 122 472 498 419 
Bin 58: 164 347 81 112 439 
Bin 59: 70 433 150 302 17 16 280 
Bin 60: 177 311 255 238 418 45 377 87 
Bin 61: 319 470 301 334 206 196 229 44 
Bin 62: 21 492 15 401 224 179 315 
Bin 63: 202 393 497 324 94 494 
Bin 64: 351 473 272 139 360 313 113 67 
Bin 65: 368 214 475 59 339 462 
Bin 66: 10 256 60 376 5 
Bin 67: 294 478 61 225 374 303 
Bin 68: 271 298 129 40 92 265 209 
Bin 69: 323 361 131 115 296 
Bin 70: 318 198 341 488 383 102 200 32 
Bin 71: 120 331 244 170 207 258 
Bin 72: 192 459 422 58 212 359 
Bin 73: 380 452 99 96 2 250 
Bin 74: 297 493 295 474 231 371 
