# Objective: 76
# Time: 32.0972
# Feasible: 1
# Solution:
Bin 0: 273 202 120 317 5 
Bin 1: 355 3 96 110 370 42 38 321 
Bin 2: 258 298 263 161 494 222 107 
Bin 3: 86 393 113 335 413 254 390 
Bin 4: 486 153 106 221 302 1 103 334 
Bin 5: 145 150 340 337 318 39 94 
Bin 6: 411 44 332 132 454 296 
Bin 7: 424 243 421 119 154 477 233 364 
Bin 8: 495 211 34 75 371 455 
Bin 9: 352 416 203 319 397 92 
Bin 10: 229 16 396 61 274 152 
Bin 11: 468 496 291 166 159 451 300 
Bin 12: 377 24 445 348 10 437 29 
Bin 13: 8 26 194 109 172 284 256 
Bin 14: 438 236 374 439 331 362 498 
Bin 15: 179 68 53 326 149 220 214 
Bin 16: 40 207 372 444 276 342 351 
Bin 17: 158 17 338 182 208 448 441 
Bin 18: 499 155 356 197 205 
Bin 19: 135 248 58 72 12 286 
Bin 20: 82 428 406 63 71 19 320 
Bin 21: 456 45 219 458 313 350 
Bin 22: 443 368 77 118 190 130 
Bin 23: 365 316 314 327 252 384 201 
Bin 24: 186 324 266 85 294 418 
Bin 25: 91 402 480 168 470 174 
Bin 26: 275 242 282 188 244 13 
Bin 27: 322 310 467 235 31 
Bin 28: 144 210 165 360 270 170 
Bin 29: 289 405 115 105 442 462 54 
Bin 30: 204 198 383 111 479 262 487 60 
Bin 31: 308 73 20 128 392 195 
Bin 32: 354 400 315 435 385 474 139 358 
Bin 33: 422 312 47 343 189 191 49 
Bin 34: 69 81 27 67 176 223 177 
Bin 35: 183 51 78 14 260 116 
Bin 36: 249 408 117 228 285 268 
Bin 37: 37 234 217 394 83 65 137 328 
Bin 38: 369 427 491 230 452 382 43 
Bin 39: 30 240 259 23 112 471 21 
Bin 40: 255 231 434 129 212 125 0 
Bin 41: 311 493 247 180 261 237 
Bin 42: 264 11 162 329 227 375 
Bin 43: 28 305 391 472 349 414 336 
Bin 44: 104 121 367 346 323 133 178 62 
Bin 45: 366 143 97 59 447 463 460 
Bin 46: 206 224 6 325 114 209 257 
Bin 47: 93 412 140 359 100 147 2 301 299 164 
Bin 48: 218 108 66 290 239 410 401 124 
Bin 49: 193 446 64 277 478 142 
Bin 50: 173 101 420 433 48 18 
Bin 51: 295 415 87 469 196 79 185 
Bin 52: 345 426 492 226 56 357 
Bin 53: 376 283 46 76 88 267 
Bin 54: 436 35 271 102 157 
Bin 55: 171 389 425 52 398 225 419 
Bin 56: 399 378 280 450 379 232 
Bin 57: 457 216 246 25 429 304 
Bin 58: 181 134 131 440 41 126 488 
Bin 59: 90 74 95 353 57 482 
Bin 60: 303 245 333 490 33 380 432 
Bin 61: 278 459 485 288 453 163 
Bin 62: 339 251 387 192 344 341 
Bin 63: 265 403 279 250 98 70 281 
Bin 64: 373 156 175 287 99 476 238 
Bin 65: 466 151 32 361 122 481 
Bin 66: 407 292 148 386 307 199 200 
Bin 67: 489 473 138 464 167 136 123 
Bin 68: 169 423 215 395 272 
Bin 69: 127 22 241 4 55 269 
Bin 70: 309 84 15 293 430 7 
Bin 71: 89 484 465 388 80 50 
Bin 72: 431 306 146 461 184 449 213 
Bin 73: 253 160 330 297 187 363 
Bin 74: 409 483 475 9 36 404 
Bin 75: 347 417 141 497 381 
