# Objective: 168
# Time: 128.337
# Feasible: 1
# Solution:
Bin 0: 675 633 257 805 336 
Bin 1: 602 951 105 293 901 846 99 
Bin 2: 711 640 784 670 539 417 
Bin 3: 228 460 503 24 324 
Bin 4: 65 845 682 736 31 564 648 
Bin 5: 43 882 628 476 424 395 
Bin 6: 242 224 403 916 207 221 
Bin 7: 166 6 746 56 244 763 587 
Bin 8: 178 204 9 749 260 779 139 
Bin 9: 496 933 177 516 315 707 
Bin 10: 680 998 641 848 879 606 
Bin 11: 201 206 329 543 214 108 269 387 
Bin 12: 862 595 842 896 262 359 134 
Bin 13: 579 355 820 48 399 156 68 
Bin 14: 631 301 937 415 463 245 
Bin 15: 428 316 935 511 136 482 273 
Bin 16: 944 863 940 876 959 668 684 
Bin 17: 254 12 176 219 384 342 
Bin 18: 467 562 349 818 465 762 627 
Bin 19: 49 481 877 791 302 925 
Bin 20: 202 729 885 947 337 
Bin 21: 620 615 828 747 151 656 509 637 
Bin 22: 525 521 265 272 182 438 
Bin 23: 188 907 551 179 15 135 88 874 
Bin 24: 494 759 968 658 797 696 
Bin 25: 436 159 4 588 750 730 
Bin 26: 416 915 905 274 766 280 
Bin 27: 215 163 25 708 422 143 
Bin 28: 153 821 541 295 591 455 
Bin 29: 223 840 767 962 167 255 
Bin 30: 809 679 704 819 406 46 362 
Bin 31: 761 350 145 340 314 973 
Bin 32: 339 246 38 827 411 603 
Bin 33: 114 258 830 64 571 238 986 720 
Bin 34: 593 683 487 949 493 107 
Bin 35: 886 232 994 70 623 218 723 
Bin 36: 253 37 993 93 522 
Bin 37: 97 860 116 133 932 634 
Bin 38: 629 152 537 44 174 225 
Bin 39: 386 950 483 279 123 960 
Bin 40: 618 625 997 410 555 213 
Bin 41: 195 989 613 148 557 534 
Bin 42: 53 727 307 217 477 546 911 
Bin 43: 560 79 884 63 370 211 
Bin 44: 309 722 140 325 655 811 
Bin 45: 126 8 945 205 881 
Bin 46: 758 822 776 871 363 
Bin 47: 870 674 527 743 903 190 548 
Bin 48: 644 365 57 366 101 452 
Bin 49: 582 157 676 523 473 
Bin 50: 757 812 974 67 858 86 
Bin 51: 980 856 446 491 518 
Bin 52: 250 567 850 426 193 569 
Bin 53: 444 869 781 119 890 75 
Bin 54: 878 667 699 102 378 120 
Bin 55: 624 898 401 292 995 356 
Bin 56: 566 572 98 264 835 983 
Bin 57: 284 345 297 461 474 847 
Bin 58: 146 278 764 902 790 
Bin 59: 599 930 654 81 440 84 773 
Bin 60: 553 40 536 583 113 636 
Bin 61: 11 607 289 341 420 186 
Bin 62: 751 552 124 131 777 
Bin 63: 714 442 576 52 398 961 54 
Bin 64: 927 584 985 895 322 
Bin 65: 626 744 717 197 405 909 
Bin 66: 581 382 952 353 854 
Bin 67: 348 515 165 775 685 783 
Bin 68: 121 89 575 276 434 138 
Bin 69: 719 889 662 753 769 376 
Bin 70: 939 646 756 338 558 
Bin 71: 299 710 799 565 975 313 535 
Bin 72: 283 861 408 192 447 706 
Bin 73: 531 594 734 479 814 700 
Bin 74: 554 971 323 407 563 981 
Bin 75: 13 538 514 796 735 953 
Bin 76: 449 357 855 425 788 528 
Bin 77: 834 768 859 73 235 298 
Bin 78: 964 402 888 305 368 585 462 
Bin 79: 721 226 78 923 290 839 
Bin 80: 647 360 804 240 597 908 96 
Bin 81: 598 303 946 358 958 677 
Bin 82: 241 978 969 286 259 
Bin 83: 433 724 431 118 979 351 409 
Bin 84: 233 614 454 291 740 508 472 
Bin 85: 512 941 798 66 697 
Bin 86: 304 149 469 733 412 383 
Bin 87: 277 817 90 199 72 20 377 
Bin 88: 385 450 275 429 281 748 489 
Bin 89: 693 147 843 470 556 413 
Bin 90: 47 649 844 142 672 486 
Bin 91: 887 76 865 956 160 
Bin 92: 499 445 243 737 306 
Bin 93: 712 39 660 823 765 150 326 
Bin 94: 936 288 34 375 632 771 
Bin 95: 665 21 19 251 128 673 
Bin 96: 725 187 732 109 212 824 
Bin 97: 829 778 200 754 533 389 
Bin 98: 638 524 739 793 695 893 168 
Bin 99: 948 810 256 282 825 45 
Bin 100: 59 248 208 692 371 
Bin 101: 379 296 789 85 172 517 
Bin 102: 439 130 485 713 71 404 
Bin 103: 609 806 760 261 661 922 
Bin 104: 106 559 3 330 906 448 802 332 
Bin 105: 392 726 970 334 501 664 227 
Bin 106: 427 792 801 924 984 367 
Bin 107: 381 853 23 600 678 938 
Bin 108: 74 611 955 836 931 
Bin 109: 965 851 731 745 237 94 
Bin 110: 852 605 33 574 690 
Bin 111: 95 837 977 689 920 497 
Bin 112: 441 966 864 181 112 464 
Bin 113: 504 928 234 617 816 681 
Bin 114: 393 492 610 687 162 394 80 
Bin 115: 831 414 352 430 175 770 
Bin 116: 478 813 189 35 117 127 
Bin 117: 507 343 164 310 580 184 495 
Bin 118: 866 544 311 500 220 919 
Bin 119: 239 61 170 423 653 
Bin 120: 635 728 703 320 18 437 612 
Bin 121: 849 782 934 158 388 372 
Bin 122: 943 333 229 841 
Bin 123: 318 738 115 312 344 
Bin 124: 954 327 154 596 705 194 
Bin 125: 300 918 957 30 630 540 
Bin 126: 169 549 716 657 542 328 
Bin 127: 77 774 622 701 826 
Bin 128: 421 875 5 369 2 104 
Bin 129: 294 459 510 900 868 795 
Bin 130: 992 110 698 69 833 271 
Bin 131: 686 663 832 16 666 867 42 
Bin 132: 252 498 230 892 335 
Bin 133: 883 391 926 702 373 
Bin 134: 619 122 506 267 872 921 
Bin 135: 873 216 894 141 650 621 
Bin 136: 987 10 91 471 380 803 
Bin 137: 180 183 800 891 396 83 
Bin 138: 1 880 161 103 815 616 
Bin 139: 361 364 203 171 988 55 
Bin 140: 659 755 897 58 752 41 
Bin 141: 185 155 547 129 592 32 
Bin 142: 87 996 331 942 505 
Bin 143: 502 561 443 236 786 645 
Bin 144: 742 209 132 642 397 319 
Bin 145: 82 652 92 418 999 
Bin 146: 688 26 741 604 838 990 899 
Bin 147: 196 694 808 270 709 573 
Bin 148: 529 608 456 222 7 
Bin 149: 772 519 963 577 100 51 
Bin 150: 976 198 967 451 910 
Bin 151: 125 807 643 50 578 532 
Bin 152: 231 374 475 586 317 458 
Bin 153: 173 287 601 346 457 
Bin 154: 570 913 912 550 419 
Bin 155: 568 715 651 904 780 589 
Bin 156: 490 972 669 400 144 354 
Bin 157: 917 484 27 137 794 
Bin 158: 520 526 60 210 14 787 488 
Bin 159: 480 857 991 453 
Bin 160: 17 513 62 914 466 191 
Bin 161: 691 530 247 28 29 308 
Bin 162: 263 639 321 982 468 
Bin 163: 111 268 718 671 347 285 
Bin 164: 545 390 929 
Bin 165: 249 432 36 0 
Bin 166: 785 435 22 
Bin 167: 266 590 
