# Objective: 37
# Time: 9.87752
# Feasible: 1
# Solution:
Bin 0: 87 171 60 27 57 195 
Bin 1: 119 91 175 197 4 43 
Bin 2: 227 74 241 206 63 144 16 
Bin 3: 245 37 164 204 180 107 
Bin 4: 25 127 185 68 56 170 
Bin 5: 202 173 97 136 18 132 199 61 
Bin 6: 172 154 130 140 104 123 102 148 
Bin 7: 142 219 12 106 80 231 59 
Bin 8: 66 218 88 168 134 149 33 
Bin 9: 23 143 240 24 192 230 32 
Bin 10: 41 1 232 17 126 125 187 
Bin 11: 139 108 118 115 190 228 35 
Bin 12: 152 210 20 229 243 194 193 237 22 
Bin 13: 155 45 224 242 86 141 77 
Bin 14: 49 165 239 162 179 85 
Bin 15: 214 208 207 7 89 2 13 98 
Bin 16: 48 0 120 212 71 99 54 213 
Bin 17: 216 238 75 78 166 246 121 
Bin 18: 10 70 47 169 15 53 
Bin 19: 21 124 58 100 30 6 
Bin 20: 146 109 176 93 159 196 181 
Bin 21: 188 209 186 9 90 247 
Bin 22: 215 46 221 83 116 174 
Bin 23: 157 84 233 105 28 3 96 205 
Bin 24: 62 8 114 94 79 39 76 234 
Bin 25: 177 153 158 129 67 29 50 
Bin 26: 26 112 40 131 220 249 163 
Bin 27: 128 211 111 31 189 191 72 
Bin 28: 34 235 167 133 137 
Bin 29: 69 151 184 44 178 160 
Bin 30: 14 236 52 226 38 161 135 
Bin 31: 198 200 147 156 182 103 
Bin 32: 203 51 81 223 244 65 5 117 
Bin 33: 248 217 122 73 201 82 55 
Bin 34: 101 183 225 64 11 113 
Bin 35: 42 19 110 145 150 
Bin 36: 36 222 92 138 95 
