# Objective: 86
# Time: 71.7104
# Feasible: 1
# Solution:
Bin 0: 30 60 246 122 108 292 
Bin 1: 447 215 278 413 158 
Bin 2: 132 124 430 439 24 371 264 
Bin 3: 271 172 417 392 469 
Bin 4: 113 125 162 197 74 72 
Bin 5: 181 8 134 460 260 33 255 
Bin 6: 372 217 405 252 119 
Bin 7: 352 340 70 485 101 200 
Bin 8: 146 67 10 249 56 102 169 
Bin 9: 416 471 389 179 368 94 
Bin 10: 381 188 355 61 233 242 
Bin 11: 364 265 223 148 7 49 
Bin 12: 31 287 131 433 495 111 422 
Bin 13: 438 377 482 203 230 51 376 
Bin 14: 452 192 436 459 52 390 175 
Bin 15: 398 443 211 96 420 491 
Bin 16: 334 144 318 400 323 187 275 
Bin 17: 298 393 285 83 328 388 
Bin 18: 176 37 154 479 401 312 9 
Bin 19: 26 402 295 499 39 
Bin 20: 65 296 62 114 412 367 
Bin 21: 50 23 87 117 121 463 196 
Bin 22: 143 210 409 349 432 
Bin 23: 316 93 168 348 178 32 
Bin 24: 137 327 201 22 394 
Bin 25: 240 378 103 326 104 274 
Bin 26: 86 151 222 496 395 173 
Bin 27: 161 133 138 350 110 311 
Bin 28: 205 48 498 489 5 477 155 
Bin 29: 80 244 365 139 487 383 
Bin 30: 290 314 374 386 115 2 
Bin 31: 358 325 337 454 34 481 136 
Bin 32: 66 379 92 315 189 55 
Bin 33: 239 45 391 89 480 444 
Bin 34: 69 411 1 63 470 356 
Bin 35: 245 331 434 214 231 373 
Bin 36: 135 99 437 202 120 341 
Bin 37: 335 456 116 258 473 229 429 
Bin 38: 145 396 346 317 361 288 
Bin 39: 267 243 234 256 90 27 419 
Bin 40: 199 309 410 128 279 369 
Bin 41: 359 183 329 343 347 
Bin 42: 193 291 177 224 216 
Bin 43: 167 254 209 406 18 435 
Bin 44: 21 408 64 250 25 12 
Bin 45: 475 19 228 272 194 236 190 
Bin 46: 353 426 3 294 330 
Bin 47: 263 219 142 339 268 486 
Bin 48: 284 421 332 404 370 
Bin 49: 238 153 213 319 198 484 299 
Bin 50: 208 17 280 185 362 
Bin 51: 468 333 218 380 418 360 
Bin 52: 303 492 497 98 207 14 
Bin 53: 464 478 46 118 73 
Bin 54: 220 241 366 342 313 57 
Bin 55: 282 44 237 191 344 
Bin 56: 163 221 450 16 170 270 
Bin 57: 320 123 42 357 449 112 289 
Bin 58: 11 248 363 68 302 226 
Bin 59: 58 82 385 423 310 15 251 
Bin 60: 43 36 467 465 106 
Bin 61: 186 431 95 130 483 54 
Bin 62: 6 171 441 174 180 
Bin 63: 375 126 300 458 47 
Bin 64: 35 338 384 150 107 494 
Bin 65: 164 85 76 399 38 
Bin 66: 184 182 324 140 397 
Bin 67: 269 490 266 53 415 301 
Bin 68: 262 407 403 28 253 149 105 
Bin 69: 41 71 129 84 88 
Bin 70: 322 20 273 232 493 
Bin 71: 276 474 387 453 414 261 235 
Bin 72: 277 297 466 100 336 227 
Bin 73: 204 306 281 446 424 354 
Bin 74: 147 455 488 0 97 
Bin 75: 461 442 81 159 195 
Bin 76: 75 127 462 79 109 
Bin 77: 4 40 307 247 
Bin 78: 305 440 91 259 29 
Bin 79: 476 351 304 152 382 156 
Bin 80: 225 425 166 427 77 
Bin 81: 160 321 13 212 59 
Bin 82: 157 445 286 472 283 
Bin 83: 257 293 345 206 165 
Bin 84: 451 428 308 
Bin 85: 78 448 141 457 
