# Objective: 20
# Time: 3.56966
# Feasible: 1
# Solution:
Bin 0: 58 89 86 33 57 106 67 
Bin 1: 46 115 1 91 74 
Bin 2: 21 3 104 98 108 
Bin 3: 8 42 62 20 105 96 
Bin 4: 18 76 43 22 9 93 34 
Bin 5: 85 78 116 103 90 97 
Bin 6: 41 52 100 56 39 117 
Bin 7: 45 29 68 82 17 87 35 
Bin 8: 92 64 37 75 48 83 
Bin 9: 111 110 99 113 114 102 
Bin 10: 27 14 71 50 23 109 
Bin 11: 84 16 19 107 101 59 
Bin 12: 61 2 26 77 10 32 25 
Bin 13: 28 12 80 24 94 
Bin 14: 95 72 51 73 55 60 
Bin 15: 30 4 40 69 63 53 
Bin 16: 54 7 66 81 49 38 
Bin 17: 13 0 79 112 6 5 15 
Bin 18: 31 65 36 11 44 
Bin 19: 47 118 70 119 88 
