# Objective: 83
# Time: 50.1895
# Feasible: 1
# Solution:
Bin 0: 360 158 119 489 401 418 
Bin 1: 276 78 102 118 198 499 138 
Bin 2: 334 400 108 309 217 112 
Bin 3: 411 87 376 296 239 187 162 
Bin 4: 437 417 279 297 496 82 
Bin 5: 167 80 483 468 473 426 
Bin 6: 479 490 258 24 188 313 10 
Bin 7: 398 432 218 291 22 
Bin 8: 249 466 37 74 110 410 
Bin 9: 161 430 219 189 107 100 388 
Bin 10: 55 406 150 420 448 320 149 41 
Bin 11: 335 423 295 213 326 121 
Bin 12: 415 458 307 392 127 
Bin 13: 133 18 284 209 16 
Bin 14: 147 353 349 179 116 427 
Bin 15: 42 381 126 70 182 314 
Bin 16: 333 362 35 440 31 462 169 431 
Bin 17: 1 476 103 373 159 341 
Bin 18: 436 151 6 359 178 
Bin 19: 278 26 105 148 205 332 257 
Bin 20: 234 28 439 321 324 345 
Bin 21: 253 98 221 115 194 270 
Bin 22: 152 428 273 95 11 
Bin 23: 228 385 455 155 294 336 451 
Bin 24: 311 463 441 136 402 206 460 
Bin 25: 366 425 331 79 62 
Bin 26: 49 122 67 86 171 143 
Bin 27: 412 493 114 106 342 13 
Bin 28: 196 467 54 289 111 250 
Bin 29: 413 101 301 459 170 
Bin 30: 40 226 177 317 200 50 
Bin 31: 481 45 247 251 339 
Bin 32: 445 90 81 175 232 264 338 
Bin 33: 456 474 65 64 407 153 33 
Bin 34: 305 144 254 492 53 
Bin 35: 471 361 195 5 346 288 38 
Bin 36: 374 91 327 39 263 329 369 
Bin 37: 75 383 491 269 480 109 382 
Bin 38: 306 174 268 310 397 287 
Bin 39: 176 302 384 99 465 
Bin 40: 20 202 220 77 449 
Bin 41: 482 47 371 399 48 352 
Bin 42: 14 292 357 300 63 137 
Bin 43: 409 350 386 68 227 377 
Bin 44: 242 265 2 60 424 17 433 
Bin 45: 59 299 214 129 470 367 328 259 
Bin 46: 368 12 422 113 181 
Bin 47: 131 193 125 487 390 380 
Bin 48: 240 146 3 203 58 88 
Bin 49: 72 23 252 446 272 378 
Bin 50: 46 184 191 316 210 
Bin 51: 163 438 354 172 344 255 486 
Bin 52: 312 246 281 485 405 51 
Bin 53: 229 330 429 469 156 222 
Bin 54: 233 231 347 154 104 93 
Bin 55: 475 351 128 61 71 230 120 
Bin 56: 495 260 261 464 57 421 
Bin 57: 267 27 29 372 36 355 
Bin 58: 444 452 160 96 211 
Bin 59: 395 283 442 135 454 92 379 
Bin 60: 404 241 477 256 280 243 
Bin 61: 375 94 315 9 164 285 183 
Bin 62: 325 73 168 145 208 
Bin 63: 83 387 89 497 457 
Bin 64: 337 66 190 282 185 447 
Bin 65: 488 245 180 266 123 389 293 
Bin 66: 364 340 303 44 323 30 
Bin 67: 15 32 275 117 
Bin 68: 322 141 173 197 262 85 
Bin 69: 348 84 97 0 204 
Bin 70: 157 403 286 166 393 443 
Bin 71: 134 494 461 238 201 142 472 
Bin 72: 69 19 498 52 165 8 132 
Bin 73: 34 223 416 308 370 124 
Bin 74: 224 25 414 192 215 
Bin 75: 225 453 7 450 130 274 
Bin 76: 318 363 244 396 212 4 
Bin 77: 207 139 365 434 277 
Bin 78: 199 76 356 319 216 
Bin 79: 343 484 21 358 304 
Bin 80: 271 419 43 236 298 56 
Bin 81: 478 435 186 248 140 
Bin 82: 408 290 391 394 237 235 
