# Objective: 203
# Time: 1000.36
# Feasible: 1
# Solution:
Bin 0: 283 952 557 124 76 
Bin 1: 831 787 909 95 563 573 
Bin 2: 217 349 961 243 348 
Bin 3: 914 41 588 32 1 
Bin 4: 574 357 752 347 470 
Bin 5: 97 138 659 974 362 
Bin 6: 288 933 755 399 205 
Bin 7: 620 561 192 790 862 333 
Bin 8: 208 900 375 487 284 
Bin 9: 130 297 104 895 832 592 
Bin 10: 733 21 652 614 565 389 
Bin 11: 633 605 20 873 564 
Bin 12: 508 978 419 467 
Bin 13: 711 754 460 113 494 
Bin 14: 674 904 896 642 882 
Bin 15: 863 179 663 252 16 
Bin 16: 318 667 744 270 724 
Bin 17: 948 433 878 795 391 
Bin 18: 31 621 139 800 975 
Bin 19: 236 894 626 709 225 
Bin 20: 616 447 25 558 77 263 
Bin 21: 458 344 361 188 409 46 
Bin 22: 735 191 121 699 546 768 
Bin 23: 662 803 898 226 916 998 376 
Bin 24: 883 336 868 988 701 844 
Bin 25: 814 979 536 474 860 
Bin 26: 228 938 149 601 106 
Bin 27: 981 296 572 603 123 
Bin 28: 22 194 902 703 215 
Bin 29: 738 366 567 12 207 
Bin 30: 24 435 290 94 5 934 
Bin 31: 312 478 913 500 
Bin 32: 448 29 660 569 514 
Bin 33: 30 955 456 235 497 619 
Bin 34: 343 770 676 462 
Bin 35: 741 750 919 673 13 
Bin 36: 241 414 700 987 949 732 
Bin 37: 876 164 679 646 237 206 
Bin 38: 647 233 56 840 70 
Bin 39: 492 821 590 578 4 274 
Bin 40: 397 135 421 64 
Bin 41: 100 501 689 109 234 
Bin 42: 23 385 747 400 721 
Bin 43: 996 229 615 426 870 
Bin 44: 547 329 737 622 393 
Bin 45: 147 838 761 697 457 
Bin 46: 127 260 629 743 374 881 
Bin 47: 719 706 550 598 827 461 
Bin 48: 92 812 799 158 314 
Bin 49: 917 166 316 438 174 
Bin 50: 813 65 910 889 219 
Bin 51: 559 199 321 993 491 
Bin 52: 713 320 91 323 984 
Bin 53: 826 216 587 410 18 
Bin 54: 112 99 869 643 
Bin 55: 341 471 856 250 55 
Bin 56: 405 553 685 328 186 
Bin 57: 543 940 599 817 339 
Bin 58: 231 935 661 712 710 
Bin 59: 197 915 481 35 266 568 
Bin 60: 396 142 684 134 38 517 
Bin 61: 929 415 977 499 379 
Bin 62: 533 110 551 198 281 
Bin 63: 486 705 69 570 287 798 
Bin 64: 816 114 222 74 715 
Bin 65: 967 60 455 509 
Bin 66: 111 811 322 221 48 
Bin 67: 771 936 779 808 131 865 
Bin 68: 62 383 851 740 506 
Bin 69: 269 890 445 372 377 326 
Bin 70: 165 440 307 161 541 
Bin 71: 824 475 888 531 773 
Bin 72: 687 983 837 841 634 
Bin 73: 649 556 802 282 427 
Bin 74: 280 853 946 195 682 
Bin 75: 89 586 154 677 885 
Bin 76: 119 163 259 309 52 
Bin 77: 765 537 368 170 45 
Bin 78: 388 40 27 264 239 
Bin 79: 805 83 786 185 716 155 
Bin 80: 641 784 871 380 966 
Bin 81: 525 726 49 911 
Bin 82: 245 549 353 849 465 
Bin 83: 681 143 238 972 594 538 
Bin 84: 145 788 256 148 247 387 
Bin 85: 756 429 338 602 265 
Bin 86: 758 398 272 58 986 
Bin 87: 160 346 480 690 657 212 
Bin 88: 218 503 68 268 126 924 
Bin 89: 742 907 994 782 403 86 
Bin 90: 244 136 477 279 450 
Bin 91: 797 582 311 262 580 694 
Bin 92: 345 473 454 691 71 181 
Bin 93: 829 785 358 294 464 823 648 
Bin 94: 969 692 42 169 96 
Bin 95: 807 327 152 360 655 
Bin 96: 53 518 381 178 723 
Bin 97: 982 15 877 61 552 493 
Bin 98: 762 82 504 350 
Bin 99: 968 261 189 589 562 
Bin 100: 382 485 846 985 
Bin 101: 534 702 515 848 66 146 
Bin 102: 406 579 585 866 434 
Bin 103: 257 627 639 7 886 731 
Bin 104: 516 964 200 850 854 
Bin 105: 242 664 809 591 394 
Bin 106: 577 945 696 303 
Bin 107: 115 34 931 476 67 
Bin 108: 937 686 631 
Bin 109: 285 482 144 253 0 995 
Bin 110: 404 858 707 390 3 746 
Bin 111: 267 168 428 767 727 
Bin 112: 304 791 820 176 156 
Bin 113: 625 897 246 
Bin 114: 324 446 819 672 
Bin 115: 650 108 449 675 
Bin 116: 11 72 778 923 57 
Bin 117: 730 608 554 535 989 
Bin 118: 489 305 632 
Bin 119: 472 875 451 753 
Bin 120: 6 223 289 959 369 
Bin 121: 14 273 560 
Bin 122: 232 204 695 576 441 496 
Bin 123: 922 432 184 879 604 
Bin 124: 177 887 129 908 101 
Bin 125: 906 519 806 903 
Bin 126: 271 528 527 772 
Bin 127: 658 28 610 600 801 
Bin 128: 337 37 941 597 714 
Bin 129: 453 926 513 763 693 511 
Bin 130: 669 443 240 651 416 
Bin 131: 103 54 172 201 670 
Bin 132: 618 901 171 836 424 
Bin 133: 891 363 469 
Bin 134: 789 452 760 
Bin 135: 276 780 920 539 17 
Bin 136: 437 355 609 84 63 
Bin 137: 644 530 180 728 
Bin 138: 653 997 151 255 295 
Bin 139: 759 722 313 370 
Bin 140: 847 10 137 107 804 59 
Bin 141: 708 623 36 
Bin 142: 529 575 822 75 365 
Bin 143: 893 26 402 581 
Bin 144: 412 630 157 220 
Bin 145: 167 141 224 951 
Bin 146: 745 340 680 932 484 
Bin 147: 277 351 918 79 
Bin 148: 899 182 962 855 488 
Bin 149: 512 193 566 999 78 
Bin 150: 867 825 190 105 720 
Bin 151: 583 990 39 612 310 
Bin 152: 593 947 102 116 624 
Bin 153: 173 43 884 613 317 
Bin 154: 991 548 80 85 459 
Bin 155: 944 417 162 958 980 
Bin 156: 315 196 683 214 880 
Bin 157: 872 717 120 301 
Bin 158: 777 335 175 698 830 
Bin 159: 973 734 965 431 302 
Bin 160: 640 463 73 19 408 
Bin 161: 542 671 971 187 122 
Bin 162: 845 775 81 128 132 617 
Bin 163: 33 251 905 781 749 
Bin 164: 859 757 420 367 
Bin 165: 834 520 544 545 769 
Bin 166: 159 921 298 942 976 
Bin 167: 153 636 540 748 766 
Bin 168: 227 532 354 430 308 739 638 
Bin 169: 927 202 425 
Bin 170: 407 334 839 203 468 
Bin 171: 401 422 51 2 957 
Bin 172: 611 595 423 792 293 411 
Bin 173: 835 230 523 505 47 
Bin 174: 736 498 861 678 
Bin 175: 9 413 606 442 117 
Bin 176: 828 286 796 352 439 
Bin 177: 656 319 794 210 718 645 
Bin 178: 299 356 524 939 571 
Bin 179: 666 386 213 688 555 
Bin 180: 254 842 300 607 815 
Bin 181: 925 912 654 892 
Bin 182: 98 992 444 635 373 
Bin 183: 331 133 87 50 
Bin 184: 292 395 495 725 
Bin 185: 956 392 275 384 
Bin 186: 522 436 291 510 418 
Bin 187: 183 930 954 729 
Bin 188: 833 810 857 874 
Bin 189: 118 278 371 
Bin 190: 751 793 783 330 
Bin 191: 960 776 150 963 
Bin 192: 507 364 596 665 
Bin 193: 211 628 943 
Bin 194: 483 637 526 342 950 
Bin 195: 90 521 248 843 
Bin 196: 93 704 88 668 
Bin 197: 209 584 140 970 
Bin 198: 502 953 306 249 
Bin 199: 44 359 479 378 
Bin 200: 258 774 325 490 466 
Bin 201: 764 125 864 818 
Bin 202: 8 332 852 928 
