# Objective: 185
# Time: 363.562
# Feasible: 1
# Solution:
Bin 0: 800 958 224 488 463 535 
Bin 1: 287 558 30 465 509 
Bin 2: 740 719 787 801 41 
Bin 3: 445 696 278 997 616 187 869 
Bin 4: 940 626 866 397 344 
Bin 5: 267 102 69 587 33 77 
Bin 6: 649 952 725 79 326 555 
Bin 7: 611 477 614 815 666 
Bin 8: 623 452 377 71 338 124 
Bin 9: 129 581 622 758 669 181 685 
Bin 10: 812 865 906 753 832 839 
Bin 11: 489 360 831 544 442 789 294 
Bin 12: 613 189 847 816 944 578 
Bin 13: 365 570 498 707 25 909 
Bin 14: 357 421 795 315 994 49 
Bin 15: 687 116 660 545 144 
Bin 16: 206 430 205 345 385 722 
Bin 17: 824 554 147 494 700 
Bin 18: 308 429 474 992 164 983 
Bin 19: 572 938 935 499 600 
Bin 20: 96 193 464 103 639 
Bin 21: 373 984 173 460 541 300 
Bin 22: 651 610 548 505 560 167 
Bin 23: 691 990 153 694 778 
Bin 24: 381 87 198 427 838 
Bin 25: 633 518 412 834 469 73 
Bin 26: 527 387 43 607 756 
Bin 27: 652 120 158 856 78 333 
Bin 28: 827 814 196 822 496 110 
Bin 29: 439 591 793 62 250 
Bin 30: 701 122 850 370 767 692 
Bin 31: 697 108 132 785 946 106 
Bin 32: 779 368 53 154 67 728 
Bin 33: 943 52 529 774 177 305 
Bin 34: 39 643 484 83 966 
Bin 35: 703 398 51 70 55 901 
Bin 36: 975 794 450 388 
Bin 37: 933 716 699 820 926 
Bin 38: 510 112 507 395 404 
Bin 39: 63 378 717 241 543 583 
Bin 40: 912 987 730 657 204 532 
Bin 41: 299 493 37 289 788 374 
Bin 42: 711 471 519 322 286 710 
Bin 43: 0 178 659 676 805 743 
Bin 44: 3 895 764 227 54 
Bin 45: 598 982 437 125 479 712 
Bin 46: 239 356 36 806 751 668 
Bin 47: 438 383 882 551 849 492 
Bin 48: 925 872 351 324 978 149 
Bin 49: 702 92 480 252 642 
Bin 50: 425 4 594 436 386 
Bin 51: 783 947 914 453 105 
Bin 52: 228 32 714 731 311 665 
Bin 53: 508 575 574 353 526 235 
Bin 54: 407 274 369 511 90 848 
Bin 55: 6 393 905 180 88 440 
Bin 56: 260 892 307 876 579 
Bin 57: 646 263 501 720 5 875 
Bin 58: 813 954 825 186 457 
Bin 59: 571 339 467 708 636 
Bin 60: 534 303 776 382 503 861 
Bin 61: 441 874 298 95 619 
Bin 62: 461 988 999 48 973 957 
Bin 63: 318 790 363 881 923 671 
Bin 64: 431 396 157 754 621 237 
Bin 65: 840 336 681 312 
Bin 66: 18 337 81 208 197 188 
Bin 67: 329 444 661 601 454 
Bin 68: 101 107 948 620 887 936 
Bin 69: 972 462 15 771 618 169 
Bin 70: 576 595 111 485 306 
Bin 71: 57 672 951 929 588 858 
Bin 72: 455 799 221 664 1 
Bin 73: 564 82 704 446 530 
Bin 74: 117 768 928 502 313 
Bin 75: 715 361 304 569 974 
Bin 76: 547 371 605 863 584 
Bin 77: 114 234 291 996 885 
Bin 78: 735 835 473 883 989 213 
Bin 79: 656 317 879 918 683 539 
Bin 80: 854 408 165 903 11 500 
Bin 81: 654 359 655 780 66 296 
Bin 82: 340 582 23 478 977 
Bin 83: 679 335 328 927 950 765 
Bin 84: 416 690 913 939 390 94 612 
Bin 85: 321 283 138 864 871 
Bin 86: 432 769 818 268 810 522 29 
Bin 87: 673 130 718 998 249 
Bin 88: 411 166 645 627 597 606 
Bin 89: 230 902 155 86 542 
Bin 90: 327 176 13 302 191 
Bin 91: 75 185 276 844 100 472 
Bin 92: 59 921 468 884 218 
Bin 93: 201 447 406 80 674 443 226 
Bin 94: 550 251 331 967 215 
Bin 95: 316 209 141 521 295 557 
Bin 96: 520 214 593 653 979 26 
Bin 97: 367 254 222 142 922 763 
Bin 98: 757 160 890 28 134 
Bin 99: 750 965 21 203 549 
Bin 100: 566 506 910 200 640 
Bin 101: 590 207 568 734 256 
Bin 102: 798 93 76 184 580 
Bin 103: 399 288 804 842 323 61 
Bin 104: 7 262 281 486 115 
Bin 105: 625 483 259 85 140 
Bin 106: 968 350 342 220 60 68 
Bin 107: 271 919 960 772 615 747 
Bin 108: 819 355 628 513 417 
Bin 109: 343 194 202 792 401 292 
Bin 110: 152 151 146 255 277 170 
Bin 111: 456 689 963 749 667 
Bin 112: 358 91 760 641 
Bin 113: 391 553 12 135 752 
Bin 114: 603 179 837 341 
Bin 115: 650 14 301 282 796 
Bin 116: 852 748 836 755 663 175 
Bin 117: 334 807 888 536 782 609 
Bin 118: 232 949 870 497 379 
Bin 119: 709 190 855 426 766 
Bin 120: 631 736 466 995 126 
Bin 121: 577 723 846 269 889 270 
Bin 122: 211 762 961 899 58 423 
Bin 123: 724 118 163 662 354 
Bin 124: 123 737 567 811 686 
Bin 125: 245 109 145 573 22 24 
Bin 126: 860 161 608 931 119 20 
Bin 127: 932 537 44 414 
Bin 128: 670 841 893 42 817 
Bin 129: 823 491 604 514 347 873 
Bin 130: 644 470 916 624 833 413 
Bin 131: 956 35 47 266 784 242 
Bin 132: 279 273 258 475 775 137 
Bin 133: 219 422 602 900 971 
Bin 134: 27 192 309 886 56 
Bin 135: 552 409 98 955 
Bin 136: 538 104 741 791 698 
Bin 137: 261 878 727 635 980 127 
Bin 138: 559 826 599 845 596 
Bin 139: 721 964 565 829 953 
Bin 140: 136 976 257 504 183 
Bin 141: 677 72 418 658 325 476 
Bin 142: 458 512 745 942 561 434 
Bin 143: 592 556 223 562 34 248 
Bin 144: 524 693 907 868 2 962 
Bin 145: 830 217 346 904 238 
Bin 146: 637 150 389 546 275 934 
Bin 147: 225 859 139 319 332 742 97 
Bin 148: 706 246 617 174 113 
Bin 149: 366 352 231 199 853 403 
Bin 150: 19 828 985 424 64 330 
Bin 151: 451 808 821 285 415 265 
Bin 152: 857 684 143 402 
Bin 153: 862 89 348 495 448 586 
Bin 154: 867 384 894 515 
Bin 155: 516 131 911 585 410 
Bin 156: 394 941 970 680 314 
Bin 157: 372 638 733 688 229 877 
Bin 158: 533 405 915 487 738 
Bin 159: 9 682 428 898 216 459 
Bin 160: 945 171 713 182 236 
Bin 161: 937 38 253 46 525 
Bin 162: 678 993 969 380 781 
Bin 163: 531 726 195 400 
Bin 164: 364 172 156 99 
Bin 165: 908 773 761 675 
Bin 166: 31 16 629 523 247 
Bin 167: 482 133 375 84 802 797 
Bin 168: 240 376 449 528 981 
Bin 169: 986 362 45 843 705 
Bin 170: 293 433 917 243 
Bin 171: 310 695 290 284 17 
Bin 172: 50 8 128 297 272 
Bin 173: 744 732 930 897 
Bin 174: 210 746 632 420 851 
Bin 175: 244 589 74 880 777 
Bin 176: 162 212 148 770 419 280 
Bin 177: 517 786 647 320 
Bin 178: 121 634 392 739 540 
Bin 179: 233 264 10 490 563 
Bin 180: 630 896 920 
Bin 181: 991 891 959 168 
Bin 182: 435 159 648 729 803 
Bin 183: 481 759 65 
Bin 184: 924 349 40 809 
