# Objective: 43
# Time: 11.659
# Feasible: 1
# Solution:
Bin 0: 95 209 166 29 198 212 
Bin 1: 89 74 244 243 223 202 
Bin 2: 30 115 246 41 238 44 
Bin 3: 230 240 193 4 151 102 92 
Bin 4: 226 53 118 25 121 200 
Bin 5: 7 33 28 203 211 
Bin 6: 181 70 64 112 195 
Bin 7: 46 94 186 24 61 58 40 
Bin 8: 217 156 218 84 73 137 247 
Bin 9: 182 225 113 159 189 
Bin 10: 224 214 125 67 221 107 
Bin 11: 245 148 140 145 42 184 
Bin 12: 117 141 154 220 88 37 
Bin 13: 11 142 191 179 146 
Bin 14: 87 120 23 232 130 36 78 
Bin 15: 31 20 177 213 199 129 171 
Bin 16: 110 77 55 155 163 150 
Bin 17: 136 169 135 35 49 237 39 
Bin 18: 207 192 96 165 201 80 
Bin 19: 206 167 0 12 2 32 161 
Bin 20: 98 190 71 83 57 
Bin 21: 162 79 158 157 93 133 
Bin 22: 164 205 196 97 27 173 
Bin 23: 183 54 81 210 34 106 
Bin 24: 160 75 114 101 13 
Bin 25: 149 109 147 10 43 131 124 
Bin 26: 9 236 104 16 139 138 
Bin 27: 3 185 127 19 8 111 
Bin 28: 105 63 103 216 180 241 48 132 
Bin 29: 72 194 21 1 176 228 
Bin 30: 38 119 170 248 175 152 
Bin 31: 242 235 47 82 108 168 
Bin 32: 51 134 6 234 99 59 
Bin 33: 68 5 14 100 229 85 
Bin 34: 122 45 227 50 
Bin 35: 143 215 86 249 178 
Bin 36: 197 126 56 144 204 
Bin 37: 187 153 76 15 188 
Bin 38: 233 60 208 219 66 52 
Bin 39: 62 231 91 65 116 
Bin 40: 22 174 69 172 222 
Bin 41: 26 90 18 239 
Bin 42: 17 123 128 
