# Objective: 41
# Time: 12.6008
# Feasible: 1
# Solution:
Bin 0: 85 194 9 53 30 99 
Bin 1: 57 133 132 48 129 152 
Bin 2: 213 134 117 100 18 
Bin 3: 115 216 141 231 220 7 
Bin 4: 83 177 51 156 157 153 212 
Bin 5: 229 41 123 109 62 19 
Bin 6: 92 143 91 247 202 22 221 
Bin 7: 15 8 56 101 155 233 249 24 
Bin 8: 73 162 116 11 179 
Bin 9: 191 185 21 0 94 114 237 
Bin 10: 209 47 52 59 54 219 
Bin 11: 154 31 241 227 12 16 65 2 
Bin 12: 6 243 14 33 125 
Bin 13: 90 32 196 42 242 203 
Bin 14: 166 224 130 103 71 238 80 
Bin 15: 97 159 182 131 170 195 
Bin 16: 226 27 39 86 88 87 217 
Bin 17: 225 119 37 206 187 210 
Bin 18: 151 173 55 93 76 171 
Bin 19: 111 161 148 207 234 
Bin 20: 17 4 178 211 193 158 58 
Bin 21: 240 81 144 189 135 192 112 50 
Bin 22: 138 174 198 44 34 
Bin 23: 160 67 107 63 245 205 165 
Bin 24: 68 244 113 120 104 49 
Bin 25: 26 70 180 43 139 66 201 183 
Bin 26: 248 175 61 184 145 235 
Bin 27: 95 126 172 60 98 239 
Bin 28: 10 137 146 230 200 246 
Bin 29: 118 20 181 186 204 74 
Bin 30: 223 197 69 215 79 
Bin 31: 29 102 142 121 106 75 
Bin 32: 147 127 164 78 1 13 190 
Bin 33: 199 38 110 23 3 
Bin 34: 188 208 36 169 35 
Bin 35: 167 176 168 96 25 105 
Bin 36: 89 232 64 82 45 122 
Bin 37: 124 28 72 218 5 
Bin 38: 214 140 84 222 228 128 
Bin 39: 108 40 136 46 236 
Bin 40: 149 77 163 150 
