# Objective: 76
# Time: 39.2138
# Feasible: 1
# Solution:
Bin 0: 449 437 363 33 424 298 212 419 
Bin 1: 22 271 49 98 277 172 413 142 
Bin 2: 397 418 267 143 431 279 
Bin 3: 378 285 273 377 490 51 392 
Bin 4: 19 416 1 395 88 134 
Bin 5: 37 290 141 207 240 224 440 379 30 
Bin 6: 451 325 337 408 343 32 21 
Bin 7: 305 155 28 202 16 254 494 133 
Bin 8: 407 358 288 42 188 59 233 
Bin 9: 383 165 53 275 114 476 244 151 326 
Bin 10: 154 381 97 370 457 471 312 
Bin 11: 458 157 432 342 434 100 
Bin 12: 222 108 420 0 89 63 113 
Bin 13: 200 317 241 493 310 321 389 
Bin 14: 161 362 228 301 48 205 
Bin 15: 93 401 281 463 196 260 214 
Bin 16: 78 442 248 163 175 35 293 
Bin 17: 102 289 406 485 256 45 441 294 
Bin 18: 146 334 356 239 17 319 
Bin 19: 385 4 118 324 359 112 
Bin 20: 456 261 13 297 422 24 245 
Bin 21: 190 269 158 251 372 191 5 
Bin 22: 427 300 139 162 412 
Bin 23: 454 255 81 138 210 238 
Bin 24: 99 348 182 120 194 354 68 450 
Bin 25: 322 169 423 384 335 327 
Bin 26: 373 308 187 364 475 227 
Bin 27: 11 315 230 460 232 
Bin 28: 286 252 405 144 96 62 380 
Bin 29: 229 223 91 26 351 498 448 106 
Bin 30: 129 117 211 198 221 331 
Bin 31: 278 180 495 309 104 76 
Bin 32: 2 220 178 150 197 
Bin 33: 349 103 387 136 444 302 
Bin 34: 361 282 258 253 283 390 
Bin 35: 79 280 148 47 9 135 
Bin 36: 257 368 371 145 67 235 41 347 
Bin 37: 61 86 473 247 436 391 179 189 
Bin 38: 31 69 445 231 402 414 318 
Bin 39: 38 124 396 333 204 426 
Bin 40: 499 122 472 34 55 341 
Bin 41: 433 295 46 272 246 90 
Bin 42: 184 465 268 496 266 284 466 
Bin 43: 360 470 57 52 94 477 73 353 
Bin 44: 479 491 340 316 339 127 417 
Bin 45: 486 173 130 125 64 119 
Bin 46: 121 234 54 218 12 216 
Bin 47: 209 3 469 459 484 386 
Bin 48: 84 398 60 87 176 242 
Bin 49: 128 428 403 85 464 274 443 
Bin 50: 453 425 7 415 332 8 344 18 
Bin 51: 306 307 44 446 192 50 
Bin 52: 365 206 345 382 488 193 132 
Bin 53: 461 203 435 429 357 110 
Bin 54: 388 159 168 411 455 15 311 
Bin 55: 336 296 116 237 111 236 109 
Bin 56: 131 421 70 243 270 
Bin 57: 303 487 217 219 74 166 177 329 
Bin 58: 29 314 226 75 201 152 6 
Bin 59: 489 468 462 101 393 
Bin 60: 452 39 369 399 95 213 
Bin 61: 71 291 199 355 40 36 186 323 
Bin 62: 105 167 474 72 56 153 
Bin 63: 195 249 299 185 164 82 208 
Bin 64: 171 126 478 483 352 263 123 
Bin 65: 276 438 430 170 287 
Bin 66: 181 292 107 215 92 149 
Bin 67: 482 394 156 447 330 320 
Bin 68: 467 160 409 80 23 
Bin 69: 346 58 140 366 115 
Bin 70: 410 264 374 497 66 338 
Bin 71: 174 65 492 20 262 27 367 43 
Bin 72: 10 25 265 304 350 404 
Bin 73: 137 481 77 250 400 376 
Bin 74: 225 147 375 183 14 
Bin 75: 328 439 313 83 259 480 
