# Objective: 76
# Time: 41.1573
# Feasible: 1
# Solution:
Bin 0: 100 287 93 251 263 281 17 
Bin 1: 42 237 300 180 150 143 185 48 
Bin 2: 468 290 467 235 486 167 410 
Bin 3: 288 276 389 339 232 318 
Bin 4: 275 466 329 58 223 
Bin 5: 229 91 349 469 80 
Bin 6: 433 155 385 429 483 203 
Bin 7: 408 332 425 15 327 246 438 222 
Bin 8: 343 245 496 365 77 338 117 178 460 
Bin 9: 371 132 21 55 415 400 414 399 
Bin 10: 366 72 381 448 422 170 61 
Bin 11: 31 481 373 218 62 351 53 
Bin 12: 40 390 261 156 254 65 
Bin 13: 250 380 28 416 444 393 256 
Bin 14: 426 404 498 163 177 449 87 
Bin 15: 478 138 70 0 103 175 265 
Bin 16: 233 45 345 195 255 356 
Bin 17: 260 44 294 137 212 264 283 
Bin 18: 3 181 388 160 243 210 
Bin 19: 112 188 259 411 482 370 146 
Bin 20: 348 19 13 497 166 67 474 226 
Bin 21: 133 455 47 362 463 63 
Bin 22: 90 325 54 248 291 358 50 
Bin 23: 57 295 341 79 424 353 387 
Bin 24: 395 169 76 457 120 
Bin 25: 472 158 216 491 418 308 
Bin 26: 95 211 477 436 30 364 
Bin 27: 492 108 75 228 352 
Bin 28: 230 476 305 64 257 487 140 326 
Bin 29: 206 220 234 437 12 340 464 346 328 51 
Bin 30: 402 225 282 386 2 441 191 320 
Bin 31: 71 174 297 258 280 209 
Bin 32: 240 168 83 442 302 118 231 
Bin 33: 145 6 207 32 378 10 41 38 
Bin 34: 342 221 25 431 471 354 109 489 
Bin 35: 92 397 201 9 405 164 401 430 
Bin 36: 172 34 78 268 301 269 407 413 
Bin 37: 131 446 184 227 334 440 
Bin 38: 454 249 289 197 205 119 
Bin 39: 495 200 204 279 106 453 
Bin 40: 321 447 406 153 337 357 66 
Bin 41: 224 52 214 361 470 372 49 465 
Bin 42: 99 473 421 193 445 273 
Bin 43: 14 239 114 267 242 479 
Bin 44: 94 324 136 189 262 369 
Bin 45: 161 432 298 26 367 439 
Bin 46: 310 182 394 355 7 375 
Bin 47: 101 60 68 392 121 135 
Bin 48: 198 330 123 176 134 391 
Bin 49: 347 333 490 451 22 88 196 5 
Bin 50: 484 20 159 336 428 452 278 
Bin 51: 194 423 458 493 461 379 488 154 
Bin 52: 241 126 69 363 217 104 
Bin 53: 199 360 274 162 111 382 
Bin 54: 130 173 236 323 213 374 147 
Bin 55: 427 293 129 322 151 
Bin 56: 456 187 157 315 84 16 110 
Bin 57: 171 311 384 316 359 96 107 
Bin 58: 271 142 475 286 435 398 244 
Bin 59: 443 33 74 192 36 480 
Bin 60: 296 152 303 277 409 29 335 
Bin 61: 165 313 306 85 89 485 
Bin 62: 272 98 105 403 11 97 
Bin 63: 24 128 434 81 238 450 
Bin 64: 139 102 252 459 383 35 
Bin 65: 420 319 186 499 1 270 
Bin 66: 18 82 124 314 127 27 
Bin 67: 190 247 377 368 116 
Bin 68: 494 331 179 122 115 285 
Bin 69: 396 149 284 462 307 148 292 
Bin 70: 39 141 266 312 56 
Bin 71: 125 8 317 4 419 208 
Bin 72: 215 412 183 86 304 299 
Bin 73: 37 417 253 59 309 
Bin 74: 376 202 344 43 144 46 
Bin 75: 219 350 113 73 23 
