# Objective: 40
# Time: 10.5692
# Feasible: 1
# Solution:
Bin 0: 35 242 54 195 212 187 202 17 
Bin 1: 236 228 5 183 146 232 
Bin 2: 119 27 78 188 180 179 
Bin 3: 148 67 238 25 124 248 69 
Bin 4: 15 20 101 181 163 86 
Bin 5: 154 147 237 18 36 132 176 
Bin 6: 162 177 128 204 158 226 
Bin 7: 37 216 92 90 62 103 
Bin 8: 215 142 211 231 53 123 
Bin 9: 7 80 22 114 122 71 
Bin 10: 160 149 34 130 31 166 
Bin 11: 14 136 131 201 193 161 16 
Bin 12: 155 85 115 64 72 125 
Bin 13: 24 219 107 46 39 66 
Bin 14: 109 58 138 9 28 3 
Bin 15: 33 45 134 116 75 235 41 
Bin 16: 60 241 192 127 194 84 151 
Bin 17: 172 50 207 23 0 11 
Bin 18: 100 139 217 12 182 227 
Bin 19: 223 218 209 152 120 57 
Bin 20: 184 191 48 29 186 19 
Bin 21: 205 40 99 94 171 234 
Bin 22: 140 225 110 164 222 198 245 
Bin 23: 170 8 44 230 26 190 
Bin 24: 76 214 95 59 126 98 111 
Bin 25: 42 91 56 249 65 174 
Bin 26: 143 32 168 175 102 129 
Bin 27: 4 6 47 2 221 156 
Bin 28: 49 117 210 70 173 200 38 
Bin 29: 150 137 43 208 108 135 73 
Bin 30: 199 88 96 157 61 133 
Bin 31: 97 13 81 165 30 
Bin 32: 240 104 220 141 243 105 144 
Bin 33: 121 167 51 197 185 206 178 246 
Bin 34: 244 189 145 87 77 
Bin 35: 112 196 118 153 52 247 
Bin 36: 68 229 83 113 159 169 
Bin 37: 239 89 55 82 106 
Bin 38: 224 74 79 63 203 233 
Bin 39: 21 10 1 213 93 
