# Objective: 101
# Time: 54.4398
# Feasible: 1
# Solution:
Bin 0: 2 77 344 248 359 
Bin 1: 42 213 13 459 380 
Bin 2: 246 437 302 317 414 
Bin 3: 422 491 124 418 295 475 
Bin 4: 400 16 468 145 255 
Bin 5: 7 376 132 67 154 
Bin 6: 85 492 497 84 435 106 
Bin 7: 465 9 358 191 432 
Bin 8: 21 416 53 133 483 
Bin 9: 479 161 199 235 
Bin 10: 181 63 471 348 24 25 
Bin 11: 169 396 152 408 202 
Bin 12: 337 485 329 226 71 
Bin 13: 159 339 143 391 178 
Bin 14: 64 310 116 176 56 428 
Bin 15: 496 83 113 405 296 
Bin 16: 238 372 45 34 266 
Bin 17: 80 260 140 
Bin 18: 33 107 315 323 162 
Bin 19: 171 180 481 430 15 
Bin 20: 316 441 287 78 245 
Bin 21: 75 383 243 272 117 
Bin 22: 190 472 294 448 
Bin 23: 19 379 439 415 
Bin 24: 86 70 40 279 341 
Bin 25: 119 144 406 18 325 173 
Bin 26: 58 322 480 285 351 306 
Bin 27: 352 313 463 425 360 
Bin 28: 241 436 127 
Bin 29: 87 370 450 112 41 
Bin 30: 467 291 4 108 210 482 
Bin 31: 461 215 137 158 445 
Bin 32: 494 421 409 95 413 
Bin 33: 262 268 362 94 62 
Bin 34: 489 366 346 343 389 
Bin 35: 252 338 187 434 186 
Bin 36: 300 469 220 123 269 
Bin 37: 382 328 44 136 138 
Bin 38: 204 52 118 412 
Bin 39: 5 419 101 290 354 
Bin 40: 264 321 188 120 453 417 
Bin 41: 495 484 111 314 1 
Bin 42: 93 364 146 319 373 
Bin 43: 318 155 478 367 156 
Bin 44: 378 265 307 216 29 189 
Bin 45: 223 177 51 
Bin 46: 222 90 237 449 139 
Bin 47: 114 54 411 
Bin 48: 28 129 447 10 426 48 
Bin 49: 333 335 442 206 
Bin 50: 195 3 91 88 386 
Bin 51: 423 233 271 403 455 
Bin 52: 203 281 105 121 31 172 
Bin 53: 250 499 312 381 
Bin 54: 69 298 192 356 363 457 
Bin 55: 375 32 109 395 151 
Bin 56: 134 254 431 50 385 196 
Bin 57: 211 157 82 57 11 
Bin 58: 334 92 476 256 198 
Bin 59: 345 104 214 353 275 
Bin 60: 331 474 257 65 
Bin 61: 452 131 170 282 35 
Bin 62: 350 163 234 292 197 
Bin 63: 96 27 284 99 283 
Bin 64: 229 60 390 297 
Bin 65: 251 22 276 443 23 
Bin 66: 36 166 473 218 100 231 
Bin 67: 247 270 470 230 464 
Bin 68: 148 253 61 273 26 
Bin 69: 446 458 340 440 141 
Bin 70: 289 182 336 79 115 
Bin 71: 68 179 488 311 160 66 
Bin 72: 20 277 263 477 451 288 
Bin 73: 384 438 110 286 
Bin 74: 103 142 427 59 38 320 
Bin 75: 89 125 293 227 
Bin 76: 388 184 239 76 
Bin 77: 424 232 205 194 303 
Bin 78: 122 355 49 398 387 
Bin 79: 102 97 361 165 126 399 
Bin 80: 374 407 444 410 332 
Bin 81: 357 401 487 274 30 249 
Bin 82: 174 46 164 185 280 153 
Bin 83: 258 183 193 
Bin 84: 278 462 6 393 309 
Bin 85: 72 17 201 47 326 
Bin 86: 221 242 150 209 0 
Bin 87: 369 43 394 130 
Bin 88: 217 324 128 460 371 
Bin 89: 392 212 135 304 397 
Bin 90: 404 429 219 236 349 
Bin 91: 420 433 308 208 490 
Bin 92: 342 454 207 368 
Bin 93: 200 301 365 168 98 259 486 
Bin 94: 228 14 493 267 81 
Bin 95: 261 147 330 377 305 
Bin 96: 37 224 149 55 39 
Bin 97: 8 466 225 12 175 
Bin 98: 73 240 402 498 
Bin 99: 327 244 167 347 
Bin 100: 299 456 74 
