# Objective: 39
# Time: 7.59152
# Feasible: 1
# Solution:
Bin 0: 35 28 139 142 214 225 9 
Bin 1: 231 176 103 18 184 189 178 7 
Bin 2: 124 119 203 215 79 115 19 
Bin 3: 81 59 241 110 73 169 
Bin 4: 246 171 90 40 101 63 199 
Bin 5: 72 185 164 47 223 181 
Bin 6: 71 145 23 219 172 44 163 
Bin 7: 201 151 31 183 222 150 30 
Bin 8: 123 134 216 133 177 108 
Bin 9: 52 121 25 118 141 11 
Bin 10: 83 34 180 67 61 173 17 143 
Bin 11: 128 92 204 245 93 243 
Bin 12: 137 221 87 227 24 62 106 
Bin 13: 111 56 244 232 66 136 
Bin 14: 166 158 135 157 46 235 212 
Bin 15: 109 1 205 206 22 0 
Bin 16: 167 6 80 217 74 21 117 
Bin 17: 196 213 211 60 228 68 159 
Bin 18: 238 13 152 91 230 69 
Bin 19: 160 138 242 48 182 194 76 
Bin 20: 96 5 249 149 236 220 57 
Bin 21: 114 41 240 36 162 197 
Bin 22: 248 104 147 146 64 200 
Bin 23: 202 191 49 50 99 10 
Bin 24: 16 15 218 122 105 239 98 
Bin 25: 161 210 2 125 188 
Bin 26: 233 129 97 84 88 26 226 
Bin 27: 127 102 168 193 29 4 
Bin 28: 82 237 51 186 3 38 
Bin 29: 207 39 130 229 12 77 
Bin 30: 33 65 153 170 58 94 
Bin 31: 198 54 144 86 20 37 
Bin 32: 53 32 148 42 8 27 208 
Bin 33: 165 112 131 70 100 43 156 
Bin 34: 247 209 154 155 107 
Bin 35: 55 95 126 187 192 140 
Bin 36: 85 120 75 234 195 
Bin 37: 89 224 78 113 45 
Bin 38: 116 175 14 190 174 132 179 
