# Objective: 18
# Time: 2.57763
# Feasible: 1
# Solution:
Bin 0: 89 17 1 9 108 64 46 30 78 
Bin 1: 39 59 11 40 95 115 24 
Bin 2: 20 86 118 88 7 104 116 
Bin 3: 8 81 74 105 37 54 106 72 
Bin 4: 60 6 48 69 57 35 
Bin 5: 80 5 79 112 91 
Bin 6: 34 18 71 43 22 119 83 52 
Bin 7: 82 113 76 32 13 0 97 
Bin 8: 102 47 41 12 73 49 44 
Bin 9: 110 42 65 61 77 31 
Bin 10: 92 4 56 100 53 33 27 
Bin 11: 58 67 21 103 26 51 15 
Bin 12: 19 25 66 23 14 50 16 84 
Bin 13: 3 114 2 90 96 93 
Bin 14: 111 62 10 68 28 38 
Bin 15: 117 94 70 85 101 109 
Bin 16: 87 98 63 107 75 
Bin 17: 55 29 36 99 45 
