# Objective: 19
# Time: 3.50756
# Feasible: 1
# Solution:
Bin 0: 58 5 50 14 45 33 55 
Bin 1: 37 47 51 95 32 29 119 
Bin 2: 106 116 114 44 102 36 0 
Bin 3: 81 85 103 16 77 72 94 
Bin 4: 3 68 88 22 11 39 
Bin 5: 12 25 86 19 56 83 113 
Bin 6: 17 87 100 66 15 41 
Bin 7: 90 28 18 1 38 96 
Bin 8: 79 109 76 7 111 78 59 
Bin 9: 69 9 48 70 104 27 73 
Bin 10: 4 89 98 107 49 71 
Bin 11: 93 62 26 75 52 40 
Bin 12: 21 112 6 82 53 35 
Bin 13: 43 54 117 63 110 2 
Bin 14: 101 118 99 91 34 
Bin 15: 10 31 8 67 64 23 
Bin 16: 74 80 65 92 46 30 
Bin 17: 13 115 84 24 97 105 
Bin 18: 42 57 61 108 20 60 
