# Objective: 150
# Time: 202.742
# Feasible: 1
# Solution:
Bin 0: 965 781 597 806 283 48 122 533 
Bin 1: 616 944 309 136 65 142 169 
Bin 2: 705 402 374 13 492 
Bin 3: 611 717 390 832 352 336 983 591 
Bin 4: 379 697 758 247 131 523 469 933 
Bin 5: 692 202 426 432 25 667 
Bin 6: 771 182 629 216 927 950 288 
Bin 7: 637 124 590 408 0 499 134 928 
Bin 8: 795 268 49 684 929 140 472 792 948 286 
Bin 9: 422 304 850 805 778 
Bin 10: 657 95 159 86 395 903 174 963 
Bin 11: 969 4 624 520 129 184 628 345 
Bin 12: 614 15 72 22 89 949 342 837 829 
Bin 13: 571 487 808 907 870 680 
Bin 14: 800 180 449 11 249 211 
Bin 15: 34 598 121 85 310 214 260 
Bin 16: 205 838 118 457 799 99 
Bin 17: 27 112 735 895 116 369 
Bin 18: 36 612 357 898 943 218 163 
Bin 19: 238 572 59 448 955 441 
Bin 20: 919 780 168 582 23 519 940 
Bin 21: 654 220 703 732 836 
Bin 22: 723 602 811 482 618 741 466 
Bin 23: 890 647 150 439 139 
Bin 24: 934 718 284 617 857 964 114 24 
Bin 25: 744 6 639 951 193 411 7 840 
Bin 26: 110 354 706 996 378 725 81 
Bin 27: 603 443 195 543 813 931 537 
Bin 28: 62 399 974 930 957 
Bin 29: 797 587 783 524 646 101 314 653 547 584 
Bin 30: 839 313 307 708 604 102 542 
Bin 31: 553 856 3 709 804 209 271 871 
Bin 32: 74 103 497 760 679 789 
Bin 33: 8 84 626 493 918 581 739 52 
Bin 34: 623 904 689 952 724 
Bin 35: 621 41 127 421 410 674 39 
Bin 36: 87 160 255 516 297 
Bin 37: 58 152 396 460 917 132 651 
Bin 38: 632 275 578 375 69 
Bin 39: 113 484 5 595 596 885 790 
Bin 40: 98 235 779 880 10 953 910 363 
Bin 41: 831 311 495 548 655 978 
Bin 42: 630 299 501 834 555 455 776 535 
Bin 43: 544 827 866 272 476 
Bin 44: 987 892 635 187 557 366 494 565 
Bin 45: 549 18 715 567 782 324 53 893 
Bin 46: 109 452 229 909 698 445 413 440 
Bin 47: 673 176 321 786 360 860 830 145 
Bin 48: 144 765 337 407 973 531 387 926 
Bin 49: 897 793 248 841 473 
Bin 50: 884 167 968 61 976 398 787 
Bin 51: 196 814 148 862 849 172 
Bin 52: 569 480 881 738 527 936 999 
Bin 53: 147 241 755 254 945 376 935 
Bin 54: 332 381 901 388 509 279 171 417 812 962 
Bin 55: 135 757 746 704 605 580 610 900 
Bin 56: 683 29 526 9 975 166 
Bin 57: 362 599 189 967 906 
Bin 58: 585 115 740 73 791 270 46 
Bin 59: 588 515 528 404 71 79 
Bin 60: 66 914 859 467 938 613 44 
Bin 61: 737 108 848 456 785 761 
Bin 62: 361 722 55 281 197 561 878 
Bin 63: 608 301 306 529 170 816 478 
Bin 64: 510 625 939 833 154 444 
Bin 65: 685 233 989 750 498 845 1 
Bin 66: 222 47 835 406 356 386 729 
Bin 67: 763 35 438 538 415 
Bin 68: 459 633 665 285 481 
Bin 69: 855 331 505 203 434 997 54 
Bin 70: 896 766 157 475 239 801 149 
Bin 71: 334 743 678 769 702 318 809 876 
Bin 72: 100 745 191 278 250 
Bin 73: 922 875 207 858 470 21 693 
Bin 74: 742 146 688 125 491 
Bin 75: 178 877 257 661 960 726 923 
Bin 76: 94 320 650 244 143 994 179 350 
Bin 77: 78 215 358 433 262 
Bin 78: 853 224 867 76 770 289 
Bin 79: 991 50 153 512 261 
Bin 80: 727 573 788 627 442 68 777 
Bin 81: 536 119 370 924 503 819 882 242 
Bin 82: 530 137 105 514 200 822 988 
Bin 83: 579 328 810 824 566 428 
Bin 84: 971 165 385 90 828 662 
Bin 85: 734 210 67 631 500 754 338 
Bin 86: 173 75 817 40 276 
Bin 87: 517 854 353 887 133 206 946 
Bin 88: 177 540 245 707 719 889 228 
Bin 89: 64 447 959 720 32 431 
Bin 90: 970 130 695 891 807 764 
Bin 91: 194 711 19 916 355 316 
Bin 92: 677 409 977 77 826 416 
Bin 93: 158 394 954 483 17 
Bin 94: 468 534 14 312 403 
Bin 95: 192 325 844 504 128 93 
Bin 96: 682 232 888 225 961 181 
Bin 97: 883 774 652 259 506 465 
Bin 98: 60 425 126 293 713 947 
Bin 99: 980 223 236 38 138 
Bin 100: 701 91 873 958 747 359 
Bin 101: 186 296 600 420 326 274 
Bin 102: 593 513 560 348 686 773 676 
Bin 103: 541 240 423 990 161 2 
Bin 104: 925 401 380 265 594 
Bin 105: 151 45 424 405 291 280 92 681 
Bin 106: 368 756 63 634 998 563 292 
Bin 107: 521 435 253 886 796 818 
Bin 108: 869 641 393 589 397 545 
Bin 109: 620 842 290 208 227 666 33 986 815 
Bin 110: 658 97 558 496 562 340 400 
Bin 111: 107 669 430 251 295 31 
Bin 112: 267 201 335 333 364 552 
Bin 113: 111 446 941 985 615 730 502 
Bin 114: 70 377 576 212 749 710 
Bin 115: 868 346 803 412 485 454 308 
Bin 116: 993 712 984 956 300 731 
Bin 117: 649 256 190 913 863 477 371 330 
Bin 118: 532 691 748 966 879 341 660 156 243 
Bin 119: 117 721 714 237 915 372 462 932 
Bin 120: 96 690 759 559 339 317 
Bin 121: 185 942 912 302 847 981 264 
Bin 122: 507 373 436 488 664 522 592 775 
Bin 123: 768 175 675 564 762 648 995 
Bin 124: 728 213 911 349 479 902 392 
Bin 125: 601 622 305 351 992 
Bin 126: 30 231 905 219 554 347 382 162 
Bin 127: 643 490 384 772 700 383 
Bin 128: 88 794 670 820 269 389 
Bin 129: 821 453 550 640 636 570 668 
Bin 130: 575 42 577 874 221 282 414 
Bin 131: 365 427 699 546 451 141 327 802 
Bin 132: 525 644 671 12 367 43 586 16 539 
Bin 133: 672 894 198 687 864 752 391 
Bin 134: 188 461 574 921 736 
Bin 135: 20 825 872 784 303 861 437 865 
Bin 136: 322 329 246 733 851 
Bin 137: 606 106 120 518 450 287 607 
Bin 138: 419 463 464 609 899 57 696 183 
Bin 139: 164 645 199 217 51 753 204 852 659 
Bin 140: 56 908 294 104 489 226 
Bin 141: 319 263 556 656 474 
Bin 142: 80 486 982 155 663 
Bin 143: 28 767 344 266 568 315 230 
Bin 144: 843 458 252 823 551 298 273 
Bin 145: 751 343 694 418 798 
Bin 146: 37 583 258 508 846 619 
Bin 147: 82 471 920 972 937 
Bin 148: 123 234 83 26 323 511 
Bin 149: 642 429 716 638 979 277 
