# Objective: 154
# Time: 459.305
# Feasible: 1
# Solution:
Bin 0: 998 904 197 473 629 576 316 742 
Bin 1: 470 239 658 649 213 329 966 656 
Bin 2: 293 187 701 196 705 384 147 
Bin 3: 150 50 773 588 479 540 846 869 135 
Bin 4: 64 38 237 760 406 145 845 
Bin 5: 621 361 608 195 133 547 270 
Bin 6: 60 762 667 446 816 856 
Bin 7: 516 481 579 931 159 250 370 116 
Bin 8: 61 877 510 403 153 784 
Bin 9: 937 808 980 360 374 
Bin 10: 487 748 662 129 290 311 158 811 
Bin 11: 642 184 944 490 885 727 
Bin 12: 930 605 712 284 333 722 303 
Bin 13: 894 14 71 799 157 917 
Bin 14: 716 167 879 527 984 256 
Bin 15: 89 638 458 687 927 141 653 706 
Bin 16: 874 562 570 421 467 
Bin 17: 798 951 590 251 52 277 326 
Bin 18: 675 468 349 426 818 597 
Bin 19: 438 152 847 257 551 
Bin 20: 987 242 181 348 457 497 4 
Bin 21: 954 972 98 543 986 47 709 109 
Bin 22: 616 541 606 261 523 166 
Bin 23: 640 94 55 996 593 968 971 
Bin 24: 323 759 725 16 441 
Bin 25: 829 22 939 413 102 327 678 
Bin 26: 198 282 533 786 522 414 
Bin 27: 854 230 309 378 892 474 
Bin 28: 402 911 259 800 801 477 383 
Bin 29: 69 112 185 456 203 432 983 
Bin 30: 634 188 575 92 824 569 314 
Bin 31: 351 33 492 176 265 11 965 
Bin 32: 912 545 190 668 401 111 
Bin 33: 103 596 929 737 802 696 
Bin 34: 780 332 535 123 88 730 655 
Bin 35: 100 411 772 582 377 761 97 
Bin 36: 883 146 806 252 399 795 
Bin 37: 620 651 683 264 945 842 872 726 240 478 
Bin 38: 113 215 707 72 420 897 
Bin 39: 486 962 978 405 417 350 518 
Bin 40: 455 584 585 850 615 743 974 
Bin 41: 995 774 321 544 625 24 
Bin 42: 68 546 127 952 526 646 601 
Bin 43: 154 77 296 777 926 592 
Bin 44: 549 935 922 42 792 738 84 
Bin 45: 714 611 427 1 254 733 212 
Bin 46: 976 848 366 368 973 958 210 810 
Bin 47: 364 697 245 443 292 867 776 418 
Bin 48: 389 779 485 805 841 859 324 81 25 
Bin 49: 57 669 201 365 83 686 110 
Bin 50: 822 227 151 671 519 58 
Bin 51: 680 560 925 291 397 17 
Bin 52: 500 603 525 445 339 119 907 
Bin 53: 155 578 890 622 178 214 
Bin 54: 51 807 288 767 758 690 
Bin 55: 542 554 28 131 286 137 
Bin 56: 790 429 595 498 206 65 
Bin 57: 503 825 781 207 104 997 
Bin 58: 552 376 718 424 39 371 121 
Bin 59: 281 66 70 29 754 308 367 
Bin 60: 771 778 12 243 679 124 8 462 
Bin 61: 647 246 431 719 499 797 988 19 
Bin 62: 31 654 442 791 691 565 
Bin 63: 301 916 106 382 830 567 895 
Bin 64: 359 177 740 924 331 419 530 
Bin 65: 766 48 715 115 484 943 975 
Bin 66: 337 192 539 439 985 219 305 
Bin 67: 18 354 736 789 136 920 
Bin 68: 315 700 118 813 233 9 
Bin 69: 703 59 548 493 2 
Bin 70: 689 101 126 865 372 633 
Bin 71: 739 423 659 741 604 557 969 
Bin 72: 684 23 274 380 199 120 
Bin 73: 430 957 820 866 268 977 
Bin 74: 488 404 262 857 228 782 
Bin 75: 267 919 731 612 355 412 
Bin 76: 861 636 550 881 450 793 934 
Bin 77: 902 992 993 913 532 169 209 
Bin 78: 476 263 394 898 375 817 
Bin 79: 471 391 508 156 809 30 623 
Bin 80: 283 344 619 788 73 923 
Bin 81: 232 571 990 815 768 559 269 750 
Bin 82: 688 171 626 531 463 936 803 
Bin 83: 838 858 901 172 483 85 496 168 
Bin 84: 489 833 665 661 362 627 804 
Bin 85: 752 868 643 469 641 670 139 
Bin 86: 744 717 454 982 556 509 644 
Bin 87: 849 435 304 676 502 674 
Bin 88: 889 62 173 13 352 677 
Bin 89: 480 381 657 400 837 108 
Bin 90: 117 749 122 864 637 205 7 
Bin 91: 451 249 74 317 836 711 
Bin 92: 386 300 410 447 875 189 
Bin 93: 613 0 757 755 182 379 
Bin 94: 142 660 914 335 466 
Bin 95: 763 341 587 844 459 99 
Bin 96: 49 713 617 208 947 745 
Bin 97: 887 80 138 723 132 819 395 
Bin 98: 44 255 396 583 160 873 312 
Bin 99: 280 258 191 453 183 572 358 
Bin 100: 529 143 624 322 82 870 
Bin 101: 537 338 465 475 538 444 
Bin 102: 765 26 114 297 513 852 821 
Bin 103: 747 964 330 220 342 170 222 
Bin 104: 609 598 235 86 599 
Bin 105: 695 343 306 994 524 591 36 
Bin 106: 851 823 506 953 785 
Bin 107: 452 27 90 67 140 900 
Bin 108: 449 287 955 910 928 276 
Bin 109: 639 751 398 888 880 514 186 
Bin 110: 165 573 491 724 495 
Bin 111: 630 672 247 175 915 294 
Bin 112: 959 54 128 710 385 938 878 
Bin 113: 87 200 989 843 600 673 460 
Bin 114: 891 746 37 536 295 520 
Bin 115: 229 461 681 932 217 682 21 
Bin 116: 884 340 942 407 325 218 648 
Bin 117: 241 202 505 91 949 
Bin 118: 221 472 511 211 266 734 504 
Bin 119: 373 448 960 521 946 735 921 
Bin 120: 574 970 534 482 933 708 363 318 
Bin 121: 769 130 357 76 908 
Bin 122: 356 387 41 3 299 699 79 
Bin 123: 618 628 828 225 899 635 464 
Bin 124: 320 950 53 903 425 
Bin 125: 234 285 43 860 224 231 
Bin 126: 56 558 501 164 260 764 161 
Bin 127: 353 698 693 302 728 278 
Bin 128: 963 35 580 125 839 909 
Bin 129: 275 610 812 63 692 568 
Bin 130: 589 95 586 720 555 
Bin 131: 369 732 180 328 961 
Bin 132: 105 566 194 999 6 307 415 
Bin 133: 393 893 5 422 75 20 
Bin 134: 756 204 10 238 666 645 93 
Bin 135: 826 433 855 650 528 273 236 
Bin 136: 770 906 941 832 15 78 
Bin 137: 336 310 564 144 563 702 
Bin 138: 440 834 428 694 179 948 
Bin 139: 753 272 581 863 787 163 
Bin 140: 46 602 664 918 876 271 
Bin 141: 216 794 409 515 162 577 
Bin 142: 835 607 956 882 553 896 979 
Bin 143: 416 494 34 631 783 248 
Bin 144: 149 796 32 134 614 96 
Bin 145: 174 814 193 390 853 871 148 
Bin 146: 347 319 967 253 704 831 
Bin 147: 226 107 244 437 313 507 
Bin 148: 289 775 827 517 434 
Bin 149: 346 905 632 721 388 981 
Bin 150: 392 223 685 991 862 298 
Bin 151: 940 594 886 512 663 
Bin 152: 345 840 334 45 40 652 
Bin 153: 279 561 729 436 408 
