# Objective: 152
# Time: 347.598
# Feasible: 1
# Solution:
Bin 0: 626 536 202 997 540 3 686 652 
Bin 1: 133 67 297 890 722 
Bin 2: 749 698 153 36 137 229 
Bin 3: 186 57 417 118 337 633 
Bin 4: 640 470 521 818 834 657 261 71 
Bin 5: 637 635 622 409 301 704 335 969 
Bin 6: 785 231 83 883 604 651 
Bin 7: 331 397 532 52 63 938 
Bin 8: 242 567 756 863 432 
Bin 9: 406 436 1 629 731 531 919 267 
Bin 10: 795 478 27 917 300 402 697 
Bin 11: 91 656 554 716 625 254 972 
Bin 12: 131 371 702 223 290 610 427 
Bin 13: 955 323 701 848 58 92 
Bin 14: 216 718 825 721 348 945 70 430 939 
Bin 15: 288 214 571 484 226 539 155 726 
Bin 16: 732 914 149 180 365 667 750 
Bin 17: 587 182 94 902 986 743 
Bin 18: 889 984 330 573 594 
Bin 19: 311 122 924 199 443 817 
Bin 20: 887 597 501 285 354 
Bin 21: 976 777 341 109 973 835 334 
Bin 22: 139 321 725 530 975 643 967 42 
Bin 23: 112 823 723 77 612 735 599 
Bin 24: 742 966 305 648 689 
Bin 25: 923 235 868 466 555 164 342 
Bin 26: 115 841 275 654 375 915 
Bin 27: 134 899 6 87 272 940 474 
Bin 28: 586 463 546 867 292 247 151 
Bin 29: 751 764 343 481 483 2 641 
Bin 30: 958 53 771 954 978 50 
Bin 31: 911 266 162 805 542 678 329 
Bin 32: 120 603 727 102 828 188 694 881 
Bin 33: 729 693 832 411 788 13 
Bin 34: 438 607 271 0 95 17 167 
Bin 35: 934 526 24 872 855 510 
Bin 36: 596 45 306 999 882 871 709 105 
Bin 37: 90 173 35 886 69 600 
Bin 38: 502 909 992 34 132 
Bin 39: 687 60 150 129 766 
Bin 40: 768 442 737 344 574 111 807 244 
Bin 41: 990 850 357 64 821 892 
Bin 42: 876 183 298 240 601 166 
Bin 43: 360 710 547 957 208 663 
Bin 44: 9 96 692 395 983 37 392 
Bin 45: 896 624 318 210 32 
Bin 46: 482 420 705 299 400 291 75 665 
Bin 47: 575 256 184 666 361 78 
Bin 48: 741 534 941 232 898 569 581 
Bin 49: 255 560 245 552 905 861 995 
Bin 50: 410 659 403 200 730 616 
Bin 51: 839 683 684 765 906 450 925 
Bin 52: 476 614 363 449 830 390 195 
Bin 53: 138 680 135 97 146 
Bin 54: 136 744 621 844 126 472 
Bin 55: 5 859 161 287 724 961 
Bin 56: 289 47 568 759 953 650 486 
Bin 57: 279 320 803 611 802 541 446 
Bin 58: 351 127 386 181 706 16 538 
Bin 59: 913 580 500 806 302 758 
Bin 60: 413 549 189 485 72 904 
Bin 61: 276 783 564 453 733 494 4 389 370 
Bin 62: 29 20 222 615 41 677 
Bin 63: 170 833 608 48 846 440 
Bin 64: 529 86 812 73 160 383 444 
Bin 65: 870 548 294 258 54 274 213 117 
Bin 66: 461 325 15 18 211 76 
Bin 67: 757 304 528 748 495 927 
Bin 68: 104 582 128 8 490 219 
Bin 69: 570 185 550 352 270 576 
Bin 70: 638 517 664 159 754 691 
Bin 71: 952 19 762 655 792 
Bin 72: 816 711 143 672 770 378 
Bin 73: 439 910 956 177 907 379 
Bin 74: 814 885 928 113 773 897 
Bin 75: 158 56 469 860 148 30 
Bin 76: 40 523 668 592 454 922 838 903 
Bin 77: 452 263 336 826 533 81 996 
Bin 78: 623 457 464 936 10 893 
Bin 79: 588 259 248 831 583 591 
Bin 80: 451 198 456 782 842 613 374 
Bin 81: 598 989 350 926 82 829 
Bin 82: 377 929 935 895 987 998 775 
Bin 83: 163 147 171 296 602 437 
Bin 84: 123 646 280 399 238 563 639 
Bin 85: 794 558 340 353 714 196 
Bin 86: 644 257 695 227 553 424 696 779 66 
Bin 87: 333 479 175 428 551 43 
Bin 88: 473 854 511 398 561 837 942 249 
Bin 89: 679 845 218 866 142 338 303 
Bin 90: 932 367 347 617 497 669 
Bin 91: 804 471 65 496 970 332 316 
Bin 92: 864 631 545 152 174 418 
Bin 93: 480 215 781 809 154 605 168 492 
Bin 94: 387 79 49 653 358 203 260 103 
Bin 95: 391 359 99 566 236 61 310 
Bin 96: 719 740 28 355 253 522 
Bin 97: 619 192 713 851 963 979 314 
Bin 98: 951 981 819 761 44 715 736 
Bin 99: 308 369 869 345 349 980 875 
Bin 100: 676 577 948 901 784 80 
Bin 101: 836 243 947 856 224 277 514 475 
Bin 102: 426 108 943 252 944 145 790 
Bin 103: 843 362 269 988 250 206 
Bin 104: 396 364 525 937 543 774 964 
Bin 105: 322 419 422 747 518 503 372 
Bin 106: 593 849 682 524 535 412 
Bin 107: 264 900 212 12 879 946 
Bin 108: 857 209 512 688 746 799 394 
Bin 109: 707 977 791 974 508 207 
Bin 110: 527 642 820 140 509 912 
Bin 111: 368 504 458 793 649 798 960 
Bin 112: 739 447 965 962 121 745 327 193 
Bin 113: 949 221 165 31 720 
Bin 114: 797 993 712 717 888 460 
Bin 115: 776 187 796 920 493 865 309 767 
Bin 116: 388 376 520 448 21 415 33 
Bin 117: 815 328 572 675 930 
Bin 118: 840 884 585 589 190 237 408 772 
Bin 119: 618 933 991 455 393 916 
Bin 120: 380 68 265 671 233 194 74 
Bin 121: 488 658 373 489 169 
Bin 122: 431 284 822 268 312 
Bin 123: 513 579 93 324 853 46 228 
Bin 124: 491 894 505 811 950 
Bin 125: 620 11 119 578 477 487 786 
Bin 126: 101 673 467 251 590 116 852 557 
Bin 127: 246 89 157 234 88 636 
Bin 128: 877 425 313 381 769 918 606 
Bin 129: 385 22 201 862 516 959 
Bin 130: 661 85 891 26 734 14 205 
Bin 131: 968 434 931 609 421 356 230 738 
Bin 132: 204 630 445 62 908 110 
Bin 133: 319 674 685 307 645 755 
Bin 134: 7 921 346 787 317 810 760 670 873 
Bin 135: 801 423 562 84 971 38 
Bin 136: 506 778 647 144 286 283 595 
Bin 137: 441 789 660 824 627 728 
Bin 138: 565 382 584 780 281 172 462 
Bin 139: 800 217 433 225 985 23 
Bin 140: 130 273 51 339 498 827 
Bin 141: 326 220 55 106 407 293 176 752 
Bin 142: 435 753 315 468 197 124 262 
Bin 143: 405 278 982 559 763 858 
Bin 144: 556 141 703 847 414 178 
Bin 145: 507 191 59 878 499 813 
Bin 146: 700 241 519 690 994 
Bin 147: 880 429 537 634 366 401 699 
Bin 148: 808 39 295 179 156 114 282 
Bin 149: 416 708 98 459 107 465 
Bin 150: 628 515 404 681 544 384 125 
Bin 151: 662 874 239 100 25 632 
