# Objective: 155
# Time: 201.797
# Feasible: 1
# Solution:
Bin 0: 488 367 741 296 490 168 
Bin 1: 407 269 356 724 279 618 102 
Bin 2: 687 587 633 826 287 780 
Bin 3: 447 452 100 836 18 238 
Bin 4: 446 253 573 728 936 324 319 
Bin 5: 976 184 204 752 657 495 
Bin 6: 190 428 800 274 380 646 
Bin 7: 451 90 43 540 164 158 
Bin 8: 436 874 106 638 582 188 996 
Bin 9: 171 828 541 373 896 504 
Bin 10: 126 916 548 628 668 45 
Bin 11: 468 156 744 564 575 365 
Bin 12: 698 209 895 208 207 87 132 
Bin 13: 470 563 212 197 371 919 263 
Bin 14: 742 11 317 404 769 833 876 
Bin 15: 191 152 841 767 579 459 101 
Bin 16: 410 535 877 701 216 980 
Bin 17: 6 418 161 565 401 679 898 
Bin 18: 671 487 860 374 68 620 402 572 
Bin 19: 160 295 864 52 609 427 417 804 
Bin 20: 353 228 276 590 236 706 963 
Bin 21: 935 103 5 661 352 783 562 
Bin 22: 708 85 788 584 119 347 409 
Bin 23: 313 50 375 27 736 683 932 
Bin 24: 84 700 695 423 305 849 3 
Bin 25: 879 600 421 17 790 764 246 
Bin 26: 438 519 568 942 718 834 
Bin 27: 795 223 719 219 439 785 342 
Bin 28: 321 46 614 122 704 139 186 
Bin 29: 226 621 128 637 231 248 
Bin 30: 23 989 372 218 47 552 580 
Bin 31: 154 75 97 44 419 20 
Bin 32: 415 448 964 136 610 689 
Bin 33: 797 472 738 334 405 926 656 
Bin 34: 104 201 755 538 777 811 
Bin 35: 853 753 67 605 351 498 33 267 
Bin 36: 392 672 318 805 182 984 
Bin 37: 531 479 784 993 304 585 
Bin 38: 0 681 348 536 642 382 255 
Bin 39: 663 513 383 7 669 842 772 
Bin 40: 358 553 492 320 957 200 532 
Bin 41: 617 424 221 89 664 38 121 48 
Bin 42: 167 983 258 331 776 444 
Bin 43: 242 35 133 902 674 252 765 
Bin 44: 460 455 830 16 693 597 905 
Bin 45: 159 858 117 461 818 721 
Bin 46: 634 640 350 591 506 824 
Bin 47: 272 249 854 556 385 149 
Bin 48: 762 754 691 528 615 512 569 
Bin 49: 722 705 641 616 63 301 344 517 
Bin 50: 978 257 309 846 956 82 478 
Bin 51: 403 205 696 95 56 947 
Bin 52: 81 907 547 322 346 256 
Bin 53: 561 578 381 10 40 624 735 
Bin 54: 803 891 843 308 730 690 
Bin 55: 362 822 815 450 570 288 210 
Bin 56: 574 349 763 429 888 130 481 235 
Bin 57: 389 299 437 453 847 391 
Bin 58: 987 872 366 608 376 70 757 30 
Bin 59: 539 412 862 150 83 137 
Bin 60: 15 972 413 400 265 
Bin 61: 798 808 725 961 820 325 
Bin 62: 80 12 505 266 227 965 
Bin 63: 111 336 921 112 1 867 
Bin 64: 924 918 118 443 32 959 
Bin 65: 37 73 189 499 69 821 
Bin 66: 627 543 115 143 442 175 966 
Bin 67: 977 153 497 71 408 694 675 
Bin 68: 534 2 723 745 176 397 62 
Bin 69: 789 284 778 960 606 999 588 
Bin 70: 441 105 711 981 613 278 
Bin 71: 901 57 850 915 54 120 
Bin 72: 79 108 760 414 222 323 593 
Bin 73: 710 217 387 312 250 555 
Bin 74: 920 729 386 992 717 913 882 
Bin 75: 645 586 611 886 292 598 477 
Bin 76: 483 622 509 923 685 471 264 
Bin 77: 549 51 422 743 114 814 810 
Bin 78: 954 229 508 635 807 273 
Bin 79: 58 434 878 994 782 399 
Bin 80: 384 659 677 394 151 
Bin 81: 715 196 462 652 393 173 884 
Bin 82: 74 66 734 603 856 885 241 
Bin 83: 41 482 868 914 179 109 
Bin 84: 224 127 581 29 636 302 303 
Bin 85: 910 746 65 897 969 456 
Bin 86: 329 170 64 142 185 398 
Bin 87: 941 515 116 194 174 72 
Bin 88: 998 990 749 720 202 169 684 
Bin 89: 357 952 644 893 890 526 237 
Bin 90: 520 751 183 92 667 25 
Bin 91: 193 733 327 458 333 626 766 
Bin 92: 559 953 500 19 388 929 
Bin 93: 857 835 933 551 60 326 
Bin 94: 934 239 55 473 370 542 601 
Bin 95: 261 991 93 259 282 759 533 
Bin 96: 26 793 24 449 484 530 
Bin 97: 123 771 280 837 643 522 
Bin 98: 521 524 848 781 631 794 
Bin 99: 971 946 39 792 861 215 
Bin 100: 291 22 986 144 454 686 
Bin 101: 945 596 78 107 88 
Bin 102: 703 604 995 602 655 390 875 
Bin 103: 474 651 203 607 36 523 
Bin 104: 13 251 396 178 688 311 
Bin 105: 812 206 316 944 8 903 411 
Bin 106: 809 21 665 855 939 300 649 
Bin 107: 880 230 518 426 110 739 
Bin 108: 756 124 917 493 906 666 232 527 
Bin 109: 660 546 900 4 294 625 285 802 
Bin 110: 510 892 98 254 96 243 
Bin 111: 750 225 416 870 894 825 262 
Bin 112: 330 654 737 140 955 134 
Bin 113: 630 653 817 801 928 773 863 
Bin 114: 59 709 268 859 220 599 595 
Bin 115: 245 162 589 145 34 550 
Bin 116: 577 537 290 873 726 476 
Bin 117: 502 281 838 432 315 
Bin 118: 787 699 339 680 491 359 732 
Bin 119: 360 927 496 650 307 286 
Bin 120: 922 138 378 967 489 832 545 
Bin 121: 988 909 629 786 951 514 845 
Bin 122: 363 594 406 467 213 740 
Bin 123: 31 682 943 768 839 748 
Bin 124: 343 480 844 566 180 948 433 
Bin 125: 86 99 982 211 714 354 662 
Bin 126: 425 827 466 177 76 465 576 
Bin 127: 485 950 271 702 310 270 
Bin 128: 806 583 377 345 852 125 
Bin 129: 970 430 14 469 129 958 431 
Bin 130: 529 747 647 592 42 507 813 
Bin 131: 486 364 199 557 163 692 975 
Bin 132: 799 113 544 962 187 716 260 
Bin 133: 172 779 148 871 648 332 
Bin 134: 938 816 560 77 774 
Bin 135: 94 457 435 697 306 712 
Bin 136: 985 337 166 314 9 912 658 
Bin 137: 445 157 865 341 355 131 
Bin 138: 869 623 293 632 558 851 883 
Bin 139: 275 244 503 761 571 91 
Bin 140: 612 619 676 233 949 
Bin 141: 775 464 904 165 28 930 
Bin 142: 899 49 974 234 678 823 
Bin 143: 146 937 475 791 463 328 
Bin 144: 147 440 979 887 494 297 
Bin 145: 516 198 61 240 511 501 
Bin 146: 340 298 289 727 819 155 
Bin 147: 840 889 911 908 940 
Bin 148: 379 713 670 968 53 731 
Bin 149: 141 567 420 925 997 135 758 
Bin 150: 214 361 368 181 707 554 
Bin 151: 395 829 195 283 369 881 247 
Bin 152: 831 973 866 770 335 277 
Bin 153: 338 796 192 525 673 
Bin 154: 639 931 
