# Objective: 41
# Time: 19.3678
# Feasible: 1
# Solution:
Bin 0: 98 41 230 45 136 138 
Bin 1: 47 233 241 212 144 32 90 
Bin 2: 244 204 116 69 217 
Bin 3: 110 37 43 126 10 140 
Bin 4: 80 234 54 193 131 169 
Bin 5: 30 81 6 63 207 12 203 
Bin 6: 243 108 142 213 239 74 128 
Bin 7: 60 58 23 114 97 11 
Bin 8: 225 180 29 219 208 247 
Bin 9: 70 186 38 134 197 201 
Bin 10: 174 77 135 229 171 33 206 
Bin 11: 89 163 158 73 172 
Bin 12: 178 145 216 184 109 137 149 
Bin 13: 17 130 120 181 124 175 
Bin 14: 153 187 84 132 72 7 
Bin 15: 245 182 214 82 170 221 83 
Bin 16: 231 218 226 105 150 15 
Bin 17: 26 107 35 228 152 2 
Bin 18: 210 151 28 96 168 161 
Bin 19: 236 0 185 16 190 192 147 
Bin 20: 44 42 246 65 61 167 
Bin 21: 50 183 112 143 64 66 5 
Bin 22: 248 117 122 56 196 
Bin 23: 104 57 162 31 141 
Bin 24: 125 164 20 238 40 9 34 
Bin 25: 227 242 209 25 159 49 
Bin 26: 215 146 173 249 119 237 240 
Bin 27: 100 103 194 3 191 
Bin 28: 92 87 67 118 232 165 176 
Bin 29: 148 95 19 39 200 62 13 
Bin 30: 199 156 1 188 52 222 
Bin 31: 139 111 99 4 86 
Bin 32: 127 220 46 93 85 27 
Bin 33: 68 155 115 78 48 106 223 
Bin 34: 211 51 235 55 102 113 
Bin 35: 79 94 21 88 133 189 129 
Bin 36: 123 71 53 36 160 177 14 
Bin 37: 18 198 76 157 224 24 179 
Bin 38: 166 91 22 195 8 75 
Bin 39: 202 121 205 101 59 
Bin 40: 154 
