# Objective: 153
# Time: 714.58
# Feasible: 1
# Solution:
Bin 0: 318 525 650 236 151 42 605 
Bin 1: 495 690 486 229 783 
Bin 2: 210 968 319 952 771 522 324 
Bin 3: 666 213 22 433 886 963 338 532 
Bin 4: 669 790 580 855 731 130 930 140 
Bin 5: 924 244 202 58 696 750 446 
Bin 6: 403 758 496 935 444 583 
Bin 7: 350 434 614 88 675 111 
Bin 8: 63 751 652 960 547 139 65 
Bin 9: 730 645 800 439 291 989 
Bin 10: 107 818 661 70 115 863 996 691 
Bin 11: 778 787 1 263 923 554 892 230 
Bin 12: 39 51 894 268 441 756 222 
Bin 13: 499 303 294 926 552 994 
Bin 14: 745 167 727 795 507 189 
Bin 15: 412 447 511 105 820 956 563 
Bin 16: 520 623 194 284 304 831 103 531 
Bin 17: 904 929 715 452 728 485 360 
Bin 18: 367 536 674 966 214 404 573 
Bin 19: 475 252 539 535 885 970 137 
Bin 20: 101 609 36 824 401 337 881 
Bin 21: 962 177 96 359 419 986 346 
Bin 22: 371 182 414 521 123 978 
Bin 23: 462 443 161 234 164 466 
Bin 24: 299 529 436 188 920 72 363 
Bin 25: 754 379 453 21 827 
Bin 26: 141 298 162 570 487 717 3 
Bin 27: 492 225 84 879 195 176 893 
Bin 28: 710 302 165 769 133 173 
Bin 29: 909 785 211 424 460 799 
Bin 30: 426 658 825 755 679 712 600 
Bin 31: 15 171 74 277 680 786 312 
Bin 32: 506 657 816 773 688 31 708 999 
Bin 33: 275 149 328 938 834 
Bin 34: 733 138 740 205 559 442 413 
Bin 35: 803 625 199 631 136 
Bin 36: 826 204 882 269 911 906 568 
Bin 37: 949 283 274 847 753 618 
Bin 38: 759 553 67 37 264 900 
Bin 39: 868 670 533 493 270 373 
Bin 40: 641 737 919 836 128 524 
Bin 41: 218 997 806 741 461 598 713 
Bin 42: 540 46 720 402 562 515 734 
Bin 43: 24 465 829 49 545 543 613 280 
Bin 44: 334 709 797 347 361 129 597 
Bin 45: 345 622 965 918 349 407 
Bin 46: 876 14 635 752 43 860 572 
Bin 47: 772 159 780 490 386 934 484 992 
Bin 48: 13 995 767 445 682 877 809 
Bin 49: 513 502 17 896 828 718 
Bin 50: 381 569 94 976 474 843 127 
Bin 51: 695 114 685 987 187 301 
Bin 52: 593 788 801 972 925 78 
Bin 53: 984 93 409 637 315 959 576 317 
Bin 54: 603 35 627 265 546 857 921 
Bin 55: 974 61 463 681 611 358 802 278 
Bin 56: 732 844 250 776 376 329 642 
Bin 57: 807 985 781 619 698 774 615 
Bin 58: 706 55 408 629 64 582 473 917 
Bin 59: 448 977 57 497 215 779 73 
Bin 60: 538 574 400 867 417 639 958 
Bin 61: 873 458 180 457 421 890 430 
Bin 62: 541 82 951 79 276 
Bin 63: 724 223 599 192 479 425 
Bin 64: 980 455 633 875 549 664 
Bin 65: 907 175 110 883 109 143 714 
Bin 66: 342 372 124 981 438 340 311 683 
Bin 67: 91 392 193 703 561 854 477 
Bin 68: 86 322 287 775 40 595 
Bin 69: 856 472 256 108 564 157 
Bin 70: 476 757 325 423 220 282 841 
Bin 71: 910 212 387 542 494 550 950 
Bin 72: 25 716 723 156 428 179 
Bin 73: 973 832 411 765 323 85 503 
Bin 74: 649 52 253 54 880 848 
Bin 75: 967 922 241 955 808 861 823 
Bin 76: 901 982 975 200 571 48 
Bin 77: 410 998 348 908 784 852 
Bin 78: 575 878 83 351 647 660 104 
Bin 79: 246 632 440 791 227 320 763 
Bin 80: 321 178 517 634 656 120 
Bin 81: 69 686 687 659 71 556 897 
Bin 82: 87 257 216 519 326 915 469 
Bin 83: 689 736 912 353 370 705 
Bin 84: 551 512 903 398 406 837 290 
Bin 85: 12 375 102 377 208 944 
Bin 86: 694 240 608 243 259 300 
Bin 87: 947 254 418 174 557 742 991 
Bin 88: 306 604 255 327 385 865 41 456 
Bin 89: 420 121 941 711 638 247 
Bin 90: 592 8 954 135 50 591 
Bin 91: 701 822 927 811 501 692 581 
Bin 92: 482 314 330 887 44 384 850 
Bin 93: 125 957 626 166 601 309 
Bin 94: 990 395 53 478 721 792 481 
Bin 95: 874 596 119 19 665 914 
Bin 96: 393 891 271 106 261 307 62 
Bin 97: 699 207 498 146 983 248 
Bin 98: 884 147 817 368 830 565 5 
Bin 99: 281 144 940 560 528 451 
Bin 100: 145 366 899 357 644 805 
Bin 101: 514 845 663 937 341 846 729 835 
Bin 102: 333 201 168 662 0 
Bin 103: 648 183 607 2 700 942 
Bin 104: 221 671 617 305 577 643 
Bin 105: 4 132 153 888 624 489 356 
Bin 106: 172 279 231 18 684 722 427 
Bin 107: 693 142 435 267 654 163 500 
Bin 108: 238 459 988 80 99 590 352 170 
Bin 109: 429 725 388 932 588 819 77 
Bin 110: 245 933 746 394 616 397 
Bin 111: 258 744 431 391 126 112 
Bin 112: 798 872 821 620 505 196 122 
Bin 113: 869 449 812 97 293 184 
Bin 114: 34 748 415 45 853 993 396 
Bin 115: 471 810 610 209 606 480 
Bin 116: 928 677 313 537 295 432 
Bin 117: 673 697 636 75 762 491 131 
Bin 118: 285 702 585 66 467 864 237 
Bin 119: 289 898 100 10 117 961 
Bin 120: 118 335 437 92 344 251 181 
Bin 121: 16 939 782 971 286 770 
Bin 122: 160 651 916 530 913 226 
Bin 123: 232 273 667 813 504 
Bin 124: 738 646 113 555 558 364 
Bin 125: 219 548 468 862 11 866 
Bin 126: 858 518 653 578 584 630 382 
Bin 127: 389 262 68 380 628 796 516 
Bin 128: 56 59 38 948 838 842 339 186 
Bin 129: 655 33 288 640 405 672 
Bin 130: 612 422 943 383 849 416 
Bin 131: 726 735 27 272 839 
Bin 132: 203 76 743 296 509 242 
Bin 133: 567 89 260 354 719 602 332 739 
Bin 134: 905 336 804 6 704 936 
Bin 135: 794 47 316 544 152 953 
Bin 136: 678 902 297 217 895 197 30 
Bin 137: 249 28 32 378 587 668 
Bin 138: 150 154 527 266 589 
Bin 139: 81 23 60 508 190 374 760 362 
Bin 140: 228 331 29 510 586 749 
Bin 141: 766 450 488 761 239 206 
Bin 142: 292 95 7 390 454 
Bin 143: 833 343 594 464 946 534 
Bin 144: 235 969 707 871 365 840 
Bin 145: 185 931 945 870 155 134 768 
Bin 146: 483 566 224 814 979 
Bin 147: 579 158 815 764 198 191 
Bin 148: 369 851 233 399 98 9 
Bin 149: 308 789 964 859 310 
Bin 150: 526 90 621 169 777 793 
Bin 151: 747 889 26 676 20 148 
Bin 152: 523 355 470 116 
