# Objective: 75
# Time: 24.4903
# Feasible: 1
# Solution:
Bin 0: 418 486 305 116 73 270 117 442 
Bin 1: 160 264 331 84 405 404 185 
Bin 2: 451 414 401 293 64 149 333 
Bin 3: 284 351 476 139 254 10 97 
Bin 4: 186 242 260 70 475 163 
Bin 5: 4 295 315 157 319 266 
Bin 6: 259 62 423 207 300 367 151 127 136 56 
Bin 7: 461 125 251 182 493 31 483 419 
Bin 8: 55 378 253 373 2 
Bin 9: 98 206 438 45 104 411 
Bin 10: 311 169 464 391 176 426 
Bin 11: 156 109 448 296 282 469 
Bin 12: 457 63 274 314 327 
Bin 13: 192 36 79 166 407 
Bin 14: 161 154 399 50 382 479 424 
Bin 15: 354 3 13 18 381 130 
Bin 16: 489 103 498 355 106 271 
Bin 17: 198 429 488 421 441 364 
Bin 18: 497 307 175 323 280 
Bin 19: 180 53 197 44 347 
Bin 20: 467 447 257 215 75 473 
Bin 21: 292 485 288 195 213 494 
Bin 22: 227 285 287 37 196 336 
Bin 23: 262 337 211 6 409 437 138 
Bin 24: 115 77 74 140 241 120 325 
Bin 25: 71 190 137 121 299 
Bin 26: 244 128 178 229 60 384 68 267 224 
Bin 27: 21 201 415 289 85 481 
Bin 28: 181 417 350 223 30 162 
Bin 29: 204 328 353 209 187 183 
Bin 30: 38 29 81 445 458 
Bin 31: 57 243 221 452 14 
Bin 32: 297 317 400 258 147 406 144 
Bin 33: 164 375 46 456 191 230 343 366 
Bin 34: 95 194 462 344 376 490 318 
Bin 35: 153 281 324 263 482 8 290 
Bin 36: 298 143 72 363 113 346 
Bin 37: 444 184 234 455 492 377 302 430 
Bin 38: 412 312 371 261 172 345 
Bin 39: 142 203 484 78 283 308 268 349 
Bin 40: 433 359 402 150 7 155 119 
Bin 41: 111 23 83 134 356 217 179 365 
Bin 42: 108 342 39 42 89 219 396 
Bin 43: 96 101 86 422 389 420 329 
Bin 44: 24 459 470 474 249 334 
Bin 45: 26 141 9 463 472 25 449 
Bin 46: 27 374 167 225 304 12 210 276 
Bin 47: 383 52 118 392 105 235 332 379 294 
Bin 48: 385 20 19 11 320 123 238 
Bin 49: 165 59 28 425 394 278 316 
Bin 50: 124 135 220 370 212 168 
Bin 51: 338 22 341 313 145 466 
Bin 52: 173 32 246 252 390 93 87 
Bin 53: 41 233 61 431 189 410 
Bin 54: 279 301 1 114 491 
Bin 55: 306 208 322 446 80 360 107 
Bin 56: 272 393 256 387 226 40 395 273 237 49 
Bin 57: 15 129 435 487 148 460 250 436 
Bin 58: 269 174 321 146 310 339 427 
Bin 59: 54 88 159 432 240 48 245 
Bin 60: 90 388 58 200 368 33 
Bin 61: 94 443 133 499 380 330 
Bin 62: 439 495 408 309 480 465 453 
Bin 63: 91 440 478 67 171 335 277 434 
Bin 64: 275 152 232 352 216 126 47 
Bin 65: 231 188 361 398 35 131 
Bin 66: 43 340 122 0 100 202 110 386 
Bin 67: 92 199 397 403 69 17 358 303 
Bin 68: 239 265 416 348 468 471 255 357 
Bin 69: 177 112 428 34 247 222 
Bin 70: 170 372 218 205 362 5 
Bin 71: 132 193 248 369 454 
Bin 72: 286 326 51 228 102 
Bin 73: 236 450 65 477 158 214 66 
Bin 74: 413 99 82 76 16 291 496 
