# Objective: 79
# Time: 36.33
# Feasible: 1
# Solution:
Bin 0: 48 88 217 21 161 41 333 
Bin 1: 268 335 467 330 221 462 
Bin 2: 56 284 299 230 226 92 
Bin 3: 339 118 488 18 203 49 
Bin 4: 133 5 290 491 389 402 116 39 
Bin 5: 97 186 381 291 480 476 
Bin 6: 359 3 449 235 264 295 
Bin 7: 101 51 25 37 474 13 210 
Bin 8: 7 228 289 493 205 439 430 
Bin 9: 254 146 169 394 177 119 
Bin 10: 286 272 344 44 31 337 129 
Bin 11: 275 66 102 285 165 363 
Bin 12: 193 35 457 259 20 283 82 
Bin 13: 422 173 352 380 294 498 
Bin 14: 332 447 74 28 106 318 
Bin 15: 246 393 415 271 370 32 
Bin 16: 497 250 319 238 149 40 166 308 
Bin 17: 306 499 302 52 487 181 
Bin 18: 65 128 426 305 369 450 395 459 
Bin 19: 409 287 231 157 200 63 201 
Bin 20: 150 382 134 121 466 441 
Bin 21: 470 123 0 163 64 431 206 
Bin 22: 188 424 465 209 145 483 
Bin 23: 334 473 496 397 87 386 
Bin 24: 120 374 152 336 345 241 326 
Bin 25: 451 167 84 26 341 495 
Bin 26: 399 269 143 304 174 199 
Bin 27: 416 216 86 407 277 383 
Bin 28: 377 353 113 36 255 72 67 
Bin 29: 204 164 68 322 77 251 253 
Bin 30: 73 444 463 232 242 109 
Bin 31: 361 456 372 182 151 24 
Bin 32: 208 138 421 27 438 
Bin 33: 112 327 110 489 131 191 247 
Bin 34: 190 411 331 469 93 391 
Bin 35: 388 30 4 144 195 243 458 
Bin 36: 270 367 95 147 490 433 
Bin 37: 194 248 168 356 266 312 
Bin 38: 260 460 410 360 461 42 
Bin 39: 419 252 307 79 50 387 
Bin 40: 313 311 423 296 281 117 60 
Bin 41: 427 233 403 265 225 141 
Bin 42: 371 357 196 224 282 137 
Bin 43: 417 1 310 414 215 23 59 396 15 
Bin 44: 358 80 240 448 38 53 47 
Bin 45: 355 158 179 160 455 375 
Bin 46: 343 445 114 324 454 156 61 
Bin 47: 219 273 338 180 428 125 
Bin 48: 401 212 202 185 379 440 
Bin 49: 184 8 347 329 373 446 
Bin 50: 70 136 325 244 46 111 
Bin 51: 293 413 348 406 139 104 
Bin 52: 98 227 234 350 239 34 
Bin 53: 278 192 2 479 303 298 
Bin 54: 105 154 220 376 175 257 
Bin 55: 425 11 443 198 481 328 475 
Bin 56: 436 90 412 435 91 189 
Bin 57: 486 14 69 384 453 315 
Bin 58: 130 237 365 85 58 317 
Bin 59: 485 392 354 170 127 404 172 267 
Bin 60: 108 258 342 159 492 468 
Bin 61: 55 103 211 75 420 176 442 
Bin 62: 126 148 432 482 12 57 263 
Bin 63: 405 100 71 292 16 368 288 
Bin 64: 276 178 94 472 400 122 
Bin 65: 274 321 99 83 477 
Bin 66: 45 187 223 236 245 
Bin 67: 385 494 429 280 366 323 320 
Bin 68: 378 262 471 140 340 314 484 
Bin 69: 214 197 364 297 155 398 346 
Bin 70: 349 464 213 207 89 
Bin 71: 96 309 135 54 142 434 
Bin 72: 22 115 408 76 107 
Bin 73: 33 17 218 29 390 418 
Bin 74: 478 19 153 10 351 
Bin 75: 279 132 301 6 316 452 249 
Bin 76: 124 171 9 256 78 300 
Bin 77: 183 222 62 437 162 362 
Bin 78: 229 43 261 81 
