# Objective: 19
# Time: 2.68249
# Feasible: 1
# Solution:
Bin 0: 37 92 59 115 65 10 
Bin 1: 93 36 56 50 82 14 
Bin 2: 104 114 4 22 105 16 101 
Bin 3: 62 42 15 3 97 73 71 
Bin 4: 9 53 31 81 24 102 100 
Bin 5: 96 109 112 27 87 89 
Bin 6: 67 11 117 38 79 21 94 
Bin 7: 30 8 60 23 108 72 2 
Bin 8: 49 69 90 45 6 61 
Bin 9: 85 64 46 103 1 95 
Bin 10: 33 86 113 111 107 7 
Bin 11: 0 51 28 58 63 91 
Bin 12: 57 76 106 83 66 26 
Bin 13: 25 52 88 17 12 75 
Bin 14: 5 13 18 78 40 84 118 80 
Bin 15: 98 70 41 54 74 35 
Bin 16: 32 48 77 110 34 44 
Bin 17: 99 68 116 39 55 
Bin 18: 19 29 119 43 47 20 
