# Objective: 19
# Time: 2.493
# Feasible: 1
# Solution:
Bin 0: 59 48 101 80 119 61 60 
Bin 1: 12 111 63 103 82 99 33 50 
Bin 2: 22 15 105 65 46 91 
Bin 3: 100 18 58 32 76 79 
Bin 4: 4 0 106 39 13 114 
Bin 5: 102 52 25 72 5 27 14 
Bin 6: 88 2 86 109 94 
Bin 7: 66 116 73 31 51 97 75 
Bin 8: 7 45 10 98 113 24 84 
Bin 9: 56 83 118 37 9 57 108 
Bin 10: 30 78 115 95 40 74 
Bin 11: 77 71 68 11 69 34 8 
Bin 12: 53 1 92 42 62 54 
Bin 13: 29 67 49 47 64 35 
Bin 14: 104 3 110 89 20 
Bin 15: 55 17 19 70 112 81 
Bin 16: 117 28 90 93 96 41 6 
Bin 17: 44 21 85 87 107 
Bin 18: 26 23 38 43 16 36 
