# Objective: 87
# Time: 42.9765
# Feasible: 1
# Solution:
Bin 0: 214 112 430 433 385 244 
Bin 1: 206 204 267 388 131 490 
Bin 2: 444 49 499 341 80 484 
Bin 3: 103 406 40 93 255 
Bin 4: 256 143 382 324 37 474 
Bin 5: 278 114 243 152 135 368 
Bin 6: 73 396 458 126 163 
Bin 7: 417 111 254 428 360 31 
Bin 8: 369 182 291 246 50 353 415 
Bin 9: 323 280 297 473 465 215 
Bin 10: 68 249 344 371 10 
Bin 11: 42 310 483 186 12 
Bin 12: 347 30 116 234 140 81 298 
Bin 13: 485 58 330 153 15 225 372 
Bin 14: 432 66 463 89 429 451 35 
Bin 15: 76 120 400 241 7 238 
Bin 16: 354 381 109 482 421 
Bin 17: 455 51 69 275 28 464 
Bin 18: 262 427 205 172 104 447 
Bin 19: 219 461 342 419 313 209 
Bin 20: 301 122 489 497 156 431 
Bin 21: 139 82 263 252 479 60 
Bin 22: 375 300 20 481 138 
Bin 23: 75 287 63 302 4 72 
Bin 24: 365 456 41 340 18 364 
Bin 25: 8 272 410 229 294 155 
Bin 26: 46 271 9 144 190 441 
Bin 27: 260 320 264 348 335 477 231 
Bin 28: 343 383 283 113 210 374 
Bin 29: 179 13 98 196 422 202 
Bin 30: 74 110 54 32 221 
Bin 31: 460 188 466 71 276 
Bin 32: 29 233 70 176 288 470 
Bin 33: 289 87 405 95 240 389 106 
Bin 34: 445 185 170 268 446 
Bin 35: 471 235 247 476 322 
Bin 36: 397 86 79 127 424 257 
Bin 37: 100 160 168 401 253 398 
Bin 38: 24 293 242 269 177 425 
Bin 39: 319 491 442 43 220 
Bin 40: 91 77 130 92 349 164 
Bin 41: 475 232 416 333 266 201 377 
Bin 42: 166 286 469 216 189 411 
Bin 43: 173 336 346 133 279 
Bin 44: 367 117 65 96 17 452 363 
Bin 45: 218 420 88 457 
Bin 46: 281 227 97 355 434 414 418 
Bin 47: 23 213 404 27 2 306 
Bin 48: 83 440 296 26 62 337 
Bin 49: 316 171 327 373 149 148 
Bin 50: 290 147 394 162 208 161 
Bin 51: 107 150 265 84 274 145 36 
Bin 52: 19 331 261 392 495 
Bin 53: 108 118 212 285 250 
Bin 54: 338 386 468 361 105 467 376 
Bin 55: 11 90 158 345 448 423 
Bin 56: 437 211 52 101 351 350 48 
Bin 57: 200 64 21 159 486 399 
Bin 58: 412 137 435 239 
Bin 59: 22 56 129 44 282 
Bin 60: 199 198 102 380 
Bin 61: 124 321 134 357 237 3 192 
Bin 62: 125 167 393 16 270 352 
Bin 63: 128 85 407 277 328 487 
Bin 64: 57 165 384 45 494 387 
Bin 65: 115 370 169 408 496 236 
Bin 66: 325 175 472 258 439 315 
Bin 67: 34 6 94 47 203 
Bin 68: 292 459 299 157 273 334 
Bin 69: 251 132 480 498 67 492 
Bin 70: 438 14 1 403 462 
Bin 71: 307 358 226 443 311 
Bin 72: 303 154 329 395 426 
Bin 73: 119 180 123 314 317 
Bin 74: 453 141 53 379 366 449 
Bin 75: 259 409 39 284 193 151 
Bin 76: 25 309 359 187 197 332 
Bin 77: 5 78 390 318 454 
Bin 78: 55 222 194 478 308 
Bin 79: 217 295 362 312 402 195 
Bin 80: 224 413 142 326 305 391 
Bin 81: 223 136 493 38 228 
Bin 82: 248 99 0 181 33 
Bin 83: 339 184 178 450 191 
Bin 84: 174 436 378 488 
Bin 85: 59 356 207 304 183 
Bin 86: 230 146 245 61 121 
