# Objective: 189
# Time: 146.313
# Feasible: 1
# Solution:
Bin 0: 701 417 915 470 737 
Bin 1: 311 221 148 839 979 
Bin 2: 347 34 436 870 3 
Bin 3: 527 11 931 907 476 
Bin 4: 845 891 529 560 72 
Bin 5: 660 823 46 435 
Bin 6: 592 739 809 716 27 
Bin 7: 869 803 465 233 497 
Bin 8: 94 108 960 694 865 543 
Bin 9: 306 893 330 951 509 533 
Bin 10: 204 246 423 940 760 
Bin 11: 695 834 773 269 903 
Bin 12: 614 601 896 166 811 426 567 
Bin 13: 340 312 950 591 518 580 179 
Bin 14: 188 563 12 821 57 
Bin 15: 383 961 534 917 220 754 
Bin 16: 401 597 970 619 264 
Bin 17: 490 549 47 927 729 
Bin 18: 400 758 196 168 185 
Bin 19: 99 149 350 174 213 626 
Bin 20: 86 428 356 714 334 
Bin 21: 212 763 455 749 422 
Bin 22: 656 25 607 281 900 511 
Bin 23: 810 434 195 408 489 646 
Bin 24: 584 878 191 403 265 989 
Bin 25: 887 331 641 355 55 30 
Bin 26: 721 726 684 95 410 453 
Bin 27: 256 268 184 975 872 741 
Bin 28: 49 38 570 102 650 882 
Bin 29: 791 620 983 431 959 855 
Bin 30: 759 363 818 976 724 424 
Bin 31: 730 736 559 150 87 751 
Bin 32: 371 581 460 524 261 846 
Bin 33: 867 344 189 645 588 769 
Bin 34: 514 504 462 564 578 
Bin 35: 796 566 844 234 219 
Bin 36: 200 448 336 394 805 402 
Bin 37: 249 825 686 116 377 
Bin 38: 107 304 797 165 170 
Bin 39: 262 295 119 117 705 45 
Bin 40: 499 948 92 247 494 745 
Bin 41: 187 124 683 61 442 141 
Bin 42: 667 458 688 0 952 21 
Bin 43: 556 901 635 602 97 
Bin 44: 587 62 127 790 243 
Bin 45: 298 101 314 139 986 682 
Bin 46: 662 122 938 599 388 
Bin 47: 89 110 125 237 321 982 
Bin 48: 375 501 26 135 965 
Bin 49: 345 690 391 775 82 723 236 
Bin 50: 487 687 792 302 647 
Bin 51: 373 743 10 452 502 897 
Bin 52: 171 217 100 553 175 
Bin 53: 71 328 202 868 661 
Bin 54: 621 199 892 731 629 440 
Bin 55: 733 880 111 966 218 
Bin 56: 59 540 964 41 978 
Bin 57: 160 486 895 123 663 259 771 
Bin 58: 999 5 443 51 738 157 
Bin 59: 79 544 471 352 138 781 
Bin 60: 523 568 990 750 968 822 
Bin 61: 64 937 991 91 84 
Bin 62: 851 393 776 52 980 
Bin 63: 528 415 815 558 618 
Bin 64: 396 637 710 226 112 76 
Bin 65: 612 309 367 554 395 
Bin 66: 120 547 772 456 286 765 
Bin 67: 386 68 409 479 126 
Bin 68: 913 707 934 15 655 
Bin 69: 472 427 253 242 582 
Bin 70: 876 319 711 382 430 
Bin 71: 862 589 450 774 300 464 
Bin 72: 942 531 955 66 918 29 
Bin 73: 398 973 480 244 31 
Bin 74: 703 254 517 644 1 
Bin 75: 921 885 270 680 156 
Bin 76: 333 516 32 274 852 358 
Bin 77: 820 507 488 192 830 
Bin 78: 863 586 503 446 993 482 
Bin 79: 569 208 421 698 178 
Bin 80: 493 634 526 929 616 
Bin 81: 290 22 786 685 914 829 962 
Bin 82: 691 640 611 794 535 
Bin 83: 296 883 819 795 292 351 
Bin 84: 228 908 297 294 227 
Bin 85: 906 317 972 941 590 
Bin 86: 316 323 659 413 473 
Bin 87: 276 681 947 996 203 643 
Bin 88: 114 541 419 928 266 
Bin 89: 884 43 804 327 272 985 
Bin 90: 713 50 115 271 70 
Bin 91: 357 742 121 692 376 
Bin 92: 75 231 748 653 606 613 
Bin 93: 322 877 53 215 717 37 273 
Bin 94: 817 164 873 385 346 
Bin 95: 725 368 80 463 496 
Bin 96: 886 362 510 720 981 
Bin 97: 778 161 93 412 136 
Bin 98: 689 977 506 475 194 
Bin 99: 808 353 670 828 
Bin 100: 806 193 923 414 
Bin 101: 288 636 843 307 988 305 
Bin 102: 457 664 879 445 849 
Bin 103: 103 454 520 799 700 
Bin 104: 610 451 98 814 943 
Bin 105: 522 481 291 301 495 
Bin 106: 949 841 485 245 106 492 
Bin 107: 706 498 225 2 967 
Bin 108: 746 224 856 211 283 
Bin 109: 561 699 163 987 438 
Bin 110: 875 151 128 324 826 930 
Bin 111: 78 789 542 704 909 
Bin 112: 605 672 992 536 310 538 
Bin 113: 248 223 779 214 837 722 
Bin 114: 359 574 708 172 468 
Bin 115: 129 20 866 332 342 
Bin 116: 735 508 478 238 898 
Bin 117: 449 361 105 293 
Bin 118: 384 894 315 152 411 585 
Bin 119: 145 48 864 519 162 
Bin 120: 565 35 433 719 910 734 788 
Bin 121: 994 603 848 631 838 
Bin 122: 390 512 793 
Bin 123: 90 130 337 40 
Bin 124: 235 904 785 874 477 
Bin 125: 467 935 833 146 461 
Bin 126: 437 279 8 922 548 
Bin 127: 207 416 813 608 133 926 
Bin 128: 770 280 229 134 718 36 
Bin 129: 201 182 998 546 365 379 
Bin 130: 857 198 727 766 181 131 
Bin 131: 912 764 755 801 140 995 
Bin 132: 372 197 555 54 969 183 13 
Bin 133: 676 702 924 545 756 
Bin 134: 81 537 263 143 
Bin 135: 326 673 370 381 
Bin 136: 594 984 287 782 308 418 
Bin 137: 289 638 665 956 630 674 
Bin 138: 341 74 432 639 957 
Bin 139: 939 757 169 33 666 42 
Bin 140: 963 282 491 380 953 
Bin 141: 697 944 113 250 186 
Bin 142: 677 740 142 753 339 
Bin 143: 752 861 623 847 216 
Bin 144: 158 971 18 397 777 525 
Bin 145: 678 954 671 798 
Bin 146: 230 177 378 557 577 
Bin 147: 850 573 459 73 651 
Bin 148: 325 24 854 658 144 
Bin 149: 6 60 96 258 521 
Bin 150: 338 28 539 39 58 
Bin 151: 853 920 889 762 65 
Bin 152: 222 958 627 399 180 313 
Bin 153: 800 593 405 14 728 583 515 
Bin 154: 669 824 277 899 572 
Bin 155: 406 56 425 649 167 
Bin 156: 23 469 693 696 16 
Bin 157: 932 859 104 576 712 267 
Bin 158: 429 275 933 827 206 
Bin 159: 551 444 466 840 77 441 
Bin 160: 858 600 420 615 88 622 
Bin 161: 153 176 209 447 784 
Bin 162: 320 285 679 154 997 
Bin 163: 137 205 44 513 831 
Bin 164: 173 360 604 783 364 
Bin 165: 439 936 7 628 484 155 
Bin 166: 744 905 632 284 648 
Bin 167: 881 761 715 625 
Bin 168: 343 550 709 575 767 
Bin 169: 278 118 835 609 9 
Bin 170: 890 255 17 787 595 
Bin 171: 888 571 147 562 552 652 
Bin 172: 239 349 916 780 
Bin 173: 369 83 354 387 
Bin 174: 159 63 252 329 654 
Bin 175: 842 374 190 832 945 
Bin 176: 392 4 318 579 633 
Bin 177: 299 617 675 642 240 
Bin 178: 530 366 241 802 925 
Bin 179: 404 668 109 974 
Bin 180: 624 505 812 911 919 
Bin 181: 657 85 860 19 210 
Bin 182: 257 389 500 732 747 
Bin 183: 132 260 836 598 
Bin 184: 902 69 596 532 
Bin 185: 483 768 871 816 946 407 
Bin 186: 303 348 232 
Bin 187: 807 251 335 
Bin 188: 474 67 
