# Objective: 38
# Time: 10.8369
# Feasible: 1
# Solution:
Bin 0: 202 94 173 198 40 37 
Bin 1: 220 50 152 223 107 25 66 144 
Bin 2: 171 161 41 227 90 89 190 
Bin 3: 114 210 239 51 125 139 196 
Bin 4: 110 123 204 182 181 12 
Bin 5: 7 246 78 156 6 163 79 166 
Bin 6: 27 33 203 38 56 18 
Bin 7: 49 80 165 81 158 197 
Bin 8: 104 137 93 208 217 5 176 
Bin 9: 13 115 10 231 100 63 191 147 
Bin 10: 186 69 2 84 68 129 
Bin 11: 199 113 235 180 22 233 229 
Bin 12: 8 228 209 238 141 48 116 127 
Bin 13: 97 224 195 172 82 
Bin 14: 29 3 184 157 130 35 
Bin 15: 179 23 4 71 206 26 
Bin 16: 124 65 153 194 150 126 
Bin 17: 213 249 92 98 151 95 
Bin 18: 53 24 169 247 45 145 178 
Bin 19: 245 189 44 183 241 177 
Bin 20: 87 212 185 216 121 15 242 
Bin 21: 32 30 36 117 72 99 200 16 
Bin 22: 164 111 248 57 187 119 58 
Bin 23: 128 46 47 138 76 230 
Bin 24: 55 88 142 62 73 19 21 
Bin 25: 122 103 159 193 83 118 237 
Bin 26: 244 214 0 43 243 136 
Bin 27: 14 236 28 86 188 205 148 91 
Bin 28: 59 105 67 155 11 135 207 
Bin 29: 96 215 175 20 74 218 
Bin 30: 160 167 174 77 146 54 34 
Bin 31: 221 149 226 85 192 170 232 
Bin 32: 1 42 60 234 112 132 101 140 
Bin 33: 109 143 61 102 64 39 
Bin 34: 133 70 240 31 211 219 
Bin 35: 17 9 225 52 162 
Bin 36: 134 106 120 222 131 
Bin 37: 168 75 154 108 201 
