# Objective: 155
# Time: 229.051
# Feasible: 1
# Solution:
Bin 0: 602 892 544 995 48 223 288 
Bin 1: 289 895 948 987 850 386 215 581 
Bin 2: 667 425 552 585 285 37 459 820 
Bin 3: 430 755 44 366 890 185 
Bin 4: 246 739 138 973 643 282 21 568 
Bin 5: 233 526 267 304 570 392 996 
Bin 6: 760 786 671 507 385 344 
Bin 7: 180 612 130 35 862 41 816 17 
Bin 8: 336 670 530 15 169 416 610 
Bin 9: 212 659 898 70 3 447 358 
Bin 10: 196 329 315 503 210 580 351 
Bin 11: 394 852 121 371 260 604 893 644 883 
Bin 12: 803 983 711 125 861 709 207 
Bin 13: 566 90 230 109 97 410 
Bin 14: 657 867 277 601 421 405 
Bin 15: 562 745 672 75 752 395 126 
Bin 16: 615 306 759 39 103 646 
Bin 17: 830 470 487 213 736 880 
Bin 18: 950 106 32 265 801 240 
Bin 19: 24 632 224 833 311 171 59 
Bin 20: 165 120 676 679 444 415 
Bin 21: 475 783 364 864 617 577 855 
Bin 22: 564 647 792 851 23 211 
Bin 23: 458 436 173 95 116 46 583 
Bin 24: 174 533 172 596 349 536 819 
Bin 25: 622 656 896 986 877 411 257 
Bin 26: 208 999 347 20 461 294 
Bin 27: 420 876 966 96 229 149 773 
Bin 28: 368 333 669 931 375 359 856 688 
Bin 29: 809 332 65 772 915 195 616 607 
Bin 30: 954 245 377 675 762 923 153 584 
Bin 31: 498 913 244 56 774 708 827 
Bin 32: 77 664 122 963 434 555 790 
Bin 33: 748 927 758 947 467 355 597 
Bin 34: 72 218 985 989 743 682 
Bin 35: 479 791 457 638 525 925 636 
Bin 36: 50 793 152 363 108 
Bin 37: 560 128 49 699 307 488 58 
Bin 38: 259 129 188 30 435 547 298 
Bin 39: 381 408 67 901 532 620 
Bin 40: 27 156 988 51 170 334 903 
Bin 41: 360 29 733 393 523 782 951 879 
Bin 42: 630 635 92 889 590 485 
Bin 43: 732 814 325 766 945 922 253 700 
Bin 44: 979 579 79 974 264 
Bin 45: 118 387 975 151 849 163 254 150 321 
Bin 46: 678 198 480 665 716 818 142 
Bin 47: 897 205 870 952 681 559 
Bin 48: 316 706 914 446 548 422 432 
Bin 49: 769 300 401 481 429 
Bin 50: 94 466 119 614 844 574 370 
Bin 51: 535 243 232 823 668 34 
Bin 52: 881 291 431 838 944 
Bin 53: 718 685 921 695 45 884 
Bin 54: 625 719 878 707 14 546 
Bin 55: 491 299 934 504 438 12 
Bin 56: 549 942 397 404 80 499 281 
Bin 57: 228 515 551 456 124 920 810 
Bin 58: 940 633 561 346 722 829 318 331 
Bin 59: 262 81 825 11 497 761 753 
Bin 60: 619 206 894 924 540 939 840 
Bin 61: 770 521 627 472 190 780 378 
Bin 62: 806 123 788 662 649 221 
Bin 63: 168 155 473 4 406 693 10 490 
Bin 64: 18 817 860 972 765 992 
Bin 65: 943 715 545 374 345 981 
Bin 66: 175 593 187 182 639 441 141 
Bin 67: 558 343 567 978 955 887 
Bin 68: 690 57 286 284 935 964 216 
Bin 69: 653 372 502 778 779 970 
Bin 70: 194 303 971 701 464 611 959 
Bin 71: 433 74 225 16 626 794 197 
Bin 72: 127 724 68 287 193 795 28 
Bin 73: 252 771 519 831 578 537 
Bin 74: 967 776 723 991 465 
Bin 75: 357 673 402 652 687 613 297 
Bin 76: 554 453 712 888 99 220 
Bin 77: 296 976 713 854 419 674 
Bin 78: 176 327 356 136 450 403 
Bin 79: 183 729 71 19 757 517 534 784 
Bin 80: 1 797 874 354 747 361 248 101 
Bin 81: 323 445 418 407 882 348 
Bin 82: 440 492 322 542 272 69 520 
Bin 83: 494 629 227 217 250 483 918 
Bin 84: 85 717 86 423 320 933 
Bin 85: 592 538 42 399 317 6 710 
Bin 86: 442 0 241 443 812 160 
Bin 87: 382 154 853 916 9 932 
Bin 88: 655 5 949 624 350 910 
Bin 89: 330 147 235 953 290 
Bin 90: 808 166 527 588 930 158 
Bin 91: 514 462 112 738 599 338 956 310 
Bin 92: 2 734 839 78 524 
Bin 93: 609 493 145 798 33 105 
Bin 94: 865 376 694 53 846 400 
Bin 95: 557 563 777 885 181 496 
Bin 96: 452 84 326 645 161 680 
Bin 97: 543 88 192 735 725 251 
Bin 98: 380 275 427 417 720 76 512 
Bin 99: 13 737 238 495 314 968 
Bin 100: 463 994 746 83 572 962 52 
Bin 101: 573 813 977 869 857 
Bin 102: 114 256 541 822 219 742 714 115 
Bin 103: 899 826 886 591 696 131 312 396 
Bin 104: 781 684 589 222 576 144 73 
Bin 105: 917 104 513 511 319 926 237 
Bin 106: 848 247 301 807 276 868 
Bin 107: 454 961 337 837 263 111 159 
Bin 108: 82 529 802 200 654 26 
Bin 109: 341 835 905 455 516 859 
Bin 110: 140 767 586 754 958 409 980 
Bin 111: 47 703 184 891 258 162 164 
Bin 112: 135 295 31 426 528 902 
Bin 113: 965 842 929 474 618 805 
Bin 114: 744 605 764 389 692 274 
Bin 115: 731 571 982 911 379 340 730 
Bin 116: 55 909 900 663 477 384 
Bin 117: 437 721 352 600 293 575 139 
Bin 118: 134 236 505 255 388 204 
Bin 119: 137 8 191 698 800 328 
Bin 120: 556 811 413 449 824 
Bin 121: 993 587 305 697 907 845 873 
Bin 122: 178 751 110 904 398 768 603 
Bin 123: 660 471 815 448 369 640 
Bin 124: 594 998 273 553 741 
Bin 125: 203 651 969 64 841 249 
Bin 126: 946 117 460 908 309 
Bin 127: 631 608 938 335 984 
Bin 128: 623 89 339 569 60 821 666 271 
Bin 129: 43 234 451 785 531 469 875 
Bin 130: 834 789 871 383 209 828 
Bin 131: 270 302 279 40 365 565 98 
Bin 132: 113 847 157 621 61 
Bin 133: 642 606 91 7 189 677 957 
Bin 134: 728 412 367 689 87 598 
Bin 135: 787 266 146 177 239 582 
Bin 136: 686 960 476 439 231 283 
Bin 137: 775 683 36 214 518 186 
Bin 138: 500 704 658 143 912 
Bin 139: 100 414 268 749 872 202 
Bin 140: 482 261 484 727 342 997 
Bin 141: 702 38 468 550 242 
Bin 142: 796 107 148 509 941 428 269 
Bin 143: 133 424 756 637 324 486 
Bin 144: 804 280 937 226 478 799 362 
Bin 145: 22 628 661 199 641 
Bin 146: 832 750 373 919 353 501 936 
Bin 147: 726 866 863 705 278 
Bin 148: 102 506 25 62 836 650 
Bin 149: 740 179 132 390 510 
Bin 150: 167 54 201 489 539 
Bin 151: 391 634 763 691 313 292 
Bin 152: 858 990 66 508 
Bin 153: 63 843 648 308 522 
Bin 154: 595 93 906 928 
