# Objective: 39
# Time: 8.02288
# Feasible: 1
# Solution:
Bin 0: 1 105 217 168 97 147 104 
Bin 1: 172 159 153 228 242 175 202 
Bin 2: 184 226 18 165 106 11 23 
Bin 3: 171 212 0 89 91 16 
Bin 4: 101 224 94 249 20 169 
Bin 5: 78 160 236 182 72 161 
Bin 6: 29 55 52 138 149 27 102 
Bin 7: 240 15 30 137 174 40 
Bin 8: 181 82 243 103 156 193 154 
Bin 9: 221 17 127 229 204 246 185 
Bin 10: 110 206 187 37 90 31 222 
Bin 11: 67 64 76 135 25 167 
Bin 12: 151 238 234 133 87 230 205 
Bin 13: 84 93 203 116 207 142 
Bin 14: 92 43 60 54 39 178 
Bin 15: 38 129 32 118 162 48 
Bin 16: 188 99 237 7 218 35 21 
Bin 17: 59 62 134 121 49 112 119 
Bin 18: 24 210 117 10 33 47 13 22 
Bin 19: 143 79 5 44 146 183 186 
Bin 20: 209 26 4 173 41 244 
Bin 21: 170 148 199 128 3 213 
Bin 22: 63 197 157 98 163 189 
Bin 23: 74 177 100 73 50 77 233 95 
Bin 24: 14 145 195 113 155 8 
Bin 25: 69 70 36 196 61 
Bin 26: 107 123 68 131 166 180 
Bin 27: 223 83 245 144 211 
Bin 28: 75 96 108 136 85 120 
Bin 29: 179 176 219 158 239 130 248 
Bin 30: 109 28 247 111 190 214 66 
Bin 31: 9 164 19 208 51 81 
Bin 32: 65 46 227 132 34 150 56 
Bin 33: 71 124 141 57 225 
Bin 34: 198 122 42 139 80 216 126 
Bin 35: 200 2 114 152 115 88 
Bin 36: 220 194 45 191 140 215 
Bin 37: 6 231 125 192 86 53 232 
Bin 38: 12 241 201 235 58 
