# Objective: 82
# Time: 29.5542
# Feasible: 1
# Solution:
Bin 0: 474 353 359 482 9 146 33 441 
Bin 1: 395 295 94 52 138 196 
Bin 2: 336 386 129 313 488 4 
Bin 3: 470 284 116 99 38 
Bin 4: 229 380 431 203 216 207 
Bin 5: 477 112 198 463 154 96 160 
Bin 6: 236 223 471 12 114 486 
Bin 7: 239 83 412 8 318 221 171 
Bin 8: 164 233 328 349 217 478 427 
Bin 9: 247 235 155 182 228 
Bin 10: 332 411 57 402 344 213 
Bin 11: 388 18 20 111 104 85 188 
Bin 12: 68 433 296 469 429 
Bin 13: 115 340 183 342 413 50 109 
Bin 14: 120 311 60 252 390 460 
Bin 15: 450 161 30 446 424 151 
Bin 16: 199 372 25 44 331 
Bin 17: 176 156 329 457 271 
Bin 18: 177 360 287 484 435 211 
Bin 19: 269 180 326 170 172 449 219 
Bin 20: 141 159 291 285 391 414 277 
Bin 21: 416 279 59 46 243 41 
Bin 22: 169 440 495 356 371 316 455 
Bin 23: 132 143 14 337 157 422 
Bin 24: 72 362 315 368 238 88 
Bin 25: 162 13 423 90 405 
Bin 26: 121 100 234 222 442 26 80 
Bin 27: 381 152 274 42 134 281 
Bin 28: 302 93 447 227 272 49 
Bin 29: 494 309 361 23 324 
Bin 30: 118 67 283 310 436 140 103 
Bin 31: 354 1 426 379 74 299 
Bin 32: 376 462 231 365 452 
Bin 33: 358 106 148 128 133 209 373 
Bin 34: 301 430 37 348 191 
Bin 35: 389 458 319 137 24 81 256 
Bin 36: 480 62 400 35 19 21 439 226 
Bin 37: 110 325 127 16 268 48 
Bin 38: 184 438 108 225 304 193 
Bin 39: 473 263 58 497 208 97 
Bin 40: 248 394 124 126 454 179 262 
Bin 41: 499 250 346 370 278 195 
Bin 42: 286 496 131 393 53 173 297 490 
Bin 43: 408 95 357 492 78 
Bin 44: 65 153 317 276 445 
Bin 45: 404 334 215 266 73 
Bin 46: 144 187 270 417 107 212 260 
Bin 47: 105 45 419 374 282 214 82 
Bin 48: 192 418 383 377 165 258 
Bin 49: 246 166 34 2 117 298 
Bin 50: 280 335 333 465 485 
Bin 51: 293 347 158 396 421 434 
Bin 52: 185 410 355 6 206 76 
Bin 53: 237 28 343 443 22 487 479 
Bin 54: 178 459 451 205 264 257 
Bin 55: 125 288 32 224 456 240 
Bin 56: 135 136 147 189 273 437 
Bin 57: 64 27 491 493 39 66 
Bin 58: 122 91 305 385 101 259 
Bin 59: 201 130 320 79 174 425 
Bin 60: 142 401 378 145 29 84 306 
Bin 61: 86 87 40 255 17 483 
Bin 62: 204 119 364 392 382 312 
Bin 63: 43 15 51 200 369 420 489 
Bin 64: 406 466 261 69 245 453 303 
Bin 65: 249 476 194 275 218 
Bin 66: 314 175 375 7 54 321 
Bin 67: 308 163 322 150 92 242 
Bin 68: 36 367 0 345 5 464 
Bin 69: 294 350 47 290 232 327 149 
Bin 70: 307 387 113 230 70 
Bin 71: 186 3 98 472 56 
Bin 72: 220 300 168 428 339 330 61 
Bin 73: 254 63 468 341 251 241 
Bin 74: 75 444 197 363 289 448 
Bin 75: 139 210 102 397 10 366 
Bin 76: 407 475 338 123 167 77 498 398 
Bin 77: 351 461 265 432 31 
Bin 78: 267 323 403 481 55 244 89 
Bin 79: 11 190 202 384 253 467 
Bin 80: 415 352 181 71 409 
Bin 81: 292 399 
