# Objective: 167
# Time: 155.403
# Feasible: 1
# Solution:
Bin 0: 497 676 370 547 10 589 
Bin 1: 149 23 514 902 100 858 
Bin 2: 942 693 955 853 781 356 557 
Bin 3: 553 726 977 728 350 
Bin 4: 404 361 965 416 798 433 73 
Bin 5: 207 224 738 495 154 375 
Bin 6: 420 742 842 453 807 568 
Bin 7: 954 298 25 194 351 803 
Bin 8: 201 780 362 900 233 920 
Bin 9: 367 926 680 796 811 823 
Bin 10: 833 492 340 425 887 699 
Bin 11: 542 281 813 972 710 790 745 
Bin 12: 645 484 957 752 74 448 646 
Bin 13: 260 237 627 236 211 354 
Bin 14: 648 283 379 690 756 640 385 
Bin 15: 403 952 163 562 770 964 82 
Bin 16: 969 755 319 769 859 
Bin 17: 916 768 345 353 355 886 
Bin 18: 540 198 515 130 597 59 716 
Bin 19: 352 41 774 818 595 0 
Bin 20: 106 583 608 54 686 722 457 
Bin 21: 409 47 137 496 880 220 
Bin 22: 793 459 494 134 872 16 197 
Bin 23: 405 395 247 109 826 72 
Bin 24: 946 2 885 668 11 56 
Bin 25: 270 510 475 906 574 527 118 
Bin 26: 166 490 429 32 800 712 
Bin 27: 673 915 960 266 426 371 
Bin 28: 471 439 412 936 815 190 685 
Bin 29: 3 643 771 80 521 711 
Bin 30: 929 396 389 810 909 637 736 
Bin 31: 835 363 300 1 870 295 424 
Bin 32: 435 575 632 966 504 644 79 
Bin 33: 564 195 458 749 232 633 
Bin 34: 851 498 596 215 746 743 978 
Bin 35: 763 717 706 488 971 
Bin 36: 473 630 773 69 55 825 
Bin 37: 216 313 758 278 218 732 
Bin 38: 99 968 879 365 407 384 
Bin 39: 991 845 185 187 213 477 
Bin 40: 111 741 677 400 34 241 
Bin 41: 935 428 731 838 124 
Bin 42: 775 13 933 417 120 
Bin 43: 53 719 460 174 268 650 369 
Bin 44: 183 526 626 523 296 830 
Bin 45: 217 662 257 274 91 390 383 
Bin 46: 50 740 323 999 333 291 
Bin 47: 30 669 294 760 949 
Bin 48: 40 184 364 698 408 
Bin 49: 168 659 29 857 368 461 561 
Bin 50: 512 682 244 748 246 110 594 
Bin 51: 998 628 376 918 940 
Bin 52: 543 750 193 619 182 65 
Bin 53: 164 76 937 992 285 876 647 
Bin 54: 854 683 243 539 822 636 
Bin 55: 939 947 101 158 209 873 786 
Bin 56: 301 617 536 114 802 805 
Bin 57: 170 93 330 602 907 147 
Bin 58: 196 228 327 150 834 709 
Bin 59: 221 837 605 359 21 982 
Bin 60: 959 402 554 788 541 176 
Bin 61: 534 714 414 762 899 98 
Bin 62: 338 179 691 239 387 517 
Bin 63: 360 202 725 891 570 905 
Bin 64: 104 75 882 606 877 924 
Bin 65: 482 558 46 667 989 653 618 
Bin 66: 860 520 791 666 162 973 413 
Bin 67: 12 997 981 284 795 175 
Bin 68: 593 491 914 776 181 156 
Bin 69: 598 26 136 871 66 692 
Bin 70: 304 45 444 881 7 155 
Bin 71: 604 27 499 801 151 785 
Bin 72: 518 538 829 303 587 797 
Bin 73: 956 455 884 733 579 419 
Bin 74: 524 451 778 945 609 334 279 
Bin 75: 90 35 5 18 271 
Bin 76: 652 346 611 588 705 421 
Bin 77: 423 203 57 577 932 551 19 
Bin 78: 986 440 572 470 234 173 
Bin 79: 994 532 863 898 94 127 
Bin 80: 24 928 116 48 661 941 
Bin 81: 616 386 821 925 316 840 
Bin 82: 43 186 335 614 782 77 
Bin 83: 560 634 200 555 214 613 261 
Bin 84: 339 787 347 374 468 259 
Bin 85: 984 293 507 701 358 121 276 
Bin 86: 143 995 910 730 344 138 
Bin 87: 672 856 454 806 265 84 
Bin 88: 275 131 192 531 469 961 
Bin 89: 724 394 225 382 702 146 
Bin 90: 63 288 718 465 230 148 
Bin 91: 878 751 641 867 336 443 
Bin 92: 306 601 436 253 974 188 392 
Bin 93: 103 411 238 135 62 272 113 
Bin 94: 689 622 249 432 642 855 
Bin 95: 107 52 427 145 36 398 70 
Bin 96: 437 480 535 665 226 
Bin 97: 199 486 212 81 342 912 
Bin 98: 525 919 892 332 687 576 
Bin 99: 141 9 904 658 450 78 447 
Bin 100: 318 804 223 921 552 466 
Bin 101: 976 252 980 875 341 671 
Bin 102: 33 715 681 694 299 528 
Bin 103: 783 849 258 836 165 
Bin 104: 908 115 456 550 720 660 
Bin 105: 890 850 502 44 422 563 
Bin 106: 222 861 847 566 779 493 
Bin 107: 697 305 123 655 449 128 
Bin 108: 635 204 927 729 180 231 
Bin 109: 314 654 309 590 329 
Bin 110: 462 418 615 31 889 331 
Bin 111: 205 864 312 513 522 
Bin 112: 911 506 988 625 254 378 4 
Bin 113: 142 767 108 656 487 529 240 
Bin 114: 841 28 445 159 852 895 
Bin 115: 61 953 51 848 639 663 
Bin 116: 280 446 792 264 913 573 
Bin 117: 629 441 391 235 794 481 569 
Bin 118: 610 930 500 430 888 894 
Bin 119: 679 297 328 452 649 
Bin 120: 967 708 897 172 337 308 747 
Bin 121: 893 157 86 623 227 599 
Bin 122: 277 545 922 102 603 996 559 
Bin 123: 85 178 357 600 60 311 
Bin 124: 343 621 315 399 832 727 
Bin 125: 704 242 397 39 442 229 
Bin 126: 754 485 695 963 565 674 828 
Bin 127: 567 366 975 321 839 707 
Bin 128: 267 415 71 322 310 979 
Bin 129: 917 129 161 584 509 348 
Bin 130: 812 516 377 808 64 
Bin 131: 799 503 993 948 700 189 
Bin 132: 585 703 571 112 612 282 132 
Bin 133: 721 896 372 250 88 92 
Bin 134: 325 868 903 474 476 581 944 
Bin 135: 874 777 820 152 463 765 
Bin 136: 38 388 744 735 549 
Bin 137: 262 831 160 263 434 962 
Bin 138: 817 126 177 739 546 
Bin 139: 505 865 675 139 273 125 
Bin 140: 530 317 42 511 349 
Bin 141: 320 269 472 286 508 761 
Bin 142: 467 757 117 15 866 970 
Bin 143: 723 819 169 381 49 438 
Bin 144: 519 89 638 406 140 14 
Bin 145: 58 862 87 256 620 479 
Bin 146: 119 664 591 688 846 
Bin 147: 843 958 245 684 97 
Bin 148: 934 824 901 772 578 809 
Bin 149: 678 105 191 631 206 
Bin 150: 883 713 83 401 951 734 
Bin 151: 478 255 753 592 8 
Bin 152: 987 167 289 307 67 133 
Bin 153: 287 844 6 20 290 
Bin 154: 393 764 208 324 22 
Bin 155: 219 537 950 582 501 651 
Bin 156: 696 302 766 68 931 
Bin 157: 923 210 985 827 
Bin 158: 95 410 248 938 380 
Bin 159: 814 144 544 556 943 
Bin 160: 153 292 607 990 533 
Bin 161: 122 670 251 548 
Bin 162: 431 37 17 816 373 983 
Bin 163: 784 96 171 586 
Bin 164: 759 657 624 489 
Bin 165: 789 464 580 
Bin 166: 869 483 326 737 
