# Objective: 40
# Time: 7.4465
# Feasible: 1
# Solution:
Bin 0: 137 198 16 81 59 236 38 
Bin 1: 209 55 135 95 133 166 
Bin 2: 53 26 129 156 216 120 20 
Bin 3: 74 222 151 112 196 184 121 
Bin 4: 29 241 69 102 146 15 237 
Bin 5: 96 50 10 238 94 167 
Bin 6: 78 136 52 178 85 42 
Bin 7: 48 5 144 185 197 219 200 
Bin 8: 62 171 98 11 206 36 44 
Bin 9: 172 162 34 25 157 212 
Bin 10: 221 7 227 101 187 235 
Bin 11: 233 179 131 13 17 117 
Bin 12: 194 205 122 195 208 65 141 
Bin 13: 234 142 204 91 152 224 127 214 
Bin 14: 40 12 188 119 244 230 223 
Bin 15: 93 165 67 66 108 
Bin 16: 61 107 202 158 229 
Bin 17: 147 169 89 218 45 161 
Bin 18: 87 100 211 138 231 228 
Bin 19: 8 6 71 217 207 99 
Bin 20: 186 0 24 9 57 58 
Bin 21: 83 247 225 126 124 103 111 23 33 
Bin 22: 182 92 240 109 97 28 
Bin 23: 72 191 70 154 110 68 116 
Bin 24: 128 104 60 192 168 
Bin 25: 139 30 160 155 77 46 
Bin 26: 41 2 175 150 125 73 199 
Bin 27: 64 76 14 153 1 
Bin 28: 86 130 245 49 134 
Bin 29: 80 174 114 246 54 
Bin 30: 39 43 18 190 189 106 
Bin 31: 213 51 201 88 210 123 248 
Bin 32: 82 149 21 239 140 105 
Bin 33: 242 113 193 75 173 35 215 
Bin 34: 176 63 90 143 145 4 
Bin 35: 84 31 226 163 22 115 177 
Bin 36: 249 180 181 220 243 164 37 
Bin 37: 118 3 27 170 32 
Bin 38: 148 183 79 
Bin 39: 132 232 56 159 203 19 47 
