# Objective: 40
# Time: 15.5571
# Feasible: 1
# Solution:
Bin 0: 2 129 4 223 229 92 38 
Bin 1: 58 69 11 99 133 243 95 
Bin 2: 170 127 74 196 121 188 112 
Bin 3: 168 47 157 209 10 160 207 
Bin 4: 28 67 159 80 216 
Bin 5: 87 176 237 185 161 71 
Bin 6: 238 63 109 230 53 120 
Bin 7: 8 131 114 197 54 236 
Bin 8: 135 106 152 33 100 68 122 
Bin 9: 199 140 246 137 19 232 
Bin 10: 165 40 186 184 219 201 
Bin 11: 78 46 214 49 75 245 153 
Bin 12: 111 56 211 174 139 25 
Bin 13: 34 155 218 228 13 65 
Bin 14: 21 81 249 220 222 193 235 
Bin 15: 14 167 136 73 148 36 79 
Bin 16: 77 244 117 126 212 187 84 198 204 
Bin 17: 113 9 85 242 16 41 66 
Bin 18: 61 145 31 172 134 116 
Bin 19: 248 151 64 146 215 191 
Bin 20: 163 144 206 50 88 164 141 
Bin 21: 43 233 93 175 70 105 154 
Bin 22: 240 227 101 35 115 
Bin 23: 22 6 90 200 0 3 
Bin 24: 102 182 247 180 18 12 
Bin 25: 192 29 202 208 55 213 195 189 
Bin 26: 89 103 30 179 194 
Bin 27: 166 94 183 162 60 91 
Bin 28: 173 39 210 231 97 110 221 
Bin 29: 82 86 125 226 225 1 
Bin 30: 177 150 5 118 132 32 
Bin 31: 239 158 23 143 171 241 
Bin 32: 42 62 130 52 142 83 
Bin 33: 119 27 48 147 108 26 
Bin 34: 107 217 181 44 59 138 205 
Bin 35: 24 178 17 104 149 156 
Bin 36: 15 123 7 203 76 
Bin 37: 224 98 96 20 45 
Bin 38: 57 169 37 190 234 51 
Bin 39: 72 128 124 
