# Objective: 88
# Time: 74.5449
# Feasible: 1
# Solution:
Bin 0: 202 408 388 174 217 
Bin 1: 2 327 360 262 451 412 
Bin 2: 16 281 142 248 337 152 285 
Bin 3: 104 149 189 293 354 32 
Bin 4: 127 24 250 227 494 
Bin 5: 156 393 300 76 378 335 
Bin 6: 440 105 193 433 270 460 258 
Bin 7: 54 422 481 203 282 
Bin 8: 28 389 344 474 53 
Bin 9: 292 173 200 362 367 83 
Bin 10: 298 120 444 145 379 287 
Bin 11: 57 453 103 118 400 302 358 
Bin 12: 47 491 188 489 457 374 
Bin 13: 187 421 280 288 458 394 
Bin 14: 318 116 267 22 182 420 
Bin 15: 164 441 231 347 138 434 
Bin 16: 274 10 479 463 387 
Bin 17: 363 178 295 484 101 34 471 
Bin 18: 7 438 334 59 306 
Bin 19: 355 428 130 261 380 17 
Bin 20: 218 396 132 254 33 186 
Bin 21: 169 97 215 208 207 
Bin 22: 195 162 486 71 307 171 357 
Bin 23: 299 179 177 338 296 402 
Bin 24: 60 466 13 38 403 192 137 
Bin 25: 41 102 447 376 340 423 465 
Bin 26: 121 153 392 4 369 435 
Bin 27: 467 413 382 157 226 455 
Bin 28: 15 242 210 331 442 
Bin 29: 324 370 122 259 429 204 
Bin 30: 361 406 58 85 252 385 
Bin 31: 161 0 316 456 45 310 
Bin 32: 277 135 155 160 219 308 436 
Bin 33: 323 257 386 383 275 148 
Bin 34: 214 480 446 134 419 
Bin 35: 115 92 260 319 348 
Bin 36: 224 399 373 487 229 
Bin 37: 459 304 411 478 269 18 
Bin 38: 244 40 239 86 185 350 
Bin 39: 151 236 366 9 213 181 
Bin 40: 381 312 146 139 397 80 31 
Bin 41: 375 321 109 1 63 
Bin 42: 143 233 365 43 194 
Bin 43: 414 168 243 469 311 271 
Bin 44: 183 450 235 349 326 483 
Bin 45: 25 279 401 19 488 165 
Bin 46: 477 241 110 144 79 427 
Bin 47: 107 410 493 353 
Bin 48: 476 11 94 377 113 
Bin 49: 90 190 431 309 
Bin 50: 212 249 35 206 273 50 
Bin 51: 268 56 432 240 336 391 
Bin 52: 454 294 251 106 425 473 
Bin 53: 48 209 314 472 359 
Bin 54: 29 88 133 352 238 75 
Bin 55: 66 232 464 67 320 490 407 
Bin 56: 65 46 485 416 114 
Bin 57: 191 468 8 230 315 398 
Bin 58: 256 184 364 77 384 
Bin 59: 51 69 498 84 112 443 
Bin 60: 12 448 297 128 305 
Bin 61: 81 278 108 95 499 123 
Bin 62: 167 246 180 372 342 
Bin 63: 6 42 329 328 3 325 
Bin 64: 64 73 30 475 371 
Bin 65: 345 205 136 332 82 482 
Bin 66: 222 495 245 70 492 
Bin 67: 449 341 140 317 265 129 
Bin 68: 176 390 272 172 100 263 
Bin 69: 409 333 36 223 284 
Bin 70: 141 23 255 225 44 96 445 
Bin 71: 201 126 301 62 125 
Bin 72: 289 26 228 175 131 247 
Bin 73: 339 220 322 150 147 470 
Bin 74: 166 119 20 216 27 330 
Bin 75: 417 158 170 37 196 462 
Bin 76: 351 291 154 211 
Bin 77: 424 313 124 405 197 68 
Bin 78: 343 253 264 368 99 199 
Bin 79: 497 55 430 159 283 
Bin 80: 74 437 234 78 49 
Bin 81: 356 496 461 72 395 14 
Bin 82: 404 98 452 87 21 221 
Bin 83: 52 91 89 61 
Bin 84: 418 117 346 163 198 
Bin 85: 286 5 290 276 111 
Bin 86: 93 426 439 
Bin 87: 415 237 303 266 39 
