# Objective: 174
# Time: 3614.63
# Feasible: 1
# Solution:
Bin 0: 566 766 328 909 837 51 140 
Bin 1: 830 460 152 5 246 146 
Bin 2: 989 327 925 910 554 855 
Bin 3: 806 1 335 287 971 852 
Bin 4: 440 381 496 60 995 859 
Bin 5: 469 853 203 233 975 
Bin 6: 10 59 186 124 781 
Bin 7: 987 49 411 740 946 
Bin 8: 760 357 561 531 665 486 
Bin 9: 886 454 619 515 798 
Bin 10: 273 938 471 402 741 33 
Bin 11: 652 279 242 45 801 122 
Bin 12: 759 763 907 757 382 585 944 
Bin 13: 600 34 905 244 367 476 
Bin 14: 893 692 896 833 310 484 
Bin 15: 858 191 524 997 861 803 
Bin 16: 62 663 99 889 470 286 
Bin 17: 104 767 313 80 951 337 
Bin 18: 700 108 185 775 375 688 
Bin 19: 257 74 420 776 548 
Bin 20: 580 369 439 630 
Bin 21: 860 715 414 449 253 
Bin 22: 764 312 900 494 716 354 
Bin 23: 928 315 139 188 563 461 
Bin 24: 250 463 180 200 940 
Bin 25: 595 941 362 814 728 371 
Bin 26: 128 867 202 834 709 
Bin 27: 314 71 135 386 477 15 
Bin 28: 238 358 262 451 722 
Bin 29: 480 682 153 903 7 
Bin 30: 268 696 883 424 157 377 
Bin 31: 491 19 820 835 70 846 513 
Bin 32: 462 755 933 346 581 232 
Bin 33: 521 991 299 266 629 732 945 
Bin 34: 598 784 415 498 170 
Bin 35: 326 978 332 141 
Bin 36: 393 641 355 12 980 181 
Bin 37: 293 301 558 617 366 136 
Bin 38: 195 260 976 179 149 899 
Bin 39: 121 611 230 318 56 
Bin 40: 305 379 110 623 668 919 
Bin 41: 57 196 214 103 797 608 
Bin 42: 187 446 319 994 303 125 
Bin 43: 772 387 589 525 973 935 
Bin 44: 520 985 979 278 824 130 
Bin 45: 276 352 725 733 317 333 
Bin 46: 568 435 791 937 680 
Bin 47: 325 599 75 294 163 
Bin 48: 13 931 918 47 532 926 
Bin 49: 272 653 116 569 920 457 
Bin 50: 854 385 21 943 307 788 
Bin 51: 17 365 762 546 296 847 
Bin 52: 350 584 618 331 993 
Bin 53: 713 324 40 843 340 882 
Bin 54: 38 148 670 872 368 
Bin 55: 577 578 731 677 193 
Bin 56: 256 453 999 981 796 551 
Bin 57: 699 487 172 429 505 304 
Bin 58: 996 970 936 689 659 427 
Bin 59: 669 990 662 145 490 316 
Bin 60: 284 805 113 44 674 
Bin 61: 871 137 703 52 651 258 311 
Bin 62: 811 497 840 102 914 
Bin 63: 575 392 450 343 711 
Bin 64: 86 866 774 675 913 
Bin 65: 349 564 885 594 390 433 
Bin 66: 283 48 218 330 81 101 616 
Bin 67: 72 633 613 654 489 
Bin 68: 265 35 388 615 189 539 
Bin 69: 698 91 190 727 686 42 
Bin 70: 705 363 441 177 815 227 373 
Bin 71: 687 637 845 167 403 
Bin 72: 634 468 750 438 719 708 
Bin 73: 556 89 738 164 574 
Bin 74: 66 948 604 171 28 
Bin 75: 192 184 395 786 198 
Bin 76: 345 206 986 894 672 676 
Bin 77: 281 765 302 646 514 39 628 
Bin 78: 567 517 553 793 370 155 570 
Bin 79: 396 857 225 259 437 
Bin 80: 621 571 730 804 735 18 
Bin 81: 787 721 582 657 717 701 
Bin 82: 557 443 2 431 338 344 
Bin 83: 43 290 972 6 685 407 
Bin 84: 902 320 339 409 690 131 
Bin 85: 472 884 29 831 161 465 
Bin 86: 374 178 542 25 868 
Bin 87: 430 543 16 802 930 679 
Bin 88: 530 942 587 65 391 263 
Bin 89: 612 865 901 11 173 873 
Bin 90: 120 93 126 960 205 231 
Bin 91: 359 522 984 710 459 877 
Bin 92: 236 519 965 792 639 950 
Bin 93: 222 609 863 588 271 
Bin 94: 666 526 684 718 904 361 
Bin 95: 726 844 26 742 298 147 
Bin 96: 216 714 445 839 213 
Bin 97: 737 342 254 444 413 
Bin 98: 838 752 288 434 416 673 
Bin 99: 966 963 383 481 397 848 138 
Bin 100: 636 540 681 777 961 560 
Bin 101: 828 640 643 197 24 537 
Bin 102: 683 962 850 789 823 169 
Bin 103: 983 592 255 503 647 165 
Bin 104: 800 217 511 495 245 
Bin 105: 656 448 499 394 144 631 
Bin 106: 229 3 622 887 41 693 906 
Bin 107: 927 426 874 523 768 209 
Bin 108: 422 818 291 14 32 
Bin 109: 4 297 452 956 
Bin 110: 87 576 841 20 720 
Bin 111: 353 336 27 923 58 
Bin 112: 541 876 456 274 954 321 
Bin 113: 959 748 306 982 292 
Bin 114: 322 0 819 289 832 
Bin 115: 878 151 778 69 624 95 
Bin 116: 544 421 174 356 695 
Bin 117: 749 550 84 869 773 964 
Bin 118: 579 875 282 68 295 22 
Bin 119: 620 54 78 406 248 
Bin 120: 694 533 53 199 706 264 
Bin 121: 516 988 9 545 827 
Bin 122: 911 64 501 648 240 
Bin 123: 782 502 614 992 922 958 
Bin 124: 210 384 466 37 442 535 
Bin 125: 428 479 862 127 123 399 
Bin 126: 758 76 606 98 308 
Bin 127: 485 512 323 211 447 
Bin 128: 224 478 61 419 625 518 
Bin 129: 888 697 534 785 134 111 
Bin 130: 223 671 114 364 162 565 
Bin 131: 156 638 404 176 881 895 
Bin 132: 23 117 949 133 890 761 
Bin 133: 593 243 376 779 939 912 509 
Bin 134: 799 605 555 743 208 678 
Bin 135: 235 880 405 132 603 704 
Bin 136: 573 473 744 247 870 547 
Bin 137: 175 94 756 892 969 924 723 
Bin 138: 829 754 493 506 348 207 
Bin 139: 458 771 360 90 119 504 
Bin 140: 500 947 528 661 79 
Bin 141: 241 729 401 596 50 810 
Bin 142: 510 285 559 826 261 85 
Bin 143: 115 632 746 423 398 267 
Bin 144: 239 215 712 309 527 607 
Bin 145: 107 341 389 808 591 112 
Bin 146: 864 952 658 212 897 770 
Bin 147: 849 252 957 842 351 915 
Bin 148: 275 583 96 158 474 408 
Bin 149: 30 168 482 734 691 
Bin 150: 753 82 549 751 627 204 
Bin 151: 507 234 813 249 667 
Bin 152: 97 508 572 610 812 237 
Bin 153: 183 921 644 417 836 166 635 
Bin 154: 816 118 372 475 821 
Bin 155: 655 412 929 898 36 
Bin 156: 160 221 142 300 724 432 
Bin 157: 974 334 769 664 745 31 
Bin 158: 649 8 329 809 194 410 
Bin 159: 552 73 418 105 955 536 
Bin 160: 825 347 46 228 601 998 
Bin 161: 967 92 436 280 154 
Bin 162: 55 702 143 538 908 129 
Bin 163: 492 378 83 934 916 464 
Bin 164: 106 739 851 891 879 
Bin 165: 977 77 201 953 586 
Bin 166: 400 780 219 488 562 455 
Bin 167: 380 642 807 968 590 150 
Bin 168: 67 159 529 817 220 
Bin 169: 790 795 270 707 425 
Bin 170: 88 277 182 783 251 626 
Bin 171: 917 597 269 109 645 63 794 
Bin 172: 822 650 602 467 736 660 
Bin 173: 747 100 483 932 856 226 
