# Objective: 42
# Time: 20.8642
# Feasible: 1
# Solution:
Bin 0: 211 146 84 241 88 
Bin 1: 194 218 191 58 188 35 
Bin 2: 110 126 57 186 15 185 64 
Bin 3: 1 134 80 54 205 142 172 169 
Bin 4: 136 192 195 226 121 114 
Bin 5: 163 140 66 171 200 55 
Bin 6: 204 70 141 7 61 87 
Bin 7: 173 245 109 181 246 209 239 
Bin 8: 112 233 76 243 129 43 
Bin 9: 217 73 69 189 24 67 133 
Bin 10: 219 225 170 184 150 
Bin 11: 197 199 231 9 96 14 
Bin 12: 125 20 120 138 47 
Bin 13: 175 29 119 52 131 235 
Bin 14: 176 122 75 214 157 213 159 
Bin 15: 31 190 100 207 139 208 
Bin 16: 21 115 144 247 53 60 
Bin 17: 74 162 85 234 36 39 
Bin 18: 79 101 203 187 117 6 
Bin 19: 232 180 17 227 149 193 220 
Bin 20: 177 244 166 174 161 
Bin 21: 215 98 206 5 152 26 
Bin 22: 124 248 240 183 22 
Bin 23: 89 46 158 165 49 202 147 
Bin 24: 198 229 0 164 62 238 27 
Bin 25: 123 44 83 99 51 25 
Bin 26: 103 237 230 90 50 
Bin 27: 223 113 59 216 105 153 
Bin 28: 212 45 95 148 128 178 
Bin 29: 2 145 12 222 102 33 42 
Bin 30: 94 8 28 137 48 167 
Bin 31: 111 97 156 38 154 
Bin 32: 182 4 151 3 155 72 
Bin 33: 13 249 221 179 81 118 
Bin 34: 135 10 242 132 78 201 
Bin 35: 210 168 65 19 104 
Bin 36: 108 92 106 228 82 68 
Bin 37: 93 23 41 11 37 63 
Bin 38: 224 16 107 236 86 
Bin 39: 143 40 196 30 160 
Bin 40: 32 77 130 
Bin 41: 18 116 71 34 127 56 91 
