# Objective: 170
# Time: 3603.09
# Feasible: 1
# Solution:
Bin 0: 690 364 702 56 823 263 482 
Bin 1: 59 539 41 668 
Bin 2: 765 347 730 349 457 68 
Bin 3: 124 529 850 191 775 
Bin 4: 832 926 72 902 986 653 971 
Bin 5: 745 688 284 444 3 671 
Bin 6: 301 101 27 674 408 896 
Bin 7: 965 473 52 974 156 689 
Bin 8: 375 934 642 616 487 812 909 
Bin 9: 275 269 535 509 210 555 
Bin 10: 808 521 276 737 681 324 
Bin 11: 397 371 882 694 940 656 526 
Bin 12: 662 796 81 35 133 60 997 
Bin 13: 833 450 192 11 380 
Bin 14: 588 231 217 66 425 
Bin 15: 111 591 840 510 253 951 311 
Bin 16: 343 254 228 794 213 
Bin 17: 259 37 676 109 897 411 731 
Bin 18: 877 71 327 481 291 230 329 
Bin 19: 32 868 967 719 818 962 
Bin 20: 376 160 446 519 633 453 683 
Bin 21: 594 980 811 838 69 330 
Bin 22: 579 904 732 242 764 
Bin 23: 645 369 533 357 828 565 
Bin 24: 542 19 103 984 293 622 
Bin 25: 899 822 227 17 90 292 458 
Bin 26: 199 568 214 466 385 31 
Bin 27: 747 504 67 714 427 84 
Bin 28: 64 244 969 664 490 634 733 
Bin 29: 607 993 782 826 8 70 
Bin 30: 501 941 139 872 942 610 
Bin 31: 200 15 957 925 188 377 
Bin 32: 4 903 40 437 136 
Bin 33: 456 586 582 204 739 875 
Bin 34: 621 20 817 524 379 
Bin 35: 25 431 163 977 815 995 693 554 
Bin 36: 888 454 548 953 313 346 532 
Bin 37: 166 508 374 809 650 
Bin 38: 673 569 477 439 905 599 
Bin 39: 336 703 646 663 370 
Bin 40: 150 802 799 104 335 697 467 
Bin 41: 288 447 757 339 753 
Bin 42: 933 763 498 710 360 
Bin 43: 92 205 938 338 595 795 
Bin 44: 499 806 494 661 95 
Bin 45: 42 390 898 791 518 776 
Bin 46: 639 562 640 283 612 
Bin 47: 353 793 734 131 722 593 
Bin 48: 742 211 402 252 585 932 
Bin 49: 24 704 946 355 452 
Bin 50: 197 770 181 272 611 534 
Bin 51: 422 771 246 495 273 
Bin 52: 468 785 666 410 649 286 382 
Bin 53: 618 949 112 922 513 857 
Bin 54: 839 79 389 359 797 98 
Bin 55: 982 960 884 750 300 
Bin 56: 367 348 216 165 16 
Bin 57: 135 632 713 961 
Bin 58: 399 401 890 167 322 
Bin 59: 235 658 787 54 39 459 261 
Bin 60: 87 774 981 198 754 553 
Bin 61: 325 943 680 152 65 
Bin 62: 901 576 435 660 583 99 
Bin 63: 894 900 749 115 250 
Bin 64: 442 915 963 956 677 
Bin 65: 158 921 352 598 895 186 
Bin 66: 602 6 1 23 803 247 
Bin 67: 798 692 651 50 628 
Bin 68: 285 672 224 991 334 30 476 
Bin 69: 581 952 194 523 700 853 
Bin 70: 195 916 302 752 511 127 
Bin 71: 994 270 615 151 935 578 471 
Bin 72: 707 758 698 670 506 298 
Bin 73: 142 728 820 845 843 
Bin 74: 172 449 86 365 695 44 
Bin 75: 229 790 544 96 318 755 
Bin 76: 463 846 82 438 873 766 
Bin 77: 587 939 880 208 545 475 117 
Bin 78: 536 959 859 836 561 405 851 
Bin 79: 543 556 294 741 155 
Bin 80: 5 479 362 76 972 570 
Bin 81: 223 46 720 950 549 
Bin 82: 516 976 409 179 
Bin 83: 726 388 906 303 120 328 
Bin 84: 617 225 304 600 675 
Bin 85: 97 337 597 502 154 45 
Bin 86: 721 462 143 474 729 33 
Bin 87: 221 57 2 606 138 
Bin 88: 22 772 780 878 789 387 
Bin 89: 883 394 871 89 404 647 384 
Bin 90: 948 955 265 489 760 
Bin 91: 870 636 973 381 528 356 
Bin 92: 354 855 178 762 295 430 
Bin 93: 75 305 122 168 908 
Bin 94: 373 342 725 78 488 
Bin 95: 748 515 682 705 460 319 
Bin 96: 361 492 21 740 149 824 
Bin 97: 383 711 485 170 983 420 
Bin 98: 180 537 825 538 686 232 
Bin 99: 816 345 717 417 47 12 
Bin 100: 841 990 341 7 769 
Bin 101: 38 274 744 145 778 
Bin 102: 162 418 102 237 687 792 831 
Bin 103: 169 234 911 309 781 74 945 
Bin 104: 530 392 416 603 183 648 
Bin 105: 864 979 784 464 779 378 491 
Bin 106: 746 988 773 484 472 813 
Bin 107: 678 970 998 567 248 62 
Bin 108: 116 412 996 667 419 344 
Bin 109: 289 129 314 277 885 469 
Bin 110: 835 736 175 891 964 
Bin 111: 407 415 451 280 426 268 887 837 
Bin 112: 867 601 858 148 907 310 
Bin 113: 58 125 966 281 716 212 
Bin 114: 184 255 724 985 580 
Bin 115: 657 620 497 190 608 
Bin 116: 61 443 708 130 134 531 
Bin 117: 987 185 193 783 937 196 
Bin 118: 157 189 53 
Bin 119: 91 88 613 626 233 331 
Bin 120: 927 321 177 83 665 856 
Bin 121: 804 483 34 391 575 110 164 
Bin 122: 413 363 171 29 421 847 215 
Bin 123: 113 55 821 13 512 643 
Bin 124: 141 445 240 968 358 541 881 
Bin 125: 892 552 572 830 712 924 
Bin 126: 852 48 627 238 239 862 
Bin 127: 118 187 685 256 860 106 
Bin 128: 368 441 236 958 869 
Bin 129: 434 635 478 174 51 203 609 
Bin 130: 564 18 249 920 605 629 819 
Bin 131: 63 978 105 266 715 788 
Bin 132: 119 886 260 77 500 
Bin 133: 571 290 393 912 644 245 
Bin 134: 108 589 727 173 540 
Bin 135: 465 207 36 220 756 307 
Bin 136: 366 654 480 297 
Bin 137: 267 786 574 287 768 999 
Bin 138: 889 100 222 436 557 406 
Bin 139: 624 470 28 947 271 573 507 
Bin 140: 928 879 264 296 320 520 243 
Bin 141: 85 876 630 218 842 759 
Bin 142: 26 684 80 718 146 
Bin 143: 699 743 332 923 448 827 
Bin 144: 807 147 550 440 577 918 
Bin 145: 121 735 874 637 546 525 
Bin 146: 844 226 503 551 777 
Bin 147: 559 641 432 992 128 936 
Bin 148: 351 723 669 652 848 350 619 
Bin 149: 563 333 805 219 123 
Bin 150: 107 386 461 914 299 340 
Bin 151: 623 861 701 527 433 929 
Bin 152: 10 486 604 257 153 
Bin 153: 738 691 493 496 429 
Bin 154: 455 592 93 140 9 709 94 
Bin 155: 801 679 706 206 931 326 
Bin 156: 323 989 132 596 202 400 
Bin 157: 201 49 917 317 279 659 
Bin 158: 505 834 137 558 316 
Bin 159: 625 258 863 144 306 278 
Bin 160: 126 396 814 913 614 910 
Bin 161: 944 403 767 159 893 
Bin 162: 14 315 584 761 975 590 
Bin 163: 241 849 372 182 547 114 282 
Bin 164: 865 0 954 414 312 522 
Bin 165: 810 696 161 308 398 655 
Bin 166: 930 395 560 517 428 866 
Bin 167: 566 919 751 73 176 262 
Bin 168: 424 800 43 631 514 829 
Bin 169: 854 423 251 638 209 
