# Objective: 152
# Time: 225.579
# Feasible: 1
# Solution:
Bin 0: 814 157 517 969 212 820 
Bin 1: 724 82 394 717 786 64 
Bin 2: 232 757 467 344 803 681 701 392 
Bin 3: 453 133 380 617 156 290 130 289 161 
Bin 4: 61 50 46 891 487 373 345 264 
Bin 5: 603 428 1 704 281 221 272 
Bin 6: 976 611 233 559 772 695 
Bin 7: 922 265 671 500 456 522 
Bin 8: 363 635 612 118 589 
Bin 9: 386 99 15 880 613 966 501 
Bin 10: 123 549 117 887 540 972 516 
Bin 11: 261 147 74 224 974 936 230 715 
Bin 12: 279 503 856 437 863 323 610 649 
Bin 13: 22 287 336 819 572 542 608 810 297 
Bin 14: 80 197 651 44 135 24 859 
Bin 15: 278 771 317 556 560 860 532 188 
Bin 16: 388 729 618 238 730 970 440 
Bin 17: 318 421 21 548 217 
Bin 18: 885 122 198 470 663 
Bin 19: 570 185 228 173 964 907 606 
Bin 20: 158 945 787 202 114 977 190 953 
Bin 21: 49 337 897 764 712 788 720 
Bin 22: 952 442 554 488 692 305 431 30 
Bin 23: 861 293 988 169 452 616 716 11 938 
Bin 24: 350 231 793 766 329 490 
Bin 25: 466 89 39 866 399 
Bin 26: 901 218 691 900 235 482 909 
Bin 27: 496 792 985 81 538 933 
Bin 28: 886 623 321 573 7 670 
Bin 29: 407 752 223 829 429 878 90 
Bin 30: 166 804 128 727 26 37 
Bin 31: 27 895 136 155 400 930 
Bin 32: 809 906 401 251 639 
Bin 33: 582 378 664 9 685 134 424 
Bin 34: 697 154 359 765 5 42 473 
Bin 35: 179 963 125 76 92 592 
Bin 36: 694 180 258 433 834 812 873 214 622 
Bin 37: 205 983 515 965 700 387 836 
Bin 38: 404 705 149 817 447 832 926 
Bin 39: 853 676 332 842 920 
Bin 40: 40 675 356 170 807 52 
Bin 41: 430 366 6 311 523 
Bin 42: 280 144 915 191 113 183 
Bin 43: 300 871 277 822 4 249 326 
Bin 44: 129 811 454 451 62 
Bin 45: 893 992 381 422 602 444 628 806 
Bin 46: 301 577 308 275 594 903 693 75 
Bin 47: 923 181 86 351 229 802 
Bin 48: 271 951 703 959 536 362 295 769 
Bin 49: 520 143 172 505 823 944 518 
Bin 50: 335 211 171 282 94 879 377 67 
Bin 51: 209 846 955 850 785 347 160 
Bin 52: 100 382 376 314 194 303 
Bin 53: 598 341 674 754 511 132 
Bin 54: 255 734 448 743 159 499 
Bin 55: 292 245 797 93 678 750 256 682 
Bin 56: 571 51 259 241 108 950 656 
Bin 57: 533 385 994 412 304 739 919 
Bin 58: 986 384 127 20 153 409 450 660 
Bin 59: 869 419 620 583 665 626 
Bin 60: 696 762 574 875 833 492 568 
Bin 61: 553 33 719 948 882 940 934 
Bin 62: 698 97 564 648 475 273 
Bin 63: 921 941 927 141 587 
Bin 64: 552 105 825 71 843 512 
Bin 65: 368 968 996 595 713 913 
Bin 66: 758 625 339 68 17 513 624 
Bin 67: 800 580 506 601 310 
Bin 68: 855 910 104 599 248 591 461 23 
Bin 69: 839 257 367 443 372 751 206 
Bin 70: 889 565 590 70 441 243 
Bin 71: 541 331 397 63 867 266 
Bin 72: 12 306 8 201 355 77 
Bin 73: 45 654 688 58 925 234 514 395 
Bin 74: 535 420 711 745 702 426 714 
Bin 75: 25 346 975 227 543 489 877 
Bin 76: 784 254 364 309 911 841 13 831 604 
Bin 77: 673 19 371 783 485 679 369 
Bin 78: 57 260 219 459 38 417 767 
Bin 79: 567 736 835 896 55 619 
Bin 80: 821 837 439 284 723 799 
Bin 81: 47 794 296 561 776 
Bin 82: 389 357 818 791 847 581 759 35 
Bin 83: 982 545 588 979 148 56 370 650 
Bin 84: 236 753 519 250 946 460 914 
Bin 85: 524 844 916 908 852 749 
Bin 86: 709 954 961 174 782 83 
Bin 87: 34 348 438 299 16 107 189 
Bin 88: 558 365 962 242 313 239 
Bin 89: 163 340 999 403 683 472 
Bin 90: 471 760 777 579 270 980 778 
Bin 91: 636 427 398 476 291 106 
Bin 92: 423 851 633 722 178 220 
Bin 93: 207 575 192 989 176 138 
Bin 94: 605 334 319 32 555 379 
Bin 95: 566 827 732 139 145 474 110 
Bin 96: 892 182 164 699 328 126 
Bin 97: 360 66 643 735 2 742 10 
Bin 98: 939 872 826 415 480 597 
Bin 99: 216 298 680 269 283 59 
Bin 100: 653 998 931 738 854 115 
Bin 101: 912 98 981 890 677 530 285 
Bin 102: 746 124 204 761 215 
Bin 103: 672 669 718 967 779 642 862 
Bin 104: 152 647 883 184 918 905 868 
Bin 105: 578 414 627 686 286 
Bin 106: 824 396 888 41 390 320 
Bin 107: 755 894 342 91 615 596 408 
Bin 108: 960 208 646 708 406 
Bin 109: 898 445 262 710 101 987 
Bin 110: 435 984 112 446 150 845 731 
Bin 111: 383 585 312 662 175 997 29 
Bin 112: 469 658 504 358 432 0 509 
Bin 113: 464 546 801 322 638 928 929 361 
Bin 114: 168 434 481 815 537 529 763 
Bin 115: 413 84 733 990 274 393 
Bin 116: 740 904 316 65 416 268 121 
Bin 117: 436 449 195 830 60 995 
Bin 118: 781 816 267 146 325 721 550 
Bin 119: 534 119 586 36 917 225 
Bin 120: 813 483 213 333 486 991 
Bin 121: 630 978 14 958 652 684 
Bin 122: 621 162 246 109 899 993 690 
Bin 123: 48 354 973 756 498 
Bin 124: 956 186 874 73 78 935 315 
Bin 125: 644 418 808 526 510 457 858 
Bin 126: 353 302 210 947 902 95 391 
Bin 127: 402 330 865 463 462 252 142 
Bin 128: 193 226 748 631 971 
Bin 129: 187 657 563 167 942 31 502 
Bin 130: 410 85 884 338 666 
Bin 131: 140 508 478 593 491 924 
Bin 132: 706 495 770 465 165 768 
Bin 133: 375 609 870 747 405 455 507 
Bin 134: 53 222 655 737 741 151 527 
Bin 135: 177 774 773 263 493 600 857 54 
Bin 136: 864 932 634 307 795 798 
Bin 137: 728 848 247 661 726 744 576 374 
Bin 138: 957 614 641 547 3 528 
Bin 139: 689 607 521 790 640 111 72 
Bin 140: 531 659 120 79 562 43 
Bin 141: 411 203 131 87 557 
Bin 142: 584 88 199 327 494 629 
Bin 143: 352 458 484 102 479 949 881 
Bin 144: 725 244 343 687 805 253 294 
Bin 145: 828 116 668 551 789 237 
Bin 146: 240 569 96 876 69 780 324 
Bin 147: 18 525 937 103 276 637 
Bin 148: 632 796 468 544 775 
Bin 149: 28 943 707 477 539 349 196 
Bin 150: 200 425 137 497 838 
Bin 151: 288 645 840 667 849 
