# Objective: 47
# Time: 21.5997
# Feasible: 1
# Solution:
Bin 0: 154 21 184 156 100 120 
Bin 1: 119 248 84 134 155 
Bin 2: 7 131 151 196 145 216 
Bin 3: 178 15 132 5 103 
Bin 4: 193 180 46 115 66 
Bin 5: 215 24 236 81 109 35 44 
Bin 6: 22 187 107 209 93 
Bin 7: 58 60 176 137 114 106 
Bin 8: 190 96 13 111 37 
Bin 9: 243 92 36 29 0 128 
Bin 10: 97 129 171 42 49 65 
Bin 11: 244 174 47 77 57 
Bin 12: 123 79 89 41 78 144 
Bin 13: 45 133 160 199 105 172 
Bin 14: 72 23 217 87 247 
Bin 15: 75 233 80 130 38 
Bin 16: 48 205 51 197 141 214 
Bin 17: 165 166 104 116 54 3 
Bin 18: 82 185 69 230 
Bin 19: 16 200 152 153 140 
Bin 20: 157 17 211 110 181 10 
Bin 21: 229 52 245 225 68 117 231 
Bin 22: 222 118 227 53 6 226 
Bin 23: 61 221 74 164 213 148 
Bin 24: 186 177 219 169 28 
Bin 25: 170 71 113 63 25 
Bin 26: 9 206 127 220 
Bin 27: 70 235 83 167 2 
Bin 28: 34 238 67 246 33 62 
Bin 29: 138 4 8 108 239 
Bin 30: 32 191 232 182 208 124 
Bin 31: 218 241 210 204 224 
Bin 32: 188 30 159 95 195 149 
Bin 33: 56 12 183 40 212 90 
Bin 34: 237 202 39 179 
Bin 35: 43 94 59 207 
Bin 36: 168 143 88 18 136 234 
Bin 37: 223 102 91 122 161 
Bin 38: 20 112 242 135 
Bin 39: 76 126 147 73 31 
Bin 40: 175 198 99 55 139 162 
Bin 41: 98 203 26 101 64 
Bin 42: 125 121 158 11 1 
Bin 43: 146 14 173 194 
Bin 44: 192 142 163 19 189 
Bin 45: 150 50 27 240 
Bin 46: 201 228 86 249 85 
