# Objective: 163
# Time: 231.688
# Feasible: 1
# Solution:
Bin 0: 987 832 465 837 713 875 
Bin 1: 680 198 937 504 982 613 
Bin 2: 835 97 61 829 601 274 
Bin 3: 899 854 943 389 472 998 737 
Bin 4: 871 291 357 59 409 219 
Bin 5: 892 946 958 440 412 804 
Bin 6: 103 898 721 631 766 629 
Bin 7: 979 805 525 293 15 24 856 
Bin 8: 277 774 9 457 960 419 
Bin 9: 341 564 48 30 970 156 58 667 
Bin 10: 322 250 381 358 335 118 60 512 
Bin 11: 940 882 205 142 932 622 109 
Bin 12: 712 40 296 127 350 757 
Bin 13: 836 85 810 919 424 368 897 
Bin 14: 550 670 883 226 254 408 
Bin 15: 936 304 5 269 123 134 969 
Bin 16: 891 981 78 153 14 362 734 
Bin 17: 460 145 992 62 957 263 16 
Bin 18: 391 860 423 606 846 900 
Bin 19: 185 951 609 349 83 449 
Bin 20: 290 431 731 877 845 421 
Bin 21: 591 599 916 711 616 740 635 
Bin 22: 448 610 236 964 125 823 
Bin 23: 143 211 763 681 442 434 
Bin 24: 699 653 400 789 522 300 
Bin 25: 401 752 482 173 495 518 
Bin 26: 950 562 220 380 976 521 511 
Bin 27: 114 493 790 422 679 538 104 
Bin 28: 98 249 288 272 367 714 553 
Bin 29: 116 426 406 575 360 475 
Bin 30: 736 177 144 339 530 294 797 
Bin 31: 209 331 319 395 308 605 105 
Bin 32: 862 222 703 416 258 827 
Bin 33: 569 256 896 910 817 702 
Bin 34: 180 568 959 501 544 955 
Bin 35: 450 246 227 548 571 547 539 150 
Bin 36: 872 94 954 458 870 779 603 
Bin 37: 415 965 520 842 532 410 541 
Bin 38: 782 991 266 183 428 686 50 
Bin 39: 96 925 73 359 429 971 342 
Bin 40: 691 229 775 86 188 830 
Bin 41: 776 80 53 167 487 944 
Bin 42: 524 37 709 581 481 707 801 313 
Bin 43: 514 316 492 179 371 
Bin 44: 588 207 54 952 749 828 348 
Bin 45: 498 582 975 545 470 705 
Bin 46: 38 138 961 122 36 
Bin 47: 453 598 920 418 566 463 
Bin 48: 160 913 928 100 485 394 745 
Bin 49: 886 247 488 764 767 321 949 
Bin 50: 337 328 146 671 995 330 95 
Bin 51: 556 879 540 760 312 
Bin 52: 115 163 625 351 809 364 
Bin 53: 343 239 129 811 656 149 
Bin 54: 216 725 232 664 630 682 120 
Bin 55: 592 352 435 141 441 184 
Bin 56: 39 838 799 509 190 948 
Bin 57: 933 133 788 329 685 253 
Bin 58: 755 281 742 543 372 459 
Bin 59: 218 182 563 500 384 658 186 589 
Bin 60: 315 572 197 365 666 159 77 
Bin 61: 385 990 596 195 280 627 
Bin 62: 893 112 926 455 643 594 
Bin 63: 848 542 119 632 729 881 
Bin 64: 194 722 962 855 772 107 
Bin 65: 880 806 885 785 370 497 716 
Bin 66: 852 502 299 672 456 49 
Bin 67: 99 515 353 244 79 417 271 70 
Bin 68: 126 74 75 327 831 310 642 200 
Bin 69: 859 444 726 490 4 
Bin 70: 268 503 278 945 911 929 
Bin 71: 8 604 355 238 507 407 
Bin 72: 332 673 510 471 573 815 
Bin 73: 826 570 778 2 494 13 
Bin 74: 172 505 245 621 974 166 
Bin 75: 849 473 20 768 87 242 
Bin 76: 586 199 795 853 650 155 135 887 
Bin 77: 64 484 476 739 593 908 977 
Bin 78: 411 558 255 612 931 590 
Bin 79: 719 922 807 777 375 
Bin 80: 732 994 611 648 483 35 464 
Bin 81: 213 44 639 968 935 654 
Bin 82: 655 683 81 452 669 202 
Bin 83: 825 128 27 420 25 432 
Bin 84: 585 84 289 162 607 
Bin 85: 668 873 499 347 649 
Bin 86: 106 437 147 165 533 230 
Bin 87: 251 618 697 295 90 869 
Bin 88: 923 402 803 72 338 204 
Bin 89: 306 967 33 638 698 878 
Bin 90: 228 620 578 708 273 286 
Bin 91: 113 287 276 537 651 646 
Bin 92: 93 136 587 973 904 560 
Bin 93: 28 535 508 506 433 32 
Bin 94: 523 534 647 405 26 676 
Bin 95: 816 894 92 791 140 
Bin 96: 756 730 201 174 895 818 
Bin 97: 584 379 744 693 320 259 
Bin 98: 303 909 108 983 614 597 
Bin 99: 148 519 65 917 169 930 
Bin 100: 561 436 513 884 738 820 374 
Bin 101: 57 907 243 302 600 340 
Bin 102: 467 999 792 850 864 270 7 
Bin 103: 158 396 858 978 802 176 
Bin 104: 761 993 677 1 659 89 
Bin 105: 178 634 390 567 690 660 
Bin 106: 19 557 751 82 565 
Bin 107: 912 378 674 645 985 546 
Bin 108: 284 720 701 217 399 383 
Bin 109: 728 889 750 851 366 311 
Bin 110: 687 305 161 956 275 615 
Bin 111: 413 696 583 279 633 474 
Bin 112: 307 536 602 741 285 317 
Bin 113: 723 966 41 388 189 443 
Bin 114: 369 924 469 623 439 689 
Bin 115: 23 181 47 262 579 574 
Bin 116: 387 265 753 22 746 0 264 55 
Bin 117: 376 661 386 657 345 833 
Bin 118: 727 51 356 876 743 704 
Bin 119: 678 282 466 427 346 577 
Bin 120: 468 66 784 637 491 363 
Bin 121: 765 231 780 18 392 
Bin 122: 819 393 947 157 841 636 
Bin 123: 663 861 260 301 580 986 344 
Bin 124: 403 333 641 235 451 203 
Bin 125: 771 843 984 939 414 868 718 
Bin 126: 608 208 905 528 267 888 
Bin 127: 918 644 187 237 
Bin 128: 42 800 787 747 46 430 
Bin 129: 559 628 834 890 914 210 
Bin 130: 840 934 336 132 193 903 
Bin 131: 754 425 480 595 988 445 
Bin 132: 446 68 724 496 221 662 
Bin 133: 549 447 309 694 808 
Bin 134: 361 867 619 69 248 397 554 
Bin 135: 748 906 56 71 865 624 224 
Bin 136: 665 324 516 770 758 151 45 
Bin 137: 283 318 857 735 6 382 
Bin 138: 915 529 783 152 786 688 
Bin 139: 252 52 839 941 170 164 
Bin 140: 953 124 675 527 225 
Bin 141: 454 233 168 373 10 866 814 
Bin 142: 489 12 794 298 212 980 
Bin 143: 847 43 762 11 377 477 
Bin 144: 793 297 921 101 137 76 
Bin 145: 902 617 121 717 3 692 
Bin 146: 733 21 334 640 486 
Bin 147: 461 438 206 325 175 517 
Bin 148: 130 901 117 404 938 
Bin 149: 822 139 102 88 715 171 
Bin 150: 652 240 773 34 874 844 
Bin 151: 67 192 154 111 781 
Bin 152: 972 821 576 462 
Bin 153: 354 796 479 314 191 
Bin 154: 963 326 292 223 812 91 
Bin 155: 531 196 17 323 215 
Bin 156: 942 989 695 824 110 
Bin 157: 798 710 234 63 552 
Bin 158: 997 478 813 31 700 626 
Bin 159: 257 551 261 706 
Bin 160: 759 863 684 214 
Bin 161: 131 996 927 241 555 
Bin 162: 526 769 398 29 
