# Objective: 40
# Time: 12.8937
# Feasible: 1
# Solution:
Bin 0: 14 138 233 23 169 25 131 
Bin 1: 231 79 63 207 158 22 
Bin 2: 32 71 20 27 111 96 120 
Bin 3: 78 36 165 206 232 136 60 
Bin 4: 196 46 68 65 48 75 
Bin 5: 29 81 16 200 217 49 105 
Bin 6: 201 50 13 160 1 122 
Bin 7: 76 123 91 106 164 198 
Bin 8: 47 144 99 171 147 213 192 
Bin 9: 191 245 193 54 149 222 
Bin 10: 228 242 34 92 73 
Bin 11: 140 108 66 185 97 219 84 
Bin 12: 220 142 117 172 199 115 
Bin 13: 156 62 234 236 133 146 35 
Bin 14: 189 64 40 239 170 129 
Bin 15: 77 72 223 214 57 184 
Bin 16: 69 154 112 38 134 148 
Bin 17: 167 39 139 86 132 195 110 
Bin 18: 89 197 145 17 143 137 
Bin 19: 121 3 212 127 248 159 
Bin 20: 202 83 118 247 113 
Bin 21: 183 52 116 10 42 181 41 
Bin 22: 249 155 162 119 80 93 
Bin 23: 227 74 243 26 173 190 30 
Bin 24: 205 235 203 109 225 125 
Bin 25: 124 182 8 5 104 58 216 
Bin 26: 180 45 101 114 168 70 33 
Bin 27: 126 95 102 244 211 61 
Bin 28: 51 37 88 24 178 7 
Bin 29: 44 53 246 55 43 215 56 
Bin 30: 130 166 209 31 94 238 
Bin 31: 2 153 175 229 98 208 179 
Bin 32: 9 28 87 67 177 186 152 
Bin 33: 103 241 240 221 0 85 174 
Bin 34: 15 150 218 157 18 
Bin 35: 82 187 226 194 21 128 
Bin 36: 141 224 237 204 135 
Bin 37: 11 100 19 59 12 
Bin 38: 230 6 210 161 107 
Bin 39: 90 188 4 163 151 176 
