# Objective: 78
# Time: 48.2929
# Feasible: 1
# Solution:
Bin 0: 397 144 152 456 56 3 207 
Bin 1: 90 164 171 172 367 2 
Bin 2: 33 220 471 217 437 165 310 
Bin 3: 354 143 50 184 440 
Bin 4: 234 86 153 99 1 336 216 
Bin 5: 7 139 285 233 325 260 
Bin 6: 337 93 52 375 366 134 428 
Bin 7: 88 160 480 43 320 219 39 13 442 
Bin 8: 27 95 483 63 105 151 
Bin 9: 60 130 423 237 51 226 
Bin 10: 173 85 141 304 210 236 
Bin 11: 344 431 308 190 419 403 38 189 
Bin 12: 291 31 495 227 26 132 309 
Bin 13: 242 100 222 250 162 174 
Bin 14: 68 478 223 138 74 244 
Bin 15: 249 259 40 433 78 
Bin 16: 409 379 445 441 488 415 69 
Bin 17: 230 333 492 326 208 35 129 
Bin 18: 286 180 401 72 196 347 118 
Bin 19: 125 111 385 166 390 268 247 
Bin 20: 355 283 254 204 490 295 
Bin 21: 73 487 238 102 202 464 
Bin 22: 444 225 475 18 5 435 
Bin 23: 332 142 369 360 368 288 53 
Bin 24: 116 25 329 270 82 315 
Bin 25: 307 422 348 170 54 290 429 258 
Bin 26: 205 232 229 370 206 158 439 24 
Bin 27: 412 177 108 185 406 449 6 145 
Bin 28: 155 96 362 97 392 479 297 
Bin 29: 462 112 417 191 212 416 
Bin 30: 467 413 239 46 446 330 
Bin 31: 42 451 266 340 84 351 376 482 
Bin 32: 89 358 12 353 94 
Bin 33: 65 240 16 122 117 314 
Bin 34: 176 486 365 454 452 
Bin 35: 311 402 280 11 380 457 91 
Bin 36: 214 28 377 278 36 391 345 
Bin 37: 104 395 388 49 474 434 
Bin 38: 498 427 256 20 484 
Bin 39: 29 161 80 458 267 
Bin 40: 400 201 147 149 110 67 92 334 
Bin 41: 349 465 497 389 83 352 
Bin 42: 136 168 443 438 461 448 
Bin 43: 382 23 231 14 394 496 37 
Bin 44: 387 146 316 194 121 453 436 
Bin 45: 298 10 271 284 200 335 123 
Bin 46: 181 87 262 257 119 342 106 
Bin 47: 289 296 70 0 243 98 228 408 
Bin 48: 463 135 396 455 272 473 
Bin 49: 124 48 263 294 66 182 269 
Bin 50: 17 469 178 199 306 75 
Bin 51: 133 420 300 115 175 
Bin 52: 432 253 393 338 218 41 476 
Bin 53: 386 114 287 450 322 186 
Bin 54: 477 79 274 58 302 356 47 
Bin 55: 81 57 374 313 364 293 
Bin 56: 371 62 378 281 317 76 
Bin 57: 203 19 292 107 55 447 
Bin 58: 331 425 127 77 466 372 
Bin 59: 255 279 126 22 319 468 
Bin 60: 9 282 305 113 4 399 
Bin 61: 265 252 481 373 460 163 
Bin 62: 195 167 103 221 346 235 187 
Bin 63: 299 410 159 499 414 245 64 
Bin 64: 273 21 491 109 363 421 
Bin 65: 472 424 350 328 318 179 
Bin 66: 188 301 15 251 34 430 
Bin 67: 407 303 209 44 120 
Bin 68: 156 405 248 459 32 398 
Bin 69: 137 275 485 246 264 357 183 
Bin 70: 411 470 323 59 261 
Bin 71: 213 359 339 341 148 211 
Bin 72: 193 384 489 383 150 312 
Bin 73: 224 45 192 140 324 197 157 
Bin 74: 327 101 131 277 381 128 
Bin 75: 61 276 30 321 215 426 
Bin 76: 418 198 361 8 343 169 
Bin 77: 154 494 493 404 71 241 
