# Objective: 183
# Time: 401.553
# Feasible: 1
# Solution:
Bin 0: 68 851 728 243 203 363 831 
Bin 1: 880 516 485 148 222 189 
Bin 2: 555 663 899 321 219 
Bin 3: 82 759 874 179 102 
Bin 4: 828 144 130 415 64 164 314 
Bin 5: 934 765 301 369 740 
Bin 6: 856 566 639 931 103 729 
Bin 7: 345 362 843 407 536 562 
Bin 8: 533 514 444 875 267 789 
Bin 9: 636 15 416 627 677 229 
Bin 10: 782 853 955 69 
Bin 11: 474 855 840 614 62 817 
Bin 12: 87 1 507 706 965 
Bin 13: 985 807 358 371 489 
Bin 14: 643 53 652 461 573 54 
Bin 15: 235 309 457 983 329 
Bin 16: 683 339 464 224 564 684 741 
Bin 17: 850 344 783 478 382 
Bin 18: 402 425 505 250 911 622 
Bin 19: 685 354 736 13 85 848 
Bin 20: 181 640 494 417 
Bin 21: 268 572 502 306 276 
Bin 22: 101 863 426 896 146 
Bin 23: 105 591 111 672 989 719 
Bin 24: 210 503 88 724 583 
Bin 25: 926 384 325 732 150 332 
Bin 26: 642 155 921 493 981 
Bin 27: 127 133 125 671 606 569 
Bin 28: 453 806 211 743 290 
Bin 29: 651 392 609 654 893 319 
Bin 30: 667 451 737 349 174 
Bin 31: 613 697 27 403 273 
Bin 32: 311 758 980 791 711 390 
Bin 33: 263 364 488 428 649 885 
Bin 34: 576 42 366 618 381 476 
Bin 35: 28 603 883 582 31 709 
Bin 36: 94 599 318 81 997 
Bin 37: 154 372 956 862 56 
Bin 38: 419 681 421 395 951 487 
Bin 39: 813 499 664 67 635 669 
Bin 40: 558 77 197 215 676 284 867 
Bin 41: 506 975 73 750 932 696 445 
Bin 42: 50 665 291 98 217 
Bin 43: 742 551 399 527 129 
Bin 44: 504 763 616 579 109 
Bin 45: 225 841 770 208 422 
Bin 46: 748 66 436 389 226 
Bin 47: 605 542 647 584 974 
Bin 48: 825 600 370 128 171 
Bin 49: 95 725 262 772 202 
Bin 50: 554 755 206 145 360 917 
Bin 51: 340 761 135 882 468 925 
Bin 52: 241 383 958 352 447 
Bin 53: 446 891 122 648 535 
Bin 54: 753 820 567 393 357 
Bin 55: 408 406 959 26 730 
Bin 56: 469 355 59 55 908 255 
Bin 57: 580 897 282 385 
Bin 58: 986 359 170 126 233 79 
Bin 59: 328 659 6 409 156 939 
Bin 60: 952 625 798 450 520 
Bin 61: 253 279 733 74 455 689 
Bin 62: 794 35 266 138 274 327 964 
Bin 63: 123 839 165 51 119 280 
Bin 64: 418 656 800 608 438 152 
Bin 65: 615 186 949 887 844 993 
Bin 66: 754 619 259 688 480 387 
Bin 67: 924 957 196 870 775 14 
Bin 68: 611 592 470 822 61 610 
Bin 69: 71 679 8 448 277 
Bin 70: 913 275 307 780 424 212 
Bin 71: 919 180 971 143 269 471 
Bin 72: 173 797 303 595 182 
Bin 73: 193 929 581 963 876 
Bin 74: 34 107 915 910 232 
Bin 75: 39 153 245 515 112 859 
Bin 76: 439 293 316 414 879 48 
Bin 77: 937 979 858 632 846 670 
Bin 78: 598 871 4 766 315 
Bin 79: 405 999 433 898 570 577 
Bin 80: 894 0 283 629 586 
Bin 81: 777 38 700 21 525 575 
Bin 82: 333 941 531 953 
Bin 83: 785 804 954 37 815 
Bin 84: 943 169 131 183 441 
Bin 85: 323 718 637 829 620 22 
Bin 86: 523 434 19 662 176 
Bin 87: 236 593 644 749 701 
Bin 88: 735 43 992 818 587 420 
Bin 89: 888 84 902 799 779 257 
Bin 90: 351 367 330 258 17 
Bin 91: 463 288 984 120 57 
Bin 92: 646 190 272 594 812 388 
Bin 93: 969 512 509 756 930 716 
Bin 94: 462 982 678 324 234 188 
Bin 95: 386 83 192 89 427 
Bin 96: 655 707 674 466 184 
Bin 97: 715 673 227 335 142 
Bin 98: 947 973 561 668 661 
Bin 99: 80 252 545 75 517 99 
Bin 100: 161 521 134 680 92 
Bin 101: 630 429 304 873 666 
Bin 102: 187 849 852 819 353 
Bin 103: 634 705 722 404 256 624 
Bin 104: 482 537 264 201 574 872 
Bin 105: 842 287 529 477 209 
Bin 106: 472 147 368 907 
Bin 107: 589 698 588 786 539 
Bin 108: 801 158 626 967 194 
Bin 109: 778 237 240 916 691 918 
Bin 110: 121 557 708 456 978 296 
Bin 111: 650 881 140 920 936 410 
Bin 112: 590 495 998 350 113 223 
Bin 113: 796 889 960 491 479 86 116 
Bin 114: 501 285 793 940 
Bin 115: 317 437 596 607 988 892 
Bin 116: 541 774 510 239 380 
Bin 117: 18 935 242 199 44 
Bin 118: 543 571 847 601 286 136 
Bin 119: 322 693 78 338 132 
Bin 120: 117 792 412 108 623 868 
Bin 121: 552 159 289 995 104 713 
Bin 122: 544 538 702 172 727 824 
Bin 123: 933 757 751 40 597 271 
Bin 124: 653 336 838 97 991 413 
Bin 125: 912 836 914 549 248 331 
Bin 126: 546 162 114 334 295 228 
Bin 127: 808 695 857 809 508 
Bin 128: 767 310 762 802 41 
Bin 129: 185 612 604 787 251 
Bin 130: 299 397 905 157 356 341 
Bin 131: 835 498 483 987 238 33 
Bin 132: 760 968 398 861 115 337 
Bin 133: 962 621 163 442 900 961 
Bin 134: 281 440 781 11 578 401 
Bin 135: 460 927 178 63 773 
Bin 136: 221 996 378 972 
Bin 137: 821 72 342 326 717 
Bin 138: 3 36 100 432 811 124 
Bin 139: 922 906 244 467 660 909 
Bin 140: 638 343 803 568 452 411 
Bin 141: 220 168 141 699 641 704 
Bin 142: 854 45 160 731 254 970 
Bin 143: 106 692 710 714 481 435 
Bin 144: 2 177 945 769 65 
Bin 145: 60 776 560 139 231 
Bin 146: 5 298 513 687 726 20 
Bin 147: 365 58 860 768 376 942 7 
Bin 148: 249 46 379 278 904 
Bin 149: 944 500 486 449 375 
Bin 150: 548 70 990 823 396 
Bin 151: 93 25 721 747 550 837 
Bin 152: 878 200 110 458 
Bin 153: 213 459 205 12 816 
Bin 154: 845 720 47 454 771 
Bin 155: 950 118 490 377 492 628 
Bin 156: 810 23 966 32 9 
Bin 157: 977 348 496 247 430 703 658 
Bin 158: 734 795 903 497 530 518 
Bin 159: 901 49 218 617 484 
Bin 160: 423 827 312 137 631 
Bin 161: 526 976 864 216 347 
Bin 162: 746 302 522 938 373 246 
Bin 163: 723 52 270 890 149 473 
Bin 164: 214 682 320 602 166 948 
Bin 165: 313 675 532 745 230 
Bin 166: 300 29 556 91 869 
Bin 167: 207 633 712 657 865 394 
Bin 168: 524 645 10 475 465 16 
Bin 169: 167 76 294 690 519 784 
Bin 170: 923 261 511 744 886 
Bin 171: 585 814 877 946 790 198 96 
Bin 172: 686 443 195 305 764 540 
Bin 173: 563 834 191 752 361 
Bin 174: 994 739 260 431 788 
Bin 175: 565 534 391 24 
Bin 176: 374 30 833 175 346 
Bin 177: 90 884 694 805 
Bin 178: 553 830 928 297 
Bin 179: 265 895 547 738 826 
Bin 180: 559 292 151 
Bin 181: 832 308 
Bin 182: 866 204 400 528 
