# Objective: 39
# Time: 6.48133
# Feasible: 1
# Solution:
Bin 0: 220 248 153 97 162 75 
Bin 1: 82 91 109 70 241 112 
Bin 2: 193 81 208 105 177 2 
Bin 3: 85 73 143 38 51 238 
Bin 4: 237 199 87 131 157 98 3 
Bin 5: 235 216 23 54 25 88 53 
Bin 6: 244 201 213 115 102 
Bin 7: 172 160 22 36 187 56 65 
Bin 8: 210 229 182 164 191 209 92 
Bin 9: 217 45 136 50 58 29 
Bin 10: 95 0 226 140 202 225 158 
Bin 11: 206 35 117 6 16 5 
Bin 12: 129 99 124 221 141 171 
Bin 13: 76 145 230 149 94 14 151 174 78 
Bin 14: 173 181 139 168 27 219 137 
Bin 15: 59 224 71 128 31 231 44 
Bin 16: 33 134 215 32 192 175 163 24 
Bin 17: 144 96 195 211 156 21 52 47 
Bin 18: 55 132 166 227 26 83 
Bin 19: 196 90 106 74 28 189 
Bin 20: 200 142 228 147 60 
Bin 21: 116 232 236 34 204 1 
Bin 22: 101 20 110 69 93 
Bin 23: 179 113 186 223 49 
Bin 24: 152 13 169 104 89 126 222 42 
Bin 25: 103 43 77 155 135 114 
Bin 26: 176 167 120 67 80 245 247 
Bin 27: 127 242 125 159 123 30 
Bin 28: 178 17 11 170 239 150 
Bin 29: 234 37 4 119 180 243 
Bin 30: 207 64 188 111 12 183 18 
Bin 31: 72 15 194 218 118 86 
Bin 32: 19 66 154 84 57 46 
Bin 33: 41 197 205 108 130 185 
Bin 34: 100 122 68 161 39 63 48 
Bin 35: 9 203 138 10 212 133 
Bin 36: 107 249 40 121 62 246 184 
Bin 37: 8 214 240 148 165 146 198 
Bin 38: 233 7 61 190 79 
