# Objective: 155
# Time: 327.131
# Feasible: 1
# Solution:
Bin 0: 833 327 696 130 657 144 371 
Bin 1: 18 748 450 919 58 344 97 213 
Bin 2: 439 162 321 749 587 918 972 
Bin 3: 487 793 257 510 812 394 
Bin 4: 763 292 237 283 816 186 63 303 
Bin 5: 862 488 16 875 279 281 720 927 
Bin 6: 9 692 316 179 105 977 519 183 
Bin 7: 161 126 410 916 412 200 222 
Bin 8: 567 434 945 771 421 558 400 
Bin 9: 62 214 516 704 47 379 
Bin 10: 562 280 849 319 507 350 775 746 
Bin 11: 500 697 80 655 377 166 
Bin 12: 693 462 252 392 778 470 440 
Bin 13: 786 902 680 791 895 117 540 566 
Bin 14: 527 397 414 632 398 293 
Bin 15: 476 779 320 727 150 640 275 101 
Bin 16: 582 94 152 140 605 634 
Bin 17: 782 219 29 220 277 300 486 244 
Bin 18: 86 55 103 832 228 
Bin 19: 631 381 590 819 494 247 224 84 
Bin 20: 328 338 955 295 965 609 
Bin 21: 643 992 329 547 433 615 374 
Bin 22: 967 26 533 345 36 435 7 
Bin 23: 43 323 401 427 239 980 
Bin 24: 552 267 673 114 359 
Bin 25: 136 585 390 499 753 953 
Bin 26: 291 551 95 740 273 852 979 
Bin 27: 818 591 230 197 802 286 787 
Bin 28: 754 4 72 930 451 346 469 
Bin 29: 406 917 51 620 971 650 981 
Bin 30: 666 342 413 882 227 579 571 
Bin 31: 125 92 710 959 113 956 69 
Bin 32: 653 611 368 933 536 737 45 
Bin 33: 160 719 665 555 724 827 
Bin 34: 217 783 508 944 242 607 717 
Bin 35: 88 807 302 504 419 173 
Bin 36: 122 744 530 660 613 815 430 987 
Bin 37: 498 790 739 287 1 
Bin 38: 701 395 560 531 718 835 
Bin 39: 90 480 234 274 20 627 
Bin 40: 285 431 473 685 201 723 
Bin 41: 675 245 479 861 11 806 
Bin 42: 348 821 839 104 358 
Bin 43: 903 271 93 984 163 317 
Bin 44: 249 901 633 25 772 382 784 893 
Bin 45: 289 172 828 743 147 
Bin 46: 853 503 941 70 318 492 890 
Bin 47: 223 314 449 800 491 255 700 
Bin 48: 652 428 867 443 810 996 259 
Bin 49: 948 135 432 608 820 671 
Bin 50: 962 418 788 118 588 116 526 
Bin 51: 445 391 474 23 646 857 
Bin 52: 858 884 706 210 687 920 801 
Bin 53: 206 356 998 265 674 248 
Bin 54: 190 716 75 39 46 5 
Bin 55: 77 307 761 134 614 12 115 
Bin 56: 529 663 501 894 511 840 976 
Bin 57: 831 472 926 396 465 182 27 
Bin 58: 886 468 207 446 42 246 
Bin 59: 466 741 864 928 968 192 
Bin 60: 132 24 447 811 366 
Bin 61: 636 872 269 626 483 826 
Bin 62: 155 934 904 417 677 757 721 
Bin 63: 936 576 10 13 538 32 
Bin 64: 522 378 110 420 0 905 
Bin 65: 597 667 40 313 336 878 868 
Bin 66: 845 702 44 799 14 844 331 
Bin 67: 169 158 408 575 975 482 940 
Bin 68: 461 925 561 188 922 393 
Bin 69: 988 908 56 628 974 89 
Bin 70: 777 937 873 797 537 119 
Bin 71: 6 383 305 970 121 
Bin 72: 496 792 573 703 416 352 
Bin 73: 923 233 189 589 149 708 880 83 
Bin 74: 733 477 619 376 534 34 518 
Bin 75: 830 442 457 564 174 
Bin 76: 170 74 599 497 730 601 310 
Bin 77: 177 399 805 254 357 532 30 290 
Bin 78: 261 521 8 102 766 167 603 
Bin 79: 690 141 915 48 712 411 645 
Bin 80: 306 520 91 969 625 308 
Bin 81: 353 866 458 198 455 424 322 
Bin 82: 774 123 760 658 164 312 404 
Bin 83: 568 758 584 580 297 276 834 
Bin 84: 947 776 874 694 475 871 932 
Bin 85: 841 296 847 181 995 194 193 
Bin 86: 107 365 994 921 294 545 
Bin 87: 71 914 906 363 73 66 
Bin 88: 159 304 208 495 892 78 865 
Bin 89: 672 21 335 729 226 855 
Bin 90: 37 340 429 898 311 600 493 
Bin 91: 644 556 535 795 168 907 773 
Bin 92: 438 325 929 684 765 333 
Bin 93: 745 138 165 156 354 570 
Bin 94: 339 624 324 133 59 780 
Bin 95: 957 622 629 881 732 709 963 939 
Bin 96: 241 459 2 842 262 879 127 
Bin 97: 796 178 544 553 3 437 
Bin 98: 825 679 803 204 100 691 
Bin 99: 695 942 343 943 838 35 
Bin 100: 950 81 528 630 549 851 
Bin 101: 299 686 309 341 683 897 656 
Bin 102: 935 824 99 843 986 143 559 808 
Bin 103: 52 453 326 707 485 209 
Bin 104: 798 157 330 961 751 171 854 
Bin 105: 910 87 61 823 836 789 
Bin 106: 131 384 229 264 850 
Bin 107: 731 129 662 596 539 370 
Bin 108: 899 191 448 334 512 425 96 
Bin 109: 185 50 978 372 877 456 
Bin 110: 911 574 225 785 195 266 373 
Bin 111: 407 415 952 610 481 889 
Bin 112: 187 502 606 523 659 
Bin 113: 822 618 489 137 64 38 
Bin 114: 180 236 670 617 238 31 409 
Bin 115: 612 490 301 260 863 484 28 642 
Bin 116: 682 946 441 616 647 964 
Bin 117: 860 403 728 385 361 452 
Bin 118: 506 256 386 505 602 524 
Bin 119: 362 661 422 148 891 68 
Bin 120: 722 738 973 76 471 
Bin 121: 578 565 809 859 557 
Bin 122: 464 598 668 349 364 814 
Bin 123: 444 467 380 726 315 
Bin 124: 912 734 756 15 563 698 
Bin 125: 711 954 360 586 85 856 621 
Bin 126: 887 755 151 112 109 
Bin 127: 664 966 804 639 837 637 128 
Bin 128: 883 17 688 581 752 638 
Bin 129: 543 759 982 142 235 423 
Bin 130: 375 689 176 79 284 263 
Bin 131: 253 139 54 53 958 231 542 175 
Bin 132: 124 829 900 736 725 888 
Bin 133: 355 215 714 583 367 211 
Bin 134: 216 569 949 554 550 654 
Bin 135: 106 764 546 989 999 153 
Bin 136: 240 478 985 509 98 
Bin 137: 426 82 767 794 896 938 951 
Bin 138: 337 454 111 514 762 282 
Bin 139: 203 202 463 931 67 154 
Bin 140: 705 623 649 298 388 250 
Bin 141: 997 678 221 747 57 196 735 
Bin 142: 885 715 232 635 49 332 592 
Bin 143: 641 120 199 65 742 768 
Bin 144: 846 781 33 351 525 924 251 
Bin 145: 913 604 22 869 993 108 
Bin 146: 593 258 541 184 145 288 402 
Bin 147: 595 517 515 870 389 436 681 
Bin 148: 243 548 205 60 848 651 
Bin 149: 369 272 750 817 594 278 
Bin 150: 991 713 460 19 146 669 
Bin 151: 572 387 876 513 347 
Bin 152: 218 769 405 577 676 
Bin 153: 983 770 813 212 648 
Bin 154: 270 268 41 990 909 960 699 
