# Objective: 79
# Time: 32.1122
# Feasible: 1
# Solution:
Bin 0: 396 12 326 242 221 25 192 
Bin 1: 437 463 54 224 261 42 
Bin 2: 58 444 489 442 305 271 331 
Bin 3: 170 49 145 87 203 292 
Bin 4: 88 183 69 153 70 111 
Bin 5: 301 213 339 237 282 
Bin 6: 240 323 71 101 161 38 381 159 
Bin 7: 473 218 448 188 226 290 
Bin 8: 0 397 347 109 498 470 94 43 319 
Bin 9: 96 28 182 415 21 44 409 112 
Bin 10: 20 97 313 367 78 229 267 
Bin 11: 3 430 454 461 244 
Bin 12: 163 102 338 386 231 369 
Bin 13: 393 492 320 316 445 340 
Bin 14: 372 374 190 33 488 252 
Bin 15: 449 270 469 9 189 115 128 
Bin 16: 299 77 428 174 251 344 
Bin 17: 425 429 325 142 2 
Bin 18: 93 455 304 477 392 315 
Bin 19: 380 204 265 472 6 458 196 460 
Bin 20: 496 375 173 230 462 402 293 
Bin 21: 281 464 256 481 55 404 
Bin 22: 423 151 333 129 133 50 457 
Bin 23: 411 329 31 377 149 
Bin 24: 478 434 121 345 135 
Bin 25: 275 439 202 154 99 172 
Bin 26: 362 330 35 40 357 66 
Bin 27: 113 379 243 378 446 348 65 
Bin 28: 384 169 476 364 147 4 
Bin 29: 18 5 376 16 117 382 177 
Bin 30: 223 197 116 479 118 
Bin 31: 199 309 245 371 234 436 181 
Bin 32: 176 441 263 30 280 164 81 
Bin 33: 139 214 432 239 412 
Bin 34: 137 52 119 484 100 72 
Bin 35: 138 249 241 456 60 127 
Bin 36: 258 167 157 398 373 
Bin 37: 321 225 440 311 195 417 207 
Bin 38: 493 332 41 310 134 68 106 206 
Bin 39: 10 408 210 82 90 389 269 
Bin 40: 191 283 298 491 235 215 483 
Bin 41: 8 110 350 212 136 141 
Bin 42: 148 414 130 482 385 497 
Bin 43: 171 83 421 471 132 51 
Bin 44: 420 232 37 499 22 453 
Bin 45: 296 416 165 17 395 399 187 
Bin 46: 354 250 63 390 260 91 160 
Bin 47: 324 124 144 75 424 383 107 
Bin 48: 468 452 487 103 201 485 
Bin 49: 410 114 80 274 451 346 289 
Bin 50: 286 29 343 84 185 465 122 
Bin 51: 355 104 152 365 268 287 
Bin 52: 24 216 39 327 194 400 
Bin 53: 480 123 388 387 62 266 108 
Bin 54: 368 126 166 294 433 217 
Bin 55: 15 297 120 220 34 306 334 247 
Bin 56: 184 36 32 284 23 208 
Bin 57: 370 105 73 246 490 162 
Bin 58: 219 276 61 300 337 317 
Bin 59: 279 407 403 222 295 406 
Bin 60: 474 26 254 328 435 
Bin 61: 179 95 394 13 47 459 
Bin 62: 146 1 64 359 255 307 7 175 
Bin 63: 314 200 422 391 358 168 466 
Bin 64: 495 53 198 450 419 342 
Bin 65: 59 438 341 74 356 336 
Bin 66: 143 150 353 278 227 56 131 
Bin 67: 253 318 312 360 352 401 211 
Bin 68: 322 262 351 228 67 
Bin 69: 85 285 158 48 46 
Bin 70: 79 257 236 45 277 
Bin 71: 178 156 405 467 76 
Bin 72: 57 302 494 291 264 413 
Bin 73: 288 209 89 273 180 443 
Bin 74: 19 98 361 349 272 92 
Bin 75: 186 205 193 475 303 27 14 
Bin 76: 86 447 140 155 248 125 
Bin 77: 486 426 308 427 238 233 
Bin 78: 418 431 259 363 11 366 335 
