# Objective: 18
# Time: 2.92973
# Feasible: 1
# Solution:
Bin 0: 113 105 115 17 72 21 19 
Bin 1: 90 95 91 9 34 62 106 
Bin 2: 101 18 70 94 75 43 81 
Bin 3: 98 114 49 2 63 
Bin 4: 8 110 30 96 11 55 64 
Bin 5: 68 41 12 93 53 45 24 78 32 
Bin 6: 87 48 65 67 118 59 73 33 14 
Bin 7: 100 50 35 20 46 54 85 
Bin 8: 119 77 29 13 6 42 
Bin 9: 39 57 5 66 10 102 
Bin 10: 74 36 111 15 109 86 26 
Bin 11: 44 23 80 112 7 22 
Bin 12: 83 69 116 99 37 40 0 28 
Bin 13: 61 92 31 51 82 79 
Bin 14: 84 108 25 117 1 103 
Bin 15: 47 52 58 56 76 
Bin 16: 88 27 16 60 4 38 
Bin 17: 71 89 3 104 97 107 
