# Objective: 19
# Time: 6.37696
# Feasible: 1
# Solution:
Bin 0: 3 44 108 24 113 28 88 
Bin 1: 103 99 22 42 4 7 81 60 
Bin 2: 92 40 32 77 76 2 
Bin 3: 8 95 9 49 10 84 27 
Bin 4: 51 100 71 101 36 110 48 
Bin 5: 17 114 109 13 41 106 68 
Bin 6: 34 26 90 119 1 104 
Bin 7: 112 64 43 65 16 58 
Bin 8: 30 105 35 67 91 31 79 
Bin 9: 80 83 102 18 73 115 
Bin 10: 66 23 74 39 33 
Bin 11: 12 21 38 55 96 85 19 
Bin 12: 29 57 107 45 93 82 
Bin 13: 59 47 63 97 111 75 
Bin 14: 0 46 11 54 72 
Bin 15: 50 87 116 69 14 52 
Bin 16: 86 98 78 6 89 62 53 5 
Bin 17: 56 20 118 70 61 
Bin 18: 25 37 15 117 94 
