# Objective: 153
# Time: 273.551
# Feasible: 1
# Solution:
Bin 0: 510 797 330 42 0 604 289 129 942 
Bin 1: 99 693 737 954 754 454 869 
Bin 2: 904 295 690 71 767 999 941 
Bin 3: 246 992 80 788 520 46 
Bin 4: 709 593 350 215 675 484 
Bin 5: 191 399 891 913 724 98 431 631 
Bin 6: 72 110 905 512 953 732 809 867 
Bin 7: 306 742 674 820 165 
Bin 8: 729 973 37 758 798 472 760 154 
Bin 9: 554 846 439 226 11 988 296 84 
Bin 10: 638 407 845 420 686 396 
Bin 11: 140 540 735 310 556 60 
Bin 12: 790 456 669 668 315 600 
Bin 13: 707 853 183 765 423 238 
Bin 14: 802 207 77 683 345 95 409 
Bin 15: 463 193 499 150 718 808 746 
Bin 16: 441 131 85 263 132 425 
Bin 17: 168 503 446 63 139 402 805 281 49 
Bin 18: 752 731 448 715 145 184 582 
Bin 19: 120 987 877 391 876 704 
Bin 20: 222 89 701 163 462 269 844 
Bin 21: 43 981 320 919 581 911 723 
Bin 22: 726 929 857 607 736 849 333 
Bin 23: 155 156 855 918 338 126 384 875 839 
Bin 24: 328 82 567 969 225 660 382 828 779 
Bin 25: 93 287 413 768 416 722 801 534 
Bin 26: 830 833 791 610 646 
Bin 27: 57 128 982 25 471 558 
Bin 28: 836 921 14 260 552 
Bin 29: 681 995 319 963 861 172 224 
Bin 30: 684 609 887 535 397 367 557 477 
Bin 31: 932 273 313 813 529 515 364 
Bin 32: 475 881 158 422 386 
Bin 33: 497 161 285 356 280 812 
Bin 34: 608 205 934 952 179 31 
Bin 35: 940 360 947 486 307 284 
Bin 36: 873 785 551 455 206 777 1 747 
Bin 37: 563 349 167 577 258 
Bin 38: 965 483 664 383 509 479 239 
Bin 39: 34 272 26 761 146 
Bin 40: 50 101 517 248 141 87 
Bin 41: 559 870 990 418 671 488 
Bin 42: 94 712 620 901 410 9 
Bin 43: 300 305 694 553 627 
Bin 44: 991 62 748 864 92 136 
Bin 45: 996 572 55 414 137 173 
Bin 46: 494 59 279 256 23 22 
Bin 47: 810 197 162 764 316 377 843 
Bin 48: 614 324 212 500 444 343 633 
Bin 49: 354 575 979 771 443 847 
Bin 50: 663 656 30 578 624 685 
Bin 51: 775 112 303 434 143 835 882 38 696 
Bin 52: 519 178 297 621 3 435 466 645 
Bin 53: 757 975 832 524 569 658 342 
Bin 54: 102 450 705 96 655 29 522 
Bin 55: 781 278 906 449 819 641 
Bin 56: 957 772 874 321 250 275 878 
Bin 57: 17 393 759 769 149 436 708 
Bin 58: 762 27 951 427 530 533 734 
Bin 59: 481 938 368 394 371 560 626 
Bin 60: 78 679 401 543 985 426 955 122 432 
Bin 61: 506 740 109 597 19 209 
Bin 62: 511 15 204 677 202 896 469 151 
Bin 63: 795 366 370 5 937 571 381 
Bin 64: 526 651 837 8 292 
Bin 65: 886 643 890 695 430 739 
Bin 66: 108 203 848 688 88 344 
Bin 67: 369 892 591 340 390 18 351 
Bin 68: 931 793 908 725 480 277 81 
Bin 69: 241 817 527 398 872 97 741 
Bin 70: 86 588 20 117 659 730 
Bin 71: 662 68 665 841 750 984 
Bin 72: 309 361 385 152 803 219 900 
Bin 73: 166 58 948 585 228 883 255 
Bin 74: 286 181 927 453 884 603 231 118 429 
Bin 75: 566 863 490 66 840 738 898 
Bin 76: 807 894 252 227 889 195 692 
Bin 77: 2 164 925 978 605 210 537 
Bin 78: 893 998 628 815 784 616 895 
Bin 79: 76 743 176 24 831 698 253 
Bin 80: 902 972 648 622 852 977 
Bin 81: 727 271 935 28 233 838 79 232 
Bin 82: 7 720 547 922 73 960 298 
Bin 83: 235 53 528 888 717 576 
Bin 84: 114 262 464 653 433 347 644 
Bin 85: 64 672 745 545 950 213 
Bin 86: 147 51 247 314 353 699 
Bin 87: 634 200 637 946 355 334 
Bin 88: 322 188 661 871 304 862 198 
Bin 89: 989 457 192 186 412 858 
Bin 90: 962 254 842 586 40 531 437 574 
Bin 91: 70 336 670 601 680 111 
Bin 92: 666 54 189 516 341 713 421 495 
Bin 93: 630 90 850 949 113 283 
Bin 94: 468 445 799 458 335 939 
Bin 95: 749 365 374 346 635 639 358 
Bin 96: 958 389 476 599 159 251 
Bin 97: 482 956 452 974 312 548 
Bin 98: 602 10 478 103 405 678 
Bin 99: 170 916 104 697 507 
Bin 100: 584 33 48 673 332 993 504 
Bin 101: 257 160 583 967 926 971 
Bin 102: 142 667 525 994 45 134 
Bin 103: 632 379 538 459 542 827 
Bin 104: 211 174 647 716 404 521 618 
Bin 105: 980 39 406 487 299 
Bin 106: 352 106 589 753 728 424 
Bin 107: 776 240 744 650 629 562 13 
Bin 108: 438 814 175 171 229 
Bin 109: 796 230 936 917 703 964 
Bin 110: 959 201 943 331 640 44 
Bin 111: 912 169 868 649 130 359 
Bin 112: 208 933 498 773 613 282 
Bin 113: 470 570 928 914 763 915 
Bin 114: 261 473 221 56 568 944 756 
Bin 115: 642 590 442 623 153 783 885 
Bin 116: 766 541 821 970 826 259 
Bin 117: 492 587 123 550 860 579 502 
Bin 118: 461 267 47 440 302 513 190 
Bin 119: 966 100 199 177 719 755 
Bin 120: 318 485 127 194 834 
Bin 121: 465 496 851 417 403 408 
Bin 122: 700 493 909 12 816 854 
Bin 123: 997 125 968 115 187 
Bin 124: 144 74 265 880 119 400 
Bin 125: 489 237 612 879 357 859 308 411 
Bin 126: 501 546 822 323 721 67 293 
Bin 127: 6 327 388 792 69 244 
Bin 128: 148 514 611 451 780 180 
Bin 129: 561 903 505 242 124 4 733 
Bin 130: 829 652 234 337 907 
Bin 131: 549 291 36 714 217 920 35 
Bin 132: 301 105 16 362 770 676 
Bin 133: 135 249 804 573 564 415 
Bin 134: 823 75 325 532 818 216 376 311 
Bin 135: 317 619 824 687 290 276 
Bin 136: 786 220 691 924 460 811 372 536 
Bin 137: 474 596 447 945 116 264 774 
Bin 138: 288 856 395 787 689 711 594 
Bin 139: 865 339 636 32 789 961 
Bin 140: 243 380 373 657 806 800 
Bin 141: 794 606 467 751 555 
Bin 142: 702 625 825 196 706 41 
Bin 143: 580 274 329 508 21 83 
Bin 144: 617 91 710 375 363 214 615 
Bin 145: 61 654 523 897 539 387 
Bin 146: 930 133 544 565 782 270 
Bin 147: 910 428 268 778 899 518 107 
Bin 148: 491 326 392 986 236 
Bin 149: 138 266 976 348 983 923 
Bin 150: 65 595 682 598 185 
Bin 151: 294 157 378 182 218 245 419 
Bin 152: 592 223 121 52 866 
