# Objective: 39
# Time: 9.09957
# Feasible: 1
# Solution:
Bin 0: 10 169 30 247 224 244 11 28 
Bin 1: 116 238 51 45 123 33 
Bin 2: 191 164 23 1 43 62 206 
Bin 3: 243 19 63 111 126 61 
Bin 4: 136 5 129 203 216 34 
Bin 5: 132 223 95 171 52 122 
Bin 6: 73 37 193 227 188 86 22 
Bin 7: 17 162 81 94 24 152 235 
Bin 8: 234 192 182 228 204 172 
Bin 9: 180 209 147 97 208 200 
Bin 10: 20 16 109 110 6 198 
Bin 11: 64 141 32 78 38 60 21 
Bin 12: 125 12 80 189 77 133 
Bin 13: 219 159 181 70 31 176 
Bin 14: 190 90 140 99 215 2 
Bin 15: 115 220 74 79 150 
Bin 16: 156 232 36 42 146 121 107 
Bin 17: 106 14 49 221 158 
Bin 18: 92 134 245 0 236 50 8 139 
Bin 19: 75 170 98 242 231 68 173 
Bin 20: 104 76 67 155 25 48 239 222 
Bin 21: 15 124 211 27 142 185 225 
Bin 22: 249 108 166 44 165 174 
Bin 23: 114 105 207 149 127 71 210 
Bin 24: 145 233 196 218 9 151 
Bin 25: 183 213 163 82 168 57 195 89 
Bin 26: 40 29 130 85 26 
Bin 27: 144 88 118 128 46 3 160 53 
Bin 28: 102 201 184 135 54 96 
Bin 29: 246 248 202 167 7 59 93 56 
Bin 30: 240 18 179 131 47 119 
Bin 31: 72 148 157 101 69 
Bin 32: 41 197 229 87 83 205 
Bin 33: 35 217 39 153 137 58 161 
Bin 34: 212 117 154 175 100 237 178 
Bin 35: 91 230 120 84 112 241 
Bin 36: 177 55 186 4 13 
Bin 37: 194 65 113 138 214 
Bin 38: 226 103 199 66 187 143 
