# Objective: 39
# Time: 11.0351
# Feasible: 1
# Solution:
Bin 0: 18 12 173 147 203 126 110 
Bin 1: 224 167 249 113 25 27 220 
Bin 2: 35 9 80 196 219 6 19 
Bin 3: 43 207 223 137 231 111 
Bin 4: 242 81 210 23 102 
Bin 5: 165 245 241 170 217 37 144 
Bin 6: 77 169 90 140 247 1 163 244 145 
Bin 7: 178 184 239 94 191 11 
Bin 8: 159 30 211 197 103 85 104 230 22 
Bin 9: 84 213 0 118 238 95 87 132 
Bin 10: 33 146 3 56 160 243 
Bin 11: 71 7 192 52 218 234 89 
Bin 12: 50 183 216 44 83 14 48 
Bin 13: 158 64 45 236 4 117 
Bin 14: 136 246 115 190 232 108 
Bin 15: 39 131 55 122 164 75 
Bin 16: 28 175 150 114 222 32 198 
Bin 17: 176 17 24 138 193 109 
Bin 18: 26 200 162 86 58 171 
Bin 19: 53 99 148 69 59 151 
Bin 20: 74 233 62 73 172 2 
Bin 21: 141 66 133 54 82 105 
Bin 22: 93 123 31 40 46 119 
Bin 23: 21 38 226 107 72 235 177 
Bin 24: 134 47 143 195 221 179 
Bin 25: 237 185 135 212 182 
Bin 26: 100 187 128 157 209 79 153 
Bin 27: 60 199 174 154 142 121 
Bin 28: 49 161 65 106 92 155 78 
Bin 29: 206 124 91 202 120 68 
Bin 30: 168 204 139 13 41 225 36 112 
Bin 31: 152 208 125 10 166 76 129 
Bin 32: 29 70 181 97 180 15 
Bin 33: 8 98 229 88 34 149 96 
Bin 34: 186 205 5 188 20 
Bin 35: 228 156 240 101 16 127 
Bin 36: 67 227 189 42 214 
Bin 37: 57 51 194 248 116 215 
Bin 38: 61 130 63 201 
