# Objective: 76
# Time: 25.2875
# Feasible: 1
# Solution:
Bin 0: 250 172 466 362 184 375 23 
Bin 1: 49 374 334 304 411 424 163 
Bin 2: 261 275 170 156 105 7 427 
Bin 3: 445 106 439 353 50 400 253 319 
Bin 4: 480 214 312 117 446 386 338 2 
Bin 5: 232 288 194 461 244 371 185 
Bin 6: 363 306 419 472 80 432 
Bin 7: 35 393 180 280 293 41 290 
Bin 8: 279 268 307 222 376 283 
Bin 9: 430 387 146 116 471 456 121 
Bin 10: 455 155 396 356 162 254 139 
Bin 11: 207 284 24 490 354 422 435 
Bin 12: 107 36 289 269 440 276 206 
Bin 13: 192 161 476 208 260 291 389 
Bin 14: 498 81 56 489 447 390 
Bin 15: 388 218 199 215 8 488 348 
Bin 16: 355 92 479 247 100 437 
Bin 17: 102 449 264 285 478 202 367 
Bin 18: 473 457 301 373 364 345 481 
Bin 19: 453 468 230 114 211 143 225 
Bin 20: 418 63 52 462 138 66 122 
Bin 21: 426 346 209 26 220 315 148 152 
Bin 22: 203 330 494 431 149 409 434 166 
Bin 23: 75 68 407 460 141 
Bin 24: 40 43 324 96 30 317 
Bin 25: 212 159 164 401 452 
Bin 26: 78 5 158 160 228 198 
Bin 27: 168 196 451 95 313 236 436 128 
Bin 28: 406 133 113 190 82 204 
Bin 29: 458 412 25 258 384 
Bin 30: 53 336 421 241 397 84 442 
Bin 31: 463 357 361 205 55 325 392 339 
Bin 32: 239 328 438 216 277 297 235 
Bin 33: 217 70 126 493 127 0 154 323 
Bin 34: 294 144 179 201 67 300 444 
Bin 35: 246 226 274 305 343 213 
Bin 36: 165 72 21 344 85 27 
Bin 37: 91 42 45 110 469 492 450 
Bin 38: 273 76 482 428 499 57 
Bin 39: 118 87 175 378 9 347 448 
Bin 40: 266 270 229 441 89 259 
Bin 41: 483 298 19 333 134 221 
Bin 42: 147 4 20 10 182 140 97 210 
Bin 43: 425 286 108 391 39 405 464 
Bin 44: 414 104 278 109 58 189 
Bin 45: 33 16 37 1 352 252 
Bin 46: 176 299 79 496 475 69 240 
Bin 47: 177 382 11 111 103 484 6 
Bin 48: 29 465 256 398 470 342 402 486 
Bin 49: 399 321 474 381 311 3 32 
Bin 50: 62 224 115 485 303 
Bin 51: 265 257 335 416 243 369 34 234 
Bin 52: 233 423 327 417 83 17 119 
Bin 53: 365 292 136 183 326 404 
Bin 54: 151 200 287 272 13 31 
Bin 55: 174 90 73 64 173 316 129 358 
Bin 56: 242 262 314 123 193 88 
Bin 57: 308 408 395 263 467 350 
Bin 58: 454 282 248 372 157 12 77 
Bin 59: 120 370 403 38 71 
Bin 60: 413 99 223 267 332 15 
Bin 61: 302 61 22 487 47 
Bin 62: 93 491 383 429 191 329 
Bin 63: 337 132 255 145 310 410 
Bin 64: 415 195 360 60 188 227 
Bin 65: 54 281 142 495 349 
Bin 66: 377 169 359 98 318 296 
Bin 67: 351 231 443 368 51 237 197 
Bin 68: 124 125 238 320 94 
Bin 69: 497 477 28 101 181 322 
Bin 70: 137 178 131 249 219 
Bin 71: 366 331 59 167 341 251 379 
Bin 72: 171 245 86 150 153 459 44 
Bin 73: 385 112 271 186 380 394 309 
Bin 74: 18 340 433 46 14 295 
Bin 75: 420 135 187 130 74 48 65 
