# Objective: 166
# Time: 203.77
# Feasible: 1
# Solution:
Bin 0: 838 872 14 556 917 166 360 374 
Bin 1: 605 715 722 288 738 470 396 
Bin 2: 628 124 766 282 857 
Bin 3: 415 275 284 102 821 843 
Bin 4: 956 642 544 477 978 213 
Bin 5: 681 224 806 666 494 887 641 
Bin 6: 496 299 135 272 118 800 
Bin 7: 159 935 407 671 257 321 
Bin 8: 518 84 258 333 114 869 
Bin 9: 669 597 312 499 182 
Bin 10: 951 876 386 1 15 
Bin 11: 947 840 170 196 208 
Bin 12: 616 602 822 53 103 899 
Bin 13: 970 444 728 75 543 
Bin 14: 591 607 192 696 235 922 
Bin 15: 719 932 16 648 456 344 434 
Bin 16: 884 350 440 528 96 904 
Bin 17: 746 599 657 863 767 215 140 
Bin 18: 992 113 214 912 693 343 753 
Bin 19: 907 330 981 826 398 756 174 
Bin 20: 698 205 558 553 428 848 
Bin 21: 965 796 195 203 915 134 
Bin 22: 712 561 313 250 933 427 58 
Bin 23: 557 292 9 167 868 449 
Bin 24: 818 765 918 697 853 376 
Bin 25: 178 711 679 530 368 
Bin 26: 334 157 228 347 638 
Bin 27: 726 71 365 448 647 581 
Bin 28: 421 179 968 34 511 
Bin 29: 875 971 162 791 66 709 514 395 
Bin 30: 62 939 491 36 820 401 
Bin 31: 793 183 563 236 354 
Bin 32: 432 319 109 346 961 
Bin 33: 959 510 585 352 10 497 
Bin 34: 688 48 409 625 104 83 245 
Bin 35: 143 416 460 914 69 218 
Bin 36: 463 293 285 132 612 940 897 
Bin 37: 279 639 805 403 437 582 603 
Bin 38: 278 763 777 107 237 35 
Bin 39: 335 762 774 795 357 
Bin 40: 812 859 307 50 852 64 
Bin 41: 790 443 176 942 983 760 
Bin 42: 238 891 713 759 943 962 
Bin 43: 941 649 207 154 121 870 873 
Bin 44: 138 583 782 145 701 33 
Bin 45: 119 362 515 306 670 567 
Bin 46: 453 997 97 550 936 841 348 
Bin 47: 675 963 662 731 24 
Bin 48: 148 130 289 457 151 829 520 
Bin 49: 251 180 634 487 667 
Bin 50: 331 902 406 447 743 707 
Bin 51: 490 723 656 63 411 920 761 
Bin 52: 659 835 911 549 25 468 
Bin 53: 686 823 185 630 854 475 655 
Bin 54: 5 987 617 301 451 871 
Bin 55: 619 375 729 682 802 571 382 
Bin 56: 3 923 950 850 555 186 
Bin 57: 81 419 273 322 898 893 
Bin 58: 678 882 694 43 70 67 
Bin 59: 794 566 771 524 702 
Bin 60: 996 787 808 516 964 446 400 
Bin 61: 995 960 315 720 732 
Bin 62: 770 830 570 999 653 
Bin 63: 311 112 125 886 363 378 
Bin 64: 78 614 564 206 82 223 243 
Bin 65: 498 975 122 255 414 
Bin 66: 160 517 408 579 353 
Bin 67: 268 190 484 452 231 815 
Bin 68: 287 21 364 650 706 
Bin 69: 23 592 576 590 199 
Bin 70: 221 560 265 402 320 668 
Bin 71: 531 261 239 276 164 86 169 194 
Bin 72: 98 523 691 55 513 338 
Bin 73: 858 310 198 993 366 703 
Bin 74: 799 948 704 797 61 13 
Bin 75: 660 193 488 991 431 464 
Bin 76: 483 324 317 574 156 328 445 
Bin 77: 733 539 844 910 480 187 
Bin 78: 76 294 204 325 526 
Bin 79: 189 438 153 388 244 254 
Bin 80: 467 225 39 471 442 462 
Bin 81: 418 429 326 302 37 589 40 
Bin 82: 623 94 631 769 404 584 
Bin 83: 735 507 973 367 482 954 
Bin 84: 472 618 22 565 127 836 
Bin 85: 264 979 534 485 379 52 
Bin 86: 775 373 233 141 780 210 
Bin 87: 988 152 340 505 117 930 
Bin 88: 72 372 672 172 986 776 99 
Bin 89: 562 807 689 111 474 748 
Bin 90: 811 110 663 246 938 646 
Bin 91: 77 385 849 4 621 541 
Bin 92: 217 862 613 20 615 
Bin 93: 652 430 270 493 59 216 
Bin 94: 87 397 699 967 129 
Bin 95: 786 673 29 758 267 458 56 
Bin 96: 949 318 926 478 546 834 
Bin 97: 916 644 399 519 937 466 768 966 
Bin 98: 155 42 308 286 695 19 
Bin 99: 764 745 831 658 161 
Bin 100: 837 512 824 545 536 80 596 
Bin 101: 813 454 587 934 405 974 601 
Bin 102: 552 450 921 804 171 377 
Bin 103: 708 636 191 332 88 232 633 661 
Bin 104: 142 358 874 74 542 588 
Bin 105: 998 249 241 985 577 211 
Bin 106: 41 734 626 677 522 
Bin 107: 7 280 271 230 65 598 779 
Bin 108: 158 147 92 730 817 371 
Bin 109: 314 586 150 945 845 527 521 
Bin 110: 727 676 423 864 957 716 721 
Bin 111: 390 856 885 297 632 256 861 
Bin 112: 47 866 569 580 977 291 
Bin 113: 640 629 783 370 259 26 296 
Bin 114: 508 685 684 828 925 131 
Bin 115: 381 12 969 28 958 740 
Bin 116: 281 295 410 559 573 197 
Bin 117: 305 525 611 227 883 2 
Bin 118: 551 435 168 27 610 426 
Bin 119: 465 0 575 608 165 349 
Bin 120: 687 747 785 609 459 106 252 
Bin 121: 234 982 387 359 739 537 
Bin 122: 710 504 680 139 540 
Bin 123: 717 329 690 503 263 928 
Bin 124: 827 645 860 361 219 620 
Bin 125: 46 116 89 742 532 424 778 
Bin 126: 825 473 538 792 144 643 
Bin 127: 337 750 664 890 73 
Bin 128: 751 242 85 49 90 336 
Bin 129: 665 95 260 990 355 627 
Bin 130: 101 905 901 93 412 369 
Bin 131: 881 952 880 262 469 489 
Bin 132: 341 392 220 253 809 744 
Bin 133: 316 535 229 79 847 705 
Bin 134: 173 810 819 801 188 248 741 
Bin 135: 572 413 149 420 927 
Bin 136: 290 6 300 18 222 595 
Bin 137: 136 425 737 903 345 323 51 
Bin 138: 635 568 137 594 924 501 184 422 
Bin 139: 439 600 784 100 461 45 
Bin 140: 476 383 209 548 506 502 
Bin 141: 654 867 955 226 201 
Bin 142: 500 68 892 772 919 304 674 
Bin 143: 11 123 888 60 953 339 
Bin 144: 839 495 105 391 909 
Bin 145: 44 931 247 878 833 433 
Bin 146: 32 283 393 900 946 
Bin 147: 303 889 814 752 994 
Bin 148: 896 547 342 486 714 
Bin 149: 700 972 38 622 781 298 
Bin 150: 441 394 976 202 593 533 724 
Bin 151: 240 108 773 755 906 133 
Bin 152: 8 637 736 895 908 789 
Bin 153: 309 913 17 788 175 
Bin 154: 877 436 356 492 128 606 
Bin 155: 57 865 879 604 529 
Bin 156: 798 212 754 683 181 91 177 
Bin 157: 115 327 481 120 266 54 
Bin 158: 989 554 389 30 749 846 
Bin 159: 757 455 384 725 718 417 
Bin 160: 277 624 816 479 855 
Bin 161: 692 651 126 351 
Bin 162: 274 832 929 200 894 
Bin 163: 269 984 803 944 146 
Bin 164: 851 980 380 
Bin 165: 578 509 31 163 842 
