# Objective: 22
# Time: 4.62834
# Feasible: 1
# Solution:
Bin 0: 108 84 74 76 23 
Bin 1: 118 18 79 5 61 104 
Bin 2: 99 22 48 97 33 19 
Bin 3: 16 116 38 90 63 
Bin 4: 71 56 59 105 30 92 
Bin 5: 65 93 6 14 31 88 34 
Bin 6: 77 46 96 91 49 9 
Bin 7: 119 98 52 13 57 
Bin 8: 21 28 40 107 47 44 
Bin 9: 106 8 67 53 10 
Bin 10: 86 85 62 72 64 
Bin 11: 115 70 43 45 35 
Bin 12: 54 110 25 83 81 55 
Bin 13: 73 1 27 87 117 12 
Bin 14: 89 51 4 111 58 
Bin 15: 24 29 68 69 60 113 75 
Bin 16: 95 26 101 50 17 
Bin 17: 82 112 42 36 66 102 78 
Bin 18: 32 80 41 37 2 
Bin 19: 15 0 103 3 20 11 
Bin 20: 109 94 7 100 
Bin 21: 114 39 
