# Objective: 149
# Time: 98.2852
# Feasible: 1
# Solution:
Bin 0: 653 78 600 336 889 881 319 
Bin 1: 216 926 760 927 172 
Bin 2: 17 866 538 655 133 873 902 
Bin 3: 935 545 258 358 507 252 
Bin 4: 294 127 165 424 605 785 226 946 
Bin 5: 556 719 625 563 618 197 761 
Bin 6: 331 49 588 884 512 188 737 
Bin 7: 822 415 429 607 756 573 767 
Bin 8: 923 578 637 689 947 872 819 
Bin 9: 411 575 539 672 129 461 248 
Bin 10: 504 740 660 413 280 396 90 562 
Bin 11: 124 213 793 463 8 
Bin 12: 683 685 984 151 378 646 766 107 
Bin 13: 486 568 46 800 281 185 
Bin 14: 237 996 373 34 159 572 
Bin 15: 192 481 525 417 700 176 510 
Bin 16: 355 957 698 204 80 375 
Bin 17: 287 112 831 731 885 206 290 904 
Bin 18: 664 469 799 223 658 199 254 716 434 
Bin 19: 645 181 352 826 899 787 590 337 
Bin 20: 260 971 189 720 738 24 
Bin 21: 250 949 516 117 66 108 288 
Bin 22: 668 790 802 832 89 945 780 
Bin 23: 804 540 631 377 259 544 170 699 
Bin 24: 183 412 642 604 615 467 203 483 
Bin 25: 810 893 182 77 903 639 726 673 
Bin 26: 531 55 662 214 416 420 57 786 
Bin 27: 155 365 710 267 169 460 354 920 609 
Bin 28: 674 362 541 589 518 890 
Bin 29: 534 997 941 613 292 65 240 
Bin 30: 863 501 368 94 296 993 314 
Bin 31: 255 179 104 748 798 898 
Bin 32: 641 472 966 879 356 5 596 131 
Bin 33: 805 249 570 636 30 271 246 958 
Bin 34: 648 922 299 791 502 
Bin 35: 867 99 536 236 301 
Bin 36: 95 458 569 279 156 602 551 579 
Bin 37: 426 951 759 120 374 384 
Bin 38: 464 407 338 76 557 270 
Bin 39: 880 905 346 369 304 606 446 202 850 341 
Bin 40: 224 218 52 771 48 714 633 
Bin 41: 321 343 132 19 803 687 
Bin 42: 428 543 205 23 581 177 686 701 
Bin 43: 492 318 877 535 913 353 
Bin 44: 371 808 390 44 339 308 901 723 561 
Bin 45: 691 241 351 746 293 16 402 385 
Bin 46: 200 795 566 485 45 694 228 
Bin 47: 937 702 824 888 444 821 
Bin 48: 480 56 853 139 406 153 887 
Bin 49: 323 594 593 526 123 928 
Bin 50: 728 576 163 837 682 96 173 916 603 
Bin 51: 582 981 667 806 809 977 
Bin 52: 439 364 498 828 178 855 777 697 
Bin 53: 842 130 665 128 979 843 
Bin 54: 229 835 742 215 443 383 
Bin 55: 595 208 529 755 479 963 
Bin 56: 256 509 886 445 841 474 
Bin 57: 847 283 431 677 43 20 
Bin 58: 22 315 425 476 190 859 960 954 
Bin 59: 990 870 422 477 657 751 
Bin 60: 268 79 340 144 848 640 
Bin 61: 555 624 705 4 554 680 925 459 
Bin 62: 284 520 827 387 81 115 
Bin 63: 253 116 851 614 306 547 695 297 948 
Bin 64: 644 730 909 813 326 50 814 
Bin 65: 40 591 73 103 389 330 63 261 74 
Bin 66: 967 830 747 86 530 225 651 537 852 679 
Bin 67: 114 939 817 666 209 511 811 
Bin 68: 101 782 936 598 272 217 42 
Bin 69: 58 38 647 883 453 764 317 
Bin 70: 753 70 251 211 846 83 
Bin 71: 845 227 553 972 143 303 152 
Bin 72: 327 269 60 587 440 430 
Bin 73: 298 986 871 962 599 
Bin 74: 0 721 776 818 291 708 908 
Bin 75: 707 262 442 854 478 29 456 953 739 61 
Bin 76: 608 186 162 328 62 
Bin 77: 312 807 382 964 856 744 
Bin 78: 762 619 69 942 168 93 235 
Bin 79: 88 243 956 421 546 309 121 
Bin 80: 559 316 722 976 715 
Bin 81: 980 779 380 51 350 601 36 
Bin 82: 37 528 597 693 75 921 718 418 
Bin 83: 643 285 550 234 10 513 
Bin 84: 829 238 959 933 620 
Bin 85: 195 410 915 703 53 286 102 754 
Bin 86: 978 157 775 629 768 652 671 
Bin 87: 897 438 815 367 727 552 
Bin 88: 900 669 135 455 861 332 784 184 
Bin 89: 494 487 166 357 7 558 282 
Bin 90: 907 138 955 952 470 932 454 
Bin 91: 1 39 989 917 68 868 
Bin 92: 274 333 514 175 100 
Bin 93: 212 490 678 71 344 745 64 329 503 
Bin 94: 825 401 973 692 934 681 
Bin 95: 950 792 874 404 193 632 230 617 
Bin 96: 110 324 119 869 532 134 484 
Bin 97: 500 910 918 969 621 221 244 
Bin 98: 171 661 398 91 278 
Bin 99: 277 219 882 560 141 
Bin 100: 659 834 28 994 147 931 
Bin 101: 983 21 403 18 970 
Bin 102: 783 207 820 628 757 
Bin 103: 892 924 395 801 769 247 894 
Bin 104: 864 729 585 688 436 635 113 
Bin 105: 194 999 622 712 59 109 706 
Bin 106: 300 41 160 25 146 
Bin 107: 906 149 985 895 649 940 263 
Bin 108: 938 844 210 711 145 118 441 
Bin 109: 735 82 709 393 311 54 
Bin 110: 392 379 533 623 231 451 734 
Bin 111: 876 797 92 542 496 266 257 
Bin 112: 524 968 388 320 763 482 523 
Bin 113: 713 471 450 191 911 
Bin 114: 14 743 67 348 295 148 
Bin 115: 663 363 349 313 778 736 372 400 
Bin 116: 517 33 816 676 245 
Bin 117: 878 684 696 836 491 
Bin 118: 571 473 583 944 564 704 
Bin 119: 912 849 307 612 437 449 427 
Bin 120: 991 988 465 187 265 862 433 
Bin 121: 9 774 13 794 106 630 
Bin 122: 264 548 342 164 521 196 
Bin 123: 752 670 405 860 31 
Bin 124: 875 198 891 982 457 489 497 
Bin 125: 161 111 896 914 519 462 565 
Bin 126: 732 974 592 656 105 
Bin 127: 347 334 773 12 174 
Bin 128: 749 423 765 919 466 
Bin 129: 750 414 929 690 724 381 242 
Bin 130: 654 840 975 370 409 626 289 580 
Bin 131: 47 167 741 6 84 11 788 857 220 
Bin 132: 796 72 505 125 408 468 865 
Bin 133: 858 273 812 930 616 391 
Bin 134: 361 386 27 335 475 650 
Bin 135: 239 549 998 435 515 789 987 574 15 
Bin 136: 35 725 201 611 98 322 
Bin 137: 137 310 233 150 506 992 
Bin 138: 345 158 97 136 833 122 85 26 
Bin 139: 627 758 142 943 447 
Bin 140: 302 717 584 232 448 
Bin 141: 823 2 222 577 961 
Bin 142: 733 180 508 325 366 
Bin 143: 610 360 32 838 499 638 
Bin 144: 634 488 567 394 452 586 419 
Bin 145: 770 495 87 376 126 
Bin 146: 781 154 397 140 3 522 275 
Bin 147: 965 359 772 432 399 276 
Bin 148: 493 675 839 305 527 995 
