# Objective: 42
# Time: 12.8963
# Feasible: 1
# Solution:
Bin 0: 150 80 13 123 70 163 88 72 
Bin 1: 188 226 152 180 171 242 21 
Bin 2: 71 108 144 207 38 186 
Bin 3: 69 128 39 194 247 
Bin 4: 139 127 233 40 82 99 
Bin 5: 89 138 206 115 24 178 
Bin 6: 196 218 34 25 168 4 179 
Bin 7: 228 118 19 217 
Bin 8: 133 28 239 67 154 81 
Bin 9: 244 49 97 204 26 32 
Bin 10: 169 231 43 132 37 245 
Bin 11: 87 98 208 240 56 153 
Bin 12: 166 237 57 5 
Bin 13: 205 85 189 1 33 
Bin 14: 147 137 7 140 92 158 
Bin 15: 86 73 176 191 20 175 
Bin 16: 63 143 3 102 125 22 
Bin 17: 121 61 126 212 53 219 18 
Bin 18: 10 116 60 160 155 36 59 
Bin 19: 106 221 62 199 29 135 198 
Bin 20: 120 214 30 27 172 114 
Bin 21: 232 203 35 104 216 17 
Bin 22: 31 131 9 79 50 117 110 
Bin 23: 48 134 75 107 238 
Bin 24: 55 119 0 124 51 
Bin 25: 109 76 12 190 74 200 
Bin 26: 64 2 101 54 66 
Bin 27: 100 41 6 195 162 
Bin 28: 177 146 161 141 185 248 96 
Bin 29: 249 182 11 234 136 8 65 
Bin 30: 164 68 213 174 220 90 
Bin 31: 93 181 236 211 78 170 
Bin 32: 187 159 193 44 201 222 91 
Bin 33: 42 145 130 183 151 
Bin 34: 52 105 241 202 142 103 224 
Bin 35: 148 167 122 45 165 83 
Bin 36: 16 197 230 95 129 
Bin 37: 157 14 149 23 246 111 
Bin 38: 112 94 15 229 46 84 
Bin 39: 192 243 58 225 223 235 
Bin 40: 184 173 77 227 209 
Bin 41: 156 210 47 215 113 
