# Objective: 154
# Time: 383.363
# Feasible: 1
# Solution:
Bin 0: 256 386 612 433 876 843 380 66 
Bin 1: 401 216 514 736 376 459 439 82 
Bin 2: 141 234 872 242 958 30 758 
Bin 3: 47 17 518 346 508 327 991 
Bin 4: 509 20 929 787 235 998 
Bin 5: 328 332 282 372 124 795 676 
Bin 6: 40 257 458 85 384 277 
Bin 7: 363 709 69 437 549 941 391 
Bin 8: 568 474 992 559 650 137 
Bin 9: 265 817 786 174 831 983 
Bin 10: 823 131 829 673 162 164 
Bin 11: 467 426 84 999 956 74 889 506 
Bin 12: 243 522 315 387 974 341 113 
Bin 13: 260 419 204 626 779 293 785 
Bin 14: 220 619 120 836 461 977 
Bin 15: 687 726 295 896 572 886 432 
Bin 16: 759 729 949 826 686 747 4 
Bin 17: 409 90 809 502 657 306 
Bin 18: 191 54 99 317 244 944 669 
Bin 19: 593 796 445 631 181 
Bin 20: 624 891 307 494 564 788 
Bin 21: 662 641 598 231 486 
Bin 22: 313 339 239 357 221 938 919 
Bin 23: 975 93 566 356 511 
Bin 24: 398 389 379 696 140 223 
Bin 25: 530 764 754 722 672 438 856 
Bin 26: 423 860 411 269 198 
Bin 27: 588 166 178 417 43 52 
Bin 28: 728 537 529 704 883 278 485 
Bin 29: 547 825 273 543 516 710 
Bin 30: 77 636 538 774 578 697 155 312 
Bin 31: 945 741 112 139 838 955 
Bin 32: 837 849 176 905 92 360 334 
Bin 33: 948 768 904 863 355 499 
Bin 34: 434 303 773 623 232 413 939 
Bin 35: 651 429 816 406 988 969 157 
Bin 36: 595 602 425 431 540 744 133 
Bin 37: 168 349 403 702 305 678 
Bin 38: 611 934 765 808 5 927 
Bin 39: 833 110 37 370 960 
Bin 40: 466 775 846 161 6 603 373 761 
Bin 41: 554 878 763 682 304 79 55 
Bin 42: 532 599 170 344 188 
Bin 43: 990 245 189 884 211 67 910 
Bin 44: 399 451 544 428 455 971 
Bin 45: 519 150 915 743 989 
Bin 46: 842 498 138 396 352 319 
Bin 47: 513 159 767 548 928 375 
Bin 48: 286 335 739 922 903 342 
Bin 49: 10 652 345 963 153 237 58 
Bin 50: 917 656 72 217 661 308 493 114 
Bin 51: 154 680 23 802 246 535 336 
Bin 52: 29 873 36 254 625 296 87 
Bin 53: 563 771 281 186 987 477 546 
Bin 54: 297 663 716 11 570 740 
Bin 55: 600 628 284 782 950 276 83 
Bin 56: 827 226 749 953 385 193 
Bin 57: 0 21 42 249 103 897 957 497 
Bin 58: 867 789 78 675 311 353 952 
Bin 59: 253 275 512 751 450 607 400 
Bin 60: 824 63 60 523 545 620 898 
Bin 61: 879 911 435 562 936 627 464 31 
Bin 62: 926 96 402 194 692 108 214 552 
Bin 63: 197 471 954 762 392 781 145 567 
Bin 64: 119 797 39 212 143 71 264 
Bin 65: 213 240 255 844 690 350 
Bin 66: 931 569 920 292 148 288 592 
Bin 67: 791 959 86 146 594 427 649 
Bin 68: 418 457 855 203 338 557 996 
Bin 69: 462 830 173 885 358 731 724 
Bin 70: 604 258 857 841 859 834 894 215 
Bin 71: 703 45 874 591 517 259 200 248 
Bin 72: 475 555 233 907 865 381 100 50 
Bin 73: 679 822 644 238 121 900 
Bin 74: 723 908 202 25 320 642 
Bin 75: 102 576 222 720 677 
Bin 76: 901 208 924 261 348 804 923 
Bin 77: 660 815 118 394 241 714 614 
Bin 78: 415 117 501 647 807 294 287 
Bin 79: 528 488 979 961 880 359 621 
Bin 80: 408 646 12 814 871 828 560 
Bin 81: 122 280 196 218 169 476 
Bin 82: 219 172 80 207 571 75 
Bin 83: 550 225 585 551 668 665 
Bin 84: 15 573 581 748 440 733 
Bin 85: 184 149 8 875 632 942 
Bin 86: 951 101 937 753 835 160 
Bin 87: 913 693 947 441 813 291 
Bin 88: 165 542 968 854 772 365 3 343 
Bin 89: 126 104 902 868 737 993 
Bin 90: 449 962 414 790 130 27 323 
Bin 91: 553 479 666 978 536 
Bin 92: 416 706 847 1 778 681 982 943 
Bin 93: 615 456 107 490 492 180 
Bin 94: 877 718 707 755 717 301 800 
Bin 95: 393 446 531 468 285 579 
Bin 96: 858 111 144 484 38 805 
Bin 97: 374 61 152 719 760 
Bin 98: 980 472 586 689 489 776 68 
Bin 99: 26 362 251 940 354 378 
Bin 100: 383 655 64 290 637 635 
Bin 101: 524 515 887 534 756 510 333 
Bin 102: 364 634 708 369 792 274 
Bin 103: 565 300 711 667 127 321 742 
Bin 104: 541 881 605 701 845 463 35 
Bin 105: 533 421 151 326 53 371 609 
Bin 106: 986 436 302 671 324 783 981 691 
Bin 107: 424 322 794 95 487 819 478 909 
Bin 108: 228 850 171 930 252 289 
Bin 109: 329 57 135 715 34 610 916 147 
Bin 110: 481 914 608 267 279 
Bin 111: 561 616 158 283 314 
Bin 112: 810 195 263 770 65 495 
Bin 113: 654 465 177 721 309 558 395 
Bin 114: 780 699 899 94 115 491 520 
Bin 115: 229 852 469 224 128 932 
Bin 116: 116 895 752 205 206 832 
Bin 117: 617 906 33 674 480 134 
Bin 118: 136 658 507 227 18 882 
Bin 119: 132 869 734 16 862 
Bin 120: 840 670 367 236 801 
Bin 121: 503 268 590 893 659 
Bin 122: 589 337 32 129 848 156 746 
Bin 123: 683 811 803 853 725 125 521 
Bin 124: 839 247 966 14 784 442 407 
Bin 125: 412 757 452 405 622 861 
Bin 126: 583 640 98 142 695 995 
Bin 127: 270 527 325 183 199 192 163 
Bin 128: 9 448 912 643 28 410 870 
Bin 129: 574 750 24 105 44 584 712 
Bin 130: 91 167 777 645 190 745 
Bin 131: 864 727 351 368 525 453 447 
Bin 132: 577 639 347 587 46 985 972 685 
Bin 133: 700 209 2 976 818 397 7 
Bin 134: 935 361 713 630 892 62 340 
Bin 135: 97 638 633 422 648 766 
Bin 136: 210 918 454 70 946 
Bin 137: 377 698 921 13 89 299 
Bin 138: 41 866 330 182 705 73 596 
Bin 139: 732 175 88 799 390 298 
Bin 140: 505 106 59 420 806 22 496 
Bin 141: 793 51 973 272 331 473 
Bin 142: 575 404 76 997 821 688 
Bin 143: 266 366 730 310 933 201 606 
Bin 144: 984 613 444 483 738 888 
Bin 145: 123 967 994 664 316 
Bin 146: 694 539 556 388 187 443 
Bin 147: 109 629 735 582 56 230 684 
Bin 148: 49 820 430 81 318 526 
Bin 149: 482 601 812 580 179 
Bin 150: 382 262 185 970 597 890 470 
Bin 151: 925 618 851 504 271 
Bin 152: 48 798 964 500 769 19 
Bin 153: 965 250 653 460 
