# Objective: 39
# Time: 6.19769
# Feasible: 1
# Solution:
Bin 0: 190 248 176 244 164 246 
Bin 1: 112 5 22 103 172 83 
Bin 2: 4 168 16 92 33 183 
Bin 3: 99 181 41 108 17 126 
Bin 4: 40 234 249 2 170 242 143 
Bin 5: 100 233 154 151 196 101 56 
Bin 6: 180 15 91 39 68 197 188 166 
Bin 7: 238 95 171 35 110 79 201 209 
Bin 8: 162 113 119 118 77 191 
Bin 9: 58 218 97 114 61 227 
Bin 10: 87 224 141 47 20 
Bin 11: 207 226 28 231 76 82 156 
Bin 12: 193 232 163 132 125 75 
Bin 13: 198 147 38 134 120 7 129 44 
Bin 14: 104 203 247 73 192 34 36 
Bin 15: 175 225 74 9 86 25 
Bin 16: 149 8 167 153 144 1 
Bin 17: 186 117 98 50 105 64 54 
Bin 18: 210 204 223 60 208 
Bin 19: 184 142 230 123 109 65 127 
Bin 20: 228 178 30 169 185 85 236 107 
Bin 21: 29 200 189 173 239 10 93 
Bin 22: 182 94 219 18 53 102 
Bin 23: 66 222 237 139 195 88 150 
Bin 24: 27 202 235 214 194 
Bin 25: 115 32 187 165 21 243 158 
Bin 26: 78 63 130 42 124 177 155 
Bin 27: 135 59 161 245 160 152 
Bin 28: 12 133 70 138 213 211 122 
Bin 29: 116 206 128 241 69 46 57 
Bin 30: 89 140 205 212 37 159 81 
Bin 31: 111 221 220 80 96 26 
Bin 32: 43 45 24 240 14 174 
Bin 33: 179 72 131 13 106 
Bin 34: 48 55 199 229 216 215 71 
Bin 35: 148 11 0 90 137 49 
Bin 36: 217 19 62 136 145 
Bin 37: 51 6 3 84 146 
Bin 38: 23 157 31 67 52 121 
