# Objective: 39
# Time: 7.31749
# Feasible: 1
# Solution:
Bin 0: 152 198 153 52 20 72 193 
Bin 1: 224 83 171 81 225 51 
Bin 2: 23 191 26 199 41 110 71 132 
Bin 3: 221 105 38 147 149 189 170 
Bin 4: 29 106 133 206 95 92 113 
Bin 5: 17 174 121 123 157 116 
Bin 6: 59 205 166 21 150 2 136 
Bin 7: 28 142 240 248 148 235 143 89 
Bin 8: 181 222 207 85 45 97 237 
Bin 9: 78 210 61 9 244 243 
Bin 10: 215 18 175 120 141 241 208 137 
Bin 11: 169 165 124 185 167 223 246 
Bin 12: 164 213 12 177 1 36 
Bin 13: 214 15 53 156 160 32 69 179 
Bin 14: 109 34 138 56 10 197 
Bin 15: 40 114 14 8 70 117 
Bin 16: 201 11 16 146 49 46 
Bin 17: 216 238 115 242 19 247 
Bin 18: 5 172 73 217 6 228 39 
Bin 19: 35 104 103 80 158 190 87 
Bin 20: 68 204 50 107 178 43 
Bin 21: 54 134 66 25 144 101 
Bin 22: 209 245 155 55 37 74 
Bin 23: 99 196 13 131 77 
Bin 24: 67 58 125 27 159 64 163 
Bin 25: 102 0 182 127 234 93 139 
Bin 26: 227 186 100 184 76 98 220 
Bin 27: 162 176 135 62 129 
Bin 28: 86 4 63 233 226 187 79 
Bin 29: 154 145 203 84 122 173 
Bin 30: 119 48 3 249 128 161 
Bin 31: 218 91 239 126 232 130 
Bin 32: 30 212 236 183 229 231 96 
Bin 33: 211 75 82 111 200 202 
Bin 34: 180 57 90 33 118 151 188 
Bin 35: 31 194 65 140 47 108 
Bin 36: 60 7 112 88 168 
Bin 37: 94 219 44 192 230 
Bin 38: 24 42 22 195 
