# Objective: 20
# Time: 3.18343
# Feasible: 1
# Solution:
Bin 0: 74 18 55 118 49 94 
Bin 1: 80 89 41 104 98 77 88 
Bin 2: 13 50 86 26 20 12 
Bin 3: 36 58 23 70 64 106 
Bin 4: 3 85 43 97 46 90 
Bin 5: 76 29 69 68 117 1 67 82 
Bin 6: 33 115 7 21 78 28 
Bin 7: 108 15 105 6 91 22 
Bin 8: 9 61 2 57 24 107 
Bin 9: 25 96 40 92 101 
Bin 10: 119 37 10 4 111 47 
Bin 11: 112 109 103 53 32 45 60 114 
Bin 12: 100 27 84 38 56 
Bin 13: 14 93 63 31 19 59 72 
Bin 14: 65 75 71 52 81 35 
Bin 15: 51 116 30 79 110 
Bin 16: 11 5 113 66 16 39 54 
Bin 17: 95 73 8 99 83 
Bin 18: 0 44 17 42 87 
Bin 19: 34 62 48 102 
