# Objective: 37
# Time: 5.27494
# Feasible: 1
# Solution:
Bin 0: 243 26 184 132 131 32 98 
Bin 1: 125 59 24 237 130 11 
Bin 2: 66 113 159 93 185 222 
Bin 3: 57 191 1 214 128 197 50 110 
Bin 4: 198 152 179 85 70 10 
Bin 5: 103 174 62 182 231 74 
Bin 6: 34 6 29 143 240 161 
Bin 7: 201 14 225 136 53 137 123 
Bin 8: 192 175 230 23 117 88 77 47 
Bin 9: 46 21 209 158 242 163 56 
Bin 10: 67 37 12 164 160 141 172 78 
Bin 11: 108 96 90 8 157 39 43 
Bin 12: 150 189 165 208 129 204 139 
Bin 13: 188 169 200 138 105 107 31 244 
Bin 14: 86 207 238 220 9 166 151 51 
Bin 15: 100 87 42 134 211 121 246 52 210 
Bin 16: 76 109 101 145 156 
Bin 17: 249 5 71 144 17 168 229 162 
Bin 18: 60 28 95 233 154 248 140 0 48 
Bin 19: 44 112 180 170 36 213 
Bin 20: 181 148 82 97 7 94 227 
Bin 21: 63 89 58 81 116 135 124 84 
Bin 22: 115 27 215 149 195 20 54 
Bin 23: 133 187 91 234 61 38 
Bin 24: 40 64 199 126 102 
Bin 25: 202 19 30 69 228 226 
Bin 26: 194 217 203 111 216 122 35 
Bin 27: 75 127 120 13 155 
Bin 28: 206 114 147 118 218 41 223 
Bin 29: 183 153 196 221 239 73 18 
Bin 30: 104 4 205 33 235 3 
Bin 31: 15 177 72 247 173 83 45 
Bin 32: 142 106 224 79 178 25 55 
Bin 33: 190 16 167 241 49 219 
Bin 34: 2 99 146 65 212 
Bin 35: 68 193 119 245 22 232 
Bin 36: 186 80 92 236 171 176 
