# Objective: 22
# Time: 2.702
# Feasible: 1
# Solution:
Bin 0: 33 76 13 5 111 22 
Bin 1: 49 106 83 55 
Bin 2: 92 86 15 68 17 41 67 
Bin 3: 6 50 74 11 52 
Bin 4: 85 31 113 1 115 0 
Bin 5: 62 79 108 104 103 48 
Bin 6: 21 101 112 81 119 87 
Bin 7: 84 51 44 25 59 60 
Bin 8: 102 26 65 30 82 
Bin 9: 34 46 9 4 109 14 
Bin 10: 37 94 90 32 73 
Bin 11: 95 53 96 35 75 
Bin 12: 8 78 99 19 77 43 
Bin 13: 118 45 72 47 61 
Bin 14: 27 71 10 88 2 56 
Bin 15: 57 7 114 100 110 
Bin 16: 80 42 29 39 23 
Bin 17: 117 3 16 93 64 
Bin 18: 91 89 12 54 38 70 
Bin 19: 36 28 63 69 116 24 
Bin 20: 97 107 20 105 66 18 
Bin 21: 98 40 58 
