# Objective: 38
# Time: 9.10541
# Feasible: 1
# Solution:
Bin 0: 166 72 146 164 111 170 34 231 
Bin 1: 23 204 239 62 153 50 
Bin 2: 190 173 57 226 93 85 211 
Bin 3: 74 79 0 149 116 188 90 187 
Bin 4: 59 192 140 18 245 175 102 152 
Bin 5: 10 244 130 238 8 143 
Bin 6: 136 110 174 56 65 155 
Bin 7: 45 206 223 107 158 
Bin 8: 48 233 54 82 119 83 
Bin 9: 123 96 13 207 163 47 
Bin 10: 100 94 7 61 3 160 
Bin 11: 104 176 213 38 138 105 235 86 
Bin 12: 101 22 205 24 184 186 167 
Bin 13: 177 11 181 46 172 134 151 
Bin 14: 234 35 132 198 215 194 
Bin 15: 182 43 120 103 150 71 
Bin 16: 216 19 32 29 240 
Bin 17: 37 95 246 106 87 157 
Bin 18: 60 16 128 189 84 208 137 31 
Bin 19: 41 236 200 118 49 220 
Bin 20: 1 40 63 217 147 139 
Bin 21: 230 28 202 135 185 241 
Bin 22: 214 148 77 115 154 70 232 225 
Bin 23: 27 6 228 218 227 69 169 14 
Bin 24: 237 36 113 39 89 88 
Bin 25: 55 52 221 222 124 196 
Bin 26: 180 67 64 68 133 129 242 109 
Bin 27: 171 201 21 229 179 117 191 
Bin 28: 178 162 145 249 248 141 
Bin 29: 4 142 33 17 126 98 
Bin 30: 144 97 210 2 161 99 
Bin 31: 183 108 80 58 15 5 75 44 159 
Bin 32: 131 66 209 122 243 91 
Bin 33: 168 53 12 127 219 193 195 
Bin 34: 81 92 224 73 78 199 
Bin 35: 9 121 156 20 25 
Bin 36: 42 114 51 125 30 26 197 
Bin 37: 112 212 203 165 247 76 
