# Objective: 151
# Time: 203.123
# Feasible: 1
# Solution:
Bin 0: 201 158 426 315 880 730 477 
Bin 1: 193 953 54 882 484 628 958 
Bin 2: 708 133 773 66 347 317 902 959 508 35 
Bin 3: 165 499 29 454 898 
Bin 4: 246 512 736 473 987 616 352 532 
Bin 5: 618 888 991 762 983 564 
Bin 6: 634 279 602 615 948 48 704 
Bin 7: 415 781 84 910 327 181 844 
Bin 8: 929 890 707 126 698 
Bin 9: 782 322 113 142 438 599 878 
Bin 10: 611 783 712 24 641 269 737 
Bin 11: 568 827 752 567 394 556 728 
Bin 12: 895 83 748 227 256 863 
Bin 13: 825 119 62 57 588 785 775 767 828 523 
Bin 14: 12 85 395 521 137 462 103 
Bin 15: 238 644 78 483 3 224 81 
Bin 16: 332 187 903 148 901 726 442 
Bin 17: 803 467 228 344 549 575 
Bin 18: 168 376 587 594 967 109 
Bin 19: 282 565 306 649 68 790 993 746 
Bin 20: 418 984 219 295 382 369 893 234 739 
Bin 21: 784 832 259 548 727 687 449 
Bin 22: 593 562 128 366 156 977 285 
Bin 23: 896 171 581 89 505 954 220 804 
Bin 24: 116 765 992 487 159 764 
Bin 25: 648 99 761 636 989 8 
Bin 26: 853 858 823 692 778 834 65 
Bin 27: 820 509 672 971 172 669 481 805 79 
Bin 28: 686 263 247 294 894 932 296 
Bin 29: 114 819 956 913 982 356 916 
Bin 30: 303 334 657 226 100 34 
Bin 31: 700 466 46 500 408 362 
Bin 32: 189 288 345 940 519 801 27 
Bin 33: 390 653 546 968 571 869 840 877 
Bin 34: 576 402 520 207 900 573 
Bin 35: 612 786 468 313 461 312 
Bin 36: 421 342 722 286 437 550 185 
Bin 37: 140 839 886 947 42 561 
Bin 38: 502 56 864 943 996 604 
Bin 39: 605 291 792 329 132 720 38 
Bin 40: 889 517 660 200 71 305 
Bin 41: 518 164 845 630 809 
Bin 42: 640 333 540 112 829 153 986 268 261 
Bin 43: 928 245 647 55 843 471 392 
Bin 44: 613 857 370 239 445 216 147 682 
Bin 45: 705 300 43 196 725 985 831 721 49 
Bin 46: 679 453 897 818 796 511 706 212 
Bin 47: 755 812 374 4 974 
Bin 48: 798 17 480 364 742 941 658 
Bin 49: 21 751 558 215 175 115 
Bin 50: 177 213 621 960 399 
Bin 51: 629 683 94 559 908 
Bin 52: 431 490 606 952 904 194 367 
Bin 53: 121 101 945 32 155 
Bin 54: 933 289 223 777 355 808 233 
Bin 55: 179 577 358 586 266 465 
Bin 56: 976 661 962 922 203 734 955 716 528 335 
Bin 57: 970 797 731 271 848 557 76 
Bin 58: 330 275 9 504 921 665 455 39 
Bin 59: 999 873 267 555 439 879 709 406 
Bin 60: 307 217 108 221 393 417 339 
Bin 61: 650 457 643 862 257 951 851 45 
Bin 62: 964 232 262 624 378 997 861 
Bin 63: 806 675 769 685 961 
Bin 64: 443 36 2 695 906 852 
Bin 65: 341 184 236 837 281 600 936 299 
Bin 66: 498 702 407 182 757 723 188 
Bin 67: 503 969 617 458 538 
Bin 68: 120 388 118 377 208 298 
Bin 69: 37 206 359 678 638 73 87 
Bin 70: 452 144 514 451 791 930 
Bin 71: 387 53 380 250 19 771 448 
Bin 72: 526 59 780 847 814 61 
Bin 73: 176 74 883 881 254 
Bin 74: 70 106 619 920 127 131 237 
Bin 75: 574 475 379 684 626 876 
Bin 76: 935 105 918 456 363 472 
Bin 77: 525 284 907 676 190 432 385 
Bin 78: 884 170 963 80 763 5 981 995 90 276 
Bin 79: 579 337 381 328 979 486 582 
Bin 80: 507 160 277 92 821 
Bin 81: 872 703 353 195 191 436 875 
Bin 82: 513 161 631 287 625 753 
Bin 83: 130 868 485 810 350 405 
Bin 84: 662 323 633 278 430 966 
Bin 85: 855 937 178 774 871 
Bin 86: 850 491 349 891 93 348 
Bin 87: 754 592 304 590 681 585 31 
Bin 88: 124 925 998 409 530 253 
Bin 89: 166 273 20 145 410 833 
Bin 90: 866 646 77 51 569 326 202 632 
Bin 91: 713 749 965 7 22 934 230 815 
Bin 92: 192 598 401 795 420 23 
Bin 93: 372 16 911 314 488 310 40 
Bin 94: 283 718 787 627 162 433 
Bin 95: 1 642 531 659 811 
Bin 96: 197 240 887 255 416 541 373 482 
Bin 97: 635 830 639 714 522 938 
Bin 98: 849 293 469 710 666 788 
Bin 99: 411 403 0 838 389 264 
Bin 100: 209 478 95 290 645 117 735 835 
Bin 101: 745 368 802 102 859 
Bin 102: 923 542 614 670 413 447 
Bin 103: 167 41 82 218 13 693 225 664 
Bin 104: 14 343 464 50 768 205 
Bin 105: 11 740 139 69 905 668 
Bin 106: 516 375 711 460 340 950 476 
Bin 107: 459 591 949 321 680 169 
Bin 108: 543 674 772 422 265 584 553 
Bin 109: 331 572 699 915 470 552 688 
Bin 110: 990 912 743 793 419 
Bin 111: 697 129 651 551 527 856 
Bin 112: 143 671 180 435 10 926 18 252 
Bin 113: 583 957 229 770 973 841 
Bin 114: 570 301 104 719 64 6 
Bin 115: 308 463 174 210 799 656 
Bin 116: 494 86 496 28 58 495 427 
Bin 117: 338 813 198 867 231 248 
Bin 118: 434 942 506 135 836 724 
Bin 119: 450 163 534 151 336 
Bin 120: 242 199 931 846 446 939 
Bin 121: 663 607 479 865 214 489 
Bin 122: 533 241 975 243 360 97 732 620 
Bin 123: 391 441 729 272 63 
Bin 124: 544 320 309 776 747 383 107 428 
Bin 125: 608 547 150 860 874 694 
Bin 126: 623 33 733 779 400 47 892 
Bin 127: 110 72 15 870 715 
Bin 128: 396 560 909 324 988 122 589 
Bin 129: 545 414 537 274 652 
Bin 130: 397 444 826 440 554 
Bin 131: 917 60 759 111 26 157 183 980 152 
Bin 132: 325 493 52 946 524 
Bin 133: 186 311 386 927 854 914 
Bin 134: 924 249 817 717 384 
Bin 135: 211 123 744 75 816 566 141 154 
Bin 136: 280 398 365 425 136 655 
Bin 137: 270 535 637 885 88 354 794 423 696 
Bin 138: 424 149 701 689 807 
Bin 139: 173 318 91 610 563 601 492 760 319 596 
Bin 140: 292 842 677 67 96 
Bin 141: 510 609 98 690 578 316 758 
Bin 142: 134 789 667 251 741 978 25 
Bin 143: 994 497 539 404 824 412 
Bin 144: 529 302 603 654 972 138 766 258 
Bin 145: 235 580 673 346 222 351 
Bin 146: 750 204 357 622 297 501 
Bin 147: 260 691 536 371 800 
Bin 148: 361 738 919 146 429 474 597 
Bin 149: 30 899 595 244 756 
Bin 150: 44 822 515 944 125 
