# Objective: 19
# Time: 2.73155
# Feasible: 1
# Solution:
Bin 0: 24 93 89 40 70 101 54 
Bin 1: 32 34 64 67 71 46 35 
Bin 2: 109 5 9 110 106 83 1 
Bin 3: 69 76 80 33 63 98 
Bin 4: 52 85 77 117 25 
Bin 5: 8 119 114 41 20 6 51 
Bin 6: 18 43 36 74 92 30 3 99 
Bin 7: 38 39 27 72 79 81 
Bin 8: 26 48 2 96 100 66 15 
Bin 9: 11 14 31 60 50 21 59 
Bin 10: 108 118 22 65 53 88 
Bin 11: 13 0 84 105 47 42 
Bin 12: 4 58 115 73 90 12 
Bin 13: 23 44 28 61 95 91 94 
Bin 14: 16 111 56 82 112 57 116 
Bin 15: 62 19 87 45 55 37 
Bin 16: 49 86 97 17 75 
Bin 17: 103 104 113 7 29 
Bin 18: 78 68 107 10 102 
