# Objective: 152
# Time: 531.194
# Feasible: 1
# Solution:
Bin 0: 255 856 315 633 249 387 985 
Bin 1: 139 909 724 187 390 502 
Bin 2: 962 218 734 614 489 981 965 936 134 
Bin 3: 872 259 647 224 396 299 158 
Bin 4: 677 323 852 461 999 826 
Bin 5: 814 940 123 292 376 196 162 
Bin 6: 192 795 853 608 504 786 933 
Bin 7: 462 334 863 434 91 508 350 
Bin 8: 287 748 642 406 645 879 644 
Bin 9: 44 701 174 809 980 254 10 
Bin 10: 240 976 628 674 958 129 466 522 675 487 
Bin 11: 62 733 538 318 246 747 838 
Bin 12: 953 638 338 133 952 718 409 543 
Bin 13: 145 840 632 893 646 258 
Bin 14: 927 184 343 779 397 624 754 
Bin 15: 763 23 156 753 243 630 203 619 
Bin 16: 149 448 154 880 364 441 307 811 
Bin 17: 568 599 357 135 869 142 404 
Bin 18: 539 512 124 164 890 363 566 
Bin 19: 440 830 3 948 501 365 993 942 
Bin 20: 88 420 93 432 752 844 521 
Bin 21: 414 370 118 886 81 
Bin 22: 603 772 885 85 261 403 400 
Bin 23: 471 333 68 433 166 534 
Bin 24: 681 51 833 401 54 899 
Bin 25: 126 695 876 205 25 
Bin 26: 179 916 815 816 393 704 523 
Bin 27: 342 967 858 28 871 791 8 
Bin 28: 216 19 104 764 767 9 
Bin 29: 730 818 106 47 526 453 907 938 
Bin 30: 6 653 883 380 201 120 372 
Bin 31: 515 42 300 925 528 585 
Bin 32: 435 776 351 151 714 436 627 64 
Bin 33: 541 194 306 220 837 722 
Bin 34: 35 735 682 102 443 698 
Bin 35: 937 622 245 537 996 553 419 
Bin 36: 556 477 317 186 663 480 329 
Bin 37: 922 181 648 851 288 606 
Bin 38: 726 452 298 794 327 136 
Bin 39: 973 671 665 188 369 792 
Bin 40: 770 947 911 545 340 268 
Bin 41: 416 422 625 560 195 712 
Bin 42: 686 217 257 278 207 
Bin 43: 495 544 475 934 116 634 
Bin 44: 713 655 822 661 460 583 
Bin 45: 131 739 580 398 817 736 286 
Bin 46: 877 957 384 803 731 92 
Bin 47: 744 250 751 588 113 175 
Bin 48: 920 656 57 929 535 
Bin 49: 577 507 235 511 43 882 222 548 
Bin 50: 997 693 483 900 379 
Bin 51: 267 636 73 546 971 305 281 
Bin 52: 742 210 117 153 875 497 
Bin 53: 540 613 304 324 49 352 
Bin 54: 955 783 684 226 884 923 335 
Bin 55: 89 20 283 202 966 
Bin 56: 295 214 445 584 204 
Bin 57: 427 229 30 944 650 667 33 
Bin 58: 80 182 959 326 119 247 918 845 
Bin 59: 516 98 38 760 705 284 576 
Bin 60: 383 353 963 122 76 176 706 
Bin 61: 729 527 22 573 389 
Bin 62: 510 180 848 926 75 311 290 
Bin 63: 21 691 720 950 39 983 
Bin 64: 789 874 623 849 505 721 518 
Bin 65: 439 847 395 172 303 892 251 
Bin 66: 486 552 626 325 662 212 536 
Bin 67: 438 570 424 590 373 394 
Bin 68: 493 949 367 236 557 796 652 
Bin 69: 741 901 221 728 272 408 454 
Bin 70: 481 490 857 723 237 163 
Bin 71: 146 567 213 230 841 694 4 679 
Bin 72: 562 152 564 569 586 555 291 711 
Bin 73: 96 470 702 574 970 846 208 
Bin 74: 330 410 979 446 762 612 
Bin 75: 924 889 700 532 951 769 
Bin 76: 798 617 447 459 467 843 
Bin 77: 15 664 197 473 199 18 225 
Bin 78: 138 581 189 598 659 
Bin 79: 346 16 168 896 277 77 881 
Bin 80: 801 457 995 140 157 45 392 
Bin 81: 429 559 520 155 472 978 233 
Bin 82: 888 206 631 977 58 571 312 
Bin 83: 542 407 678 56 386 458 
Bin 84: 200 915 755 808 968 727 657 418 
Bin 85: 29 41 716 782 919 740 932 
Bin 86: 301 65 144 989 428 308 
Bin 87: 637 84 223 279 371 285 
Bin 88: 897 24 687 604 582 302 78 52 
Bin 89: 992 828 349 361 273 479 685 670 
Bin 90: 128 27 621 639 114 492 148 
Bin 91: 211 906 319 956 1 998 819 768 378 
Bin 92: 238 834 683 855 167 413 359 
Bin 93: 110 974 388 354 173 314 676 
Bin 94: 252 132 939 935 219 276 842 
Bin 95: 529 778 331 469 491 36 
Bin 96: 654 600 121 761 450 708 643 804 
Bin 97: 651 191 280 813 425 253 609 499 270 178 
Bin 98: 524 780 931 969 669 
Bin 99: 551 866 799 264 105 100 503 
Bin 100: 972 641 595 242 589 464 
Bin 101: 83 820 917 17 362 185 
Bin 102: 689 375 610 348 530 
Bin 103: 209 891 228 831 797 449 
Bin 104: 82 48 912 746 688 337 
Bin 105: 771 618 635 517 274 159 
Bin 106: 40 821 421 465 946 
Bin 107: 5 468 773 234 381 313 
Bin 108: 673 725 125 766 442 289 
Bin 109: 531 59 103 127 141 310 
Bin 110: 558 793 593 615 757 699 69 
Bin 111: 596 563 738 476 66 160 975 
Bin 112: 790 46 865 53 910 777 368 183 
Bin 113: 862 829 666 839 785 263 193 
Bin 114: 165 750 150 717 296 775 55 
Bin 115: 620 649 339 244 423 137 356 
Bin 116: 11 825 743 7 749 930 
Bin 117: 861 382 101 374 737 660 297 
Bin 118: 945 147 800 565 431 781 
Bin 119: 72 294 485 332 810 519 309 709 
Bin 120: 719 640 787 710 316 692 97 
Bin 121: 94 807 107 592 451 921 231 
Bin 122: 960 498 836 50 616 
Bin 123: 341 74 411 87 500 177 715 
Bin 124: 67 478 895 2 870 703 
Bin 125: 171 86 905 964 878 266 994 13 
Bin 126: 488 474 802 668 320 336 
Bin 127: 943 417 130 928 161 275 697 
Bin 128: 366 986 904 514 525 864 
Bin 129: 854 430 987 385 602 547 
Bin 130: 90 265 578 867 79 344 108 
Bin 131: 550 455 32 271 774 70 109 
Bin 132: 358 31 293 509 99 
Bin 133: 784 215 494 322 328 832 
Bin 134: 860 914 496 227 402 12 321 
Bin 135: 391 745 607 549 982 71 
Bin 136: 513 954 26 898 533 
Bin 137: 984 824 601 575 484 561 198 
Bin 138: 282 756 988 850 941 868 
Bin 139: 587 360 63 594 463 707 
Bin 140: 788 256 239 412 827 
Bin 141: 961 143 399 991 990 
Bin 142: 629 355 415 444 14 672 765 377 
Bin 143: 37 806 95 61 873 902 456 
Bin 144: 112 248 758 437 908 170 
Bin 145: 658 269 572 579 169 
Bin 146: 262 680 605 597 805 
Bin 147: 894 190 115 111 405 482 
Bin 148: 696 426 260 554 835 60 812 
Bin 149: 0 347 913 887 732 
Bin 150: 591 690 241 34 611 759 859 
Bin 151: 232 345 823 506 903 
