# Objective: 38
# Time: 5.46096
# Feasible: 1
# Solution:
Bin 0: 106 117 68 17 35 31 183 
Bin 1: 132 70 81 134 171 44 158 
Bin 2: 202 143 112 194 131 186 123 0 28 
Bin 3: 7 101 164 152 138 198 1 
Bin 4: 111 18 231 118 174 225 128 211 140 
Bin 5: 205 45 74 114 36 228 242 
Bin 6: 104 60 83 193 16 41 238 
Bin 7: 237 21 23 192 14 157 195 
Bin 8: 91 4 64 30 8 221 
Bin 9: 92 125 235 33 127 220 126 146 
Bin 10: 130 102 230 213 122 89 160 184 
Bin 11: 58 93 66 222 232 97 215 
Bin 12: 95 218 116 178 113 145 175 
Bin 13: 54 98 59 185 163 57 
Bin 14: 240 182 29 247 48 86 135 
Bin 15: 206 2 224 100 147 239 
Bin 16: 9 73 173 84 108 136 
Bin 17: 223 85 120 166 20 
Bin 18: 201 249 177 129 149 75 236 
Bin 19: 191 229 96 49 3 10 
Bin 20: 52 244 15 180 32 107 
Bin 21: 154 99 156 53 88 234 
Bin 22: 227 6 150 233 209 103 40 
Bin 23: 141 72 27 151 76 94 
Bin 24: 210 26 214 78 162 39 
Bin 25: 204 63 13 65 245 216 61 
Bin 26: 200 80 43 71 226 110 
Bin 27: 87 188 11 25 67 124 241 47 
Bin 28: 137 196 155 109 105 148 142 
Bin 29: 5 90 161 51 165 176 34 
Bin 30: 19 190 159 69 56 139 
Bin 31: 197 248 170 153 55 
Bin 32: 82 181 187 246 46 77 
Bin 33: 79 22 144 121 212 207 42 
Bin 34: 179 167 172 243 208 24 168 
Bin 35: 133 203 169 189 115 
Bin 36: 50 217 219 199 37 62 
Bin 37: 12 38 119 
