# Objective: 19
# Time: 2.72233
# Feasible: 1
# Solution:
Bin 0: 42 87 110 22 73 62 57 
Bin 1: 69 37 3 21 54 31 
Bin 2: 115 55 26 116 39 61 
Bin 3: 67 8 68 70 49 108 15 
Bin 4: 117 82 7 96 92 30 47 
Bin 5: 52 34 53 33 17 23 118 63 
Bin 6: 28 104 89 60 81 44 51 27 
Bin 7: 18 58 6 50 12 25 
Bin 8: 105 97 99 40 102 2 11 
Bin 9: 80 76 100 24 91 119 59 
Bin 10: 35 90 38 107 88 
Bin 11: 74 106 36 79 0 
Bin 12: 10 112 84 72 9 71 85 109 103 
Bin 13: 78 4 46 111 98 93 
Bin 14: 20 83 48 64 
Bin 15: 41 1 56 45 94 114 
Bin 16: 14 32 66 13 
Bin 17: 86 5 16 65 101 77 
Bin 18: 43 95 75 113 19 29 
