# Objective: 42
# Time: 14.3433
# Feasible: 1
# Solution:
Bin 0: 90 179 33 29 217 158 
Bin 1: 128 191 115 199 249 4 
Bin 2: 159 144 154 151 173 194 
Bin 3: 97 67 169 209 248 41 62 218 
Bin 4: 101 75 235 46 95 26 
Bin 5: 227 108 49 22 239 195 
Bin 6: 161 243 166 153 198 212 213 
Bin 7: 238 148 224 58 31 232 
Bin 8: 24 120 228 246 80 37 
Bin 9: 141 48 189 82 245 170 
Bin 10: 126 27 145 92 155 12 
Bin 11: 142 60 200 59 122 5 
Bin 12: 178 160 6 57 45 201 
Bin 13: 19 137 220 188 47 162 81 
Bin 14: 106 247 138 241 117 113 
Bin 15: 13 88 150 129 123 96 32 
Bin 16: 86 110 79 11 36 211 
Bin 17: 156 157 99 177 121 242 
Bin 18: 63 51 184 118 149 168 
Bin 19: 134 219 207 197 229 171 
Bin 20: 172 87 66 206 78 9 
Bin 21: 181 147 0 164 93 
Bin 22: 240 17 44 176 152 146 
Bin 23: 89 202 167 111 54 15 
Bin 24: 40 28 2 244 74 
Bin 25: 185 7 104 112 139 136 
Bin 26: 72 65 205 233 208 84 
Bin 27: 61 132 94 70 130 
Bin 28: 105 127 180 131 143 39 73 
Bin 29: 50 215 230 76 91 
Bin 30: 193 69 25 23 163 103 42 
Bin 31: 43 133 221 119 216 186 
Bin 32: 71 114 124 204 34 98 
Bin 33: 231 183 237 187 225 222 
Bin 34: 210 83 190 125 196 16 30 
Bin 35: 53 109 38 234 182 203 
Bin 36: 21 8 55 140 10 226 
Bin 37: 35 236 107 214 223 
Bin 38: 1 77 52 165 56 20 
Bin 39: 175 14 116 192 102 
Bin 40: 18 85 68 174 100 
Bin 41: 135 64 3 
