# Objective: 154
# Time: 414.509
# Feasible: 1
# Solution:
Bin 0: 947 349 274 758 5 708 16 
Bin 1: 931 444 622 950 323 469 339 
Bin 2: 926 839 465 997 184 23 
Bin 3: 666 690 486 875 748 
Bin 4: 443 605 291 964 56 779 
Bin 5: 24 276 971 914 560 7 542 
Bin 6: 340 417 355 783 855 372 676 
Bin 7: 408 516 215 70 476 769 911 
Bin 8: 60 502 431 872 247 76 781 
Bin 9: 143 500 897 590 691 100 558 400 245 
Bin 10: 195 515 26 179 657 
Bin 11: 169 584 562 822 639 202 31 
Bin 12: 801 684 321 346 540 726 
Bin 13: 531 877 678 304 756 467 
Bin 14: 720 901 350 784 389 354 
Bin 15: 353 618 121 428 607 380 616 
Bin 16: 437 817 874 163 742 433 
Bin 17: 544 84 460 386 525 994 738 
Bin 18: 3 837 906 34 370 41 
Bin 19: 552 189 92 473 761 223 455 
Bin 20: 63 6 159 499 365 626 222 240 78 
Bin 21: 630 890 606 147 968 672 948 
Bin 22: 15 236 539 848 351 332 
Bin 23: 511 537 436 480 22 250 
Bin 24: 200 581 2 648 745 643 550 
Bin 25: 264 830 204 487 923 91 
Bin 26: 992 534 975 441 435 808 47 
Bin 27: 161 814 564 190 118 395 728 
Bin 28: 765 701 421 753 98 318 
Bin 29: 445 297 493 83 853 632 847 
Bin 30: 513 434 879 68 422 415 
Bin 31: 977 102 838 341 384 586 237 
Bin 32: 124 229 25 466 834 538 
Bin 33: 849 13 398 561 262 766 
Bin 34: 284 412 50 746 255 999 651 
Bin 35: 43 88 101 173 907 27 912 
Bin 36: 278 649 123 183 827 136 
Bin 37: 631 524 835 214 715 413 642 
Bin 38: 440 759 541 155 518 945 
Bin 39: 576 507 588 733 683 
Bin 40: 963 248 125 348 37 846 131 712 816 
Bin 41: 754 961 775 89 494 55 249 
Bin 42: 671 667 336 485 730 259 
Bin 43: 231 721 842 166 508 185 
Bin 44: 456 776 864 283 32 156 
Bin 45: 36 857 523 709 596 197 221 617 988 
Bin 46: 665 308 366 390 406 799 551 
Bin 47: 426 871 553 420 394 281 
Bin 48: 585 464 232 662 939 226 532 
Bin 49: 172 446 316 361 755 126 
Bin 50: 861 633 410 917 66 747 
Bin 51: 850 831 809 900 792 972 
Bin 52: 314 268 674 475 109 
Bin 53: 624 669 38 954 638 567 882 
Bin 54: 482 367 146 154 371 986 77 
Bin 55: 285 265 130 39 196 69 609 
Bin 56: 315 695 705 258 452 333 790 
Bin 57: 235 858 49 915 735 613 
Bin 58: 46 211 282 559 491 378 80 343 
Bin 59: 388 863 749 176 385 301 137 182 
Bin 60: 982 529 962 868 919 547 484 141 
Bin 61: 9 873 727 496 579 142 903 
Bin 62: 780 360 477 575 61 447 
Bin 63: 688 62 966 566 941 114 802 
Bin 64: 795 773 364 604 556 334 713 
Bin 65: 290 8 987 953 99 591 
Bin 66: 148 106 208 35 111 286 
Bin 67: 44 589 932 377 423 
Bin 68: 260 512 707 656 580 951 
Bin 69: 569 514 592 53 246 374 138 
Bin 70: 845 327 122 805 368 175 
Bin 71: 478 251 682 64 974 280 764 
Bin 72: 751 227 599 865 192 382 505 
Bin 73: 565 934 206 578 492 996 300 74 
Bin 74: 823 506 933 636 978 325 228 
Bin 75: 768 658 338 829 296 309 880 319 
Bin 76: 279 407 536 729 267 33 736 
Bin 77: 94 145 216 983 841 418 275 
Bin 78: 439 82 722 462 905 892 
Bin 79: 545 42 427 706 798 239 664 358 
Bin 80: 619 952 614 18 110 498 
Bin 81: 908 593 295 331 867 19 359 
Bin 82: 495 17 597 442 812 612 770 
Bin 83: 107 851 548 804 383 132 194 
Bin 84: 787 819 645 881 887 352 96 
Bin 85: 167 886 699 896 129 530 641 
Bin 86: 843 743 217 272 970 86 876 
Bin 87: 490 732 302 57 936 782 
Bin 88: 450 193 960 52 112 
Bin 89: 967 595 277 116 188 653 
Bin 90: 824 856 944 162 0 985 
Bin 91: 4 479 840 752 693 571 
Bin 92: 449 463 299 652 115 471 213 230 
Bin 93: 48 404 710 943 165 119 893 870 293 
Bin 94: 836 289 233 432 451 956 
Bin 95: 186 889 128 1 75 744 625 345 
Bin 96: 67 928 650 312 623 587 
Bin 97: 937 97 899 825 789 828 
Bin 98: 174 474 376 740 87 294 909 
Bin 99: 660 243 862 663 852 205 
Bin 100: 860 697 810 187 655 379 
Bin 101: 153 891 369 470 337 535 171 
Bin 102: 654 895 821 600 135 762 472 
Bin 103: 402 696 611 448 661 414 949 635 
Bin 104: 253 646 793 393 149 234 
Bin 105: 820 59 803 659 791 29 
Bin 106: 266 794 170 252 310 168 317 
Bin 107: 105 292 922 429 10 481 
Bin 108: 403 419 777 127 760 610 
Bin 109: 238 157 303 288 510 568 
Bin 110: 869 750 629 381 458 497 
Bin 111: 981 741 430 461 504 73 
Bin 112: 703 212 884 815 140 739 573 
Bin 113: 273 711 806 898 306 
Bin 114: 201 692 942 210 557 594 704 
Bin 115: 644 219 224 627 20 399 311 
Bin 116: 54 675 11 929 271 574 
Bin 117: 270 144 533 543 79 
Bin 118: 416 198 373 921 72 957 81 528 
Bin 119: 763 572 902 152 40 818 
Bin 120: 14 615 910 731 468 878 
Bin 121: 177 356 930 628 387 362 913 
Bin 122: 998 457 670 813 58 925 
Bin 123: 677 774 719 335 888 150 
Bin 124: 244 608 409 12 405 392 
Bin 125: 330 328 363 554 151 698 
Bin 126: 958 261 984 28 71 
Bin 127: 199 673 139 342 854 603 
Bin 128: 700 313 191 685 298 976 526 
Bin 129: 993 375 555 489 796 995 218 757 
Bin 130: 242 320 483 980 647 
Bin 131: 454 357 716 256 771 527 
Bin 132: 927 104 959 241 347 
Bin 133: 391 519 517 549 134 103 520 
Bin 134: 209 723 640 21 788 916 
Bin 135: 488 680 679 113 133 203 521 
Bin 136: 181 411 965 601 935 
Bin 137: 725 785 894 811 634 503 
Bin 138: 509 207 453 90 305 797 
Bin 139: 396 991 737 668 180 904 
Bin 140: 563 883 938 269 570 
Bin 141: 687 702 117 681 602 778 621 
Bin 142: 832 324 714 254 438 833 
Bin 143: 45 620 522 307 807 263 
Bin 144: 734 322 940 866 844 424 
Bin 145: 401 326 689 924 93 989 718 
Bin 146: 257 30 786 859 946 
Bin 147: 178 164 397 990 459 694 546 
Bin 148: 95 724 108 800 637 160 344 
Bin 149: 120 501 425 287 85 65 
Bin 150: 577 969 582 225 583 158 
Bin 151: 686 885 772 973 826 979 
Bin 152: 51 598 767 220 918 
Bin 153: 920 955 329 717 
