# Objective: 102
# Time: 58.9277
# Feasible: 1
# Solution:
Bin 0: 312 289 264 240 251 
Bin 1: 111 442 347 183 181 34 
Bin 2: 328 27 451 326 482 
Bin 3: 0 468 461 379 
Bin 4: 47 337 68 76 296 
Bin 5: 397 488 430 280 292 
Bin 6: 295 320 48 242 485 147 
Bin 7: 276 209 235 278 129 204 
Bin 8: 380 290 268 37 400 
Bin 9: 424 332 205 157 399 
Bin 10: 457 4 224 383 385 
Bin 11: 498 449 87 150 344 132 
Bin 12: 110 126 236 59 440 
Bin 13: 219 413 102 297 
Bin 14: 307 119 319 2 456 
Bin 15: 329 131 53 479 118 
Bin 16: 412 427 176 72 
Bin 17: 447 32 133 7 398 436 
Bin 18: 136 15 431 350 393 222 
Bin 19: 142 330 334 274 269 
Bin 20: 305 232 74 331 108 336 
Bin 21: 261 419 403 28 54 
Bin 22: 146 243 465 91 127 
Bin 23: 405 50 42 499 454 
Bin 24: 41 84 354 483 
Bin 25: 302 263 216 364 388 
Bin 26: 335 253 172 402 202 
Bin 27: 237 90 249 168 175 
Bin 28: 247 103 62 180 346 
Bin 29: 207 396 33 256 188 130 
Bin 30: 241 24 14 432 345 
Bin 31: 322 201 223 10 6 
Bin 32: 221 452 210 57 282 
Bin 33: 422 248 420 17 165 
Bin 34: 184 293 443 262 376 70 
Bin 35: 343 55 472 491 477 
Bin 36: 161 12 213 486 
Bin 37: 18 230 450 283 
Bin 38: 178 96 368 39 83 
Bin 39: 265 414 390 369 101 
Bin 40: 401 105 64 194 
Bin 41: 311 258 43 19 
Bin 42: 470 408 85 285 437 
Bin 43: 363 415 98 169 164 
Bin 44: 124 189 355 233 77 
Bin 45: 366 303 428 467 141 
Bin 46: 13 394 49 423 480 
Bin 47: 356 3 100 117 79 
Bin 48: 196 38 67 466 244 
Bin 49: 192 226 199 112 306 
Bin 50: 434 404 121 215 36 
Bin 51: 448 445 361 30 360 
Bin 52: 255 5 116 392 123 411 
Bin 53: 137 138 298 73 52 
Bin 54: 153 377 82 144 97 
Bin 55: 471 65 140 206 56 
Bin 56: 198 60 284 200 257 
Bin 57: 416 44 160 395 384 
Bin 58: 125 309 245 211 145 386 
Bin 59: 9 151 29 316 444 
Bin 60: 20 381 63 135 234 
Bin 61: 143 371 228 89 490 
Bin 62: 139 462 362 45 487 
Bin 63: 109 484 246 267 321 493 
Bin 64: 315 81 429 323 227 
Bin 65: 170 446 173 294 
Bin 66: 104 387 349 497 190 
Bin 67: 391 287 239 134 
Bin 68: 348 299 154 359 
Bin 69: 114 417 495 372 286 
Bin 70: 174 88 21 94 270 
Bin 71: 78 460 46 166 441 
Bin 72: 455 324 80 66 358 
Bin 73: 259 113 425 469 155 214 
Bin 74: 409 86 338 238 182 
Bin 75: 128 313 492 463 375 
Bin 76: 229 459 389 186 438 
Bin 77: 120 314 353 475 373 
Bin 78: 51 162 275 187 474 
Bin 79: 273 25 435 340 
Bin 80: 458 333 367 489 149 
Bin 81: 339 260 301 310 
Bin 82: 478 418 95 410 378 
Bin 83: 254 11 327 426 407 
Bin 84: 195 357 341 35 271 
Bin 85: 22 61 277 148 
Bin 86: 106 71 352 171 31 
Bin 87: 439 107 179 266 220 115 
Bin 88: 473 26 16 496 218 185 
Bin 89: 69 163 167 197 288 
Bin 90: 433 177 203 250 351 
Bin 91: 93 122 308 
Bin 92: 99 152 304 406 212 
Bin 93: 279 8 75 342 225 
Bin 94: 374 158 382 325 421 
Bin 95: 208 231 453 365 
Bin 96: 481 272 300 476 
Bin 97: 58 23 217 281 
Bin 98: 370 1 159 317 
Bin 99: 191 464 40 156 
Bin 100: 494 193 252 
Bin 101: 318 92 291 
