# Objective: 45
# Time: 32.112
# Feasible: 1
# Solution:
Bin 0: 132 246 108 169 195 40 
Bin 1: 234 192 119 94 35 57 
Bin 2: 222 159 185 146 63 216 
Bin 3: 117 74 130 55 202 196 
Bin 4: 106 239 100 197 205 30 
Bin 5: 217 97 112 220 2 89 
Bin 6: 184 200 29 79 173 
Bin 7: 75 131 81 247 201 
Bin 8: 78 56 96 92 193 191 
Bin 9: 90 208 214 165 211 
Bin 10: 34 243 86 51 41 21 
Bin 11: 9 178 80 161 88 
Bin 12: 6 206 236 111 1 
Bin 13: 27 156 5 26 18 54 
Bin 14: 11 223 241 168 225 
Bin 15: 91 204 226 87 101 109 
Bin 16: 102 230 93 69 7 
Bin 17: 22 71 228 110 218 
Bin 18: 135 229 179 172 4 
Bin 19: 70 8 194 160 84 
Bin 20: 183 0 14 42 122 16 233 
Bin 21: 50 58 150 28 98 
Bin 22: 53 19 99 235 215 25 
Bin 23: 166 120 231 151 15 104 107 
Bin 24: 3 176 126 136 224 129 
Bin 25: 45 158 187 212 105 177 
Bin 26: 76 245 82 249 244 13 
Bin 27: 139 31 213 149 52 
Bin 28: 38 123 181 140 153 68 
Bin 29: 144 66 65 44 95 
Bin 30: 198 210 10 238 143 
Bin 31: 37 182 219 155 23 121 124 
Bin 32: 36 148 32 171 
Bin 33: 142 163 12 145 134 48 
Bin 34: 17 162 242 47 103 72 
Bin 35: 114 232 64 164 174 190 
Bin 36: 59 115 39 240 62 
Bin 37: 138 133 188 24 60 
Bin 38: 128 157 49 209 203 77 227 
Bin 39: 170 137 147 83 152 116 
Bin 40: 237 207 67 113 33 
Bin 41: 175 248 118 141 46 180 
Bin 42: 73 85 61 43 
Bin 43: 20 167 154 189 199 
Bin 44: 186 125 221 127 
