# Objective: 39
# Time: 6.2058
# Feasible: 1
# Solution:
Bin 0: 9 139 137 78 196 62 197 
Bin 1: 164 91 245 117 104 12 75 60 
Bin 2: 67 233 204 99 156 10 194 46 
Bin 3: 147 63 248 171 227 186 18 7 
Bin 4: 213 124 85 154 32 111 136 
Bin 5: 217 69 42 247 144 76 87 101 
Bin 6: 239 19 211 106 37 83 
Bin 7: 200 158 11 73 184 15 
Bin 8: 16 17 50 80 167 40 
Bin 9: 103 64 38 181 128 177 242 193 
Bin 10: 241 206 140 58 1 45 
Bin 11: 109 238 235 97 170 86 
Bin 12: 125 105 145 222 191 
Bin 13: 153 131 174 116 127 68 
Bin 14: 107 43 212 26 232 22 
Bin 15: 25 134 115 161 6 0 
Bin 16: 228 135 123 150 249 
Bin 17: 36 244 53 168 114 
Bin 18: 198 237 57 122 34 221 84 118 88 98 
Bin 19: 71 61 218 21 92 95 
Bin 20: 183 172 246 155 230 
Bin 21: 236 201 148 72 234 
Bin 22: 162 208 142 102 126 160 77 110 
Bin 23: 54 195 14 52 24 243 48 
Bin 24: 176 157 180 163 27 149 113 
Bin 25: 151 210 132 49 8 90 
Bin 26: 192 173 4 2 39 119 182 
Bin 27: 229 214 89 219 215 82 
Bin 28: 35 79 100 33 205 30 
Bin 29: 138 146 141 28 94 225 20 166 
Bin 30: 203 93 226 23 44 31 
Bin 31: 223 179 188 70 112 152 240 
Bin 32: 165 143 108 209 55 207 81 
Bin 33: 3 190 13 129 202 
Bin 34: 96 216 121 169 224 47 
Bin 35: 120 178 187 56 29 
Bin 36: 185 159 199 74 231 65 
Bin 37: 5 130 175 51 59 
Bin 38: 66 41 220 133 189 
