# Objective: 152
# Time: 391.612
# Feasible: 1
# Solution:
Bin 0: 142 598 45 326 334 631 776 182 
Bin 1: 33 881 699 263 65 371 
Bin 2: 823 240 146 671 544 877 
Bin 3: 345 792 24 379 980 262 953 
Bin 4: 325 868 839 95 439 546 893 
Bin 5: 314 199 548 737 67 180 391 399 
Bin 6: 154 584 503 94 886 205 550 
Bin 7: 900 875 871 827 973 
Bin 8: 153 800 976 965 370 467 37 793 
Bin 9: 479 211 658 836 56 541 
Bin 10: 791 254 643 243 412 356 
Bin 11: 605 894 684 492 653 674 
Bin 12: 86 718 459 244 231 237 310 
Bin 13: 955 773 874 68 634 848 463 
Bin 14: 405 357 101 727 188 
Bin 15: 693 395 833 57 236 678 
Bin 16: 499 719 392 532 599 970 626 
Bin 17: 232 8 429 327 662 440 847 
Bin 18: 801 497 635 145 227 331 
Bin 19: 640 829 332 111 490 114 994 119 
Bin 20: 411 512 324 912 938 950 144 
Bin 21: 612 172 697 294 514 
Bin 22: 860 722 989 218 763 774 884 
Bin 23: 235 139 577 152 703 594 210 79 
Bin 24: 536 582 941 209 854 617 378 249 
Bin 25: 158 431 220 265 879 601 315 
Bin 26: 704 907 852 853 401 150 368 
Bin 27: 123 267 104 547 946 645 
Bin 28: 529 757 788 374 609 851 330 
Bin 29: 807 423 198 740 794 360 
Bin 30: 462 376 772 578 991 419 
Bin 31: 805 622 362 464 30 413 
Bin 32: 62 465 892 320 603 903 480 799 
Bin 33: 489 968 708 958 137 969 530 872 
Bin 34: 106 521 339 967 796 632 646 579 
Bin 35: 542 665 397 744 496 21 437 
Bin 36: 343 400 162 47 959 52 
Bin 37: 398 887 668 618 341 639 971 
Bin 38: 375 715 769 234 902 768 567 657 
Bin 39: 406 702 132 127 446 917 867 149 
Bin 40: 342 565 920 559 389 741 935 
Bin 41: 420 607 403 457 636 200 830 
Bin 42: 734 730 59 421 623 353 
Bin 43: 692 225 75 409 711 176 
Bin 44: 335 447 666 16 595 698 312 358 
Bin 45: 486 125 765 784 733 516 404 509 
Bin 46: 729 239 430 219 259 328 84 
Bin 47: 281 736 77 908 278 
Bin 48: 694 100 998 695 155 655 504 80 
Bin 49: 785 347 333 9 436 271 445 458 
Bin 50: 112 797 524 292 720 414 
Bin 51: 945 992 124 637 593 46 
Bin 52: 307 488 53 527 31 809 775 
Bin 53: 659 522 787 821 143 92 304 
Bin 54: 383 642 954 266 986 952 
Bin 55: 166 190 393 500 558 428 
Bin 56: 113 566 898 34 55 58 515 
Bin 57: 435 820 363 346 882 216 
Bin 58: 569 537 885 856 128 
Bin 59: 82 60 338 283 250 350 738 779 647 
Bin 60: 213 845 273 83 766 222 670 
Bin 61: 878 136 745 202 929 454 11 
Bin 62: 962 942 407 418 826 196 90 
Bin 63: 336 770 701 948 432 70 
Bin 64: 926 297 215 309 981 940 276 
Bin 65: 508 476 654 130 753 301 
Bin 66: 825 434 20 461 365 526 621 
Bin 67: 174 270 469 32 756 913 
Bin 68: 207 355 260 487 717 985 
Bin 69: 713 563 212 189 624 921 842 
Bin 70: 380 76 806 849 4 560 890 627 
Bin 71: 275 98 416 706 564 288 587 
Bin 72: 575 914 555 306 866 251 557 762 
Bin 73: 758 316 816 880 148 246 979 
Bin 74: 302 990 680 63 507 
Bin 75: 382 923 491 183 611 602 173 
Bin 76: 790 571 449 268 687 
Bin 77: 96 377 291 812 673 619 36 
Bin 78: 815 134 819 179 586 66 384 
Bin 79: 410 40 484 192 73 178 
Bin 80: 533 814 918 48 648 682 417 
Bin 81: 746 352 87 367 943 120 870 126 
Bin 82: 549 452 863 26 764 
Bin 83: 781 939 255 256 242 
Bin 84: 160 752 323 891 175 
Bin 85: 506 771 361 169 810 538 116 
Bin 86: 562 588 444 181 433 502 217 
Bin 87: 415 651 731 899 473 300 
Bin 88: 723 888 206 519 147 716 
Bin 89: 933 660 177 956 474 228 813 
Bin 90: 293 534 798 12 151 676 495 
Bin 91: 780 977 322 535 108 710 
Bin 92: 641 394 159 44 683 691 
Bin 93: 442 525 751 531 91 572 118 
Bin 94: 7 592 650 748 761 475 
Bin 95: 287 844 590 51 258 510 455 
Bin 96: 277 589 185 585 122 667 
Bin 97: 280 269 221 732 749 351 
Bin 98: 982 317 540 755 517 
Bin 99: 615 864 22 238 552 483 
Bin 100: 859 696 245 669 299 298 743 
Bin 101: 817 591 482 386 184 337 
Bin 102: 714 385 804 919 54 422 223 
Bin 103: 928 27 576 321 3 
Bin 104: 808 133 995 247 837 828 
Bin 105: 754 425 840 494 17 747 661 
Bin 106: 456 318 818 290 750 
Bin 107: 505 471 911 167 786 725 832 
Bin 108: 25 556 319 203 252 
Bin 109: 905 937 802 313 957 441 
Bin 110: 915 129 28 264 789 191 975 
Bin 111: 387 43 909 29 633 688 0 
Bin 112: 613 700 709 388 889 477 
Bin 113: 466 186 10 89 707 157 
Bin 114: 925 272 81 629 15 679 869 117 
Bin 115: 843 803 41 782 964 930 
Bin 116: 554 822 857 811 13 354 2 
Bin 117: 574 728 110 834 987 285 282 
Bin 118: 424 121 5 924 539 229 485 
Bin 119: 664 109 349 855 295 85 165 208 
Bin 120: 103 311 663 960 241 614 
Bin 121: 408 201 672 999 551 573 961 
Bin 122: 18 966 381 561 102 760 
Bin 123: 726 93 944 88 257 340 19 934 
Bin 124: 513 359 922 949 438 896 841 
Bin 125: 625 712 858 39 168 901 
Bin 126: 630 865 97 778 604 450 
Bin 127: 690 759 468 580 628 876 296 
Bin 128: 472 1 99 932 873 685 
Bin 129: 364 164 545 997 996 974 
Bin 130: 170 824 570 71 972 194 
Bin 131: 233 303 451 6 230 978 
Bin 132: 197 652 861 777 596 553 
Bin 133: 735 396 835 348 38 984 
Bin 134: 35 23 426 470 543 705 
Bin 135: 862 161 983 897 372 141 14 
Bin 136: 850 681 135 49 936 390 
Bin 137: 195 204 520 675 253 453 
Bin 138: 721 138 600 286 783 
Bin 139: 927 344 904 993 988 478 638 
Bin 140: 581 74 846 608 224 279 568 
Bin 141: 214 78 895 443 518 156 
Bin 142: 616 402 308 916 193 501 644 724 
Bin 143: 931 906 498 620 248 656 493 739 
Bin 144: 767 107 305 742 289 369 366 
Bin 145: 677 481 689 284 226 140 
Bin 146: 606 947 171 64 261 105 610 
Bin 147: 963 883 583 69 427 
Bin 148: 131 460 528 187 831 42 
Bin 149: 274 329 597 50 163 838 910 
Bin 150: 686 795 115 951 511 523 
Bin 151: 72 61 373 448 649 
