# Objective: 21
# Time: 6.01876
# Feasible: 1
# Solution:
Bin 0: 91 46 14 45 75 4 90 96 84 
Bin 1: 73 11 57 70 101 80 79 
Bin 2: 9 58 13 30 
Bin 3: 88 77 43 52 82 
Bin 4: 56 12 112 47 78 
Bin 5: 76 55 109 105 42 
Bin 6: 37 103 66 102 1 
Bin 7: 41 36 59 48 15 89 63 
Bin 8: 34 64 98 93 100 3 97 
Bin 9: 86 67 83 23 99 54 28 
Bin 10: 25 31 38 19 7 40 
Bin 11: 49 68 106 117 60 
Bin 12: 10 71 16 29 87 104 
Bin 13: 0 95 6 21 110 5 
Bin 14: 65 119 74 94 18 53 
Bin 15: 44 35 17 118 108 116 81 
Bin 16: 33 113 2 92 72 
Bin 17: 107 111 115 26 27 62 50 
Bin 18: 69 61 22 85 20 
Bin 19: 39 8 51 32 
Bin 20: 114 24 
