# Objective: 154
# Time: 440.955
# Feasible: 1
# Solution:
Bin 0: 470 780 405 949 569 764 156 
Bin 1: 448 436 924 756 563 818 
Bin 2: 291 914 38 558 245 27 
Bin 3: 331 600 546 319 974 738 566 
Bin 4: 989 686 589 431 799 59 657 513 
Bin 5: 825 940 591 361 803 230 138 579 
Bin 6: 20 360 140 970 892 188 959 
Bin 7: 284 51 866 757 22 919 573 
Bin 8: 870 316 98 358 590 438 
Bin 9: 11 71 464 324 121 765 
Bin 10: 528 961 92 854 39 978 
Bin 11: 364 781 580 267 54 100 606 
Bin 12: 746 822 279 314 814 559 105 
Bin 13: 372 97 846 487 845 648 
Bin 14: 998 73 34 694 884 875 540 124 
Bin 15: 0 853 550 864 7 944 96 
Bin 16: 748 622 234 666 838 521 21 
Bin 17: 290 863 693 29 196 123 354 
Bin 18: 669 826 707 518 198 473 
Bin 19: 594 720 95 701 417 530 
Bin 20: 879 444 588 342 74 526 
Bin 21: 443 160 850 954 492 217 
Bin 22: 557 971 576 158 848 858 
Bin 23: 457 957 876 753 128 177 379 
Bin 24: 782 199 732 240 430 40 463 
Bin 25: 751 93 894 887 788 927 981 
Bin 26: 389 951 809 554 61 50 
Bin 27: 801 721 143 390 53 985 481 755 80 
Bin 28: 276 81 883 404 918 377 
Bin 29: 49 578 255 185 823 439 247 
Bin 30: 725 909 931 890 48 946 281 
Bin 31: 646 220 520 474 833 366 658 
Bin 32: 385 468 950 527 19 102 817 434 
Bin 33: 222 447 114 631 462 120 104 
Bin 34: 882 384 627 839 620 966 977 
Bin 35: 618 577 502 715 992 784 147 
Bin 36: 351 498 567 723 176 228 
Bin 37: 516 836 396 545 410 794 
Bin 38: 221 4 828 373 395 889 685 
Bin 39: 275 206 409 265 999 273 249 
Bin 40: 955 446 544 307 376 722 688 
Bin 41: 519 930 936 141 303 698 673 
Bin 42: 127 630 70 380 615 859 
Bin 43: 923 743 635 347 356 184 
Bin 44: 182 239 587 921 849 805 678 
Bin 45: 193 144 420 505 539 785 57 
Bin 46: 548 737 328 311 941 800 679 
Bin 47: 258 432 541 425 596 703 161 
Bin 48: 655 769 135 904 711 416 
Bin 49: 639 367 132 352 610 766 
Bin 50: 335 339 119 917 851 813 
Bin 51: 362 771 843 262 440 479 962 994 
Bin 52: 790 718 795 44 484 791 571 
Bin 53: 244 499 329 36 313 835 465 
Bin 54: 190 939 130 663 248 925 523 413 113 
Bin 55: 317 675 871 599 856 740 
Bin 56: 131 982 65 386 406 842 
Bin 57: 46 612 355 895 503 296 63 
Bin 58: 41 8 203 261 15 483 
Bin 59: 903 1 286 348 586 256 
Bin 60: 117 613 289 84 682 310 
Bin 61: 350 633 219 186 318 236 
Bin 62: 852 88 767 253 82 881 336 
Bin 63: 728 14 346 650 758 378 649 754 
Bin 64: 719 357 776 508 933 547 667 
Bin 65: 477 929 816 24 604 824 266 
Bin 66: 208 170 142 752 365 115 
Bin 67: 777 717 916 514 155 522 400 
Bin 68: 619 116 69 704 593 216 510 
Bin 69: 860 459 33 189 773 277 867 
Bin 70: 278 504 595 702 524 500 
Bin 71: 491 786 536 58 976 455 906 325 
Bin 72: 299 787 13 461 945 922 
Bin 73: 397 64 603 72 614 227 
Bin 74: 66 241 494 235 621 
Bin 75: 690 779 506 760 394 973 
Bin 76: 179 515 333 983 168 533 793 
Bin 77: 611 375 802 10 810 654 616 
Bin 78: 254 175 570 460 418 774 
Bin 79: 224 886 107 910 137 169 
Bin 80: 407 896 242 665 602 450 683 
Bin 81: 607 52 424 341 195 442 815 
Bin 82: 274 285 308 269 449 564 
Bin 83: 392 31 775 759 345 482 734 
Bin 84: 691 975 393 388 911 419 288 
Bin 85: 960 150 412 429 584 368 
Bin 86: 327 315 912 681 772 87 
Bin 87: 750 28 562 37 872 151 672 
Bin 88: 532 233 152 877 86 283 452 83 
Bin 89: 272 525 932 706 164 948 
Bin 90: 695 173 106 91 42 237 
Bin 91: 108 745 163 421 122 6 647 17 
Bin 92: 847 963 549 469 943 497 458 
Bin 93: 68 700 320 12 662 280 
Bin 94: 880 9 422 76 478 
Bin 95: 726 996 798 984 79 583 
Bin 96: 134 538 937 77 727 660 
Bin 97: 928 149 109 489 632 441 501 967 
Bin 98: 382 426 625 353 942 731 601 
Bin 99: 23 153 710 855 597 651 
Bin 100: 490 687 598 965 211 768 830 
Bin 101: 207 628 626 67 215 537 
Bin 102: 427 878 401 146 676 844 
Bin 103: 837 749 451 246 664 990 145 
Bin 104: 312 807 305 344 62 370 486 
Bin 105: 485 467 157 154 634 387 641 
Bin 106: 689 423 18 2 330 819 561 797 
Bin 107: 938 730 304 926 829 103 213 
Bin 108: 952 551 202 381 340 337 609 
Bin 109: 399 171 94 708 986 178 
Bin 110: 250 716 770 868 671 763 
Bin 111: 411 5 568 403 476 454 913 
Bin 112: 812 987 585 712 110 
Bin 113: 223 301 414 238 323 
Bin 114: 43 209 821 935 762 300 
Bin 115: 322 659 174 733 435 25 118 988 
Bin 116: 956 391 359 832 166 334 383 
Bin 117: 60 433 697 302 183 898 321 
Bin 118: 453 995 729 574 575 796 
Bin 119: 677 709 902 531 210 111 
Bin 120: 428 947 542 643 133 555 
Bin 121: 789 445 349 907 674 243 
Bin 122: 26 972 363 684 512 126 
Bin 123: 16 834 997 309 226 343 
Bin 124: 874 623 629 306 861 885 
Bin 125: 89 191 964 371 637 148 543 934 
Bin 126: 480 900 560 668 862 509 
Bin 127: 552 747 899 32 582 229 
Bin 128: 231 493 197 271 369 
Bin 129: 408 162 251 534 488 
Bin 130: 979 159 783 808 30 214 
Bin 131: 466 592 205 437 99 865 553 257 
Bin 132: 298 653 831 101 806 475 
Bin 133: 496 811 264 45 112 556 
Bin 134: 792 187 172 287 661 736 
Bin 135: 402 888 35 735 572 260 
Bin 136: 624 642 192 857 75 608 
Bin 137: 129 180 167 326 225 
Bin 138: 692 374 252 778 761 
Bin 139: 840 125 472 652 270 263 
Bin 140: 741 581 891 78 636 713 
Bin 141: 47 905 529 901 495 282 
Bin 142: 841 680 605 194 638 259 
Bin 143: 645 507 204 201 398 338 
Bin 144: 980 804 993 656 232 968 
Bin 145: 295 739 85 268 181 
Bin 146: 893 139 535 90 873 705 
Bin 147: 292 724 714 200 699 456 517 
Bin 148: 332 953 297 3 827 165 
Bin 149: 56 511 744 471 55 218 
Bin 150: 212 617 294 293 696 
Bin 151: 991 820 869 969 136 
Bin 152: 742 915 640 897 920 670 
Bin 153: 415 644 958 908 565 
