# Objective: 80
# Time: 52.1415
# Feasible: 1
# Solution:
Bin 0: 134 46 431 17 323 115 
Bin 1: 452 94 370 408 481 155 
Bin 2: 97 477 140 343 467 429 153 149 
Bin 3: 465 156 443 364 273 48 
Bin 4: 95 439 185 127 372 200 226 
Bin 5: 434 285 197 163 225 382 216 
Bin 6: 31 301 341 52 221 283 
Bin 7: 435 291 366 386 124 30 47 
Bin 8: 22 192 210 150 195 203 79 121 
Bin 9: 448 311 122 34 224 214 
Bin 10: 440 19 320 278 15 130 217 182 284 
Bin 11: 25 84 454 418 411 449 
Bin 12: 32 490 378 119 405 255 76 
Bin 13: 459 288 174 176 423 484 
Bin 14: 415 74 442 472 49 89 265 
Bin 15: 0 321 368 98 241 81 249 
Bin 16: 267 9 227 123 7 396 
Bin 17: 296 239 65 188 248 450 
Bin 18: 326 471 26 13 223 152 72 
Bin 19: 360 295 310 430 62 457 
Bin 20: 256 11 106 424 332 138 491 
Bin 21: 235 401 466 422 24 447 
Bin 22: 279 252 35 336 199 426 
Bin 23: 329 347 100 379 71 420 385 
Bin 24: 407 395 1 489 228 
Bin 25: 83 497 367 169 356 333 
Bin 26: 44 6 219 335 165 70 
Bin 27: 159 218 189 42 175 496 473 
Bin 28: 421 61 468 300 410 325 233 166 
Bin 29: 148 414 77 41 413 50 324 
Bin 30: 57 108 162 172 302 412 196 87 
Bin 31: 318 173 146 109 419 207 
Bin 32: 136 90 132 64 383 388 433 
Bin 33: 313 462 101 229 151 135 
Bin 34: 409 160 402 8 266 45 
Bin 35: 211 58 338 463 28 
Bin 36: 86 337 259 453 93 371 78 
Bin 37: 499 381 342 361 276 480 
Bin 38: 351 416 236 120 63 363 204 
Bin 39: 286 394 103 137 322 263 237 
Bin 40: 20 184 43 21 355 209 340 
Bin 41: 37 398 389 417 393 293 
Bin 42: 328 482 257 60 334 254 
Bin 43: 244 304 345 377 117 38 
Bin 44: 268 308 67 474 27 260 
Bin 45: 444 250 12 53 187 369 
Bin 46: 359 213 240 144 261 82 299 
Bin 47: 470 357 404 492 317 344 3 
Bin 48: 129 157 280 51 215 
Bin 49: 380 96 14 428 432 186 
Bin 50: 29 251 234 319 194 455 92 
Bin 51: 486 352 170 307 475 349 
Bin 52: 91 264 54 105 476 212 
Bin 53: 272 161 88 365 33 131 274 
Bin 54: 487 143 346 282 358 23 376 
Bin 55: 125 461 158 107 391 495 179 
Bin 56: 206 298 384 289 309 460 
Bin 57: 258 68 154 458 297 
Bin 58: 102 80 116 375 246 354 303 
Bin 59: 141 139 331 222 314 183 
Bin 60: 445 353 350 306 330 
Bin 61: 40 202 110 387 112 238 
Bin 62: 390 374 327 290 39 
Bin 63: 128 178 469 348 451 190 
Bin 64: 294 287 66 271 167 315 245 
Bin 65: 111 262 498 494 75 312 
Bin 66: 164 145 171 55 36 220 
Bin 67: 403 113 56 142 406 2 
Bin 68: 10 232 247 133 446 292 
Bin 69: 193 126 485 69 275 478 
Bin 70: 205 427 488 73 180 397 
Bin 71: 483 339 438 191 305 18 
Bin 72: 456 201 16 114 425 
Bin 73: 243 85 464 177 181 479 231 
Bin 74: 270 4 230 118 59 
Bin 75: 441 362 269 5 104 253 
Bin 76: 437 400 399 99 168 
Bin 77: 373 316 147 208 
Bin 78: 277 242 281 436 
Bin 79: 198 392 493 
