# Objective: 47
# Time: 13.9223
# Feasible: 1
# Solution:
Bin 0: 217 0 241 183 77 181 
Bin 1: 22 6 51 173 52 
Bin 2: 13 26 45 11 121 218 
Bin 3: 9 219 106 41 64 223 
Bin 4: 55 99 237 222 91 17 
Bin 5: 201 210 80 74 5 155 
Bin 6: 209 238 229 172 110 
Bin 7: 130 70 158 187 108 48 
Bin 8: 190 141 95 214 140 111 
Bin 9: 18 166 188 94 208 
Bin 10: 113 203 28 63 62 228 
Bin 11: 36 79 213 244 125 
Bin 12: 196 109 152 146 38 
Bin 13: 143 35 68 4 105 170 
Bin 14: 102 207 202 149 58 
Bin 15: 131 98 245 153 117 133 
Bin 16: 225 61 232 86 145 
Bin 17: 139 24 27 231 150 137 
Bin 18: 246 144 93 199 21 
Bin 19: 83 78 122 193 49 101 
Bin 20: 96 42 221 56 132 
Bin 21: 107 20 156 230 243 
Bin 22: 32 182 248 100 43 
Bin 23: 234 54 227 59 104 212 
Bin 24: 211 168 114 103 236 
Bin 25: 8 161 119 179 239 120 
Bin 26: 1 175 195 138 206 19 249 
Bin 27: 164 147 112 47 65 31 
Bin 28: 82 186 15 71 167 85 
Bin 29: 184 40 127 50 163 171 
Bin 30: 165 192 185 124 226 247 
Bin 31: 178 180 39 97 
Bin 32: 118 29 90 242 53 
Bin 33: 37 176 87 159 116 
Bin 34: 44 84 34 224 215 
Bin 35: 220 204 136 12 89 177 
Bin 36: 191 75 69 66 46 
Bin 37: 189 160 157 205 10 
Bin 38: 23 197 216 16 7 200 
Bin 39: 60 76 154 73 
Bin 40: 57 240 126 134 81 
Bin 41: 14 72 92 235 2 194 
Bin 42: 25 33 3 67 
Bin 43: 174 128 233 142 
Bin 44: 162 30 151 123 
Bin 45: 88 169 148 129 198 
Bin 46: 135 115 
