# Objective: 21
# Time: 3.24858
# Feasible: 1
# Solution:
Bin 0: 37 79 110 80 114 112 
Bin 1: 58 16 98 5 9 
Bin 2: 94 77 63 67 15 60 
Bin 3: 2 35 101 53 17 19 
Bin 4: 33 104 81 59 69 86 54 
Bin 5: 46 103 26 113 21 66 
Bin 6: 40 39 8 1 102 51 
Bin 7: 14 64 28 71 62 118 72 
Bin 8: 111 20 107 34 85 44 
Bin 9: 45 89 68 119 117 
Bin 10: 88 41 74 55 100 30 
Bin 11: 3 61 32 0 31 6 
Bin 12: 76 70 73 47 90 
Bin 13: 65 82 24 13 97 
Bin 14: 92 91 75 105 27 
Bin 15: 29 115 56 87 50 48 83 
Bin 16: 36 18 108 84 11 10 
Bin 17: 25 96 23 4 116 43 
Bin 18: 22 42 78 99 109 
Bin 19: 7 106 38 57 95 
Bin 20: 93 52 49 12 
