# Objective: 75
# Time: 25.2424
# Feasible: 1
# Solution:
Bin 0: 330 487 177 281 414 343 1 0 
Bin 1: 55 341 26 199 187 95 444 
Bin 2: 284 275 122 33 378 490 
Bin 3: 175 118 8 162 186 203 474 
Bin 4: 301 274 322 58 170 
Bin 5: 200 436 344 491 216 288 416 57 
Bin 6: 34 138 348 306 35 155 287 483 
Bin 7: 14 372 251 471 3 
Bin 8: 157 445 119 438 87 86 299 
Bin 9: 227 59 359 406 467 418 
Bin 10: 318 66 137 206 384 340 404 
Bin 11: 443 75 412 63 54 390 
Bin 12: 300 191 114 61 190 393 356 
Bin 13: 446 16 192 211 400 328 40 32 
Bin 14: 163 136 368 254 80 15 198 492 
Bin 15: 425 171 248 108 321 124 
Bin 16: 473 44 104 78 479 435 
Bin 17: 289 298 496 305 327 37 433 174 
Bin 18: 320 79 312 21 303 366 360 347 268 159 
Bin 19: 276 245 316 88 263 394 68 228 
Bin 20: 22 236 262 391 127 419 
Bin 21: 386 429 183 45 379 309 350 196 
Bin 22: 364 135 387 247 164 499 
Bin 23: 273 103 481 110 123 194 352 
Bin 24: 101 12 408 62 296 249 201 456 
Bin 25: 277 434 233 326 202 319 
Bin 26: 317 43 346 107 184 290 
Bin 27: 231 115 49 297 46 131 454 74 
Bin 28: 257 156 106 51 89 
Bin 29: 395 448 373 64 178 83 128 
Bin 30: 354 285 214 217 182 365 
Bin 31: 244 423 267 218 99 383 278 149 28 
Bin 32: 147 462 121 293 148 208 165 
Bin 33: 239 258 480 188 424 
Bin 34: 77 142 426 242 130 385 
Bin 35: 411 432 52 369 117 310 48 294 
Bin 36: 90 488 173 65 420 132 23 451 
Bin 37: 478 161 271 452 27 144 
Bin 38: 464 20 421 266 351 
Bin 39: 168 325 475 440 85 367 256 
Bin 40: 324 209 498 399 470 
Bin 41: 153 47 82 221 407 476 362 
Bin 42: 224 482 357 185 311 240 461 9 
Bin 43: 302 494 485 112 7 358 
Bin 44: 252 453 329 382 230 477 374 167 265 
Bin 45: 314 238 342 19 259 439 210 
Bin 46: 463 197 370 243 486 
Bin 47: 226 141 283 150 129 219 
Bin 48: 291 160 335 60 286 81 94 234 
Bin 49: 176 133 272 152 260 353 255 
Bin 50: 67 315 70 29 355 466 
Bin 51: 97 222 279 396 468 405 
Bin 52: 308 56 126 10 172 333 
Bin 53: 376 410 76 116 125 246 
Bin 54: 377 304 455 338 442 460 181 
Bin 55: 50 13 241 91 146 
Bin 56: 484 42 31 337 18 139 232 361 
Bin 57: 264 250 269 212 469 465 166 
Bin 58: 154 336 158 398 417 
Bin 59: 409 53 495 415 69 401 25 
Bin 60: 292 204 472 397 189 41 
Bin 61: 4 392 363 237 109 431 457 
Bin 62: 235 313 402 105 280 24 
Bin 63: 493 96 427 225 120 213 169 73 345 
Bin 64: 38 437 371 140 339 205 
Bin 65: 282 334 253 349 388 143 
Bin 66: 449 207 332 84 2 380 39 
Bin 67: 497 422 223 295 195 111 
Bin 68: 229 179 92 430 413 72 
Bin 69: 11 447 323 71 441 30 261 
Bin 70: 381 215 36 428 5 
Bin 71: 145 113 93 193 307 6 
Bin 72: 98 134 450 458 331 
Bin 73: 100 375 489 459 102 17 
Bin 74: 180 151 270 220 403 389 
