# Objective: 153
# Time: 255.022
# Feasible: 1
# Solution:
Bin 0: 625 29 665 78 266 693 611 
Bin 1: 351 280 850 706 153 28 475 413 527 
Bin 2: 333 820 332 751 461 733 699 37 
Bin 3: 203 928 753 112 174 52 215 
Bin 4: 645 563 718 473 275 372 803 
Bin 5: 944 31 381 905 965 5 259 
Bin 6: 541 991 82 148 179 30 911 
Bin 7: 610 852 600 2 859 
Bin 8: 104 970 409 806 172 480 116 
Bin 9: 434 530 19 953 657 798 412 22 952 
Bin 10: 656 65 398 959 54 
Bin 11: 283 155 892 340 355 805 239 962 
Bin 12: 363 523 676 162 416 533 353 
Bin 13: 641 770 752 133 13 334 932 
Bin 14: 51 956 443 299 614 658 
Bin 15: 111 680 943 583 888 276 767 347 
Bin 16: 267 740 245 374 810 278 
Bin 17: 392 967 495 774 366 971 69 
Bin 18: 762 346 653 419 86 150 547 
Bin 19: 23 157 103 648 814 405 
Bin 20: 455 356 129 358 818 910 556 368 
Bin 21: 934 149 851 128 673 997 502 
Bin 22: 209 866 375 589 343 683 
Bin 23: 632 45 644 710 70 186 529 452 
Bin 24: 90 482 914 329 638 916 
Bin 25: 895 395 980 797 661 50 
Bin 26: 200 602 744 570 842 42 560 
Bin 27: 18 954 992 729 618 488 
Bin 28: 263 539 220 147 780 242 
Bin 29: 619 864 136 807 692 373 
Bin 30: 414 119 156 40 844 594 804 972 
Bin 31: 898 95 650 969 92 335 205 889 
Bin 32: 182 386 143 11 510 837 
Bin 33: 404 160 635 9 878 494 
Bin 34: 265 27 769 60 235 357 
Bin 35: 824 694 1 408 631 433 
Bin 36: 717 976 503 415 787 
Bin 37: 352 900 649 701 365 126 216 
Bin 38: 349 288 637 828 89 516 450 
Bin 39: 755 451 796 793 672 202 
Bin 40: 578 158 543 173 685 180 883 
Bin 41: 262 115 472 269 590 183 
Bin 42: 32 961 327 545 835 904 367 
Bin 43: 106 836 582 926 391 379 
Bin 44: 253 279 639 920 879 709 
Bin 45: 33 232 96 312 659 536 
Bin 46: 756 410 931 260 250 435 
Bin 47: 875 211 14 901 194 
Bin 48: 929 169 348 439 164 442 
Bin 49: 711 102 74 525 573 273 139 
Bin 50: 948 559 295 731 277 908 896 
Bin 51: 97 735 192 809 465 964 436 
Bin 52: 500 229 46 705 127 
Bin 53: 240 548 378 72 902 411 
Bin 54: 551 526 558 678 574 730 
Bin 55: 496 945 190 620 63 219 833 
Bin 56: 553 300 722 437 177 
Bin 57: 861 272 872 815 170 
Bin 58: 107 457 507 120 34 849 801 
Bin 59: 988 247 754 25 915 841 634 
Bin 60: 623 376 146 977 212 62 362 
Bin 61: 406 822 418 296 609 777 459 
Bin 62: 847 388 702 697 344 
Bin 63: 505 670 471 785 93 237 986 
Bin 64: 577 732 99 341 38 591 61 98 
Bin 65: 554 303 66 218 868 319 
Bin 66: 91 813 55 909 924 708 289 584 628 
Bin 67: 912 474 364 968 255 839 
Bin 68: 887 669 989 118 808 249 24 
Bin 69: 498 236 738 747 16 663 
Bin 70: 254 308 94 791 923 742 
Bin 71: 345 627 515 963 293 830 532 85 
Bin 72: 960 858 339 677 181 575 
Bin 73: 938 734 782 580 942 540 81 
Bin 74: 196 481 840 8 84 
Bin 75: 76 684 285 191 743 819 490 17 
Bin 76: 47 596 291 765 380 660 
Bin 77: 243 337 716 274 666 464 201 
Bin 78: 586 691 59 695 171 20 615 
Bin 79: 77 228 771 167 252 399 993 
Bin 80: 41 284 294 990 748 
Bin 81: 501 447 654 108 825 698 974 
Bin 82: 832 449 287 477 776 323 
Bin 83: 985 794 122 608 87 593 513 
Bin 84: 64 396 316 764 987 403 800 
Bin 85: 786 562 897 124 493 885 569 
Bin 86: 407 466 427 138 504 750 
Bin 87: 973 565 506 470 142 
Bin 88: 848 595 43 686 939 39 282 360 696 626 
Bin 89: 514 712 3 314 166 579 
Bin 90: 727 937 633 234 874 73 476 
Bin 91: 458 552 256 790 140 
Bin 92: 350 440 342 297 310 7 
Bin 93: 213 544 382 521 846 621 599 
Bin 94: 397 674 983 918 745 113 4 
Bin 95: 431 823 538 394 130 542 230 
Bin 96: 517 757 491 871 370 
Bin 97: 567 781 933 508 719 795 876 811 
Bin 98: 854 763 737 855 870 646 
Bin 99: 951 838 226 238 606 114 223 
Bin 100: 325 736 197 499 206 478 484 
Bin 101: 935 377 141 313 338 385 860 936 
Bin 102: 843 258 512 826 401 853 869 
Bin 103: 778 463 561 208 56 827 421 
Bin 104: 537 921 713 83 571 603 978 
Bin 105: 655 441 759 15 469 605 651 244 
Bin 106: 165 535 783 975 675 922 
Bin 107: 585 982 772 773 105 301 
Bin 108: 185 566 873 597 320 57 
Bin 109: 946 354 671 121 137 453 
Bin 110: 163 856 479 724 71 784 509 304 
Bin 111: 652 995 75 613 955 307 462 
Bin 112: 361 592 681 417 324 821 
Bin 113: 48 957 178 298 886 383 53 49 
Bin 114: 881 979 802 305 188 668 193 497 
Bin 115: 555 44 534 715 221 568 
Bin 116: 688 703 444 760 720 629 222 917 
Bin 117: 907 460 225 144 690 607 217 
Bin 118: 707 867 739 317 151 522 
Bin 119: 880 199 996 400 947 
Bin 120: 812 587 906 998 328 689 
Bin 121: 890 524 231 766 330 725 
Bin 122: 359 227 309 233 612 746 492 
Bin 123: 687 581 572 834 132 390 
Bin 124: 422 511 110 210 420 184 
Bin 125: 58 248 799 903 429 26 
Bin 126: 424 817 384 264 268 865 68 
Bin 127: 792 617 667 369 161 
Bin 128: 958 624 761 80 984 125 159 402 
Bin 129: 518 485 616 36 88 271 714 
Bin 130: 966 257 432 251 176 
Bin 131: 336 468 290 224 467 389 
Bin 132: 919 758 438 789 6 134 
Bin 133: 528 829 131 679 857 816 483 
Bin 134: 700 189 682 741 704 925 831 
Bin 135: 428 486 246 423 531 636 
Bin 136: 100 109 775 393 331 175 622 
Bin 137: 941 949 286 519 930 726 721 
Bin 138: 723 145 448 894 12 
Bin 139: 862 425 430 371 642 643 117 
Bin 140: 152 487 664 863 630 
Bin 141: 270 647 241 564 884 882 
Bin 142: 728 446 891 321 779 981 
Bin 143: 292 520 456 311 101 
Bin 144: 198 306 21 154 123 588 
Bin 145: 207 67 204 768 877 994 
Bin 146: 999 79 35 0 601 454 10 
Bin 147: 195 550 302 426 387 
Bin 148: 187 598 940 549 489 315 913 
Bin 149: 281 927 749 322 546 788 
Bin 150: 135 445 950 640 168 
Bin 151: 576 662 318 557 326 261 
Bin 152: 214 899 604 845 893 
