# Objective: 19
# Time: 2.63929
# Feasible: 1
# Solution:
Bin 0: 117 115 0 89 7 20 67 
Bin 1: 51 23 119 46 72 94 77 99 
Bin 2: 87 11 113 111 31 50 100 
Bin 3: 3 36 1 60 101 45 
Bin 4: 27 19 17 6 8 
Bin 5: 107 13 18 47 75 42 
Bin 6: 105 10 25 39 52 81 
Bin 7: 44 80 57 95 24 37 
Bin 8: 62 71 116 110 40 85 64 48 
Bin 9: 70 61 53 73 15 118 
Bin 10: 69 112 54 90 65 92 78 
Bin 11: 79 68 114 108 66 16 
Bin 12: 109 86 34 2 82 43 9 
Bin 13: 21 32 41 29 26 96 33 
Bin 14: 88 63 106 12 22 38 
Bin 15: 74 104 98 5 49 30 
Bin 16: 102 59 83 55 28 103 
Bin 17: 91 14 4 35 97 
Bin 18: 84 93 58 76 56 
