# Objective: 19
# Time: 2.51693
# Feasible: 1
# Solution:
Bin 0: 98 80 59 84 3 31 
Bin 1: 57 99 71 119 43 89 
Bin 2: 2 68 64 37 97 100 
Bin 3: 51 72 109 77 66 107 
Bin 4: 111 32 10 15 30 9 19 35 67 
Bin 5: 65 36 52 82 69 33 6 91 
Bin 6: 88 112 78 20 22 53 70 
Bin 7: 102 4 34 0 85 
Bin 8: 73 29 115 114 11 60 17 
Bin 9: 87 62 50 1 14 116 18 58 
Bin 10: 5 45 92 12 86 47 
Bin 11: 16 101 63 54 74 
Bin 12: 55 7 108 49 75 
Bin 13: 27 90 96 93 118 113 
Bin 14: 117 81 13 103 79 28 
Bin 15: 21 104 42 61 48 
Bin 16: 56 105 24 110 26 41 25 40 
Bin 17: 38 83 46 76 23 
Bin 18: 39 8 94 106 95 44 
