# Objective: 165
# Time: 193.044
# Feasible: 1
# Solution:
Bin 0: 207 134 500 581 48 680 
Bin 1: 910 284 181 981 658 931 524 
Bin 2: 776 94 958 972 345 741 703 
Bin 3: 787 493 328 997 378 114 
Bin 4: 709 361 27 571 566 138 39 367 
Bin 5: 906 652 180 30 612 
Bin 6: 548 886 121 273 107 
Bin 7: 757 64 936 37 244 
Bin 8: 373 687 895 935 111 921 643 
Bin 9: 627 320 429 644 717 850 
Bin 10: 918 881 838 283 155 351 
Bin 11: 455 472 200 830 354 534 
Bin 12: 232 281 602 235 848 254 
Bin 13: 685 590 975 552 662 334 143 340 
Bin 14: 854 4 763 905 491 454 
Bin 15: 793 844 172 878 934 187 563 
Bin 16: 208 166 499 460 127 113 
Bin 17: 436 672 323 490 508 330 
Bin 18: 12 764 554 332 765 889 171 
Bin 19: 702 638 186 899 617 290 
Bin 20: 603 666 768 596 100 609 
Bin 21: 33 391 928 730 247 604 897 
Bin 22: 411 512 601 696 826 789 
Bin 23: 369 504 546 955 839 719 
Bin 24: 293 401 872 118 61 523 424 65 
Bin 25: 299 427 321 522 279 102 54 
Bin 26: 869 963 278 722 814 192 384 
Bin 27: 458 297 168 628 390 84 
Bin 28: 47 605 447 610 122 25 836 
Bin 29: 876 786 772 10 715 
Bin 30: 11 537 823 551 926 624 295 
Bin 31: 108 594 312 753 141 707 999 
Bin 32: 942 459 825 614 821 386 694 647 
Bin 33: 364 516 900 613 968 86 801 
Bin 34: 802 538 903 24 1 673 785 
Bin 35: 629 678 82 690 482 
Bin 36: 413 713 101 856 133 
Bin 37: 395 300 714 348 752 
Bin 38: 174 553 53 304 285 633 466 
Bin 39: 199 649 527 233 887 77 
Bin 40: 531 595 52 145 991 270 584 
Bin 41: 377 446 462 51 104 95 951 
Bin 42: 642 131 913 576 362 990 81 
Bin 43: 630 800 947 513 311 
Bin 44: 335 184 46 128 88 435 
Bin 45: 994 583 116 978 316 389 
Bin 46: 217 292 816 497 231 890 
Bin 47: 648 852 418 907 366 
Bin 48: 565 615 635 167 904 355 790 
Bin 49: 888 206 9 867 536 941 806 
Bin 50: 803 559 74 760 23 234 837 
Bin 51: 250 152 313 338 539 433 331 
Bin 52: 871 227 657 415 985 149 
Bin 53: 498 264 359 417 961 775 
Bin 54: 950 874 770 16 755 169 659 
Bin 55: 99 302 178 751 542 747 
Bin 56: 59 350 575 791 87 495 
Bin 57: 946 123 953 544 699 407 
Bin 58: 137 845 727 891 276 682 
Bin 59: 153 434 322 112 883 969 
Bin 60: 432 925 641 557 788 766 
Bin 61: 183 683 798 203 376 49 663 
Bin 62: 877 600 229 915 410 
Bin 63: 50 706 637 464 799 518 
Bin 64: 930 767 846 428 158 577 
Bin 65: 952 479 695 932 501 
Bin 66: 139 132 562 213 453 189 502 
Bin 67: 698 820 880 774 669 689 215 
Bin 68: 535 55 485 750 973 89 20 
Bin 69: 365 640 700 815 736 943 
Bin 70: 471 219 959 976 626 216 
Bin 71: 222 326 289 924 170 857 
Bin 72: 97 650 31 813 909 396 
Bin 73: 738 286 225 939 202 7 
Bin 74: 992 336 587 505 212 540 
Bin 75: 280 646 176 782 927 780 966 
Bin 76: 394 438 409 32 655 
Bin 77: 692 408 105 807 83 
Bin 78: 58 862 372 34 901 
Bin 79: 510 272 241 724 161 469 
Bin 80: 333 296 948 796 18 319 
Bin 81: 240 748 676 794 237 746 
Bin 82: 287 85 175 492 556 797 
Bin 83: 221 44 147 6 397 865 
Bin 84: 73 314 725 547 987 119 
Bin 85: 962 146 712 597 728 526 
Bin 86: 363 371 148 573 392 483 
Bin 87: 301 443 385 758 989 420 693 
Bin 88: 260 263 980 162 78 
Bin 89: 35 894 109 374 209 639 
Bin 90: 255 473 954 824 778 358 
Bin 91: 674 257 150 451 541 804 
Bin 92: 517 136 515 781 606 
Bin 93: 274 835 506 191 808 248 851 
Bin 94: 157 818 165 329 979 834 
Bin 95: 211 718 484 710 988 579 651 
Bin 96: 675 456 190 40 425 967 
Bin 97: 271 2 656 756 779 445 
Bin 98: 387 945 160 619 416 879 
Bin 99: 402 193 621 294 439 357 974 
Bin 100: 949 528 634 381 28 873 
Bin 101: 868 130 475 742 194 75 470 
Bin 102: 514 298 919 733 859 521 441 
Bin 103: 898 450 399 588 308 716 
Bin 104: 705 847 620 60 268 771 
Bin 105: 305 42 63 740 896 258 
Bin 106: 684 860 26 937 567 589 660 
Bin 107: 156 275 230 120 593 
Bin 108: 691 833 984 444 238 827 
Bin 109: 732 731 843 993 853 
Bin 110: 342 842 0 607 912 214 
Bin 111: 667 442 480 3 41 822 
Bin 112: 828 140 841 91 983 564 
Bin 113: 549 520 723 327 69 884 
Bin 114: 832 762 743 164 56 
Bin 115: 616 509 749 426 570 224 
Bin 116: 370 90 382 761 970 819 14 
Bin 117: 944 339 488 265 558 223 
Bin 118: 496 914 70 855 467 341 
Bin 119: 151 185 543 645 461 201 
Bin 120: 811 688 303 697 306 182 269 
Bin 121: 885 476 245 545 266 188 
Bin 122: 419 957 769 474 849 124 
Bin 123: 239 704 423 665 117 246 940 964 
Bin 124: 572 452 72 68 440 632 
Bin 125: 569 503 262 861 622 477 115 
Bin 126: 210 986 611 744 277 
Bin 127: 809 519 252 103 618 96 13 
Bin 128: 398 92 197 80 173 529 
Bin 129: 671 916 735 21 159 938 
Bin 130: 448 971 591 598 38 494 
Bin 131: 586 19 465 8 344 661 
Bin 132: 261 243 379 923 142 288 
Bin 133: 404 870 126 318 449 310 
Bin 134: 368 533 414 679 256 555 
Bin 135: 817 831 933 507 66 71 
Bin 136: 242 422 249 375 309 
Bin 137: 468 653 795 431 259 360 
Bin 138: 773 349 784 866 829 403 
Bin 139: 525 106 36 307 726 911 
Bin 140: 701 920 421 739 631 
Bin 141: 777 783 995 982 561 654 
Bin 142: 135 412 129 908 902 
Bin 143: 805 636 400 317 337 
Bin 144: 98 965 218 79 892 67 
Bin 145: 582 393 580 93 929 623 
Bin 146: 144 720 792 457 578 
Bin 147: 956 383 282 315 530 
Bin 148: 253 76 45 893 729 711 
Bin 149: 560 251 324 568 599 574 670 
Bin 150: 882 478 198 405 346 
Bin 151: 463 343 810 110 592 864 
Bin 152: 840 960 550 977 204 267 875 
Bin 153: 195 759 406 585 677 125 
Bin 154: 226 430 179 352 291 922 
Bin 155: 917 196 686 489 721 
Bin 156: 347 511 177 625 
Bin 157: 858 681 228 15 57 
Bin 158: 236 486 205 62 608 43 
Bin 159: 737 664 745 325 437 998 
Bin 160: 754 5 708 220 
Bin 161: 388 668 812 22 
Bin 162: 380 734 154 481 863 29 
Bin 163: 353 487 17 356 
Bin 164: 532 163 996 
