# Objective: 37
# Time: 10.4483
# Feasible: 1
# Solution:
Bin 0: 127 46 151 160 1 246 157 84 
Bin 1: 134 11 93 167 5 107 136 
Bin 2: 4 94 12 10 186 196 106 
Bin 3: 65 218 150 122 229 24 44 22 
Bin 4: 62 113 142 15 245 210 130 
Bin 5: 37 91 32 174 238 52 
Bin 6: 208 249 242 123 212 119 158 
Bin 7: 36 109 112 183 57 145 
Bin 8: 87 76 200 137 27 121 220 231 
Bin 9: 3 247 58 204 235 224 26 67 
Bin 10: 47 55 110 162 85 232 2 
Bin 11: 63 234 81 201 114 237 
Bin 12: 168 155 230 34 202 172 154 49 
Bin 13: 221 38 0 184 102 205 153 
Bin 14: 135 132 9 173 126 28 66 
Bin 15: 226 192 180 190 144 177 
Bin 16: 7 236 194 206 43 148 
Bin 17: 191 156 6 219 195 99 115 117 
Bin 18: 75 197 213 21 13 181 178 
Bin 19: 78 118 233 146 120 203 
Bin 20: 41 228 25 207 116 159 
Bin 21: 176 16 61 56 45 105 104 
Bin 22: 211 187 39 239 95 147 193 198 
Bin 23: 53 90 248 42 165 149 
Bin 24: 50 222 163 161 35 128 141 
Bin 25: 216 60 240 20 129 223 101 
Bin 26: 243 124 86 29 83 225 
Bin 27: 88 80 171 100 185 64 
Bin 28: 14 108 125 98 169 143 71 73 
Bin 29: 79 8 97 48 70 179 164 
Bin 30: 31 40 54 170 51 152 
Bin 31: 96 199 77 175 68 69 
Bin 32: 33 227 215 214 17 241 
Bin 33: 103 72 18 139 209 
Bin 34: 244 138 92 217 133 
Bin 35: 23 131 30 74 140 111 166 189 
Bin 36: 188 182 19 82 89 59 
