# Objective: 153
# Time: 376.084
# Feasible: 1
# Solution:
Bin 0: 99 648 926 857 130 581 472 
Bin 1: 745 526 330 412 922 565 
Bin 2: 761 456 171 65 631 797 106 
Bin 3: 686 783 894 803 277 212 668 
Bin 4: 540 519 830 498 322 299 376 
Bin 5: 136 815 735 970 575 190 779 
Bin 6: 490 933 941 174 328 850 258 710 
Bin 7: 586 978 511 285 408 879 493 260 
Bin 8: 19 740 910 107 793 467 368 
Bin 9: 807 767 917 946 247 454 721 
Bin 10: 748 965 663 805 714 53 923 
Bin 11: 317 651 209 188 503 399 
Bin 12: 743 485 832 699 765 854 
Bin 13: 546 221 197 919 362 482 
Bin 14: 244 853 787 612 375 265 
Bin 15: 478 953 568 267 327 360 906 
Bin 16: 876 43 551 413 476 642 
Bin 17: 505 627 577 7 37 996 947 
Bin 18: 908 332 95 635 584 550 569 784 
Bin 19: 497 67 70 293 103 509 747 445 
Bin 20: 426 26 446 272 394 549 
Bin 21: 335 56 336 305 659 96 453 723 
Bin 22: 703 566 240 389 165 223 883 
Bin 23: 882 619 683 715 270 211 608 
Bin 24: 616 664 71 401 123 126 
Bin 25: 860 432 345 337 410 681 839 
Bin 26: 593 771 215 702 30 995 499 
Bin 27: 62 643 273 406 275 39 518 
Bin 28: 163 343 695 8 574 101 
Bin 29: 556 912 219 282 339 110 316 977 
Bin 30: 868 647 905 253 298 250 61 
Bin 31: 816 40 903 630 15 893 363 
Bin 32: 942 676 470 662 355 288 201 829 
Bin 33: 74 989 881 421 292 382 693 
Bin 34: 76 811 833 692 675 814 
Bin 35: 791 704 85 674 930 774 899 
Bin 36: 812 527 587 585 159 571 932 
Bin 37: 200 920 897 160 694 52 
Bin 38: 973 205 181 516 958 384 
Bin 39: 507 990 731 202 754 925 997 804 
Bin 40: 677 951 927 952 948 90 398 
Bin 41: 766 180 346 985 880 671 
Bin 42: 229 320 251 400 921 418 530 
Bin 43: 563 371 834 603 34 127 333 
Bin 44: 380 262 722 46 713 189 17 
Bin 45: 425 720 636 14 623 119 24 
Bin 46: 431 904 870 326 506 604 112 
Bin 47: 487 909 379 23 395 892 691 
Bin 48: 800 32 848 42 387 602 237 
Bin 49: 480 578 962 656 414 434 502 
Bin 50: 89 495 543 374 54 679 
Bin 51: 914 533 417 553 458 353 170 
Bin 52: 863 436 756 976 153 230 68 618 
Bin 53: 361 364 331 111 104 183 
Bin 54: 452 711 232 122 641 590 
Bin 55: 141 712 957 415 895 238 884 
Bin 56: 162 645 956 539 628 306 
Bin 57: 817 98 323 536 873 632 867 
Bin 58: 132 83 928 287 13 341 427 
Bin 59: 492 769 429 688 836 294 407 459 428 
Bin 60: 808 838 875 992 442 11 
Bin 61: 801 357 82 915 652 268 555 
Bin 62: 596 770 622 269 31 372 
Bin 63: 59 650 773 245 685 
Bin 64: 670 290 20 10 12 708 
Bin 65: 869 998 762 388 599 557 
Bin 66: 552 500 729 91 755 
Bin 67: 697 291 851 248 646 728 
Bin 68: 144 224 858 115 116 949 
Bin 69: 435 818 338 515 964 234 168 
Bin 70: 898 420 929 486 194 778 
Bin 71: 58 673 775 798 198 243 
Bin 72: 460 780 313 665 447 
Bin 73: 991 967 419 102 475 131 220 
Bin 74: 47 744 491 246 640 140 225 
Bin 75: 139 759 637 866 986 36 
Bin 76: 88 279 508 639 358 35 598 
Bin 77: 151 378 129 936 988 22 
Bin 78: 63 809 669 271 684 994 878 
Bin 79: 856 464 295 348 786 471 871 365 
Bin 80: 576 617 309 764 891 835 971 813 
Bin 81: 173 960 736 203 175 727 589 
Bin 82: 837 192 792 594 172 93 
Bin 83: 75 924 961 312 538 633 844 
Bin 84: 50 614 788 186 161 758 514 21 
Bin 85: 315 849 257 782 207 72 479 545 
Bin 86: 461 45 966 667 477 887 521 
Bin 87: 356 164 302 278 369 48 440 
Bin 88: 158 118 340 819 297 409 
Bin 89: 121 573 166 741 806 900 204 
Bin 90: 276 176 236 931 523 999 391 385 
Bin 91: 489 334 820 777 520 690 
Bin 92: 649 840 64 689 749 
Bin 93: 613 950 981 443 138 621 625 
Bin 94: 457 666 156 310 737 349 81 
Bin 95: 329 259 698 943 828 216 
Bin 96: 655 433 185 325 517 377 
Bin 97: 609 463 889 567 592 404 
Bin 98: 501 117 724 135 319 579 
Bin 99: 979 496 827 350 218 94 843 
Bin 100: 972 559 601 696 308 542 
Bin 101: 148 373 796 390 444 430 935 
Bin 102: 381 359 707 321 241 562 
Bin 103: 344 772 877 795 100 473 
Bin 104: 661 27 768 152 449 280 41 
Bin 105: 802 109 548 607 570 706 
Bin 106: 874 210 606 483 145 16 466 
Bin 107: 861 191 600 214 386 311 799 
Bin 108: 283 529 634 49 2 525 
Bin 109: 494 441 944 739 405 558 266 
Bin 110: 1 342 605 396 937 862 
Bin 111: 422 465 196 289 821 591 469 
Bin 112: 750 134 92 25 284 658 980 
Bin 113: 535 468 751 672 938 541 124 
Bin 114: 178 227 638 597 411 825 522 
Bin 115: 439 982 852 481 629 510 80 531 
Bin 116: 57 742 28 709 987 969 
Bin 117: 864 423 657 725 734 841 137 
Bin 118: 983 78 286 524 789 842 732 
Bin 119: 872 60 182 934 73 653 
Bin 120: 945 392 940 753 304 785 
Bin 121: 397 907 44 402 437 760 38 
Bin 122: 504 249 824 886 790 955 84 
Bin 123: 913 33 274 97 416 167 
Bin 124: 781 143 108 187 179 528 
Bin 125: 537 984 733 718 682 846 822 
Bin 126: 450 975 547 29 746 157 
Bin 127: 87 303 147 968 367 403 513 
Bin 128: 213 738 488 222 963 847 146 
Bin 129: 5 716 199 354 9 
Bin 130: 561 4 177 865 300 193 
Bin 131: 150 235 719 939 154 610 
Bin 132: 859 532 6 255 195 752 
Bin 133: 351 263 826 544 366 916 
Bin 134: 142 644 730 133 231 794 
Bin 135: 810 301 678 228 588 352 
Bin 136: 55 611 347 680 890 113 
Bin 137: 620 217 700 455 776 888 
Bin 138: 184 51 462 534 901 896 
Bin 139: 256 264 149 885 226 
Bin 140: 18 595 424 77 448 705 
Bin 141: 512 393 324 69 845 239 
Bin 142: 564 660 954 757 626 831 
Bin 143: 155 902 66 261 3 
Bin 144: 918 79 252 314 233 370 
Bin 145: 560 296 580 654 383 318 
Bin 146: 0 206 974 281 105 114 
Bin 147: 582 451 624 307 717 615 
Bin 148: 583 86 855 911 208 701 
Bin 149: 169 763 823 726 474 
Bin 150: 554 242 993 125 
Bin 151: 484 438 687 572 959 
Bin 152: 254 128 120 
