# Objective: 19
# Time: 3.38057
# Feasible: 1
# Solution:
Bin 0: 48 98 89 109 47 49 
Bin 1: 115 101 118 106 114 
Bin 2: 15 74 5 31 76 59 
Bin 3: 53 117 105 14 79 38 32 
Bin 4: 113 43 58 80 24 60 96 
Bin 5: 68 36 27 2 45 11 72 
Bin 6: 63 102 44 25 83 8 
Bin 7: 52 37 95 86 26 18 90 77 
Bin 8: 84 71 56 1 39 4 116 
Bin 9: 16 46 51 103 64 7 104 
Bin 10: 19 10 75 12 88 6 
Bin 11: 87 82 21 57 29 100 112 
Bin 12: 92 70 107 0 62 23 81 
Bin 13: 69 17 34 54 85 
Bin 14: 61 13 94 93 22 
Bin 15: 66 50 97 110 111 33 
Bin 16: 35 78 9 119 20 55 
Bin 17: 65 40 30 41 99 3 91 
Bin 18: 42 28 73 67 108 
