# Objective: 86
# Time: 111.354
# Feasible: 1
# Solution:
Bin 0: 357 481 435 252 229 396 
Bin 1: 169 241 432 296 255 
Bin 2: 408 227 204 150 302 
Bin 3: 148 431 51 266 420 464 239 
Bin 4: 149 188 159 434 3 
Bin 5: 468 183 316 139 329 304 
Bin 6: 413 129 72 489 179 295 
Bin 7: 335 465 478 27 115 371 
Bin 8: 232 351 474 265 58 268 
Bin 9: 454 55 178 64 251 
Bin 10: 118 83 334 164 210 182 
Bin 11: 99 231 141 156 287 153 
Bin 12: 297 187 364 374 25 484 
Bin 13: 151 455 323 353 284 
Bin 14: 257 430 44 399 152 5 
Bin 15: 300 29 53 167 161 385 
Bin 16: 320 62 195 104 224 21 
Bin 17: 2 414 458 392 360 369 
Bin 18: 244 338 243 111 270 466 
Bin 19: 127 368 171 105 119 384 
Bin 20: 218 89 114 110 259 
Bin 21: 476 228 184 106 312 1 97 
Bin 22: 269 321 418 208 274 74 
Bin 23: 301 483 202 216 331 443 
Bin 24: 220 415 424 145 157 497 355 
Bin 25: 193 373 0 181 162 403 
Bin 26: 340 173 212 472 13 
Bin 27: 120 389 192 163 260 144 
Bin 28: 82 140 280 366 134 
Bin 29: 332 24 11 400 305 234 75 
Bin 30: 248 376 18 107 365 160 
Bin 31: 417 226 237 390 393 441 
Bin 32: 45 469 445 235 132 487 91 
Bin 33: 65 138 352 318 350 447 
Bin 34: 429 249 147 436 344 258 
Bin 35: 426 30 35 122 126 
Bin 36: 358 142 394 54 294 276 
Bin 37: 262 78 86 56 273 
Bin 38: 125 292 383 475 463 
Bin 39: 168 15 492 330 240 87 
Bin 40: 191 16 26 279 6 427 
Bin 41: 113 470 356 310 437 34 
Bin 42: 363 10 201 90 314 20 
Bin 43: 479 263 7 293 303 325 
Bin 44: 215 461 341 460 84 242 
Bin 45: 199 19 93 33 423 
Bin 46: 326 428 387 128 486 467 
Bin 47: 39 121 165 60 488 425 
Bin 48: 223 32 406 449 471 354 
Bin 49: 453 485 213 386 101 205 
Bin 50: 135 382 290 367 133 
Bin 51: 496 307 490 499 136 66 
Bin 52: 8 70 166 370 306 
Bin 53: 194 267 281 103 123 401 272 283 
Bin 54: 342 477 14 79 219 222 456 
Bin 55: 203 327 333 73 421 154 
Bin 56: 452 346 250 67 76 68 422 
Bin 57: 395 42 313 261 143 
Bin 58: 245 131 17 61 457 36 
Bin 59: 349 172 43 190 4 482 
Bin 60: 391 495 109 155 404 388 
Bin 61: 40 49 289 315 411 448 
Bin 62: 112 80 116 176 343 
Bin 63: 271 59 95 345 451 379 170 
Bin 64: 137 308 446 246 362 285 
Bin 65: 206 180 189 57 398 402 462 
Bin 66: 498 347 319 130 433 230 63 
Bin 67: 100 77 438 236 217 380 253 
Bin 68: 158 328 81 98 375 
Bin 69: 9 85 92 473 124 233 459 
Bin 70: 211 359 412 185 377 221 
Bin 71: 198 409 207 254 494 174 71 
Bin 72: 12 442 214 186 264 177 
Bin 73: 419 31 405 324 256 
Bin 74: 96 41 23 322 450 94 
Bin 75: 146 197 117 102 48 
Bin 76: 439 378 381 440 493 108 
Bin 77: 46 372 37 175 311 444 
Bin 78: 38 337 247 348 317 
Bin 79: 88 278 22 286 28 
Bin 80: 275 309 69 200 410 209 
Bin 81: 50 336 291 196 282 
Bin 82: 288 407 52 47 298 491 
Bin 83: 299 397 480 
Bin 84: 361 416 238 
Bin 85: 277 339 225 
