# Objective: 18
# Time: 5.4471
# Feasible: 1
# Solution:
Bin 0: 68 13 65 73 103 95 44 25 
Bin 1: 8 92 31 112 32 93 
Bin 2: 77 63 28 118 111 
Bin 3: 16 69 22 110 86 61 10 40 
Bin 4: 109 89 119 117 101 114 7 
Bin 5: 11 37 6 90 57 107 80 
Bin 6: 116 23 58 75 91 43 
Bin 7: 47 98 67 36 15 12 78 
Bin 8: 35 2 56 54 48 41 17 71 49 
Bin 9: 96 3 83 33 82 88 29 
Bin 10: 84 45 106 72 79 0 18 1 
Bin 11: 42 51 59 66 100 24 76 
Bin 12: 94 21 50 14 46 
Bin 13: 113 70 4 52 19 38 
Bin 14: 60 108 97 104 5 34 
Bin 15: 74 30 62 99 102 105 
Bin 16: 55 53 39 115 85 26 
Bin 17: 64 9 87 20 27 81 
