# Objective: 43
# Time: 10.4471
# Feasible: 1
# Solution:
Bin 0: 53 239 27 159 81 101 
Bin 1: 137 80 211 16 195 23 
Bin 2: 14 67 95 20 46 91 1 
Bin 3: 105 141 63 77 100 
Bin 4: 109 39 227 70 28 154 143 
Bin 5: 36 189 58 29 226 149 
Bin 6: 51 140 19 85 37 229 203 
Bin 7: 153 6 210 75 26 191 71 
Bin 8: 231 120 218 160 84 234 
Bin 9: 76 129 115 22 147 49 
Bin 10: 198 127 113 249 152 183 
Bin 11: 179 247 212 17 136 73 
Bin 12: 222 174 65 78 61 
Bin 13: 121 167 7 30 87 103 235 
Bin 14: 230 69 33 245 21 204 
Bin 15: 117 15 201 169 135 132 
Bin 16: 57 40 79 151 142 236 
Bin 17: 122 187 2 223 11 96 
Bin 18: 93 128 9 163 156 83 
Bin 19: 133 123 157 242 243 
Bin 20: 162 181 206 18 138 64 
Bin 21: 88 104 97 177 170 205 
Bin 22: 125 192 190 68 214 241 
Bin 23: 221 207 8 219 56 
Bin 24: 171 44 139 238 209 126 
Bin 25: 150 4 118 110 52 32 
Bin 26: 5 213 98 124 208 82 
Bin 27: 131 196 114 35 60 185 
Bin 28: 197 106 248 168 86 34 
Bin 29: 130 144 47 48 161 220 164 
Bin 30: 224 145 41 45 233 
Bin 31: 200 99 216 186 25 12 
Bin 32: 202 13 66 54 217 
Bin 33: 182 246 119 146 90 225 
Bin 34: 42 62 108 188 180 102 43 
Bin 35: 172 94 176 50 166 
Bin 36: 240 24 215 
Bin 37: 173 74 194 92 112 
Bin 38: 31 165 199 111 3 38 
Bin 39: 55 0 10 193 237 
Bin 40: 184 158 178 59 72 
Bin 41: 148 175 232 155 89 
Bin 42: 116 107 134 244 228 
