# Objective: 81
# Time: 42.9929
# Feasible: 1
# Solution:
Bin 0: 130 45 203 154 326 32 
Bin 1: 315 3 104 222 353 426 
Bin 2: 367 224 166 96 262 188 234 
Bin 3: 245 126 125 198 301 223 61 
Bin 4: 128 331 8 427 370 144 466 
Bin 5: 327 368 176 38 469 445 
Bin 6: 418 105 131 106 451 254 5 
Bin 7: 400 443 39 121 436 260 
Bin 8: 389 314 27 430 378 399 
Bin 9: 283 147 308 111 435 264 14 
Bin 10: 269 249 271 209 102 337 452 
Bin 11: 313 173 261 410 387 162 
Bin 12: 205 332 386 94 483 88 
Bin 13: 352 309 476 416 414 16 
Bin 14: 178 267 485 199 307 252 
Bin 15: 477 153 434 212 379 
Bin 16: 163 405 26 394 18 270 
Bin 17: 151 339 116 373 219 468 
Bin 18: 85 357 388 442 33 30 298 
Bin 19: 230 482 167 407 238 411 196 
Bin 20: 145 31 226 174 149 233 492 
Bin 21: 431 291 429 480 495 98 
Bin 22: 360 330 289 340 142 441 348 
Bin 23: 235 41 1 81 206 458 355 
Bin 24: 113 29 392 92 424 119 295 
Bin 25: 195 165 316 369 310 366 311 
Bin 26: 454 23 481 221 141 218 13 
Bin 27: 284 54 189 179 329 250 227 
Bin 28: 437 214 9 266 277 280 
Bin 29: 475 20 361 53 236 268 
Bin 30: 391 71 453 380 251 
Bin 31: 156 420 335 211 322 243 282 
Bin 32: 358 24 323 70 107 66 168 108 
Bin 33: 215 449 472 44 497 68 336 192 
Bin 34: 290 300 109 10 406 50 
Bin 35: 383 265 143 305 95 471 
Bin 36: 321 182 210 34 417 
Bin 37: 421 76 404 93 302 409 28 
Bin 38: 67 242 304 100 217 
Bin 39: 459 345 363 69 72 484 258 
Bin 40: 498 239 464 172 346 225 
Bin 41: 115 344 328 248 292 341 
Bin 42: 2 425 194 180 478 287 
Bin 43: 385 444 395 333 473 79 169 
Bin 44: 84 73 247 134 83 241 
Bin 45: 450 187 152 285 228 136 
Bin 46: 64 35 490 415 133 324 246 
Bin 47: 491 90 286 356 463 
Bin 48: 229 120 263 428 276 77 
Bin 49: 190 384 487 127 403 371 
Bin 50: 439 22 82 338 101 80 
Bin 51: 17 393 343 351 253 293 
Bin 52: 11 433 396 496 479 
Bin 53: 86 342 240 49 6 296 
Bin 54: 118 112 402 12 175 325 377 
Bin 55: 89 317 161 354 56 
Bin 56: 135 493 4 216 124 
Bin 57: 499 52 318 312 122 334 
Bin 58: 207 274 256 412 422 408 460 
Bin 59: 375 138 150 413 432 456 455 
Bin 60: 139 97 374 255 398 299 
Bin 61: 465 474 177 36 447 
Bin 62: 63 91 43 446 320 42 231 
Bin 63: 62 48 197 423 21 171 
Bin 64: 78 461 40 364 103 160 
Bin 65: 148 183 362 213 278 60 159 
Bin 66: 185 202 350 467 208 
Bin 67: 279 232 157 294 297 0 
Bin 68: 382 37 244 164 15 
Bin 69: 390 58 349 137 440 200 
Bin 70: 237 191 303 51 
Bin 71: 74 489 123 201 259 275 46 
Bin 72: 372 306 319 220 281 7 
Bin 73: 397 186 87 114 381 365 47 
Bin 74: 19 488 359 462 181 486 140 
Bin 75: 347 376 59 57 419 
Bin 76: 288 273 117 470 184 
Bin 77: 65 494 438 257 75 448 
Bin 78: 55 158 401 155 99 
Bin 79: 193 25 272 457 170 
Bin 80: 146 204 129 132 110 
