# Objective: 149
# Time: 335.999
# Feasible: 1
# Solution:
Bin 0: 443 170 575 386 445 145 131 
Bin 1: 46 435 458 226 882 705 984 
Bin 2: 431 838 542 942 164 33 
Bin 3: 774 672 314 950 828 975 666 
Bin 4: 970 589 504 841 461 181 451 
Bin 5: 382 113 528 808 155 268 
Bin 6: 879 952 233 779 943 638 143 349 
Bin 7: 300 13 717 679 526 110 822 
Bin 8: 755 198 416 397 880 830 
Bin 9: 366 773 373 585 288 962 292 
Bin 10: 109 246 596 188 885 857 
Bin 11: 455 3 552 893 988 295 
Bin 12: 481 637 523 2 691 50 237 
Bin 13: 108 162 66 12 135 769 741 
Bin 14: 796 657 645 92 785 112 
Bin 15: 331 7 919 72 21 678 899 
Bin 16: 249 918 407 551 997 757 289 
Bin 17: 298 878 208 219 244 117 480 396 
Bin 18: 649 511 690 549 740 
Bin 19: 267 782 161 224 908 594 532 
Bin 20: 826 728 301 441 40 282 715 
Bin 21: 466 105 385 926 923 618 
Bin 22: 619 760 247 561 752 756 798 
Bin 23: 367 293 641 735 335 437 53 484 510 
Bin 24: 861 614 474 38 279 587 202 
Bin 25: 259 73 866 306 538 667 806 
Bin 26: 152 102 513 156 383 550 211 
Bin 27: 348 661 663 566 709 897 71 653 204 
Bin 28: 234 372 270 51 973 159 
Bin 29: 142 81 748 534 823 403 636 
Bin 30: 10 207 67 476 945 553 434 
Bin 31: 966 150 473 829 232 989 807 
Bin 32: 825 97 0 780 409 777 599 
Bin 33: 604 951 750 393 411 45 894 
Bin 34: 827 763 934 873 424 693 265 323 
Bin 35: 168 413 334 410 562 518 
Bin 36: 336 706 58 310 912 63 
Bin 37: 86 498 591 946 595 958 
Bin 38: 223 682 200 624 583 959 664 
Bin 39: 214 915 608 196 751 457 
Bin 40: 985 464 173 607 22 210 146 
Bin 41: 674 581 419 689 745 341 761 
Bin 42: 790 75 369 115 512 209 236 
Bin 43: 80 119 746 171 169 
Bin 44: 52 83 817 700 76 483 307 
Bin 45: 426 917 870 867 622 836 
Bin 46: 133 722 9 692 315 213 754 
Bin 47: 127 527 711 394 884 263 446 
Bin 48: 374 79 32 889 16 762 319 
Bin 49: 203 713 370 180 905 568 655 
Bin 50: 365 505 922 391 276 570 784 
Bin 51: 602 327 824 696 990 120 
Bin 52: 963 257 577 639 849 979 
Bin 53: 993 625 346 387 874 767 222 420 
Bin 54: 439 586 362 78 258 890 896 126 
Bin 55: 363 114 479 17 506 606 703 556 
Bin 56: 11 69 635 522 425 739 545 
Bin 57: 514 965 141 933 936 978 274 
Bin 58: 125 872 332 902 881 91 670 
Bin 59: 154 400 34 351 967 303 
Bin 60: 325 846 395 35 814 275 427 
Bin 61: 239 858 477 378 280 956 
Bin 62: 406 515 772 813 730 800 308 
Bin 63: 422 482 179 764 183 
Bin 64: 548 311 167 941 683 631 
Bin 65: 190 345 786 177 347 
Bin 66: 609 248 264 916 140 805 
Bin 67: 19 632 954 453 648 842 
Bin 68: 833 490 891 603 856 960 
Bin 69: 633 656 31 252 543 379 469 
Bin 70: 227 738 605 184 229 615 221 
Bin 71: 450 273 412 30 326 699 
Bin 72: 163 660 573 462 797 920 
Bin 73: 554 321 541 337 251 559 
Bin 74: 285 24 937 539 766 312 697 350 
Bin 75: 698 85 598 928 681 815 
Bin 76: 55 82 302 634 626 530 863 
Bin 77: 610 144 216 736 651 297 124 914 
Bin 78: 478 243 844 60 129 8 
Bin 79: 659 819 640 662 354 869 673 
Bin 80: 593 37 238 642 546 712 
Bin 81: 316 787 903 742 356 921 680 
Bin 82: 197 128 521 90 287 492 991 
Bin 83: 201 49 41 220 1 286 
Bin 84: 432 775 118 925 241 729 25 569 
Bin 85: 524 421 726 972 116 42 
Bin 86: 517 676 853 995 392 
Bin 87: 28 837 686 911 516 74 621 
Bin 88: 380 191 278 70 44 964 495 801 
Bin 89: 590 65 94 153 718 811 175 357 
Bin 90: 217 768 924 582 820 529 
Bin 91: 999 588 93 793 677 486 
Bin 92: 994 377 330 981 475 256 
Bin 93: 56 402 440 714 344 192 89 759 
Bin 94: 843 900 206 627 137 695 883 
Bin 95: 430 454 309 671 892 839 701 
Bin 96: 519 20 620 789 355 578 560 
Bin 97: 961 215 104 401 212 242 61 320 
Bin 98: 732 436 305 176 178 743 
Bin 99: 507 438 290 465 974 724 940 
Bin 100: 868 509 500 816 930 353 
Bin 101: 463 818 955 151 399 877 687 685 100 
Bin 102: 487 339 340 929 296 14 949 157 
Bin 103: 852 557 747 43 87 684 650 834 597 
Bin 104: 225 358 493 283 106 352 855 
Bin 105: 228 971 533 983 284 832 910 15 59 
Bin 106: 840 271 317 720 185 139 499 255 
Bin 107: 669 947 343 48 501 277 
Bin 108: 456 470 428 172 88 418 414 
Bin 109: 205 18 260 361 643 199 195 
Bin 110: 313 136 489 652 148 563 794 
Bin 111: 710 447 525 913 781 788 245 531 
Bin 112: 565 371 360 158 304 644 876 23 
Bin 113: 716 149 848 854 99 980 
Bin 114: 665 927 968 494 324 803 
Bin 115: 938 54 122 799 230 992 
Bin 116: 138 555 835 725 404 765 
Bin 117: 160 623 471 415 707 584 62 
Bin 118: 448 987 376 886 770 29 540 809 
Bin 119: 281 812 580 68 851 998 39 187 
Bin 120: 977 497 895 802 444 783 
Bin 121: 616 865 831 333 898 459 
Bin 122: 433 576 845 390 592 600 
Bin 123: 121 47 702 859 64 
Bin 124: 791 250 132 134 503 558 26 
Bin 125: 359 708 472 694 194 381 
Bin 126: 123 804 508 734 704 253 
Bin 127: 429 261 810 795 405 520 193 
Bin 128: 628 792 547 668 887 749 
Bin 129: 675 240 398 776 688 847 629 
Bin 130: 564 612 617 174 111 496 
Bin 131: 165 601 27 322 907 235 
Bin 132: 613 166 338 544 537 901 
Bin 133: 186 442 647 328 771 488 467 
Bin 134: 611 646 982 953 630 944 
Bin 135: 375 909 57 485 753 536 218 658 
Bin 136: 318 384 262 329 579 364 
Bin 137: 98 147 468 571 931 107 
Bin 138: 84 535 417 574 291 130 95 
Bin 139: 906 860 875 737 969 727 
Bin 140: 758 342 96 654 423 
Bin 141: 850 932 269 266 231 
Bin 142: 408 871 101 452 731 957 
Bin 143: 733 862 948 723 460 294 
Bin 144: 821 36 939 299 567 103 744 
Bin 145: 491 77 189 272 778 572 
Bin 146: 976 254 864 449 721 935 4 
Bin 147: 6 904 5 719 986 389 996 
Bin 148: 888 182 502 368 388 
