# Objective: 75
# Time: 39.9961
# Feasible: 1
# Solution:
Bin 0: 123 356 120 233 22 362 379 438 
Bin 1: 172 465 365 234 7 169 
Bin 2: 301 134 317 283 143 35 158 
Bin 3: 46 372 393 349 256 339 274 
Bin 4: 98 88 390 212 300 287 60 464 19 
Bin 5: 277 473 26 493 350 37 
Bin 6: 99 470 221 243 185 82 106 
Bin 7: 410 240 118 182 214 348 304 66 
Bin 8: 324 102 254 25 322 12 319 
Bin 9: 354 451 381 329 193 482 
Bin 10: 15 216 396 340 32 494 
Bin 11: 263 331 191 268 328 325 491 72 
Bin 12: 367 497 269 289 481 
Bin 13: 273 6 49 385 398 179 
Bin 14: 45 78 251 402 485 434 431 52 
Bin 15: 293 199 111 308 14 11 
Bin 16: 388 336 441 147 107 260 114 91 
Bin 17: 439 223 280 231 489 34 284 
Bin 18: 432 363 411 71 67 255 142 
Bin 19: 403 409 157 138 406 162 299 68 
Bin 20: 198 436 375 492 39 115 487 
Bin 21: 133 405 333 226 176 447 129 
Bin 22: 228 95 205 63 499 368 429 132 
Bin 23: 10 3 13 413 244 422 290 
Bin 24: 361 466 344 206 75 155 94 
Bin 25: 378 383 4 92 159 230 
Bin 26: 418 153 291 175 200 55 257 496 
Bin 27: 196 189 440 113 194 467 272 320 
Bin 28: 484 170 109 490 20 36 77 
Bin 29: 56 352 391 108 145 285 241 419 
Bin 30: 31 84 468 456 171 127 258 
Bin 31: 139 471 425 248 207 190 
Bin 32: 483 281 246 338 76 435 
Bin 33: 474 295 9 262 318 294 
Bin 34: 357 332 112 44 426 197 
Bin 35: 417 161 415 61 310 27 93 
Bin 36: 335 201 74 282 252 341 461 
Bin 37: 235 237 140 264 104 480 387 
Bin 38: 43 445 50 187 400 24 360 
Bin 39: 1 203 54 346 215 103 380 
Bin 40: 475 80 125 128 267 227 149 
Bin 41: 416 168 399 137 180 477 42 355 
Bin 42: 353 345 217 178 424 222 245 184 
Bin 43: 28 220 152 343 421 181 
Bin 44: 303 2 457 97 81 307 412 342 
Bin 45: 326 59 119 305 448 209 
Bin 46: 47 498 428 433 57 
Bin 47: 314 309 236 211 384 16 249 
Bin 48: 90 229 148 404 298 192 
Bin 49: 83 397 110 17 327 204 
Bin 50: 86 70 130 321 347 
Bin 51: 334 48 374 177 408 29 163 
Bin 52: 219 316 454 62 5 58 
Bin 53: 288 101 430 311 141 124 183 312 479 472 
Bin 54: 38 437 0 330 266 18 469 
Bin 55: 453 373 449 225 279 366 
Bin 56: 174 218 89 292 478 253 
Bin 57: 105 136 446 116 156 
Bin 58: 359 462 459 275 166 259 151 
Bin 59: 195 122 41 278 463 135 
Bin 60: 395 247 315 364 443 401 
Bin 61: 382 126 392 144 450 224 73 
Bin 62: 21 407 146 87 452 
Bin 63: 117 460 476 271 444 
Bin 64: 150 358 323 242 79 164 394 
Bin 65: 51 458 455 371 210 121 
Bin 66: 165 238 173 131 213 386 
Bin 67: 167 33 442 313 30 100 208 
Bin 68: 351 369 154 370 160 297 
Bin 69: 302 40 495 188 427 
Bin 70: 186 23 296 265 488 
Bin 71: 377 337 376 65 53 250 64 
Bin 72: 423 306 276 420 389 
Bin 73: 270 69 486 8 85 414 
Bin 74: 261 96 232 286 239 202 
