# Objective: 183
# Time: 279.03
# Feasible: 1
# Solution:
Bin 0: 283 495 401 513 564 760 
Bin 1: 368 790 822 600 927 
Bin 2: 213 879 434 129 916 898 
Bin 3: 793 882 125 512 34 
Bin 4: 429 869 455 601 330 576 
Bin 5: 412 481 98 860 127 
Bin 6: 534 812 968 536 717 166 
Bin 7: 652 664 243 79 51 252 
Bin 8: 506 128 413 349 685 214 
Bin 9: 948 410 500 59 603 
Bin 10: 49 440 722 304 91 919 
Bin 11: 175 532 169 451 922 
Bin 12: 487 370 689 610 427 673 
Bin 13: 607 189 791 467 486 57 
Bin 14: 106 316 655 503 908 
Bin 15: 65 96 12 92 286 
Bin 16: 995 691 824 942 517 759 
Bin 17: 665 776 615 907 145 341 
Bin 18: 291 895 657 993 672 
Bin 19: 442 268 477 95 865 
Bin 20: 321 210 353 489 649 499 
Bin 21: 151 925 196 765 711 346 496 
Bin 22: 206 458 826 874 
Bin 23: 374 387 474 317 891 235 
Bin 24: 659 457 613 746 653 847 22 
Bin 25: 520 408 531 985 616 
Bin 26: 272 544 424 423 31 934 
Bin 27: 110 914 693 132 394 
Bin 28: 284 199 99 141 348 982 
Bin 29: 912 16 709 201 545 
Bin 30: 758 100 590 471 832 483 
Bin 31: 844 400 205 50 542 
Bin 32: 35 872 379 397 307 
Bin 33: 319 970 193 308 735 262 
Bin 34: 924 578 694 39 675 253 
Bin 35: 671 198 877 547 708 
Bin 36: 901 419 770 217 488 
Bin 37: 459 366 473 635 889 504 
Bin 38: 560 686 658 798 669 
Bin 39: 71 491 788 667 988 
Bin 40: 28 883 446 606 941 558 
Bin 41: 339 377 876 856 677 646 
Bin 42: 358 1 33 737 195 478 827 
Bin 43: 119 597 784 359 97 
Bin 44: 662 194 960 687 498 
Bin 45: 139 66 381 337 807 
Bin 46: 588 41 431 896 773 
Bin 47: 949 17 913 137 608 
Bin 48: 331 579 11 357 644 
Bin 49: 267 742 622 660 447 
Bin 50: 435 80 555 688 273 
Bin 51: 375 314 218 72 944 
Bin 52: 680 589 414 386 549 
Bin 53: 362 559 221 168 755 67 
Bin 54: 857 963 173 768 
Bin 55: 136 108 43 706 389 
Bin 56: 795 979 81 698 
Bin 57: 391 950 56 327 227 170 
Bin 58: 161 298 181 437 231 811 
Bin 59: 723 15 514 849 851 997 
Bin 60: 420 3 999 295 124 977 530 
Bin 61: 384 432 264 957 778 
Bin 62: 796 830 162 736 
Bin 63: 943 369 153 492 921 
Bin 64: 294 959 718 85 550 
Bin 65: 485 955 804 84 743 
Bin 66: 225 219 676 567 367 575 
Bin 67: 234 343 787 792 207 
Bin 68: 484 303 748 624 302 224 
Bin 69: 762 666 526 678 769 26 
Bin 70: 904 105 464 625 25 
Bin 71: 754 184 799 556 713 352 
Bin 72: 573 511 8 242 279 780 
Bin 73: 630 953 288 439 732 
Bin 74: 338 142 123 836 121 716 
Bin 75: 801 986 551 472 179 
Bin 76: 779 238 697 976 926 775 
Bin 77: 388 469 180 274 761 240 911 
Bin 78: 546 164 476 448 705 890 280 
Bin 79: 490 682 707 90 633 422 
Bin 80: 42 237 6 411 409 461 
Bin 81: 482 463 113 37 120 757 
Bin 82: 10 789 58 702 336 470 
Bin 83: 841 935 794 650 881 749 
Bin 84: 143 937 462 415 342 
Bin 85: 226 260 61 159 233 150 554 
Bin 86: 87 875 69 372 940 
Bin 87: 527 223 806 285 906 468 932 
Bin 88: 191 998 350 436 443 
Bin 89: 259 86 112 582 809 93 
Bin 90: 54 859 962 335 378 
Bin 91: 627 643 634 740 255 
Bin 92: 216 854 645 416 4 543 
Bin 93: 917 771 593 176 703 642 
Bin 94: 351 701 460 814 730 
Bin 95: 315 148 571 182 540 604 
Bin 96: 376 866 165 721 699 
Bin 97: 783 684 887 18 964 
Bin 98: 843 114 553 670 648 
Bin 99: 893 418 871 651 174 
Bin 100: 23 569 382 829 426 494 991 
Bin 101: 981 363 152 628 239 73 
Bin 102: 171 818 681 47 133 265 
Bin 103: 373 825 900 104 501 980 
Bin 104: 29 975 340 661 163 905 
Bin 105: 144 465 172 535 
Bin 106: 320 728 249 819 525 
Bin 107: 509 838 202 800 846 897 
Bin 108: 626 215 45 393 
Bin 109: 130 862 140 696 177 972 
Bin 110: 282 538 62 715 984 574 
Bin 111: 385 580 32 134 287 160 200 
Bin 112: 149 241 647 619 933 
Bin 113: 111 466 920 46 989 
Bin 114: 641 951 539 909 782 679 
Bin 115: 733 946 220 328 76 
Bin 116: 565 88 229 894 40 
Bin 117: 452 638 247 878 734 902 
Bin 118: 445 395 21 928 186 254 617 
Bin 119: 978 945 480 261 404 522 
Bin 120: 899 772 305 548 13 70 
Bin 121: 20 421 870 502 939 
Bin 122: 587 992 126 967 293 354 
Bin 123: 244 417 251 236 621 7 
Bin 124: 14 568 750 971 9 232 
Bin 125: 910 347 584 270 454 974 
Bin 126: 444 596 602 777 726 
Bin 127: 277 19 187 845 510 
Bin 128: 599 614 839 211 493 
Bin 129: 147 994 289 396 167 
Bin 130: 557 823 720 751 570 
Bin 131: 158 24 632 803 764 
Bin 132: 724 973 629 592 89 103 
Bin 133: 810 654 868 154 710 
Bin 134: 188 813 256 344 329 101 
Bin 135: 257 884 292 563 
Bin 136: 990 892 936 68 
Bin 137: 269 594 781 131 281 947 612 
Bin 138: 695 83 122 987 867 855 
Bin 139: 2 325 48 248 116 
Bin 140: 449 333 533 135 209 
Bin 141: 138 425 663 915 752 250 313 
Bin 142: 183 441 956 78 820 
Bin 143: 222 623 674 322 197 821 
Bin 144: 365 683 245 719 276 263 
Bin 145: 611 456 853 763 704 192 
Bin 146: 109 94 266 355 371 
Bin 147: 326 332 299 786 583 
Bin 148: 312 785 834 797 631 
Bin 149: 278 310 931 656 598 204 
Bin 150: 850 390 961 805 360 767 
Bin 151: 561 668 840 831 566 405 
Bin 152: 290 541 729 345 595 438 983 
Bin 153: 923 185 828 115 747 903 837 
Bin 154: 38 398 930 585 399 
Bin 155: 858 886 383 524 523 
Bin 156: 318 636 966 479 885 
Bin 157: 508 453 297 562 60 334 
Bin 158: 577 880 739 77 296 
Bin 159: 356 64 996 430 537 
Bin 160: 118 156 745 406 518 497 
Bin 161: 30 475 690 301 
Bin 162: 952 505 507 861 53 52 
Bin 163: 552 246 258 364 586 
Bin 164: 712 808 958 521 591 
Bin 165: 212 863 402 700 102 929 
Bin 166: 146 918 731 300 203 
Bin 167: 640 692 756 55 969 
Bin 168: 82 44 27 528 848 519 
Bin 169: 392 864 639 208 
Bin 170: 738 515 407 766 
Bin 171: 802 230 965 74 852 609 
Bin 172: 178 36 581 938 
Bin 173: 323 888 309 157 155 714 
Bin 174: 516 873 63 380 774 753 
Bin 175: 815 117 228 618 275 637 
Bin 176: 816 306 817 433 
Bin 177: 361 271 605 5 
Bin 178: 842 529 428 75 450 107 
Bin 179: 0 833 725 403 
Bin 180: 311 620 835 954 
Bin 181: 190 572 741 324 
Bin 182: 744 727 
