# Objective: 75
# Time: 33.9226
# Feasible: 1
# Solution:
Bin 0: 360 256 497 257 322 370 45 384 
Bin 1: 442 196 65 346 311 494 
Bin 2: 349 162 290 303 320 288 466 147 
Bin 3: 403 183 458 84 426 151 
Bin 4: 123 486 499 111 481 1 372 26 
Bin 5: 377 460 64 67 267 278 
Bin 6: 241 432 18 236 321 221 89 297 
Bin 7: 121 146 310 364 415 318 328 329 
Bin 8: 140 411 10 109 92 
Bin 9: 11 213 375 90 52 160 488 308 
Bin 10: 214 439 31 473 83 476 495 
Bin 11: 194 36 333 15 424 276 53 483 
Bin 12: 469 293 185 124 363 335 392 
Bin 13: 327 294 38 12 387 482 152 
Bin 14: 34 399 435 148 253 70 408 
Bin 15: 122 246 46 98 33 171 
Bin 16: 158 298 191 443 341 465 166 
Bin 17: 450 20 262 42 138 5 235 104 
Bin 18: 245 106 88 51 74 56 
Bin 19: 301 4 217 484 75 
Bin 20: 461 223 334 169 216 231 470 
Bin 21: 366 79 78 29 181 383 
Bin 22: 54 159 107 232 272 491 
Bin 23: 172 331 345 200 361 356 358 
Bin 24: 394 230 493 101 313 427 
Bin 25: 136 114 68 388 39 239 215 
Bin 26: 32 86 417 337 50 142 
Bin 27: 132 407 30 225 134 205 
Bin 28: 220 13 252 264 340 144 
Bin 29: 128 150 97 376 284 355 
Bin 30: 82 7 406 475 164 410 
Bin 31: 115 163 398 189 368 40 307 
Bin 32: 351 449 271 37 219 339 440 
Bin 33: 485 209 302 286 100 434 165 
Bin 34: 275 389 425 207 157 296 437 
Bin 35: 254 250 463 193 224 66 149 
Bin 36: 179 85 474 24 62 393 143 
Bin 37: 292 430 22 315 492 77 
Bin 38: 94 96 445 498 35 120 187 
Bin 39: 279 380 2 247 99 462 
Bin 40: 199 479 385 371 378 28 429 
Bin 41: 117 273 69 48 240 155 455 
Bin 42: 338 448 113 421 161 135 342 
Bin 43: 386 369 211 208 420 61 203 
Bin 44: 414 6 58 306 289 277 
Bin 45: 438 347 381 27 343 80 
Bin 46: 186 489 133 60 274 119 176 
Bin 47: 467 477 234 295 379 280 229 9 
Bin 48: 105 480 173 314 201 312 285 404 
Bin 49: 103 139 457 218 397 202 350 
Bin 50: 299 255 259 454 43 400 182 
Bin 51: 396 433 145 405 137 401 324 
Bin 52: 248 198 266 416 419 453 
Bin 53: 422 390 184 130 261 81 
Bin 54: 409 436 367 228 63 447 
Bin 55: 305 336 478 359 362 222 125 330 
Bin 56: 233 317 95 418 141 451 
Bin 57: 174 238 87 116 423 102 
Bin 58: 291 391 283 459 59 281 354 
Bin 59: 269 357 441 212 21 487 177 
Bin 60: 17 0 71 402 49 41 431 
Bin 61: 464 23 244 258 325 
Bin 62: 468 131 175 127 170 326 472 
Bin 63: 112 180 260 44 471 91 249 
Bin 64: 154 413 412 118 287 156 268 
Bin 65: 19 153 265 428 25 93 242 
Bin 66: 382 304 226 188 496 76 332 
Bin 67: 353 395 73 47 192 178 251 
Bin 68: 444 344 373 110 227 374 
Bin 69: 237 57 452 195 323 72 
Bin 70: 300 108 129 168 14 55 197 
Bin 71: 206 210 263 8 316 190 
Bin 72: 456 282 348 446 309 204 
Bin 73: 3 365 352 126 490 
Bin 74: 270 243 319 167 16 
