# Objective: 75
# Time: 56.2211
# Feasible: 1
# Solution:
Bin 0: 79 414 60 186 273 473 107 
Bin 1: 338 194 105 59 343 179 
Bin 2: 74 268 277 15 444 305 
Bin 3: 392 228 180 254 9 11 136 
Bin 4: 134 409 410 365 340 
Bin 5: 222 33 257 317 229 50 62 148 
Bin 6: 480 12 88 199 446 82 479 
Bin 7: 198 210 415 440 297 445 301 
Bin 8: 8 36 143 65 163 258 434 493 
Bin 9: 13 270 83 469 147 241 285 
Bin 10: 90 67 316 383 99 371 
Bin 11: 2 453 239 202 166 96 114 37 
Bin 12: 319 451 426 146 54 367 
Bin 13: 373 385 51 24 213 243 
Bin 14: 262 168 318 125 380 303 
Bin 15: 476 386 52 379 86 249 
Bin 16: 474 293 296 178 209 289 
Bin 17: 417 165 443 130 182 356 116 
Bin 18: 395 73 489 259 85 240 400 
Bin 19: 407 205 433 219 352 360 
Bin 20: 269 447 272 104 267 276 348 
Bin 21: 160 475 16 32 486 232 
Bin 22: 38 421 393 102 459 253 78 
Bin 23: 283 481 127 46 344 336 218 
Bin 24: 217 48 377 97 314 
Bin 25: 403 463 145 490 238 20 390 
Bin 26: 221 181 41 335 324 398 263 
Bin 27: 295 93 461 211 310 149 
Bin 28: 236 30 412 169 206 288 353 448 382 
Bin 29: 162 193 408 495 329 484 248 
Bin 30: 244 39 225 164 278 404 216 
Bin 31: 138 291 387 397 420 376 
Bin 32: 126 175 488 84 320 355 281 
Bin 33: 494 231 204 464 246 29 330 
Bin 34: 313 287 450 220 44 189 423 
Bin 35: 156 342 195 128 309 362 
Bin 36: 68 357 294 141 131 108 436 
Bin 37: 394 350 399 435 56 498 223 35 
Bin 38: 111 321 308 346 470 142 19 
Bin 39: 483 369 75 333 22 95 366 
Bin 40: 124 472 91 176 431 103 401 266 45 129 
Bin 41: 279 265 496 441 5 491 
Bin 42: 247 468 275 492 26 109 485 174 
Bin 43: 332 154 28 122 467 92 439 
Bin 44: 428 31 135 98 374 
Bin 45: 72 1 184 460 364 331 212 300 430 
Bin 46: 203 282 161 196 359 120 208 
Bin 47: 153 40 322 43 224 425 190 
Bin 48: 76 462 429 119 361 
Bin 49: 27 123 192 230 438 271 
Bin 50: 419 170 323 252 171 311 499 70 
Bin 51: 260 183 372 422 87 23 
Bin 52: 191 47 100 207 158 69 89 388 
Bin 53: 55 234 187 424 290 117 
Bin 54: 458 251 152 363 214 477 
Bin 55: 188 378 347 351 18 17 
Bin 56: 391 406 139 132 452 215 
Bin 57: 345 80 284 250 370 337 227 307 106 286 
Bin 58: 478 304 299 389 471 155 
Bin 59: 255 411 61 71 381 418 
Bin 60: 466 200 482 328 315 101 256 49 
Bin 61: 465 327 375 64 167 235 150 
Bin 62: 455 201 121 326 264 58 
Bin 63: 118 157 233 261 487 325 341 
Bin 64: 21 349 159 53 368 274 245 
Bin 65: 63 6 4 177 334 449 
Bin 66: 427 112 413 442 432 
Bin 67: 25 416 173 94 57 137 
Bin 68: 115 151 242 0 237 497 
Bin 69: 81 140 302 3 172 226 66 
Bin 70: 292 113 456 34 7 396 
Bin 71: 298 354 457 110 144 405 
Bin 72: 312 197 77 42 339 10 
Bin 73: 358 437 14 306 454 
Bin 74: 384 133 280 402 185 
