# Objective: 21
# Time: 6.7333
# Feasible: 1
# Solution:
Bin 0: 91 5 100 76 64 24 65 
Bin 1: 110 84 83 57 68 
Bin 2: 0 28 40 103 114 70 86 
Bin 3: 98 37 52 26 80 
Bin 4: 34 4 36 20 9 
Bin 5: 41 48 16 32 90 117 1 
Bin 6: 29 96 66 73 35 115 
Bin 7: 25 42 23 50 62 14 
Bin 8: 105 17 99 45 39 97 111 
Bin 9: 82 85 30 55 116 27 
Bin 10: 53 67 95 63 54 
Bin 11: 10 92 119 109 31 
Bin 12: 101 3 74 33 61 
Bin 13: 78 15 49 19 94 77 
Bin 14: 112 43 89 21 75 8 
Bin 15: 71 12 46 72 118 51 
Bin 16: 69 60 107 47 44 13 
Bin 17: 22 2 81 93 7 
Bin 18: 6 104 38 59 58 18 
Bin 19: 108 113 79 11 102 
Bin 20: 87 106 56 88 
