# Objective: 81
# Time: 37.7509
# Feasible: 1
# Solution:
Bin 0: 11 172 330 398 89 267 427 374 
Bin 1: 352 378 304 121 311 167 64 
Bin 2: 285 102 185 66 362 310 
Bin 3: 186 258 287 0 170 53 36 420 
Bin 4: 383 32 141 349 414 145 
Bin 5: 372 56 235 118 468 138 
Bin 6: 52 317 6 181 29 239 270 
Bin 7: 277 232 157 485 249 
Bin 8: 320 471 261 400 72 210 
Bin 9: 253 159 8 153 458 
Bin 10: 17 139 259 326 394 234 
Bin 11: 477 336 119 358 290 306 
Bin 12: 278 251 233 85 136 431 416 
Bin 13: 488 92 42 30 131 33 
Bin 14: 213 192 391 191 184 479 
Bin 15: 386 309 87 24 417 123 
Bin 16: 405 211 219 421 165 26 182 373 
Bin 17: 49 436 31 366 450 325 
Bin 18: 20 242 284 395 106 175 
Bin 19: 183 396 371 404 100 248 
Bin 20: 283 351 449 196 382 388 18 
Bin 21: 27 240 207 71 499 475 62 
Bin 22: 299 268 334 82 216 142 
Bin 23: 5 282 380 117 171 303 379 223 
Bin 24: 2 212 276 54 428 
Bin 25: 491 467 348 387 126 328 
Bin 26: 308 430 57 389 101 130 96 
Bin 27: 152 390 109 246 409 194 156 
Bin 28: 59 447 410 169 12 365 
Bin 29: 413 198 493 51 273 385 
Bin 30: 460 494 356 496 350 355 133 
Bin 31: 243 312 161 43 257 114 294 
Bin 32: 91 132 205 76 319 187 
Bin 33: 474 61 70 217 269 281 
Bin 34: 222 25 441 173 63 93 218 
Bin 35: 227 486 288 112 361 65 286 
Bin 36: 155 357 214 367 247 148 168 
Bin 37: 97 105 75 10 291 60 442 
Bin 38: 79 197 437 456 484 44 
Bin 39: 113 341 455 492 393 498 
Bin 40: 403 262 135 266 34 347 429 
Bin 41: 215 482 50 459 376 265 
Bin 42: 229 343 81 315 381 384 
Bin 43: 369 435 21 83 462 
Bin 44: 41 415 307 490 412 120 
Bin 45: 327 272 95 296 324 
Bin 46: 238 116 434 188 424 344 134 
Bin 47: 457 111 180 483 250 445 19 28 
Bin 48: 193 22 497 295 115 469 1 
Bin 49: 189 354 481 423 86 140 
Bin 50: 463 80 425 337 260 342 209 
Bin 51: 37 322 316 360 125 
Bin 52: 16 411 103 321 252 408 
Bin 53: 478 397 298 88 275 13 399 
Bin 54: 301 143 151 230 241 
Bin 55: 401 46 67 244 279 452 
Bin 56: 179 345 422 323 237 
Bin 57: 280 338 293 353 137 47 
Bin 58: 368 110 90 407 99 224 271 
Bin 59: 98 454 128 332 74 
Bin 60: 48 476 254 162 377 
Bin 61: 208 440 433 339 174 331 
Bin 62: 402 228 203 464 164 45 
Bin 63: 176 39 300 108 245 438 178 
Bin 64: 318 359 465 370 333 432 
Bin 65: 406 129 146 473 439 
Bin 66: 166 255 292 35 225 69 
Bin 67: 104 340 461 263 329 4 
Bin 68: 226 15 40 149 487 124 94 
Bin 69: 204 289 177 84 38 221 495 
Bin 70: 364 274 443 144 201 78 
Bin 71: 23 190 147 264 14 
Bin 72: 206 160 418 297 453 195 
Bin 73: 7 150 314 444 107 313 
Bin 74: 127 451 122 375 472 58 
Bin 75: 231 489 73 163 305 
Bin 76: 3 392 446 55 480 
Bin 77: 154 302 363 419 256 
Bin 78: 199 77 448 68 220 
Bin 79: 426 158 236 470 346 335 
Bin 80: 200 466 9 202 
