# Objective: 158
# Time: 152.86
# Feasible: 1
# Solution:
Bin 0: 193 924 937 506 747 426 879 
Bin 1: 509 940 17 691 98 397 
Bin 2: 759 159 227 883 101 
Bin 3: 748 385 190 847 435 
Bin 4: 339 534 34 161 416 
Bin 5: 315 136 555 665 567 890 
Bin 6: 682 479 854 250 897 604 
Bin 7: 66 113 335 10 936 367 861 671 
Bin 8: 961 736 584 436 851 287 
Bin 9: 598 211 617 840 154 234 
Bin 10: 208 632 94 474 371 739 
Bin 11: 352 809 77 186 56 812 943 
Bin 12: 7 258 257 855 537 
Bin 13: 626 215 194 608 224 273 
Bin 14: 456 899 115 475 97 480 
Bin 15: 160 696 573 601 491 87 431 
Bin 16: 28 295 223 966 354 595 
Bin 17: 528 38 550 675 562 667 703 
Bin 18: 219 473 1 180 945 205 236 663 
Bin 19: 20 535 63 548 338 210 484 631 
Bin 20: 333 235 952 341 230 36 828 
Bin 21: 329 906 16 364 964 228 185 648 
Bin 22: 23 666 275 700 453 876 428 
Bin 23: 438 612 492 406 200 498 433 313 
Bin 24: 585 102 718 637 516 490 446 
Bin 25: 311 308 686 201 973 634 950 730 
Bin 26: 128 43 520 831 789 645 823 
Bin 27: 323 468 981 875 576 814 221 
Bin 28: 108 232 294 587 824 449 678 
Bin 29: 49 939 658 757 919 505 
Bin 30: 127 893 641 735 305 918 999 396 904 
Bin 31: 422 979 798 203 762 969 721 
Bin 32: 458 835 359 574 299 330 319 
Bin 33: 314 570 465 575 543 212 
Bin 34: 488 168 467 477 407 731 
Bin 35: 928 6 900 35 417 933 
Bin 36: 300 237 878 993 27 443 
Bin 37: 529 530 606 621 485 254 
Bin 38: 778 231 207 277 712 
Bin 39: 646 84 873 279 357 622 486 
Bin 40: 370 4 980 378 628 997 841 
Bin 41: 386 410 214 125 156 594 264 
Bin 42: 216 199 683 965 522 372 
Bin 43: 362 955 117 613 553 392 772 
Bin 44: 472 182 970 514 109 
Bin 45: 811 170 325 52 140 451 
Bin 46: 813 204 971 780 725 460 
Bin 47: 158 131 48 889 808 967 625 
Bin 48: 519 938 956 261 642 764 853 
Bin 49: 832 398 29 494 366 869 850 
Bin 50: 31 389 954 332 5 986 887 
Bin 51: 206 151 525 807 886 409 
Bin 52: 429 245 844 968 527 246 
Bin 53: 763 650 373 578 885 
Bin 54: 286 868 983 524 22 511 680 
Bin 55: 513 864 382 380 951 921 
Bin 56: 222 796 963 444 916 726 533 
Bin 57: 871 820 698 755 561 188 376 
Bin 58: 727 86 80 800 542 447 701 
Bin 59: 773 45 794 569 59 510 503 
Bin 60: 54 582 785 743 568 536 134 
Bin 61: 379 896 175 322 139 342 972 
Bin 62: 104 531 588 750 192 822 
Bin 63: 862 324 448 552 358 647 
Bin 64: 217 917 942 668 2 681 
Bin 65: 546 47 309 37 302 317 619 
Bin 66: 46 61 707 962 732 440 654 
Bin 67: 130 765 656 274 271 556 
Bin 68: 423 922 892 189 347 79 
Bin 69: 260 692 368 630 662 
Bin 70: 377 539 418 934 9 495 688 
Bin 71: 557 304 607 369 452 152 
Bin 72: 728 998 135 303 21 187 
Bin 73: 797 298 91 218 810 288 870 
Bin 74: 989 172 737 336 430 439 476 255 
Bin 75: 164 464 803 859 82 722 345 
Bin 76: 81 629 881 858 944 256 326 
Bin 77: 911 306 792 806 445 
Bin 78: 627 830 420 526 618 419 738 146 
Bin 79: 500 53 639 684 351 744 
Bin 80: 454 754 915 478 291 948 355 
Bin 81: 253 103 178 856 652 877 
Bin 82: 781 974 538 905 695 116 
Bin 83: 745 788 106 497 865 833 
Bin 84: 337 704 880 931 281 457 723 
Bin 85: 926 280 39 517 251 363 549 263 
Bin 86: 209 26 987 455 581 623 353 
Bin 87: 947 390 837 913 829 402 434 
Bin 88: 233 265 65 493 733 387 107 
Bin 89: 248 119 88 941 114 610 592 
Bin 90: 483 92 891 270 316 982 
Bin 91: 132 508 507 95 836 463 
Bin 92: 677 148 307 849 177 13 
Bin 93: 144 960 8 976 334 
Bin 94: 421 30 202 860 638 
Bin 95: 624 635 58 715 935 137 
Bin 96: 141 674 12 910 41 70 
Bin 97: 949 714 90 909 50 111 349 
Bin 98: 504 740 259 320 55 427 
Bin 99: 523 734 741 11 44 676 
Bin 100: 64 776 243 558 18 
Bin 101: 925 469 932 176 408 
Bin 102: 659 383 572 819 958 793 679 
Bin 103: 660 461 249 804 424 328 540 120 
Bin 104: 988 775 616 284 67 874 292 
Bin 105: 795 699 471 566 716 244 
Bin 106: 181 0 838 614 121 470 708 
Bin 107: 110 502 415 702 83 515 
Bin 108: 589 749 657 289 318 544 
Bin 109: 713 62 57 590 651 895 
Bin 110: 685 226 752 843 554 
Bin 111: 173 96 283 356 220 147 996 
Bin 112: 399 690 71 693 105 400 545 
Bin 113: 901 758 312 894 649 579 
Bin 114: 643 343 597 268 123 
Bin 115: 501 267 783 157 826 547 816 
Bin 116: 565 138 350 852 149 
Bin 117: 834 124 162 670 72 331 
Bin 118: 914 591 920 381 496 644 551 
Bin 119: 169 33 112 564 615 171 
Bin 120: 269 401 532 466 174 40 
Bin 121: 857 845 953 122 929 661 
Bin 122: 599 978 411 310 791 903 
Bin 123: 766 719 769 238 191 24 
Bin 124: 571 990 100 518 179 78 
Bin 125: 278 817 774 327 908 673 
Bin 126: 609 664 118 450 348 977 825 
Bin 127: 756 802 60 694 821 
Bin 128: 395 995 69 560 863 129 
Bin 129: 720 361 388 165 183 827 
Bin 130: 145 85 711 93 746 143 
Bin 131: 760 842 777 580 375 839 
Bin 132: 782 687 442 946 481 888 
Bin 133: 374 297 3 459 195 74 432 
Bin 134: 15 672 697 882 611 229 
Bin 135: 167 99 241 126 360 742 404 
Bin 136: 239 365 753 898 872 198 
Bin 137: 729 815 985 866 
Bin 138: 68 593 786 577 25 290 
Bin 139: 959 655 42 636 441 991 340 
Bin 140: 992 799 425 653 846 394 717 
Bin 141: 405 252 751 276 413 282 
Bin 142: 346 805 770 709 32 521 
Bin 143: 848 14 559 51 184 240 384 
Bin 144: 393 266 153 482 462 437 
Bin 145: 640 301 984 930 768 710 
Bin 146: 767 596 602 344 724 541 
Bin 147: 583 923 499 563 586 
Bin 148: 89 620 761 391 907 19 197 
Bin 149: 75 412 771 403 155 912 142 
Bin 150: 605 705 73 633 975 166 
Bin 151: 603 927 600 133 296 669 
Bin 152: 801 994 293 779 414 272 
Bin 153: 247 262 790 818 
Bin 154: 689 957 150 902 285 884 
Bin 155: 196 787 867 784 242 
Bin 156: 512 487 489 321 76 
Bin 157: 225 706 213 163 
