# Objective: 149
# Time: 194.845
# Feasible: 1
# Solution:
Bin 0: 121 24 495 9 626 17 
Bin 1: 604 578 249 549 352 744 171 
Bin 2: 82 156 410 932 161 860 
Bin 3: 8 531 320 436 298 907 416 16 
Bin 4: 453 632 122 223 500 314 791 32 682 
Bin 5: 380 395 265 353 987 562 274 
Bin 6: 655 828 598 18 903 158 482 
Bin 7: 403 433 494 412 452 219 
Bin 8: 952 767 30 638 545 735 547 559 
Bin 9: 801 661 994 357 913 
Bin 10: 222 261 168 981 921 251 
Bin 11: 893 669 238 882 310 63 414 
Bin 12: 950 766 366 917 100 205 881 568 
Bin 13: 55 897 139 164 776 220 629 
Bin 14: 831 247 875 488 293 358 886 
Bin 15: 279 977 909 267 902 131 289 
Bin 16: 704 652 475 968 393 41 
Bin 17: 685 557 277 318 260 998 676 
Bin 18: 539 245 729 824 692 142 
Bin 19: 186 50 10 391 918 458 
Bin 20: 896 954 664 863 771 876 579 53 
Bin 21: 52 782 286 269 949 985 673 
Bin 22: 170 160 105 888 143 601 305 
Bin 23: 478 926 796 73 810 230 149 920 805 
Bin 24: 541 141 79 709 362 
Bin 25: 276 422 466 563 660 958 242 693 321 758 
Bin 26: 173 199 754 465 916 542 361 
Bin 27: 991 375 739 281 96 203 663 872 
Bin 28: 928 765 27 817 747 551 372 
Bin 29: 483 654 183 74 159 
Bin 30: 415 29 678 103 620 6 177 
Bin 31: 614 70 226 370 889 250 790 
Bin 32: 731 807 814 732 983 919 838 
Bin 33: 104 518 681 980 701 712 
Bin 34: 512 209 128 802 536 386 37 408 736 
Bin 35: 181 481 689 1 759 752 613 167 
Bin 36: 683 273 228 757 138 936 134 146 503 
Bin 37: 602 369 710 695 430 340 
Bin 38: 999 675 717 239 698 445 
Bin 39: 153 869 60 406 520 89 
Bin 40: 528 939 15 667 68 419 300 713 
Bin 41: 590 85 210 262 555 83 235 
Bin 42: 595 135 611 295 643 841 
Bin 43: 666 808 588 538 775 
Bin 44: 233 724 477 81 34 365 456 
Bin 45: 90 363 780 922 616 978 457 784 
Bin 46: 302 718 48 532 749 708 
Bin 47: 599 993 911 892 561 829 847 
Bin 48: 411 470 40 635 256 196 
Bin 49: 984 244 850 856 854 938 471 
Bin 50: 409 842 645 826 120 280 
Bin 51: 294 866 832 200 677 350 92 
Bin 52: 379 351 2 426 335 76 339 468 
Bin 53: 725 308 608 474 879 650 480 
Bin 54: 492 967 190 418 746 822 900 818 
Bin 55: 792 546 87 961 871 642 188 924 
Bin 56: 360 221 572 57 3 597 
Bin 57: 169 617 449 440 948 501 
Bin 58: 42 116 819 674 429 651 550 901 
Bin 59: 36 905 341 115 19 402 
Bin 60: 252 544 498 491 637 217 
Bin 61: 696 390 769 915 585 971 
Bin 62: 946 13 376 59 162 151 
Bin 63: 204 241 859 243 108 248 671 313 
Bin 64: 327 798 951 392 934 665 
Bin 65: 783 431 722 184 0 
Bin 66: 837 874 207 890 526 646 14 
Bin 67: 504 727 455 84 39 925 
Bin 68: 432 80 648 292 291 740 
Bin 69: 229 912 99 216 479 960 
Bin 70: 884 88 384 442 373 31 670 
Bin 71: 58 343 779 344 182 768 836 
Bin 72: 506 560 378 910 323 962 
Bin 73: 224 145 857 101 990 447 774 338 
Bin 74: 157 397 762 887 570 787 
Bin 75: 439 827 573 266 799 473 906 
Bin 76: 438 627 102 923 446 476 127 
Bin 77: 535 454 381 519 815 54 988 
Bin 78: 202 107 591 624 78 797 7 
Bin 79: 644 497 510 263 534 679 778 862 
Bin 80: 610 891 195 877 861 957 25 
Bin 81: 756 312 750 275 636 97 
Bin 82: 185 707 423 322 472 111 816 
Bin 83: 908 525 315 282 625 46 507 
Bin 84: 179 772 509 721 194 804 
Bin 85: 129 255 992 813 989 359 806 94 
Bin 86: 72 218 154 658 785 175 
Bin 87: 11 150 47 870 126 976 878 630 
Bin 88: 680 413 553 231 659 214 346 
Bin 89: 324 288 434 569 405 607 605 979 
Bin 90: 489 694 137 234 400 
Bin 91: 45 852 193 301 306 140 714 427 
Bin 92: 163 700 996 537 460 28 628 593 
Bin 93: 387 706 965 51 44 
Bin 94: 356 237 927 753 484 982 
Bin 95: 941 849 257 201 155 973 730 580 130 
Bin 96: 885 606 64 514 328 326 404 172 619 
Bin 97: 623 325 348 728 334 853 166 
Bin 98: 640 699 119 603 309 213 
Bin 99: 763 389 846 176 316 485 
Bin 100: 820 880 737 332 337 935 
Bin 101: 929 873 35 745 377 136 521 398 
Bin 102: 165 508 649 71 914 867 943 
Bin 103: 437 212 574 464 401 264 586 
Bin 104: 511 647 522 106 23 12 
Bin 105: 940 743 33 385 931 407 609 283 
Bin 106: 91 589 942 970 748 448 95 
Bin 107: 123 716 287 61 633 
Bin 108: 565 296 441 240 66 394 
Bin 109: 789 686 764 75 726 374 527 
Bin 110: 834 333 566 596 435 742 
Bin 111: 285 751 587 937 461 487 
Bin 112: 4 451 303 656 98 
Bin 113: 533 540 180 944 178 192 
Bin 114: 319 505 715 883 187 144 246 331 
Bin 115: 577 720 444 955 513 330 575 
Bin 116: 959 969 634 975 147 
Bin 117: 723 615 777 697 270 711 
Bin 118: 947 443 486 336 215 
Bin 119: 428 823 995 420 833 
Bin 120: 86 77 148 349 839 
Bin 121: 236 462 899 564 523 67 
Bin 122: 930 974 20 383 421 368 
Bin 123: 793 284 898 517 690 515 
Bin 124: 259 113 208 558 584 997 
Bin 125: 354 502 825 864 843 258 641 311 738 
Bin 126: 734 496 272 388 307 268 
Bin 127: 345 576 719 227 687 109 132 554 
Bin 128: 271 112 459 152 114 
Bin 129: 342 612 543 688 794 933 945 417 
Bin 130: 571 855 895 43 844 117 490 5 
Bin 131: 786 524 463 556 278 868 
Bin 132: 963 38 552 760 582 705 253 
Bin 133: 529 858 592 371 986 
Bin 134: 329 956 232 133 297 516 600 
Bin 135: 803 755 812 355 548 830 425 668 
Bin 136: 399 499 364 684 773 
Bin 137: 639 972 691 662 770 347 467 198 
Bin 138: 493 848 530 581 22 
Bin 139: 840 800 809 672 583 191 174 811 
Bin 140: 56 894 118 657 702 761 
Bin 141: 189 703 49 851 26 
Bin 142: 567 93 110 206 788 865 964 211 
Bin 143: 741 424 299 197 124 795 622 
Bin 144: 835 845 904 450 317 
Bin 145: 966 21 821 621 254 69 
Bin 146: 367 225 733 125 953 396 
Bin 147: 618 382 304 65 469 
Bin 148: 290 781 653 594 62 631 
