# Objective: 19
# Time: 4.43016
# Feasible: 1
# Solution:
Bin 0: 24 65 78 62 66 83 57 
Bin 1: 3 11 79 7 41 88 103 
Bin 2: 29 87 25 67 105 71 110 
Bin 3: 54 59 116 2 34 44 31 
Bin 4: 86 6 1 38 117 51 
Bin 5: 95 115 23 43 60 
Bin 6: 26 39 77 56 17 53 9 
Bin 7: 49 85 113 106 42 97 
Bin 8: 73 100 55 74 98 102 15 
Bin 9: 96 76 12 108 61 35 
Bin 10: 18 64 5 27 89 92 40 
Bin 11: 10 16 30 50 104 45 19 
Bin 12: 94 14 80 112 32 
Bin 13: 82 0 8 111 109 
Bin 14: 69 114 91 20 22 33 36 
Bin 15: 63 75 58 68 37 21 48 
Bin 16: 90 72 84 46 4 93 
Bin 17: 107 52 119 118 101 13 
Bin 18: 47 81 28 70 99 
