# Objective: 156
# Time: 352.79
# Feasible: 1
# Solution:
Bin 0: 377 628 213 52 16 726 603 583 719 554 
Bin 1: 854 179 988 430 340 209 
Bin 2: 686 941 838 948 390 509 657 17 
Bin 3: 268 63 444 240 266 367 174 794 
Bin 4: 456 663 618 74 912 327 49 
Bin 5: 420 781 296 486 814 335 312 637 
Bin 6: 728 362 342 311 907 525 
Bin 7: 121 774 51 358 996 449 669 
Bin 8: 632 664 595 582 265 757 682 833 
Bin 9: 380 884 292 200 371 237 519 
Bin 10: 639 750 320 961 584 382 
Bin 11: 122 631 779 181 568 879 
Bin 12: 161 150 62 134 65 178 526 
Bin 13: 698 21 880 699 978 271 474 
Bin 14: 484 906 528 986 148 10 3 
Bin 15: 791 322 156 140 882 198 977 
Bin 16: 55 477 288 501 690 949 
Bin 17: 334 333 718 553 759 69 
Bin 18: 823 431 379 551 203 
Bin 19: 931 839 914 124 928 309 708 951 703 
Bin 20: 673 706 829 564 120 129 
Bin 21: 36 953 287 301 211 858 68 
Bin 22: 282 125 353 357 745 130 
Bin 23: 514 656 167 761 497 330 
Bin 24: 648 692 248 494 493 413 1 
Bin 25: 724 41 870 110 687 610 405 901 
Bin 26: 737 793 613 980 644 412 
Bin 27: 136 862 354 91 890 721 940 
Bin 28: 853 96 254 88 401 688 
Bin 29: 938 962 754 251 231 385 
Bin 30: 957 234 542 736 971 601 173 982 
Bin 31: 758 398 46 185 701 795 35 
Bin 32: 227 24 935 406 811 868 534 
Bin 33: 71 344 82 617 909 543 242 
Bin 34: 902 645 218 624 439 577 
Bin 35: 33 777 813 805 585 
Bin 36: 552 433 976 911 735 160 
Bin 37: 137 435 365 615 990 743 
Bin 38: 808 753 767 919 442 548 476 222 
Bin 39: 609 602 465 801 545 532 
Bin 40: 974 460 622 417 681 775 
Bin 41: 776 652 604 116 999 480 
Bin 42: 171 712 306 443 159 393 502 
Bin 43: 567 835 272 40 310 
Bin 44: 452 955 593 598 76 400 
Bin 45: 39 258 689 192 875 423 255 359 
Bin 46: 147 2 317 154 536 888 489 
Bin 47: 506 958 297 954 892 946 118 
Bin 48: 374 459 451 513 441 579 
Bin 49: 86 84 740 145 596 850 
Bin 50: 111 985 691 512 139 658 803 
Bin 51: 114 447 755 517 339 457 
Bin 52: 341 369 855 599 867 187 
Bin 53: 733 917 103 249 58 920 878 
Bin 54: 495 473 539 434 732 714 5 
Bin 55: 894 529 418 142 302 942 
Bin 56: 968 620 723 825 208 667 560 
Bin 57: 26 112 800 85 866 540 
Bin 58: 57 769 711 217 366 642 
Bin 59: 256 106 491 260 261 684 660 659 
Bin 60: 429 981 843 409 550 965 
Bin 61: 375 43 796 496 822 467 
Bin 62: 672 315 742 238 99 47 207 873 
Bin 63: 522 215 492 830 799 842 314 
Bin 64: 594 25 280 569 751 676 
Bin 65: 661 521 626 123 31 436 
Bin 66: 504 253 741 336 389 316 131 
Bin 67: 852 164 674 468 193 510 
Bin 68: 485 20 56 210 783 694 847 
Bin 69: 913 739 482 824 812 386 
Bin 70: 752 195 557 865 508 488 
Bin 71: 363 64 702 397 790 524 269 
Bin 72: 15 172 454 28 97 900 995 
Bin 73: 66 267 574 621 828 943 
Bin 74: 675 893 952 535 53 170 
Bin 75: 361 860 216 100 713 196 
Bin 76: 705 450 520 395 483 262 973 
Bin 77: 323 275 956 144 94 
Bin 78: 50 18 500 744 388 695 
Bin 79: 778 670 246 475 426 925 
Bin 80: 157 59 0 80 844 383 
Bin 81: 12 834 247 245 787 190 
Bin 82: 481 709 223 760 214 368 
Bin 83: 635 276 446 643 350 89 
Bin 84: 939 555 224 281 725 576 
Bin 85: 818 102 505 629 898 188 23 
Bin 86: 785 717 511 820 202 239 666 
Bin 87: 373 197 649 992 747 806 458 
Bin 88: 899 722 307 897 421 337 530 
Bin 89: 765 284 479 332 355 205 
Bin 90: 153 960 558 191 851 90 989 
Bin 91: 600 923 810 883 48 219 
Bin 92: 325 916 697 802 117 856 
Bin 93: 115 259 279 141 343 864 
Bin 94: 274 573 885 177 547 356 807 
Bin 95: 232 448 313 32 331 967 
Bin 96: 766 11 257 384 338 910 416 
Bin 97: 979 455 710 105 30 176 518 
Bin 98: 183 592 294 832 627 119 546 
Bin 99: 189 378 241 204 668 
Bin 100: 562 636 950 38 73 922 786 151 
Bin 101: 815 662 158 841 677 411 782 
Bin 102: 407 75 959 29 243 
Bin 103: 108 804 863 789 324 693 515 
Bin 104: 22 678 127 578 730 715 60 597 
Bin 105: 874 229 527 471 351 109 
Bin 106: 132 784 861 226 300 372 
Bin 107: 734 348 304 831 572 653 
Bin 108: 165 92 748 538 556 168 729 
Bin 109: 44 427 346 872 891 432 
Bin 110: 983 641 588 95 587 469 182 
Bin 111: 329 194 964 638 206 126 
Bin 112: 408 463 945 817 665 975 848 
Bin 113: 607 498 566 590 756 199 466 
Bin 114: 424 887 252 537 544 
Bin 115: 746 299 889 819 9 410 792 
Bin 116: 391 277 969 871 605 
Bin 117: 402 152 700 993 507 614 
Bin 118: 291 376 425 414 606 612 
Bin 119: 278 837 285 437 845 461 
Bin 120: 54 749 932 87 404 212 997 
Bin 121: 415 930 93 79 589 575 230 
Bin 122: 651 328 303 994 683 
Bin 123: 201 549 771 926 908 453 
Bin 124: 798 273 149 857 396 671 
Bin 125: 970 608 143 364 936 591 
Bin 126: 184 478 896 235 963 937 
Bin 127: 565 773 233 326 270 81 
Bin 128: 886 915 345 490 394 
Bin 129: 19 290 166 859 809 104 
Bin 130: 731 780 533 360 135 78 8 
Bin 131: 716 503 927 738 403 
Bin 132: 523 399 696 768 704 27 646 
Bin 133: 679 619 625 876 138 647 34 
Bin 134: 563 4 921 904 244 
Bin 135: 516 387 220 869 422 
Bin 136: 929 827 991 531 349 298 762 
Bin 137: 264 934 727 101 250 464 770 
Bin 138: 924 146 289 37 816 428 
Bin 139: 169 707 67 286 45 
Bin 140: 763 221 352 98 347 107 
Bin 141: 581 470 308 472 764 840 559 
Bin 142: 972 133 61 6 826 77 
Bin 143: 319 72 918 836 283 623 
Bin 144: 655 128 305 634 487 984 440 
Bin 145: 228 905 772 263 180 499 650 
Bin 146: 318 186 295 14 944 13 
Bin 147: 462 821 162 570 175 392 
Bin 148: 445 293 586 70 83 
Bin 149: 580 987 7 113 797 
Bin 150: 849 571 561 877 933 846 
Bin 151: 998 225 654 788 155 630 
Bin 152: 370 236 966 541 419 321 611 42 
Bin 153: 438 903 895 947 163 
Bin 154: 680 381 616 720 
Bin 155: 633 685 640 881 
