# Objective: 78
# Time: 29.2823
# Feasible: 1
# Solution:
Bin 0: 257 436 240 81 297 50 407 211 
Bin 1: 286 339 485 299 65 334 423 
Bin 2: 463 14 79 477 12 348 3 
Bin 3: 343 72 95 37 356 304 431 
Bin 4: 376 249 181 469 261 273 
Bin 5: 133 34 362 91 64 476 162 
Bin 6: 171 342 369 120 291 442 196 
Bin 7: 332 355 488 496 115 479 21 
Bin 8: 207 308 238 460 213 93 361 255 
Bin 9: 228 6 140 152 190 225 
Bin 10: 296 248 132 445 324 337 
Bin 11: 406 87 189 166 347 250 
Bin 12: 2 75 454 333 300 179 
Bin 13: 31 40 119 269 24 309 260 416 
Bin 14: 377 220 322 223 385 428 425 
Bin 15: 45 352 277 281 293 279 451 
Bin 16: 254 413 27 114 129 176 204 
Bin 17: 433 218 154 310 182 131 
Bin 18: 139 183 148 58 74 42 219 
Bin 19: 142 489 456 206 265 234 
Bin 20: 4 76 102 103 351 
Bin 21: 241 472 266 135 491 473 
Bin 22: 35 82 49 216 22 441 412 
Bin 23: 298 39 61 353 404 432 94 
Bin 24: 160 177 85 47 237 335 
Bin 25: 303 221 173 272 251 464 
Bin 26: 467 449 439 145 92 427 
Bin 27: 408 188 138 150 84 374 278 
Bin 28: 294 259 394 112 5 108 147 
Bin 29: 69 89 201 398 96 487 375 
Bin 30: 307 51 276 38 370 101 372 
Bin 31: 233 128 63 437 97 280 424 
Bin 32: 383 498 245 124 358 60 317 137 
Bin 33: 319 325 444 25 341 99 
Bin 34: 497 392 312 340 484 494 
Bin 35: 20 100 499 295 459 480 283 13 490 
Bin 36: 446 349 474 318 328 210 33 
Bin 37: 8 411 415 258 267 381 
Bin 38: 116 292 109 373 113 71 366 
Bin 39: 493 346 10 230 323 28 
Bin 40: 345 344 435 403 130 327 
Bin 41: 482 391 235 1 122 399 
Bin 42: 30 400 7 155 54 236 
Bin 43: 224 455 217 371 86 70 
Bin 44: 68 170 52 144 430 200 203 
Bin 45: 434 57 246 26 390 302 134 15 
Bin 46: 410 271 419 11 483 17 159 
Bin 47: 471 202 18 104 90 199 330 
Bin 48: 168 222 184 329 367 125 
Bin 49: 256 386 32 143 360 195 
Bin 50: 492 448 486 232 187 414 468 
Bin 51: 9 55 175 359 364 253 239 
Bin 52: 121 357 192 321 461 389 
Bin 53: 66 127 368 289 231 186 458 149 
Bin 54: 43 393 350 387 205 397 178 338 
Bin 55: 209 157 169 363 313 409 
Bin 56: 23 429 287 320 110 365 
Bin 57: 288 382 388 146 465 
Bin 58: 163 262 141 136 243 453 
Bin 59: 197 226 158 180 62 316 405 
Bin 60: 242 402 229 41 126 
Bin 61: 336 244 227 36 401 252 
Bin 62: 194 495 301 274 247 478 48 
Bin 63: 331 426 215 208 214 447 
Bin 64: 191 174 311 123 420 
Bin 65: 77 0 470 284 156 
Bin 66: 193 306 98 106 111 
Bin 67: 88 80 107 16 450 
Bin 68: 290 466 59 384 165 
Bin 69: 378 326 268 462 481 56 
Bin 70: 198 78 67 46 422 396 
Bin 71: 53 305 354 151 264 
Bin 72: 73 153 443 164 161 83 
Bin 73: 275 440 105 282 118 
Bin 74: 418 212 417 395 117 
Bin 75: 44 452 380 379 457 475 
Bin 76: 29 314 315 438 19 
Bin 77: 185 285 167 172 270 421 263 
