# Objective: 76
# Time: 37.8785
# Feasible: 1
# Solution:
Bin 0: 221 213 112 188 378 314 
Bin 1: 63 263 261 226 187 335 278 
Bin 2: 16 5 381 479 490 346 49 
Bin 3: 391 89 128 279 74 208 104 21 
Bin 4: 350 290 434 362 52 477 326 386 
Bin 5: 135 14 429 427 442 487 
Bin 6: 340 339 149 399 53 133 
Bin 7: 425 88 51 237 173 166 332 248 
Bin 8: 161 130 384 224 321 457 141 440 
Bin 9: 354 67 100 297 77 412 30 316 
Bin 10: 241 98 420 390 176 101 379 
Bin 11: 61 284 140 322 380 372 
Bin 12: 499 419 99 472 250 57 
Bin 13: 258 13 103 35 0 255 252 
Bin 14: 276 417 462 475 406 318 393 
Bin 15: 6 342 328 180 371 172 
Bin 16: 267 225 403 159 131 120 
Bin 17: 421 467 75 203 150 
Bin 18: 347 271 90 23 286 405 411 
Bin 19: 164 65 24 269 246 333 329 293 
Bin 20: 452 459 364 144 9 145 
Bin 21: 431 281 446 60 259 234 
Bin 22: 242 196 254 447 498 34 260 
Bin 23: 37 296 369 265 453 142 
Bin 24: 464 243 76 216 302 325 443 
Bin 25: 157 426 305 55 174 441 202 
Bin 26: 416 385 492 223 111 422 483 
Bin 27: 58 404 190 438 171 414 
Bin 28: 85 148 376 423 337 201 195 
Bin 29: 73 126 207 232 139 199 370 
Bin 30: 194 124 458 468 165 40 
Bin 31: 50 26 486 198 315 175 257 
Bin 32: 373 72 28 151 409 291 10 
Bin 33: 156 204 81 44 182 68 
Bin 34: 349 167 193 129 345 360 235 282 132 
Bin 35: 289 450 410 300 186 36 153 179 189 
Bin 36: 344 392 439 215 444 27 285 
Bin 37: 375 436 84 348 154 114 
Bin 38: 123 229 41 306 47 211 233 168 
Bin 39: 494 356 183 388 134 227 
Bin 40: 184 185 42 115 484 
Bin 41: 268 274 476 287 497 238 87 
Bin 42: 236 481 465 433 191 292 106 
Bin 43: 299 368 25 408 424 39 256 
Bin 44: 266 43 200 20 473 48 
Bin 45: 109 323 247 482 83 448 3 
Bin 46: 119 351 117 437 445 56 
Bin 47: 352 231 298 338 272 493 
Bin 48: 22 17 331 197 374 382 91 
Bin 49: 162 96 471 280 355 262 
Bin 50: 253 357 177 66 474 
Bin 51: 78 206 327 383 401 413 273 
Bin 52: 137 230 358 430 283 
Bin 53: 136 29 97 122 8 94 432 
Bin 54: 359 220 363 496 116 466 336 
Bin 55: 54 160 222 397 102 456 7 4 
Bin 56: 311 64 70 181 319 113 455 
Bin 57: 244 485 155 469 288 461 
Bin 58: 460 169 18 15 398 324 
Bin 59: 270 69 303 418 317 240 163 
Bin 60: 32 341 147 95 1 45 86 
Bin 61: 407 79 320 353 118 192 
Bin 62: 2 400 377 449 365 105 
Bin 63: 366 310 304 170 219 330 
Bin 64: 205 491 249 127 210 251 
Bin 65: 82 361 62 343 46 275 394 
Bin 66: 313 396 312 12 277 428 
Bin 67: 367 470 218 480 125 228 138 
Bin 68: 110 92 107 454 308 264 
Bin 69: 217 152 488 245 301 478 435 
Bin 70: 209 146 31 212 93 178 402 
Bin 71: 38 307 295 121 239 
Bin 72: 495 108 489 71 309 
Bin 73: 389 19 59 334 80 
Bin 74: 158 451 33 143 395 
Bin 75: 463 11 214 294 387 415 
