# Objective: 43
# Time: 27.086
# Feasible: 1
# Solution:
Bin 0: 18 101 212 22 173 227 36 
Bin 1: 232 107 66 147 150 
Bin 2: 148 63 27 146 115 171 
Bin 3: 195 1 181 70 16 
Bin 4: 236 81 82 42 88 76 46 184 
Bin 5: 5 191 186 125 231 104 235 
Bin 6: 200 21 156 69 89 11 7 
Bin 7: 91 151 214 137 247 145 
Bin 8: 35 45 220 0 92 215 
Bin 9: 154 204 15 163 155 23 
Bin 10: 117 152 116 20 139 129 
Bin 11: 131 196 33 175 31 65 
Bin 12: 157 168 242 213 37 233 
Bin 13: 243 203 2 210 106 225 
Bin 14: 119 59 110 224 77 
Bin 15: 223 180 229 199 64 
Bin 16: 189 80 138 211 167 183 103 
Bin 17: 153 12 85 109 193 4 
Bin 18: 96 113 78 74 205 14 67 
Bin 19: 73 17 185 162 177 190 149 
Bin 20: 140 123 160 55 165 142 
Bin 21: 120 25 144 61 93 9 188 
Bin 22: 3 126 246 53 194 51 43 
Bin 23: 28 34 169 121 86 75 
Bin 24: 95 44 217 182 207 219 
Bin 25: 111 206 192 245 114 
Bin 26: 108 47 218 54 244 
Bin 27: 87 49 202 197 159 
Bin 28: 230 30 179 40 58 
Bin 29: 240 187 24 174 209 10 
Bin 30: 99 124 239 198 133 143 
Bin 31: 57 178 122 208 166 
Bin 32: 134 135 102 222 
Bin 33: 84 176 105 172 98 161 
Bin 34: 130 52 118 238 60 72 19 
Bin 35: 164 32 132 39 100 
Bin 36: 136 97 79 62 241 
Bin 37: 112 170 83 50 127 56 
Bin 38: 41 248 249 29 71 
Bin 39: 13 226 141 216 94 
Bin 40: 8 237 158 228 234 
Bin 41: 90 68 38 201 
Bin 42: 221 128 26 6 48 
