# Objective: 39
# Time: 8.43666
# Feasible: 1
# Solution:
Bin 0: 121 171 131 186 55 116 240 
Bin 1: 241 168 160 145 21 113 219 
Bin 2: 39 243 144 248 68 89 129 235 
Bin 3: 227 11 148 95 137 199 127 166 
Bin 4: 139 218 242 71 216 167 
Bin 5: 220 70 63 119 237 247 67 
Bin 6: 132 36 9 58 192 172 125 
Bin 7: 17 30 96 29 16 142 138 
Bin 8: 83 143 228 134 225 
Bin 9: 118 105 212 126 61 23 1 
Bin 10: 69 208 178 73 140 92 
Bin 11: 198 79 48 94 114 110 
Bin 12: 102 244 50 184 174 193 224 
Bin 13: 41 10 38 19 115 45 77 123 
Bin 14: 175 86 88 82 202 13 
Bin 15: 159 99 182 40 163 232 101 33 
Bin 16: 49 74 128 176 51 210 
Bin 17: 213 179 87 59 204 177 
Bin 18: 111 112 187 64 246 196 
Bin 19: 2 14 120 37 135 223 56 
Bin 20: 133 76 158 4 7 65 
Bin 21: 203 201 93 238 124 
Bin 22: 85 24 103 108 109 249 
Bin 23: 104 43 130 6 52 217 106 
Bin 24: 35 100 152 107 188 32 
Bin 25: 60 75 214 98 141 222 189 
Bin 26: 161 0 117 226 195 28 197 
Bin 27: 180 18 91 62 162 122 
Bin 28: 153 54 44 27 25 205 233 
Bin 29: 34 149 154 81 236 53 
Bin 30: 164 229 5 8 26 46 
Bin 31: 147 97 181 206 150 57 90 146 
Bin 32: 183 47 209 80 234 207 
Bin 33: 15 20 12 215 170 
Bin 34: 231 191 194 230 221 155 
Bin 35: 42 84 157 78 3 245 211 
Bin 36: 156 22 185 165 
Bin 37: 31 200 190 136 
Bin 38: 239 151 72 66 173 169 
