# Objective: 150
# Time: 348.874
# Feasible: 1
# Solution:
Bin 0: 386 717 585 472 698 315 
Bin 1: 360 232 508 859 255 370 178 276 168 
Bin 2: 720 617 219 931 588 906 959 770 408 
Bin 3: 102 359 683 450 917 696 521 732 
Bin 4: 203 279 300 431 949 444 541 
Bin 5: 340 226 986 971 83 801 
Bin 6: 567 977 627 616 974 234 350 
Bin 7: 983 241 913 787 893 179 489 
Bin 8: 948 356 860 482 597 737 404 
Bin 9: 968 784 764 440 904 947 
Bin 10: 845 249 105 162 635 747 993 547 
Bin 11: 501 537 361 621 930 78 
Bin 12: 294 524 539 606 892 
Bin 13: 473 47 510 312 926 43 389 
Bin 14: 846 642 982 506 299 596 
Bin 15: 898 647 186 463 792 649 252 
Bin 16: 580 685 942 453 81 101 470 
Bin 17: 174 26 264 380 488 68 
Bin 18: 290 293 10 423 52 286 
Bin 19: 272 319 891 815 407 726 571 90 
Bin 20: 677 754 87 824 197 988 
Bin 21: 363 181 165 451 382 811 
Bin 22: 471 956 244 42 40 719 93 
Bin 23: 145 639 573 136 610 284 39 
Bin 24: 665 342 935 91 955 536 
Bin 25: 233 921 419 619 716 
Bin 26: 504 28 31 256 263 441 479 166 853 118 
Bin 27: 808 251 886 306 478 885 
Bin 28: 462 636 1 897 107 467 
Bin 29: 378 104 693 57 779 745 414 
Bin 30: 637 725 856 33 507 14 
Bin 31: 676 631 626 972 925 728 459 
Bin 32: 323 841 66 495 89 707 366 
Bin 33: 742 978 55 354 189 790 170 
Bin 34: 469 550 396 245 19 202 
Bin 35: 632 850 669 748 480 762 
Bin 36: 265 221 117 292 311 443 
Bin 37: 271 372 111 614 984 199 
Bin 38: 466 427 797 586 700 916 231 
Bin 39: 554 384 62 920 157 497 
Bin 40: 401 773 979 465 32 960 918 553 
Bin 41: 786 457 838 884 876 666 160 
Bin 42: 505 655 399 771 564 
Bin 43: 758 303 230 638 996 367 6 
Bin 44: 153 140 620 657 335 345 141 643 
Bin 45: 12 85 282 905 601 
Bin 46: 63 147 604 817 697 513 847 
Bin 47: 975 227 963 618 854 
Bin 48: 75 682 806 593 76 664 
Bin 49: 600 173 242 297 908 313 194 
Bin 50: 568 332 705 569 330 266 36 
Bin 51: 416 59 562 98 734 121 
Bin 52: 863 629 400 185 215 
Bin 53: 337 301 911 750 894 11 807 
Bin 54: 691 137 490 753 868 336 
Bin 55: 865 485 662 989 957 525 
Bin 56: 390 871 325 991 240 901 
Bin 57: 686 24 281 67 840 810 777 496 
Bin 58: 364 992 64 579 799 829 172 663 
Bin 59: 733 528 544 540 532 433 866 236 
Bin 60: 204 82 21 535 123 379 
Bin 61: 552 351 487 248 228 594 283 
Bin 62: 946 237 804 813 477 710 
Bin 63: 418 534 630 844 4 628 69 
Bin 64: 27 369 943 708 15 2 577 
Bin 65: 836 509 842 476 285 809 429 
Bin 66: 374 794 239 413 254 531 438 
Bin 67: 744 175 403 529 375 358 673 387 
Bin 68: 545 570 985 759 139 439 
Bin 69: 142 154 243 555 320 432 
Bin 70: 268 776 54 402 108 965 
Bin 71: 29 176 517 711 951 
Bin 72: 566 205 574 483 830 924 
Bin 73: 131 125 590 591 702 73 774 542 
Bin 74: 752 44 18 38 670 152 182 
Bin 75: 357 889 16 60 796 344 
Bin 76: 339 113 855 760 939 437 385 
Bin 77: 755 914 258 997 316 426 393 58 
Bin 78: 53 805 650 135 530 
Bin 79: 45 715 211 791 163 391 
Bin 80: 883 578 839 144 94 
Bin 81: 129 180 486 857 976 923 
Bin 82: 491 767 668 873 246 338 671 560 
Bin 83: 34 253 689 415 816 581 624 177 961 
Bin 84: 684 800 964 548 362 269 623 
Bin 85: 739 724 308 973 672 3 209 
Bin 86: 133 680 48 30 474 934 475 322 
Bin 87: 765 37 882 516 146 546 675 210 191 
Bin 88: 321 651 825 933 116 653 
Bin 89: 592 394 298 20 582 835 575 
Bin 90: 834 741 837 388 826 456 114 667 447 420 
Bin 91: 703 13 785 611 348 261 71 
Bin 92: 395 110 288 22 919 115 464 867 
Bin 93: 371 679 412 278 458 291 953 
Bin 94: 280 772 326 247 945 903 
Bin 95: 124 922 120 365 355 159 
Bin 96: 644 260 558 678 430 503 250 763 46 
Bin 97: 694 912 994 112 718 
Bin 98: 95 155 538 603 346 343 
Bin 99: 49 952 654 692 218 699 511 533 
Bin 100: 295 229 208 455 688 
Bin 101: 201 938 51 766 557 
Bin 102: 818 602 406 275 595 622 
Bin 103: 709 858 843 317 195 84 
Bin 104: 958 775 735 304 421 461 314 
Bin 105: 608 184 151 0 149 424 
Bin 106: 88 72 613 756 92 872 188 
Bin 107: 907 652 148 193 954 353 206 
Bin 108: 126 995 523 909 936 410 781 
Bin 109: 270 8 888 106 442 783 695 
Bin 110: 257 373 198 35 392 435 
Bin 111: 397 833 324 196 289 502 216 
Bin 112: 376 445 729 981 887 999 
Bin 113: 368 633 287 789 460 398 425 
Bin 114: 788 915 881 937 940 895 757 
Bin 115: 328 966 880 99 875 851 899 
Bin 116: 896 576 454 484 556 377 527 798 
Bin 117: 512 9 381 409 998 80 
Bin 118: 648 563 605 519 526 61 274 
Bin 119: 822 347 468 310 273 481 
Bin 120: 349 832 225 761 587 235 
Bin 121: 97 100 70 167 96 828 5 
Bin 122: 612 224 434 625 704 
Bin 123: 422 743 944 417 187 446 821 795 
Bin 124: 127 607 213 910 714 79 803 645 701 687 341 150 
Bin 125: 736 56 615 329 746 900 128 
Bin 126: 640 731 658 874 749 50 405 660 
Bin 127: 712 751 848 169 77 967 
Bin 128: 902 352 879 309 721 561 
Bin 129: 522 220 217 674 23 
Bin 130: 109 331 831 641 493 333 
Bin 131: 551 334 852 706 877 164 452 
Bin 132: 849 130 428 190 436 543 
Bin 133: 927 589 890 723 207 296 778 
Bin 134: 262 307 192 86 238 
Bin 135: 499 646 990 143 962 498 782 
Bin 136: 802 793 223 17 494 681 449 878 
Bin 137: 7 318 769 690 713 
Bin 138: 929 119 520 565 158 987 267 
Bin 139: 411 727 584 819 950 928 768 
Bin 140: 171 969 599 861 500 305 74 
Bin 141: 138 327 970 862 941 277 161 
Bin 142: 514 656 383 864 302 122 
Bin 143: 222 212 634 870 259 
Bin 144: 820 448 823 549 132 492 
Bin 145: 738 583 812 515 659 
Bin 146: 156 827 598 518 200 214 
Bin 147: 661 780 814 183 932 730 
Bin 148: 722 572 65 41 559 25 
Bin 149: 980 134 103 740 869 609 
