# Objective: 79
# Time: 32.5256
# Feasible: 1
# Solution:
Bin 0: 412 41 216 7 373 248 
Bin 1: 101 289 205 241 441 103 119 
Bin 2: 330 341 354 86 143 419 
Bin 3: 420 234 320 224 140 323 349 
Bin 4: 456 13 307 56 1 62 300 
Bin 5: 250 494 328 351 14 474 153 431 
Bin 6: 331 319 430 386 114 282 
Bin 7: 28 184 487 102 335 4 
Bin 8: 137 303 112 144 57 358 280 59 
Bin 9: 432 362 413 291 169 252 
Bin 10: 160 163 109 443 389 237 229 132 
Bin 11: 396 299 355 117 225 212 235 
Bin 12: 260 145 453 122 133 418 218 
Bin 13: 50 279 159 217 379 46 
Bin 14: 313 272 68 150 285 96 
Bin 15: 187 310 192 442 23 10 
Bin 16: 436 185 48 478 416 259 
Bin 17: 66 97 25 53 475 189 297 
Bin 18: 411 306 326 417 433 172 186 
Bin 19: 55 391 438 128 377 206 
Bin 20: 0 219 455 76 489 
Bin 21: 480 490 329 342 381 
Bin 22: 295 148 105 344 336 
Bin 23: 350 223 271 476 485 314 
Bin 24: 110 73 302 394 346 499 257 
Bin 25: 118 429 275 49 316 
Bin 26: 155 462 84 182 365 493 454 
Bin 27: 410 255 347 181 425 367 
Bin 28: 154 407 495 179 173 424 
Bin 29: 385 400 54 17 152 239 127 
Bin 30: 446 193 156 473 162 165 452 
Bin 31: 472 35 293 139 447 211 
Bin 32: 374 27 270 491 437 284 
Bin 33: 278 107 304 174 486 52 2 
Bin 34: 434 301 369 183 251 15 180 
Bin 35: 243 388 397 327 466 136 
Bin 36: 100 42 404 312 178 460 
Bin 37: 115 383 375 261 334 209 98 
Bin 38: 242 12 332 286 497 240 
Bin 39: 61 294 423 296 238 340 81 
Bin 40: 315 8 104 309 392 268 
Bin 41: 33 451 471 70 258 166 
Bin 42: 213 427 363 287 357 249 202 
Bin 43: 22 247 151 72 79 415 267 
Bin 44: 124 463 469 130 333 368 
Bin 45: 465 210 92 176 134 421 405 
Bin 46: 99 63 88 188 38 36 440 
Bin 47: 64 448 171 198 222 414 256 
Bin 48: 353 138 356 16 445 444 
Bin 49: 177 94 77 274 470 161 273 
Bin 50: 398 428 345 175 108 31 401 
Bin 51: 262 245 43 263 364 220 
Bin 52: 338 30 121 87 228 19 
Bin 53: 45 265 141 113 371 204 37 
Bin 54: 233 158 305 288 201 24 308 
Bin 55: 492 3 481 426 384 78 
Bin 56: 253 311 9 120 380 34 
Bin 57: 196 450 135 26 283 435 
Bin 58: 200 409 74 395 146 232 
Bin 59: 468 457 479 231 322 246 129 
Bin 60: 266 95 60 244 281 403 191 
Bin 61: 408 190 147 360 203 321 
Bin 62: 39 352 230 44 149 82 390 
Bin 63: 90 69 422 214 67 51 
Bin 64: 208 195 477 21 402 290 
Bin 65: 343 484 168 406 459 116 47 
Bin 66: 91 348 226 131 277 
Bin 67: 18 126 58 387 376 6 
Bin 68: 324 71 264 317 269 83 
Bin 69: 449 464 106 393 370 199 
Bin 70: 80 399 254 125 11 
Bin 71: 325 276 292 167 236 
Bin 72: 461 197 482 458 339 221 
Bin 73: 85 359 467 93 170 382 496 
Bin 74: 5 111 372 65 337 40 
Bin 75: 215 488 123 298 89 157 194 
Bin 76: 366 498 227 378 32 
Bin 77: 20 29 361 75 207 142 439 
Bin 78: 318 483 164 
