# Objective: 47
# Time: 15.7548
# Feasible: 1
# Solution:
Bin 0: 89 3 134 16 5 115 124 
Bin 1: 18 8 121 244 91 225 
Bin 2: 240 211 220 147 26 135 
Bin 3: 174 228 230 136 212 29 
Bin 4: 62 14 92 177 12 151 11 
Bin 5: 102 246 169 182 179 105 
Bin 6: 55 215 191 163 198 7 
Bin 7: 190 120 39 245 20 
Bin 8: 108 41 21 64 86 
Bin 9: 58 104 189 54 125 22 122 
Bin 10: 0 140 17 87 42 84 
Bin 11: 239 66 106 94 50 112 
Bin 12: 9 193 37 88 15 
Bin 13: 139 223 35 241 109 
Bin 14: 150 235 83 63 10 
Bin 15: 144 97 114 53 148 130 
Bin 16: 152 219 78 73 76 
Bin 17: 175 196 161 222 247 204 
Bin 18: 209 157 34 166 51 77 
Bin 19: 165 178 143 36 111 
Bin 20: 153 19 69 159 199 71 
Bin 21: 99 57 2 213 116 
Bin 22: 90 226 185 95 103 24 74 
Bin 23: 32 188 234 154 46 
Bin 24: 44 146 197 168 202 
Bin 25: 72 141 180 243 1 127 
Bin 26: 206 221 145 231 216 
Bin 27: 171 23 118 192 236 93 
Bin 28: 187 137 45 176 162 
Bin 29: 126 186 48 210 170 
Bin 30: 200 31 181 38 138 
Bin 31: 156 129 82 98 128 
Bin 32: 207 155 47 242 233 172 
Bin 33: 80 158 205 208 30 
Bin 34: 28 113 96 133 132 
Bin 35: 60 70 56 142 131 49 
Bin 36: 238 149 173 13 227 
Bin 37: 237 25 40 232 218 
Bin 38: 248 79 167 160 
Bin 39: 224 65 229 61 68 
Bin 40: 249 59 119 101 183 
Bin 41: 67 164 110 43 
Bin 42: 123 117 52 195 
Bin 43: 203 194 217 75 33 
Bin 44: 184 100 214 27 
Bin 45: 6 81 85 
Bin 46: 4 107 201 
