# Objective: 21
# Time: 5.18492
# Feasible: 1
# Solution:
Bin 0: 42 98 39 105 9 82 
Bin 1: 73 60 63 21 4 49 74 
Bin 2: 8 38 22 81 76 102 
Bin 3: 17 101 34 6 72 84 
Bin 4: 116 109 110 30 11 27 
Bin 5: 23 20 77 83 106 
Bin 6: 7 65 89 24 44 
Bin 7: 32 33 5 14 85 107 
Bin 8: 88 91 100 50 117 26 43 
Bin 9: 1 59 62 41 115 99 
Bin 10: 3 79 114 55 56 113 
Bin 11: 54 53 94 86 93 
Bin 12: 103 90 12 37 87 
Bin 13: 66 47 16 111 15 71 
Bin 14: 18 80 28 61 46 69 
Bin 15: 2 95 108 97 13 40 
Bin 16: 78 51 70 45 118 
Bin 17: 67 29 68 36 57 64 0 
Bin 18: 35 96 25 10 119 
Bin 19: 52 112 48 75 
Bin 20: 19 31 104 58 92 
