# Objective: 150
# Time: 213.378
# Feasible: 1
# Solution:
Bin 0: 622 196 276 490 709 535 660 
Bin 1: 318 5 589 896 257 218 349 729 197 
Bin 2: 335 947 309 93 606 724 
Bin 3: 895 803 191 789 266 1 54 436 
Bin 4: 428 179 291 670 764 704 326 
Bin 5: 163 827 414 973 762 881 352 767 
Bin 6: 779 159 937 254 308 879 273 
Bin 7: 83 135 911 755 345 295 534 
Bin 8: 739 505 700 920 757 185 307 
Bin 9: 841 674 386 858 950 532 614 584 
Bin 10: 13 752 450 552 765 329 
Bin 11: 577 476 555 48 412 408 403 
Bin 12: 215 39 421 510 786 544 
Bin 13: 151 648 397 157 861 747 
Bin 14: 668 358 745 129 223 913 66 
Bin 15: 383 160 575 504 495 942 217 
Bin 16: 597 960 995 441 771 804 
Bin 17: 884 685 310 732 498 
Bin 18: 924 835 86 384 617 282 662 776 
Bin 19: 492 150 81 906 553 
Bin 20: 864 271 715 249 314 852 193 453 706 746 443 
Bin 21: 637 615 815 678 927 821 667 98 
Bin 22: 462 117 546 353 964 759 833 25 777 
Bin 23: 292 954 130 872 479 711 122 838 
Bin 24: 608 592 649 725 565 999 
Bin 25: 831 783 175 74 250 176 
Bin 26: 213 156 362 817 126 
Bin 27: 989 340 928 643 897 646 
Bin 28: 836 494 406 547 933 726 639 99 
Bin 29: 425 734 655 370 388 301 
Bin 30: 953 857 146 645 888 566 
Bin 31: 72 319 876 63 829 654 
Bin 32: 853 241 378 71 23 792 753 688 
Bin 33: 728 211 572 730 963 382 977 
Bin 34: 491 951 209 908 519 145 607 689 
Bin 35: 338 339 12 562 457 245 460 
Bin 36: 563 716 602 480 923 177 141 
Bin 37: 230 974 325 935 281 785 402 687 
Bin 38: 518 691 290 154 499 293 68 178 997 
Bin 39: 139 444 991 545 873 902 
Bin 40: 768 390 322 471 749 
Bin 41: 799 594 3 364 41 
Bin 42: 525 323 332 7 982 887 420 481 
Bin 43: 324 673 258 806 922 595 557 
Bin 44: 636 628 524 251 830 530 631 629 279 
Bin 45: 399 778 439 0 718 541 
Bin 46: 15 343 520 741 204 49 914 
Bin 47: 996 612 738 558 65 781 900 
Bin 48: 731 542 299 743 968 994 548 909 
Bin 49: 736 855 507 604 825 
Bin 50: 18 128 816 182 315 782 653 
Bin 51: 952 214 268 916 672 385 620 
Bin 52: 274 500 640 626 9 270 
Bin 53: 473 401 600 109 775 774 
Bin 54: 206 316 790 975 219 330 
Bin 55: 262 630 486 770 971 
Bin 56: 286 413 168 877 84 395 97 158 
Bin 57: 82 705 932 59 929 287 55 
Bin 58: 468 236 69 587 808 
Bin 59: 35 798 889 153 740 744 228 
Bin 60: 32 392 411 454 983 125 531 
Bin 61: 184 489 988 226 846 459 
Bin 62: 760 925 264 277 165 356 862 
Bin 63: 651 2 735 656 485 966 
Bin 64: 647 708 327 303 288 124 635 
Bin 65: 543 464 567 105 802 860 155 
Bin 66: 11 844 446 429 610 536 
Bin 67: 843 750 820 605 867 979 222 
Bin 68: 901 470 207 703 417 502 568 
Bin 69: 503 235 644 410 477 64 967 261 
Bin 70: 467 761 78 866 136 972 
Bin 71: 56 284 560 45 216 312 998 
Bin 72: 686 522 710 416 106 379 361 
Bin 73: 955 627 275 890 31 
Bin 74: 210 657 22 719 341 119 85 
Bin 75: 893 905 400 474 50 374 152 
Bin 76: 800 576 618 4 123 957 
Bin 77: 616 727 300 742 140 265 
Bin 78: 859 113 62 539 632 188 
Bin 79: 930 143 540 945 29 169 311 538 
Bin 80: 469 463 418 263 926 796 320 
Bin 81: 202 426 116 367 247 512 
Bin 82: 46 442 910 684 754 76 304 
Bin 83: 683 773 940 350 121 
Bin 84: 671 533 658 79 134 717 
Bin 85: 377 904 611 769 440 751 255 
Bin 86: 60 27 80 564 591 529 822 
Bin 87: 435 434 579 351 366 
Bin 88: 763 574 372 431 305 
Bin 89: 174 198 882 863 387 978 256 
Bin 90: 840 878 571 813 231 201 
Bin 91: 723 493 248 40 132 501 819 
Bin 92: 100 33 180 483 528 
Bin 93: 847 42 164 980 232 
Bin 94: 478 772 848 380 609 321 90 
Bin 95: 992 641 396 298 267 
Bin 96: 138 521 985 92 946 
Bin 97: 556 102 221 393 984 183 681 
Bin 98: 162 194 891 559 791 144 981 961 
Bin 99: 880 252 701 115 111 
Bin 100: 77 333 433 854 75 948 
Bin 101: 695 51 147 514 826 865 342 845 
Bin 102: 797 260 663 941 537 357 344 892 
Bin 103: 621 959 642 259 898 118 
Bin 104: 810 693 837 148 970 523 
Bin 105: 679 801 561 907 415 623 
Bin 106: 302 652 694 944 405 
Bin 107: 107 87 47 37 580 834 
Bin 108: 269 95 368 661 461 101 52 
Bin 109: 225 365 186 811 934 437 
Bin 110: 748 438 795 167 331 788 233 149 
Bin 111: 296 849 424 513 664 549 
Bin 112: 131 659 422 570 171 192 
Bin 113: 506 280 272 227 278 733 
Bin 114: 19 220 624 394 713 938 44 
Bin 115: 199 347 511 67 475 334 229 181 89 363 
Bin 116: 36 120 294 699 613 680 
Bin 117: 921 696 515 6 551 581 666 
Bin 118: 488 722 828 720 142 912 
Bin 119: 96 317 419 793 677 447 
Bin 120: 14 526 20 586 103 851 
Bin 121: 590 634 373 17 359 
Bin 122: 466 569 869 484 868 
Bin 123: 240 427 956 874 784 24 187 94 
Bin 124: 61 737 203 407 432 34 
Bin 125: 297 585 237 10 472 516 915 894 
Bin 126: 430 114 234 676 88 509 962 354 
Bin 127: 127 527 376 780 381 625 496 
Bin 128: 283 842 253 638 458 986 456 449 238 
Bin 129: 766 409 465 596 246 58 665 
Bin 130: 360 195 823 389 208 448 886 
Bin 131: 603 856 702 391 554 508 
Bin 132: 958 423 398 809 205 482 239 812 690 
Bin 133: 903 850 53 244 805 
Bin 134: 112 721 8 242 832 337 619 
Bin 135: 633 108 870 133 697 70 517 
Bin 136: 675 30 990 583 698 487 355 
Bin 137: 756 949 883 328 404 26 943 
Bin 138: 669 931 336 190 692 993 57 
Bin 139: 137 824 875 346 110 714 918 
Bin 140: 289 814 497 28 917 582 
Bin 141: 601 871 965 189 573 43 170 
Bin 142: 807 899 21 598 16 172 987 
Bin 143: 452 682 38 173 166 712 
Bin 144: 375 91 451 578 161 
Bin 145: 306 976 313 650 593 939 455 
Bin 146: 969 445 369 794 73 212 
Bin 147: 936 371 885 104 348 200 919 224 
Bin 148: 707 787 243 599 588 
Bin 149: 839 818 758 285 550 
