# Objective: 78
# Time: 47.2249
# Feasible: 1
# Solution:
Bin 0: 350 371 31 217 273 365 313 122 
Bin 1: 393 291 238 218 408 407 98 346 405 
Bin 2: 192 450 299 3 372 417 
Bin 3: 352 104 116 25 135 77 226 
Bin 4: 400 263 190 420 421 296 330 
Bin 5: 188 401 228 105 310 265 
Bin 6: 462 193 176 410 42 398 199 244 
Bin 7: 186 208 368 261 143 
Bin 8: 189 258 51 283 495 490 
Bin 9: 377 207 95 331 422 133 353 301 
Bin 10: 342 262 184 151 19 180 
Bin 11: 435 483 272 185 281 402 
Bin 12: 79 459 397 74 441 165 48 
Bin 13: 241 139 0 85 158 479 428 
Bin 14: 90 284 492 222 326 354 321 
Bin 15: 55 211 156 277 83 451 264 
Bin 16: 356 442 161 458 470 484 
Bin 17: 50 4 468 282 395 47 
Bin 18: 287 454 177 68 91 120 61 
Bin 19: 126 327 452 302 304 80 84 214 
Bin 20: 497 128 433 437 147 292 461 
Bin 21: 488 198 383 2 355 225 
Bin 22: 457 182 471 266 384 21 
Bin 23: 449 164 46 230 444 197 24 
Bin 24: 179 455 333 430 73 152 
Bin 25: 16 436 496 29 366 445 
Bin 26: 129 314 325 440 155 89 
Bin 27: 239 381 375 162 290 175 
Bin 28: 113 394 413 319 426 271 
Bin 29: 157 318 137 434 141 149 250 
Bin 30: 229 82 145 474 316 385 347 
Bin 31: 324 202 337 472 1 124 
Bin 32: 223 423 159 168 348 59 
Bin 33: 109 305 70 170 136 76 
Bin 34: 65 221 39 476 279 315 357 
Bin 35: 63 288 389 154 43 119 
Bin 36: 464 406 374 15 81 367 
Bin 37: 466 303 376 409 213 
Bin 38: 103 38 140 215 233 473 443 
Bin 39: 486 364 345 268 336 439 
Bin 40: 191 110 334 351 220 248 
Bin 41: 187 411 196 341 447 34 306 
Bin 42: 49 460 456 212 23 33 300 424 
Bin 43: 5 205 13 17 7 
Bin 44: 359 256 96 259 22 174 117 57 
Bin 45: 178 227 27 130 414 210 69 378 
Bin 46: 280 72 388 323 66 329 
Bin 47: 373 431 11 274 173 56 201 
Bin 48: 20 255 28 322 231 206 
Bin 49: 40 392 97 489 118 
Bin 50: 86 52 64 150 338 
Bin 51: 286 478 386 289 453 216 
Bin 52: 294 138 131 320 67 308 
Bin 53: 14 237 298 295 93 181 
Bin 54: 240 204 293 106 144 58 
Bin 55: 485 32 427 219 6 236 134 
Bin 56: 482 153 412 270 107 62 
Bin 57: 432 403 148 387 498 339 
Bin 58: 269 60 234 418 391 332 335 
Bin 59: 390 363 491 404 494 317 
Bin 60: 328 195 312 469 257 121 
Bin 61: 465 360 167 183 132 242 
Bin 62: 477 467 232 307 487 53 
Bin 63: 278 127 480 343 71 114 
Bin 64: 100 75 311 8 446 
Bin 65: 142 123 163 246 101 146 
Bin 66: 249 30 260 160 112 361 
Bin 67: 12 35 251 245 87 267 36 
Bin 68: 125 235 499 92 358 44 102 
Bin 69: 45 416 252 493 399 309 
Bin 70: 438 247 172 209 194 99 379 
Bin 71: 94 425 203 349 448 
Bin 72: 380 382 115 54 88 108 344 
Bin 73: 276 18 111 10 340 362 41 
Bin 74: 481 275 37 429 475 285 
Bin 75: 419 253 369 200 396 463 
Bin 76: 78 415 26 254 370 169 224 
Bin 77: 171 297 243 9 166 
