# Objective: 18
# Time: 2.75037
# Feasible: 1
# Solution:
Bin 0: 110 83 52 59 39 
Bin 1: 27 87 13 84 111 48 
Bin 2: 104 51 23 33 1 43 78 74 
Bin 3: 90 97 115 12 4 69 89 65 18 
Bin 4: 96 47 15 58 68 81 107 44 
Bin 5: 55 54 80 118 24 37 63 92 
Bin 6: 6 17 94 62 38 82 
Bin 7: 41 70 73 56 19 57 64 
Bin 8: 26 34 42 36 88 66 
Bin 9: 29 49 14 67 10 109 
Bin 10: 16 85 105 114 98 8 9 20 
Bin 11: 102 116 99 30 95 103 
Bin 12: 86 50 32 35 79 22 
Bin 13: 108 106 25 77 113 93 76 
Bin 14: 100 53 7 21 11 71 101 
Bin 15: 72 46 45 117 0 28 
Bin 16: 61 2 75 40 60 
Bin 17: 91 31 112 3 119 5 
