# Objective: 38
# Time: 4.89022
# Feasible: 1
# Solution:
Bin 0: 25 28 156 33 244 184 93 
Bin 1: 228 201 200 117 92 248 
Bin 2: 45 75 138 217 188 165 23 136 
Bin 3: 68 123 176 110 94 152 78 178 
Bin 4: 30 65 118 102 40 43 79 
Bin 5: 11 14 12 32 179 221 
Bin 6: 141 24 99 166 42 
Bin 7: 98 76 26 194 10 108 225 199 191 
Bin 8: 207 19 48 220 216 
Bin 9: 236 227 237 52 234 133 148 57 
Bin 10: 231 183 134 82 60 190 64 15 
Bin 11: 215 87 38 206 235 49 204 
Bin 12: 150 4 121 7 142 
Bin 13: 18 27 163 66 186 39 192 
Bin 14: 174 114 240 245 105 50 21 169 46 
Bin 15: 146 147 103 119 130 202 
Bin 16: 88 80 170 115 0 241 
Bin 17: 145 232 74 167 89 16 
Bin 18: 210 149 222 77 230 155 175 
Bin 19: 209 193 83 211 47 171 
Bin 20: 107 131 162 2 113 151 59 37 
Bin 21: 53 173 243 246 172 120 84 144 
Bin 22: 139 143 196 128 5 1 
Bin 23: 41 67 198 233 132 212 100 126 
Bin 24: 13 164 185 106 218 116 157 223 
Bin 25: 205 127 213 195 214 229 226 
Bin 26: 208 177 6 97 31 
Bin 27: 96 129 69 58 73 71 
Bin 28: 85 36 95 51 219 9 
Bin 29: 61 111 239 8 54 90 
Bin 30: 44 112 109 81 203 
Bin 31: 86 137 181 17 153 224 
Bin 32: 91 35 55 161 125 180 70 
Bin 33: 20 159 238 72 168 
Bin 34: 63 124 122 197 56 22 135 
Bin 35: 62 34 242 189 154 
Bin 36: 3 160 247 182 104 
Bin 37: 249 29 140 158 101 187 
