# Objective: 152
# Time: 263.768
# Feasible: 1
# Solution:
Bin 0: 162 139 230 362 787 263 
Bin 1: 23 982 30 33 160 861 786 
Bin 2: 860 437 785 100 3 467 37 
Bin 3: 67 223 403 566 879 877 
Bin 4: 424 10 152 620 964 278 320 968 
Bin 5: 451 265 664 496 679 370 237 
Bin 6: 456 395 923 218 175 107 
Bin 7: 18 703 337 723 966 780 243 513 
Bin 8: 17 757 125 216 808 678 355 
Bin 9: 909 440 784 613 203 165 86 
Bin 10: 321 412 633 987 870 404 239 32 666 
Bin 11: 382 221 226 591 819 245 2 938 
Bin 12: 865 62 272 379 628 357 
Bin 13: 962 955 414 273 396 517 8 110 
Bin 14: 863 188 474 931 881 690 552 
Bin 15: 907 352 627 236 725 103 142 
Bin 16: 363 45 813 500 41 601 282 
Bin 17: 698 747 823 902 120 534 540 803 
Bin 18: 914 712 178 981 876 930 
Bin 19: 101 185 60 182 936 829 
Bin 20: 153 193 921 532 792 213 825 974 
Bin 21: 480 383 814 190 438 
Bin 22: 700 977 817 311 122 600 
Bin 23: 89 694 615 446 288 423 
Bin 24: 432 299 874 319 93 444 
Bin 25: 129 477 63 676 571 916 
Bin 26: 44 145 556 536 296 
Bin 27: 290 70 730 184 138 59 
Bin 28: 853 510 842 135 409 280 820 
Bin 29: 660 176 493 473 21 430 789 
Bin 30: 416 291 885 765 715 269 256 
Bin 31: 371 889 512 953 98 22 
Bin 32: 772 324 717 575 472 211 
Bin 33: 170 470 457 466 599 610 332 617 524 
Bin 34: 303 360 491 222 318 487 
Bin 35: 797 189 196 143 248 27 
Bin 36: 653 944 518 866 47 343 
Bin 37: 464 632 845 136 308 726 598 179 
Bin 38: 224 81 844 596 661 232 80 
Bin 39: 623 411 55 399 626 
Bin 40: 897 54 622 618 25 788 274 445 164 
Bin 41: 374 5 612 724 14 903 40 
Bin 42: 681 482 570 901 235 200 905 368 
Bin 43: 326 53 761 115 413 431 
Bin 44: 821 849 826 635 662 345 19 791 
Bin 45: 796 488 810 503 567 252 121 915 
Bin 46: 69 220 584 945 928 367 991 
Bin 47: 498 895 581 410 656 925 
Bin 48: 302 978 951 670 148 433 
Bin 49: 728 390 376 210 484 460 602 
Bin 50: 398 76 793 624 608 625 779 
Bin 51: 762 663 773 323 942 984 
Bin 52: 997 812 307 875 436 629 386 
Bin 53: 485 652 993 716 347 422 900 
Bin 54: 838 527 425 298 126 937 
Bin 55: 106 262 554 685 297 166 
Bin 56: 140 225 697 133 657 
Bin 57: 56 79 132 392 43 373 549 
Bin 58: 208 11 667 704 973 537 
Bin 59: 649 926 88 492 447 331 769 
Bin 60: 543 202 49 206 349 548 
Bin 61: 572 811 20 654 597 864 359 
Bin 62: 0 668 857 771 91 155 131 
Bin 63: 855 616 99 547 207 983 843 
Bin 64: 711 72 709 908 528 486 112 
Bin 65: 856 459 442 995 286 684 768 
Bin 66: 341 896 229 535 692 883 502 
Bin 67: 42 707 271 187 471 174 310 
Bin 68: 740 989 674 238 708 402 
Bin 69: 199 253 755 261 636 741 251 
Bin 70: 920 573 790 158 157 279 128 
Bin 71: 501 287 781 401 521 146 514 
Bin 72: 151 886 275 219 36 84 111 
Bin 73: 387 168 607 322 419 
Bin 74: 241 794 750 169 898 799 
Bin 75: 108 992 688 999 161 421 
Bin 76: 763 454 932 369 687 316 
Bin 77: 729 894 181 453 197 315 738 358 
Bin 78: 906 475 74 448 489 95 31 
Bin 79: 976 858 934 397 48 209 
Bin 80: 523 888 167 873 270 
Bin 81: 351 546 940 378 815 910 356 985 336 956 
Bin 82: 749 565 15 648 304 782 195 
Bin 83: 721 827 260 589 338 563 
Bin 84: 561 46 52 4 705 929 899 
Bin 85: 366 695 871 26 66 
Bin 86: 65 710 639 818 574 312 693 
Bin 87: 240 593 249 171 244 
Bin 88: 301 38 335 734 835 94 468 
Bin 89: 727 227 643 958 191 
Bin 90: 12 16 577 701 73 689 525 816 
Bin 91: 586 696 699 92 994 82 
Bin 92: 384 706 247 217 305 350 
Bin 93: 952 604 713 61 736 970 603 
Bin 94: 394 327 714 659 733 553 841 
Bin 95: 960 380 294 852 389 505 
Bin 96: 949 415 172 869 156 
Bin 97: 97 595 75 233 580 634 
Bin 98: 919 587 904 550 646 539 
Bin 99: 77 754 340 971 127 24 
Bin 100: 585 116 880 959 377 426 186 
Bin 101: 576 541 859 680 957 9 619 
Bin 102: 113 465 51 867 234 342 85 743 
Bin 103: 333 242 752 439 519 130 
Bin 104: 435 7 117 683 745 569 
Bin 105: 149 605 344 621 686 406 346 
Bin 106: 609 893 890 533 990 933 950 
Bin 107: 163 285 611 450 850 912 753 372 
Bin 108: 68 544 259 746 758 90 935 
Bin 109: 144 375 28 231 381 778 266 529 
Bin 110: 325 568 783 751 947 192 
Bin 111: 804 417 441 201 348 109 
Bin 112: 735 972 836 329 334 828 988 
Bin 113: 246 592 405 461 284 963 
Bin 114: 645 691 582 559 640 78 
Bin 115: 917 119 564 6 1 824 
Bin 116: 300 682 557 795 675 393 427 
Bin 117: 228 391 123 862 494 924 
Bin 118: 911 214 732 650 511 388 
Bin 119: 840 177 837 507 542 96 579 
Bin 120: 137 798 882 452 292 
Bin 121: 516 594 630 277 719 744 87 975 
Bin 122: 658 150 57 283 462 39 
Bin 123: 722 943 831 878 490 872 
Bin 124: 400 766 767 980 558 986 
Bin 125: 834 276 478 891 105 887 509 268 
Bin 126: 455 774 833 839 281 651 313 946 
Bin 127: 267 531 644 854 58 212 848 255 
Bin 128: 183 805 775 13 293 198 
Bin 129: 35 508 250 215 257 892 665 
Bin 130: 637 669 631 264 295 458 495 
Bin 131: 50 807 407 998 770 756 71 
Bin 132: 317 822 309 884 647 180 159 
Bin 133: 641 154 443 194 737 497 
Bin 134: 420 483 385 969 913 
Bin 135: 846 476 671 832 551 449 
Bin 136: 328 979 479 408 702 
Bin 137: 429 560 606 418 102 847 748 
Bin 138: 314 545 922 147 948 
Bin 139: 967 289 83 720 104 760 
Bin 140: 204 530 806 330 673 642 590 
Bin 141: 802 361 588 718 801 954 
Bin 142: 515 258 830 672 520 
Bin 143: 499 141 506 538 34 918 254 354 
Bin 144: 939 578 809 434 776 
Bin 145: 851 134 614 463 638 353 
Bin 146: 777 365 677 731 868 114 583 
Bin 147: 173 555 469 339 941 
Bin 148: 64 481 764 428 800 124 742 
Bin 149: 29 655 205 996 739 
Bin 150: 306 526 504 927 961 364 
Bin 151: 562 118 522 759 965 
