# Objective: 101
# Time: 68.6432
# Feasible: 1
# Solution:
Bin 0: 68 388 56 220 140 
Bin 1: 279 466 200 441 113 
Bin 2: 450 224 394 368 366 212 
Bin 3: 58 87 489 392 
Bin 4: 435 378 237 83 133 266 
Bin 5: 111 486 302 213 
Bin 6: 16 238 55 14 475 
Bin 7: 145 104 185 219 348 
Bin 8: 217 287 410 327 75 
Bin 9: 178 331 153 51 356 69 
Bin 10: 298 73 389 306 137 
Bin 11: 387 290 497 163 
Bin 12: 177 191 283 195 347 
Bin 13: 110 404 161 247 336 
Bin 14: 493 50 156 70 
Bin 15: 427 226 210 
Bin 16: 407 265 85 
Bin 17: 278 233 249 451 90 
Bin 18: 38 263 405 474 
Bin 19: 147 309 470 426 345 445 
Bin 20: 362 322 236 128 460 77 
Bin 21: 22 269 182 479 0 
Bin 22: 319 198 24 317 154 
Bin 23: 53 78 421 417 304 
Bin 24: 365 44 157 8 218 175 359 
Bin 25: 166 89 284 354 
Bin 26: 303 241 98 243 
Bin 27: 333 116 328 461 358 
Bin 28: 446 100 314 19 26 228 
Bin 29: 432 313 416 36 487 473 
Bin 30: 482 121 431 146 202 
Bin 31: 86 118 30 276 453 
Bin 32: 196 262 112 456 400 
Bin 33: 65 23 455 41 174 141 
Bin 34: 371 312 301 346 126 
Bin 35: 187 119 2 401 248 
Bin 36: 334 40 255 397 28 
Bin 37: 60 494 325 43 
Bin 38: 108 459 142 291 124 
Bin 39: 419 364 369 181 390 
Bin 40: 308 310 225 463 281 
Bin 41: 122 268 130 294 10 
Bin 42: 88 183 484 413 138 492 
Bin 43: 72 176 101 96 373 
Bin 44: 471 437 490 203 
Bin 45: 396 5 488 251 375 117 
Bin 46: 363 211 452 483 221 
Bin 47: 499 42 152 240 478 
Bin 48: 408 367 285 67 94 
Bin 49: 114 270 7 449 227 382 
Bin 50: 106 280 17 380 
Bin 51: 162 151 33 250 414 
Bin 52: 469 259 361 214 208 
Bin 53: 164 480 6 386 
Bin 54: 80 349 232 160 286 
Bin 55: 192 355 188 412 150 59 
Bin 56: 168 131 229 438 324 15 
Bin 57: 496 179 234 295 
Bin 58: 125 155 79 206 3 399 
Bin 59: 341 149 434 197 477 
Bin 60: 74 323 418 172 
Bin 61: 1 205 223 63 159 
Bin 62: 99 282 296 254 34 
Bin 63: 244 167 409 194 129 134 330 
Bin 64: 209 235 311 76 184 
Bin 65: 57 82 264 46 12 144 
Bin 66: 377 315 297 406 267 49 
Bin 67: 457 318 35 4 320 
Bin 68: 293 403 13 239 316 
Bin 69: 353 360 242 307 458 
Bin 70: 425 393 433 428 136 288 
Bin 71: 257 102 171 
Bin 72: 71 39 230 92 37 272 
Bin 73: 173 169 495 352 273 
Bin 74: 29 338 115 216 66 
Bin 75: 21 472 201 127 
Bin 76: 411 326 61 97 423 
Bin 77: 439 332 395 252 
Bin 78: 189 420 424 64 350 
Bin 79: 430 442 343 491 27 54 
Bin 80: 485 376 135 207 422 
Bin 81: 109 62 379 289 32 
Bin 82: 305 402 321 447 222 
Bin 83: 436 398 476 256 300 
Bin 84: 344 170 339 190 381 52 
Bin 85: 444 274 271 84 
Bin 86: 329 415 246 31 9 91 
Bin 87: 468 385 383 25 
Bin 88: 81 105 372 123 464 
Bin 89: 299 47 95 158 103 
Bin 90: 186 498 277 429 337 
Bin 91: 260 48 351 370 443 
Bin 92: 275 440 204 335 448 
Bin 93: 11 374 
Bin 94: 20 45 215 18 462 
Bin 95: 165 132 357 384 340 292 
Bin 96: 139 258 467 93 
Bin 97: 148 253 199 120 
Bin 98: 143 231 107 342 245 
Bin 99: 465 391 454 261 
Bin 100: 193 180 481 
