# Objective: 156
# Time: 431.076
# Feasible: 1
# Solution:
Bin 0: 809 279 548 379 60 507 52 130 
Bin 1: 795 257 924 566 446 850 710 
Bin 2: 440 133 662 929 652 
Bin 3: 169 74 940 759 584 577 189 871 
Bin 4: 609 148 90 879 64 647 
Bin 5: 798 712 319 444 598 518 689 
Bin 6: 383 763 658 931 747 250 651 
Bin 7: 373 299 649 364 354 935 550 
Bin 8: 878 295 489 266 558 553 
Bin 9: 546 484 326 836 475 779 785 
Bin 10: 253 158 191 745 503 537 
Bin 11: 517 538 268 891 53 173 663 
Bin 12: 50 790 926 222 685 15 
Bin 13: 886 716 922 86 752 511 193 48 
Bin 14: 996 298 384 674 353 951 
Bin 15: 72 3 238 920 416 151 556 823 
Bin 16: 583 108 672 742 596 463 71 750 
Bin 17: 95 844 467 464 526 881 895 368 
Bin 18: 138 355 39 152 657 915 
Bin 19: 217 487 56 262 623 
Bin 20: 161 482 87 260 579 111 
Bin 21: 756 554 897 120 425 703 
Bin 22: 955 676 26 627 345 954 593 
Bin 23: 31 359 341 796 925 737 
Bin 24: 628 789 838 220 403 47 932 
Bin 25: 913 480 660 59 85 44 
Bin 26: 199 457 541 687 201 
Bin 27: 495 210 965 528 54 143 991 
Bin 28: 184 380 893 720 512 580 434 170 
Bin 29: 547 861 106 638 887 784 827 
Bin 30: 621 974 961 563 13 41 968 
Bin 31: 391 741 825 466 401 478 
Bin 32: 181 305 706 180 534 780 382 
Bin 33: 849 458 430 233 88 276 501 102 
Bin 34: 118 810 975 916 545 786 
Bin 35: 682 853 450 453 816 307 
Bin 36: 113 340 365 824 761 274 
Bin 37: 794 701 829 860 865 231 
Bin 38: 321 454 34 363 35 970 185 
Bin 39: 472 778 351 514 882 807 377 195 
Bin 40: 32 524 392 400 229 215 
Bin 41: 755 631 599 666 378 714 
Bin 42: 369 987 441 820 166 589 433 
Bin 43: 37 301 637 462 717 684 911 
Bin 44: 941 192 0 669 921 51 
Bin 45: 241 447 190 644 91 
Bin 46: 751 782 711 899 979 
Bin 47: 803 267 731 93 294 832 
Bin 48: 406 590 894 646 116 549 787 
Bin 49: 509 132 544 953 993 45 84 
Bin 50: 119 141 225 349 22 930 17 
Bin 51: 983 927 115 586 461 654 851 
Bin 52: 197 804 984 219 68 182 
Bin 53: 395 258 348 123 218 690 967 
Bin 54: 728 178 602 265 772 912 
Bin 55: 486 278 211 792 435 92 
Bin 56: 768 481 323 338 934 
Bin 57: 694 870 774 443 766 18 830 
Bin 58: 389 946 800 431 23 734 
Bin 59: 841 738 494 995 848 846 639 971 
Bin 60: 709 269 539 474 625 572 
Bin 61: 947 117 168 177 773 237 254 
Bin 62: 523 506 812 105 813 
Bin 63: 569 725 366 719 840 636 529 
Bin 64: 576 578 311 224 980 739 40 
Bin 65: 585 96 775 793 259 
Bin 66: 900 322 423 426 471 607 819 
Bin 67: 733 890 243 139 9 160 877 
Bin 68: 522 413 567 272 969 451 49 248 
Bin 69: 43 24 613 857 828 811 
Bin 70: 367 875 30 560 964 883 469 
Bin 71: 575 724 284 542 206 275 668 
Bin 72: 906 313 985 315 25 
Bin 73: 859 919 601 918 888 16 978 
Bin 74: 404 532 412 595 80 643 
Bin 75: 957 533 407 288 805 99 
Bin 76: 226 963 411 604 977 680 
Bin 77: 209 374 429 950 902 142 303 510 
Bin 78: 128 236 304 285 291 331 852 
Bin 79: 228 695 58 149 154 496 910 
Bin 80: 246 188 75 956 213 692 362 
Bin 81: 498 289 339 2 42 55 381 
Bin 82: 397 942 502 1 405 999 994 
Bin 83: 815 559 864 516 126 938 776 
Bin 84: 385 70 641 962 704 603 618 
Bin 85: 371 868 769 439 255 135 743 
Bin 86: 855 376 543 332 818 781 
Bin 87: 144 252 998 277 896 357 
Bin 88: 839 159 892 162 247 419 
Bin 89: 110 718 174 333 21 10 
Bin 90: 136 491 388 261 907 479 235 765 
Bin 91: 814 909 845 242 708 
Bin 92: 155 976 308 612 420 665 
Bin 93: 619 38 614 574 645 69 693 
Bin 94: 700 948 204 343 573 
Bin 95: 194 207 12 415 630 702 673 
Bin 96: 352 145 424 713 981 610 735 
Bin 97: 98 329 27 65 438 917 
Bin 98: 165 908 28 316 862 239 874 
Bin 99: 898 536 227 186 744 989 
Bin 100: 866 361 328 801 36 196 949 
Bin 101: 421 310 356 129 73 350 
Bin 102: 688 223 176 81 837 521 
Bin 103: 286 808 280 488 394 530 
Bin 104: 281 562 283 442 705 591 
Bin 105: 821 187 835 179 122 754 
Bin 106: 757 678 615 61 582 697 
Bin 107: 653 208 476 63 822 97 
Bin 108: 346 771 943 29 483 375 
Bin 109: 667 127 499 783 945 944 
Bin 110: 8 557 856 249 914 205 
Bin 111: 306 94 504 626 78 555 282 
Bin 112: 722 33 325 973 432 131 11 664 
Bin 113: 77 611 958 686 121 901 937 
Bin 114: 459 634 396 587 594 833 163 
Bin 115: 568 764 460 655 200 691 966 
Bin 116: 640 244 417 565 904 317 147 
Bin 117: 952 648 46 791 992 923 
Bin 118: 746 564 723 314 324 342 
Bin 119: 592 997 939 960 175 597 
Bin 120: 661 20 167 817 903 358 
Bin 121: 287 347 650 337 245 153 933 
Bin 122: 570 107 414 296 508 437 
Bin 123: 146 150 251 408 632 100 
Bin 124: 334 157 124 505 527 422 588 
Bin 125: 525 485 140 112 221 
Bin 126: 959 125 707 854 6 203 
Bin 127: 497 843 57 758 633 842 
Bin 128: 114 456 76 82 448 470 
Bin 129: 492 681 14 749 302 212 
Bin 130: 172 606 982 473 312 872 
Bin 131: 360 797 216 198 4 477 
Bin 132: 300 271 398 137 89 370 
Bin 133: 320 698 635 520 600 
Bin 134: 642 230 183 656 79 66 465 
Bin 135: 515 677 101 540 885 659 445 
Bin 136: 624 699 729 309 802 264 753 
Bin 137: 270 683 156 436 449 671 869 
Bin 138: 629 335 867 788 675 581 
Bin 139: 273 134 826 428 715 770 727 
Bin 140: 318 806 535 455 777 
Bin 141: 418 876 858 409 740 7 386 
Bin 142: 171 721 831 67 83 608 
Bin 143: 571 234 232 732 988 670 
Bin 144: 884 390 344 767 327 617 393 
Bin 145: 336 519 500 214 622 493 263 
Bin 146: 760 490 427 972 410 552 679 
Bin 147: 863 616 399 986 936 
Bin 148: 880 762 292 297 103 62 
Bin 149: 452 104 736 5 889 
Bin 150: 109 928 240 551 256 696 
Bin 151: 372 513 990 799 561 
Bin 152: 468 847 19 531 202 
Bin 153: 726 387 873 834 402 164 
Bin 154: 748 905 730 605 330 
Bin 155: 290 293 620 
