# Objective: 43
# Time: 11.2745
# Feasible: 1
# Solution:
Bin 0: 200 13 21 12 33 202 
Bin 1: 140 85 19 51 246 203 229 
Bin 2: 208 75 6 176 153 244 22 
Bin 3: 231 138 145 84 213 46 
Bin 4: 205 26 113 154 72 187 149 101 
Bin 5: 217 175 218 1 5 
Bin 6: 50 89 77 44 73 148 
Bin 7: 161 52 63 162 130 97 
Bin 8: 171 18 197 194 126 54 
Bin 9: 226 28 74 152 36 239 
Bin 10: 242 195 111 146 34 90 119 
Bin 11: 57 60 236 15 68 0 
Bin 12: 104 247 23 3 64 38 199 
Bin 13: 115 160 131 98 41 
Bin 14: 230 120 100 24 142 134 
Bin 15: 79 129 159 49 9 42 
Bin 16: 59 173 186 92 135 
Bin 17: 88 66 71 70 17 
Bin 18: 193 241 7 143 192 164 
Bin 19: 204 141 168 105 169 225 
Bin 20: 249 179 117 219 78 227 
Bin 21: 180 65 144 189 99 125 
Bin 22: 210 91 102 27 20 
Bin 23: 4 39 128 139 106 201 
Bin 24: 107 185 110 127 155 178 
Bin 25: 93 37 47 233 87 
Bin 26: 209 234 58 96 170 53 
Bin 27: 163 80 151 137 40 29 
Bin 28: 122 114 56 76 165 95 94 
Bin 29: 133 61 198 147 235 48 
Bin 30: 174 25 55 45 8 116 
Bin 31: 177 191 67 237 11 83 
Bin 32: 240 157 121 109 
Bin 33: 238 214 82 81 86 172 
Bin 34: 136 223 188 183 206 
Bin 35: 181 2 222 30 124 224 
Bin 36: 16 220 211 69 243 
Bin 37: 196 190 103 228 32 
Bin 38: 167 245 232 118 150 14 156 
Bin 39: 123 43 248 108 112 
Bin 40: 212 10 215 184 182 166 
Bin 41: 62 31 132 216 
Bin 42: 35 158 207 221 
