# Objective: 170
# Time: 3600.43
# Feasible: 1
# Solution:
Bin 0: 907 503 364 955 664 824 
Bin 1: 674 14 935 400 624 868 
Bin 2: 667 428 303 280 124 96 
Bin 3: 333 265 80 399 304 
Bin 4: 350 507 436 686 713 413 209 
Bin 5: 992 593 192 660 318 587 
Bin 6: 919 985 313 233 411 
Bin 7: 406 271 19 89 954 407 
Bin 8: 336 385 936 538 539 217 
Bin 9: 773 550 488 629 688 753 958 
Bin 10: 230 377 17 380 290 480 
Bin 11: 13 813 485 827 323 651 
Bin 12: 65 527 481 253 829 530 
Bin 13: 345 766 103 630 319 999 
Bin 14: 254 182 849 514 468 12 
Bin 15: 874 248 545 592 397 227 
Bin 16: 324 806 371 163 18 703 
Bin 17: 451 896 721 841 486 840 
Bin 18: 504 31 181 643 212 801 609 72 
Bin 19: 673 339 996 914 441 99 
Bin 20: 137 758 818 796 519 263 
Bin 21: 923 240 340 669 20 696 
Bin 22: 457 822 471 866 962 183 
Bin 23: 920 854 224 43 211 61 
Bin 24: 395 418 426 125 151 272 574 
Bin 25: 443 789 293 563 862 880 298 
Bin 26: 864 736 805 368 734 146 
Bin 27: 113 69 460 21 808 76 
Bin 28: 311 82 91 232 244 759 
Bin 29: 833 188 570 331 558 662 
Bin 30: 118 114 329 165 665 
Bin 31: 572 748 381 490 701 276 
Bin 32: 305 446 289 648 251 229 
Bin 33: 236 858 544 256 626 
Bin 34: 392 104 282 834 839 788 
Bin 35: 926 66 799 359 611 739 520 
Bin 36: 784 682 823 666 243 47 28 
Bin 37: 825 911 888 97 844 848 922 
Bin 38: 315 976 906 419 675 
Bin 39: 875 855 895 637 195 794 
Bin 40: 153 92 588 470 260 120 
Bin 41: 207 129 86 742 218 998 
Bin 42: 909 352 423 166 951 614 860 
Bin 43: 353 905 946 219 521 768 
Bin 44: 940 262 965 731 495 246 
Bin 45: 952 853 106 775 417 51 
Bin 46: 804 576 756 513 445 403 774 
Bin 47: 376 204 915 982 223 617 
Bin 48: 222 747 497 242 279 45 
Bin 49: 501 762 567 175 398 52 
Bin 50: 562 828 871 814 508 581 
Bin 51: 110 889 190 831 776 
Bin 52: 160 890 270 782 378 159 
Bin 53: 771 557 148 661 993 685 
Bin 54: 454 785 286 704 723 375 
Bin 55: 189 605 127 424 150 4 
Bin 56: 783 214 33 102 384 604 
Bin 57: 499 75 603 459 767 155 161 
Bin 58: 382 347 956 126 42 128 
Bin 59: 274 535 515 154 187 200 714 
Bin 60: 963 487 615 458 172 386 372 
Bin 61: 133 676 257 73 317 873 
Bin 62: 702 356 578 100 288 36 
Bin 63: 119 32 904 684 245 924 
Bin 64: 493 619 321 633 173 647 287 
Bin 65: 737 733 30 37 184 
Bin 66: 383 638 285 87 410 48 308 
Bin 67: 511 312 687 878 973 
Bin 68: 540 79 414 981 156 934 
Bin 69: 327 16 636 602 642 
Bin 70: 5 820 320 277 625 
Bin 71: 291 500 882 430 355 259 
Bin 72: 802 491 348 169 933 741 351 
Bin 73: 198 56 408 541 937 
Bin 74: 525 918 281 95 316 912 
Bin 75: 772 334 266 469 
Bin 76: 107 55 425 718 752 337 
Bin 77: 58 927 27 396 220 573 
Bin 78: 60 365 44 984 112 141 
Bin 79: 983 101 325 57 295 167 
Bin 80: 158 582 778 174 168 354 494 
Bin 81: 577 556 893 859 358 709 510 
Bin 82: 130 872 553 534 517 711 
Bin 83: 552 484 522 361 691 25 
Bin 84: 750 559 960 432 328 
Bin 85: 39 134 186 632 237 349 
Bin 86: 887 659 817 894 631 548 
Bin 87: 2 580 621 760 945 405 
Bin 88: 618 6 85 132 939 
Bin 89: 599 442 267 3 657 387 
Bin 90: 93 695 465 474 555 928 
Bin 91: 881 258 867 693 213 
Bin 92: 49 949 149 10 777 
Bin 93: 622 770 145 84 892 71 
Bin 94: 836 420 116 275 171 162 641 830 
Bin 95: 988 634 898 690 620 105 
Bin 96: 435 506 974 366 177 136 
Bin 97: 953 821 852 883 809 
Bin 98: 453 537 744 969 228 549 
Bin 99: 29 947 680 117 594 715 
Bin 100: 238 210 658 409 
Bin 101: 707 879 656 197 551 652 
Bin 102: 482 746 561 64 654 
Bin 103: 8 575 959 62 143 
Bin 104: 972 815 402 843 529 
Bin 105: 496 332 600 90 247 644 
Bin 106: 565 645 412 476 518 11 
Bin 107: 344 360 302 448 668 216 
Bin 108: 980 755 362 461 583 455 
Bin 109: 526 635 250 22 978 164 961 
Bin 110: 724 995 803 694 712 543 931 
Bin 111: 671 109 299 152 
Bin 112: 811 415 837 975 206 
Bin 113: 225 816 941 54 234 199 
Bin 114: 790 38 180 24 650 74 
Bin 115: 900 363 300 845 475 388 
Bin 116: 677 226 780 194 81 
Bin 117: 678 393 727 524 463 394 
Bin 118: 865 968 835 623 139 
Bin 119: 59 528 296 564 705 
Bin 120: 78 502 191 787 646 
Bin 121: 264 901 590 179 123 
Bin 122: 193 738 77 462 554 
Bin 123: 196 301 987 23 205 
Bin 124: 203 566 569 489 278 
Bin 125: 391 597 812 838 135 
Bin 126: 15 373 929 607 786 810 769 
Bin 127: 793 792 431 447 464 
Bin 128: 472 847 795 343 761 512 779 
Bin 129: 601 542 910 231 438 
Bin 130: 292 456 326 131 706 
Bin 131: 729 9 861 728 964 870 
Bin 132: 297 863 147 505 421 977 832 
Bin 133: 437 850 249 444 966 591 
Bin 134: 754 663 751 683 697 749 
Bin 135: 757 283 261 971 886 53 
Bin 136: 670 70 586 83 
Bin 137: 877 144 584 422 903 560 
Bin 138: 716 310 341 639 478 284 
Bin 139: 902 449 967 531 492 268 595 
Bin 140: 800 743 649 681 917 869 
Bin 141: 440 797 897 390 653 221 655 
Bin 142: 314 335 925 970 338 
Bin 143: 170 404 416 427 745 
Bin 144: 307 819 40 710 568 
Bin 145: 142 938 884 730 215 613 509 
Bin 146: 239 990 585 498 699 764 
Bin 147: 689 679 467 7 851 433 692 
Bin 148: 115 255 450 202 477 719 
Bin 149: 950 533 596 589 930 708 
Bin 150: 740 608 108 342 547 26 
Bin 151: 98 944 466 46 294 138 
Bin 152: 389 41 1 932 672 523 
Bin 153: 640 698 50 891 122 
Bin 154: 140 722 473 208 479 571 35 
Bin 155: 309 252 765 842 
Bin 156: 452 627 763 908 379 
Bin 157: 628 235 921 989 68 735 
Bin 158: 610 157 536 986 178 88 
Bin 159: 273 439 846 369 67 991 
Bin 160: 899 401 111 826 612 
Bin 161: 483 598 916 781 579 374 367 
Bin 162: 942 876 726 94 532 
Bin 163: 979 791 943 717 807 
Bin 164: 516 330 885 357 957 606 
Bin 165: 997 176 546 994 34 346 
Bin 166: 429 201 856 269 322 
Bin 167: 616 241 370 725 948 732 
Bin 168: 700 720 857 913 185 434 
Bin 169: 798 121 63 306 0 
