# Objective: 151
# Time: 215.947
# Feasible: 1
# Solution:
Bin 0: 209 256 480 444 362 343 
Bin 1: 843 258 296 216 230 396 43 106 
Bin 2: 574 78 326 874 655 885 290 974 
Bin 3: 455 476 992 580 344 266 828 234 297 
Bin 4: 429 334 248 478 829 674 18 
Bin 5: 511 6 13 902 71 594 
Bin 6: 19 538 360 68 831 880 28 177 
Bin 7: 302 576 540 238 239 125 387 
Bin 8: 322 814 799 552 52 
Bin 9: 669 619 798 863 895 852 300 
Bin 10: 217 562 393 38 732 291 493 
Bin 11: 224 48 851 768 208 339 787 327 
Bin 12: 563 81 33 74 591 808 554 680 
Bin 13: 201 115 202 608 751 235 192 761 
Bin 14: 869 670 914 793 188 411 410 833 746 
Bin 15: 646 951 519 634 558 153 268 
Bin 16: 730 211 409 968 561 970 997 
Bin 17: 660 503 109 516 917 
Bin 18: 959 684 975 578 579 309 
Bin 19: 294 693 782 310 11 274 652 
Bin 20: 559 647 878 465 80 836 700 
Bin 21: 598 605 687 866 603 956 
Bin 22: 792 663 50 945 648 724 588 
Bin 23: 658 748 971 592 237 757 365 
Bin 24: 513 392 622 105 566 383 641 940 
Bin 25: 607 386 722 683 666 677 
Bin 26: 198 649 689 244 221 590 
Bin 27: 160 531 804 15 672 228 
Bin 28: 156 717 642 802 738 
Bin 29: 419 264 278 889 364 743 471 
Bin 30: 443 721 406 589 203 624 243 
Bin 31: 484 837 955 158 166 401 
Bin 32: 632 332 898 187 986 850 
Bin 33: 942 194 40 772 288 735 
Bin 34: 111 398 171 24 713 662 
Bin 35: 426 168 441 67 860 84 723 
Bin 36: 938 120 824 560 131 183 994 
Bin 37: 355 159 865 656 897 694 
Bin 38: 879 90 450 439 616 314 
Bin 39: 602 918 551 541 522 870 696 
Bin 40: 675 517 311 305 157 862 376 
Bin 41: 523 849 530 394 556 844 
Bin 42: 433 923 147 26 820 485 
Bin 43: 141 60 193 148 949 962 265 
Bin 44: 352 137 222 640 818 98 887 
Bin 45: 998 972 165 49 931 312 89 
Bin 46: 161 247 546 482 335 650 
Bin 47: 467 639 744 501 231 
Bin 48: 736 960 777 886 496 853 763 107 
Bin 49: 452 427 454 223 21 765 813 69 
Bin 50: 275 306 614 919 470 595 497 
Bin 51: 83 139 149 638 182 191 
Bin 52: 714 34 397 121 358 58 378 
Bin 53: 617 200 789 790 51 103 
Bin 54: 704 82 626 909 627 571 
Bin 55: 715 27 489 93 822 424 767 12 
Bin 56: 440 29 842 629 463 961 236 368 
Bin 57: 353 257 451 907 846 418 682 
Bin 58: 946 924 96 281 4 856 834 
Bin 59: 830 502 490 499 330 
Bin 60: 770 599 130 812 755 134 486 
Bin 61: 110 698 729 229 408 934 
Bin 62: 242 249 711 414 742 728 
Bin 63: 95 323 205 292 900 633 
Bin 64: 745 815 797 162 254 133 345 
Bin 65: 250 373 361 911 321 375 284 
Bin 66: 544 620 823 977 512 774 
Bin 67: 871 432 212 762 809 127 
Bin 68: 973 283 269 220 430 179 73 733 
Bin 69: 20 637 354 371 255 999 613 
Bin 70: 796 351 114 428 417 805 
Bin 71: 504 172 795 186 987 
Bin 72: 686 527 618 10 491 510 421 
Bin 73: 403 271 303 377 835 943 
Bin 74: 890 246 954 995 952 47 548 
Bin 75: 195 625 691 528 811 854 939 
Bin 76: 708 214 928 764 572 189 63 
Bin 77: 775 685 867 893 169 712 
Bin 78: 380 739 678 227 801 64 610 
Bin 79: 9 356 270 643 487 435 848 545 
Bin 80: 316 494 178 933 612 458 388 
Bin 81: 500 664 423 481 701 400 752 
Bin 82: 760 776 719 143 581 601 
Bin 83: 506 336 981 984 379 325 
Bin 84: 199 585 996 718 645 673 446 
Bin 85: 720 473 681 630 827 671 233 
Bin 86: 780 53 176 210 118 170 
Bin 87: 445 342 285 926 521 568 374 621 
Bin 88: 710 859 657 927 920 832 
Bin 89: 892 910 420 716 747 151 983 
Bin 90: 405 778 533 399 5 
Bin 91: 944 363 346 597 190 969 87 232 
Bin 92: 965 341 881 653 136 948 145 
Bin 93: 16 381 553 475 810 252 
Bin 94: 45 539 980 184 407 740 644 
Bin 95: 215 86 709 207 313 976 76 
Bin 96: 167 298 750 623 518 916 
Bin 97: 324 841 123 79 225 
Bin 98: 39 154 688 526 840 124 
Bin 99: 964 402 922 164 14 913 56 436 
Bin 100: 872 357 876 800 218 277 
Bin 101: 779 679 331 116 707 390 
Bin 102: 213 773 340 838 287 936 25 
Bin 103: 289 318 204 611 690 636 391 135 697 72 
Bin 104: 868 44 382 536 654 
Bin 105: 94 783 788 260 749 267 
Bin 106: 957 384 54 803 369 754 
Bin 107: 547 469 304 659 88 320 781 
Bin 108: 569 759 359 845 477 
Bin 109: 947 537 286 92 349 935 769 
Bin 110: 990 308 921 883 958 459 807 
Bin 111: 786 535 245 816 279 0 726 
Bin 112: 600 113 262 584 963 
Bin 113: 17 280 903 102 575 61 692 908 
Bin 114: 651 240 702 464 542 
Bin 115: 525 474 819 415 389 
Bin 116: 906 97 498 412 119 442 180 
Bin 117: 372 930 163 438 665 2 328 
Bin 118: 532 631 129 434 448 937 
Bin 119: 457 912 7 273 884 727 583 
Bin 120: 606 899 570 628 437 108 864 495 888 
Bin 121: 65 8 507 565 699 609 756 
Bin 122: 582 586 706 741 174 524 925 
Bin 123: 462 70 966 991 847 950 
Bin 124: 347 75 150 460 317 
Bin 125: 479 447 91 784 251 929 206 
Bin 126: 593 725 337 806 37 449 
Bin 127: 175 36 904 737 915 
Bin 128: 988 55 62 896 967 549 226 
Bin 129: 253 766 196 604 821 472 509 703 
Bin 130: 514 319 59 989 155 734 
Bin 131: 905 367 731 315 894 
Bin 132: 185 794 543 564 753 425 31 
Bin 133: 520 705 126 181 333 508 
Bin 134: 100 978 416 23 22 144 
Bin 135: 85 422 877 941 785 395 
Bin 136: 404 104 219 295 615 577 
Bin 137: 138 276 982 667 350 875 979 263 
Bin 138: 567 128 338 117 587 468 515 30 
Bin 139: 197 413 101 35 32 534 282 
Bin 140: 555 366 596 453 293 668 857 
Bin 141: 817 173 301 99 825 307 112 873 
Bin 142: 557 771 758 488 861 456 385 
Bin 143: 461 140 483 993 676 
Bin 144: 1 855 348 505 57 
Bin 145: 66 661 573 492 891 985 146 272 3 
Bin 146: 635 77 42 329 259 695 
Bin 147: 953 241 466 142 46 901 
Bin 148: 550 858 932 882 431 839 
Bin 149: 261 41 370 132 299 
Bin 150: 529 152 122 826 791 
