# Objective: 158
# Time: 210.18
# Feasible: 1
# Solution:
Bin 0: 611 381 945 228 104 899 685 
Bin 1: 264 398 6 907 584 326 130 
Bin 2: 908 446 87 122 197 3 371 
Bin 3: 397 235 216 202 411 399 262 
Bin 4: 535 628 927 71 461 504 
Bin 5: 830 568 188 672 272 92 138 
Bin 6: 575 747 465 745 866 542 516 
Bin 7: 606 210 860 653 355 547 
Bin 8: 990 376 144 323 938 288 897 
Bin 9: 331 116 963 885 473 722 
Bin 10: 520 176 94 710 349 64 259 
Bin 11: 249 205 565 159 810 306 448 
Bin 12: 615 250 928 364 952 652 
Bin 13: 252 663 836 607 887 99 816 
Bin 14: 571 967 366 41 673 
Bin 15: 8 936 822 219 153 254 
Bin 16: 523 808 248 354 534 204 
Bin 17: 985 346 838 915 569 382 528 
Bin 18: 129 26 646 352 741 96 679 
Bin 19: 36 420 377 284 511 711 
Bin 20: 592 997 823 619 714 286 709 443 
Bin 21: 660 395 7 576 393 859 613 773 
Bin 22: 213 312 390 114 724 536 
Bin 23: 740 682 336 790 426 434 
Bin 24: 771 439 992 241 195 813 403 
Bin 25: 255 416 573 51 4 851 147 386 
Bin 26: 236 340 934 677 727 307 
Bin 27: 797 327 507 81 793 561 344 559 
Bin 28: 457 462 170 183 834 960 
Bin 29: 294 697 593 904 671 380 184 480 
Bin 30: 981 455 809 664 979 162 
Bin 31: 28 21 118 261 315 726 691 
Bin 32: 903 599 800 120 537 432 
Bin 33: 828 333 612 391 815 0 841 
Bin 34: 150 962 693 164 856 296 937 60 
Bin 35: 33 973 688 486 72 762 
Bin 36: 525 517 993 220 324 633 
Bin 37: 137 482 832 175 723 189 11 
Bin 38: 177 207 563 642 57 514 
Bin 39: 840 925 670 751 15 776 869 106 
Bin 40: 896 910 141 604 556 767 
Bin 41: 499 630 253 459 23 
Bin 42: 347 956 715 770 337 319 942 229 
Bin 43: 240 293 692 44 178 285 946 
Bin 44: 617 265 186 552 826 493 
Bin 45: 716 733 758 123 128 
Bin 46: 485 590 117 893 687 524 818 
Bin 47: 172 922 827 190 622 212 193 943 
Bin 48: 580 774 842 870 695 641 
Bin 49: 83 526 134 554 669 591 546 
Bin 50: 55 321 440 267 185 551 314 549 
Bin 51: 766 430 609 456 787 100 182 
Bin 52: 881 332 553 276 706 620 
Bin 53: 484 174 513 614 161 894 464 
Bin 54: 82 257 983 350 538 805 230 225 
Bin 55: 857 407 113 577 360 562 550 
Bin 56: 529 427 95 429 941 452 621 
Bin 57: 618 263 143 192 206 980 467 
Bin 58: 424 166 93 318 215 778 974 
Bin 59: 67 110 160 964 61 734 
Bin 60: 750 428 954 151 701 30 
Bin 61: 222 680 78 961 737 442 
Bin 62: 764 401 388 717 625 135 920 203 
Bin 63: 436 649 501 65 181 509 223 
Bin 64: 308 406 548 450 311 77 
Bin 65: 471 361 80 234 498 890 
Bin 66: 879 491 502 829 713 196 268 
Bin 67: 532 944 383 765 246 616 
Bin 68: 855 339 165 260 42 578 
Bin 69: 279 743 148 662 638 256 
Bin 70: 142 387 909 707 227 90 
Bin 71: 76 558 700 478 217 58 657 
Bin 72: 140 958 50 876 560 873 783 
Bin 73: 648 948 540 780 510 971 555 
Bin 74: 668 703 515 194 631 746 125 
Bin 75: 435 418 16 415 89 843 
Bin 76: 274 968 728 969 187 753 
Bin 77: 871 888 889 483 975 470 
Bin 78: 86 683 466 292 583 926 
Bin 79: 820 490 874 300 59 
Bin 80: 392 572 880 924 66 600 984 423 
Bin 81: 301 782 959 676 632 
Bin 82: 699 788 533 798 512 97 640 
Bin 83: 43 582 977 454 772 891 
Bin 84: 748 69 394 335 365 586 
Bin 85: 40 221 988 539 567 389 
Bin 86: 755 19 704 644 658 651 522 
Bin 87: 479 720 124 754 801 
Bin 88: 786 895 965 905 258 38 940 14 
Bin 89: 863 933 735 867 864 
Bin 90: 417 872 545 400 854 605 
Bin 91: 322 198 239 848 950 
Bin 92: 70 384 370 978 474 995 
Bin 93: 463 736 173 163 351 955 803 
Bin 94: 131 126 781 835 581 298 
Bin 95: 476 675 251 681 819 919 17 
Bin 96: 289 146 986 892 923 115 
Bin 97: 761 597 566 421 49 831 
Bin 98: 775 342 718 906 623 441 898 
Bin 99: 32 705 739 629 56 929 
Bin 100: 224 884 846 29 320 
Bin 101: 152 686 812 218 966 
Bin 102: 544 180 433 169 53 
Bin 103: 408 231 412 2 438 496 804 
Bin 104: 10 858 396 519 901 368 
Bin 105: 283 12 779 588 987 868 52 585 
Bin 106: 850 655 437 647 102 425 994 310 
Bin 107: 5 25 878 645 957 373 
Bin 108: 769 636 696 297 157 949 931 
Bin 109: 199 521 953 362 602 684 
Bin 110: 91 369 171 921 242 650 
Bin 111: 460 445 363 574 912 
Bin 112: 661 666 972 763 837 825 
Bin 113: 970 9 290 121 1 918 245 
Bin 114: 328 939 295 271 84 694 
Bin 115: 356 531 757 127 304 900 
Bin 116: 105 587 914 20 27 730 
Bin 117: 911 744 932 760 742 
Bin 118: 156 729 667 998 22 487 132 
Bin 119: 719 785 316 913 270 799 348 
Bin 120: 287 643 299 543 824 37 
Bin 121: 557 341 359 243 385 886 
Bin 122: 237 564 784 98 916 506 
Bin 123: 527 405 579 817 756 112 
Bin 124: 458 45 68 302 101 
Bin 125: 634 431 111 372 266 139 73 
Bin 126: 732 353 273 453 107 145 
Bin 127: 852 378 882 608 108 309 594 13 
Bin 128: 777 281 976 280 902 414 
Bin 129: 103 329 35 503 791 601 
Bin 130: 325 796 133 708 821 374 
Bin 131: 759 795 232 317 402 833 
Bin 132: 85 358 269 596 738 530 244 
Bin 133: 689 282 678 54 278 74 
Bin 134: 179 508 444 472 807 275 991 
Bin 135: 862 469 155 330 731 211 
Bin 136: 752 477 34 794 201 626 
Bin 137: 982 635 595 168 674 749 
Bin 138: 154 62 214 247 419 
Bin 139: 935 209 768 624 598 639 
Bin 140: 63 119 497 814 39 303 
Bin 141: 475 404 367 865 488 637 
Bin 142: 654 305 291 518 839 
Bin 143: 844 313 345 875 379 
Bin 144: 375 883 46 24 792 149 
Bin 145: 489 468 665 413 656 47 
Bin 146: 449 999 79 721 811 
Bin 147: 357 410 845 226 495 861 
Bin 148: 109 505 725 690 31 806 
Bin 149: 48 659 930 847 447 
Bin 150: 200 277 338 422 136 
Bin 151: 208 589 627 451 698 
Bin 152: 158 494 88 610 492 191 
Bin 153: 917 233 167 75 541 
Bin 154: 570 238 802 481 996 
Bin 155: 849 603 343 334 712 18 
Bin 156: 947 853 702 877 
Bin 157: 500 951 789 409 989 
