# Objective: 80
# Time: 12.2378
# Feasible: 1
# Solution:
Bin 0: 430 154 71 289 2 59 492 143 
Bin 1: 252 223 476 322 357 491 157 
Bin 2: 4 346 295 316 132 263 12 
Bin 3: 323 264 411 466 103 63 314 53 420 
Bin 4: 144 106 339 1 482 409 202 
Bin 5: 31 256 129 267 318 237 
Bin 6: 23 207 453 193 229 362 95 
Bin 7: 33 407 285 224 19 113 335 
Bin 8: 231 68 413 294 387 336 414 
Bin 9: 120 18 38 373 376 374 417 321 
Bin 10: 278 291 87 375 47 80 139 211 
Bin 11: 351 88 151 450 175 302 208 
Bin 12: 233 394 83 172 455 93 
Bin 13: 204 100 159 371 96 156 262 
Bin 14: 67 366 236 403 232 8 393 
Bin 15: 122 379 488 180 32 330 
Bin 16: 205 246 363 171 390 
Bin 17: 447 299 319 290 315 230 199 140 
Bin 18: 443 3 186 77 440 51 
Bin 19: 125 101 472 0 380 340 
Bin 20: 406 187 308 166 457 361 368 
Bin 21: 370 250 444 178 385 245 418 296 
Bin 22: 497 268 404 480 324 243 437 
Bin 23: 52 317 240 412 478 
Bin 24: 483 344 84 75 461 123 
Bin 25: 304 320 279 438 214 496 42 
Bin 26: 66 43 36 382 434 260 
Bin 27: 359 251 277 135 350 39 
Bin 28: 300 148 174 498 118 464 
Bin 29: 60 116 329 220 40 415 105 
Bin 30: 164 196 424 215 94 416 
Bin 31: 271 219 405 74 191 112 293 
Bin 32: 182 353 58 168 226 
Bin 33: 474 102 14 130 469 137 
Bin 34: 312 167 397 141 331 
Bin 35: 161 235 485 44 22 398 
Bin 36: 341 495 155 275 422 352 114 
Bin 37: 326 392 463 287 238 150 
Bin 38: 127 456 158 201 227 
Bin 39: 136 146 284 475 493 
Bin 40: 410 244 465 142 62 21 65 
Bin 41: 276 378 195 473 15 50 189 
Bin 42: 288 459 165 365 128 334 348 
Bin 43: 429 153 198 61 133 
Bin 44: 342 332 367 72 115 448 400 
Bin 45: 494 486 213 86 481 391 
Bin 46: 173 242 210 212 298 35 91 402 
Bin 47: 446 28 99 147 355 377 401 170 
Bin 48: 241 310 396 286 70 258 82 
Bin 49: 325 131 177 217 181 
Bin 50: 458 360 209 389 55 449 10 460 
Bin 51: 432 499 423 384 273 
Bin 52: 347 192 301 90 254 54 
Bin 53: 64 280 197 81 439 160 
Bin 54: 274 441 305 261 176 452 349 
Bin 55: 126 489 89 169 5 
Bin 56: 451 152 306 107 419 386 
Bin 57: 200 282 381 249 428 239 
Bin 58: 185 266 188 470 427 97 435 
Bin 59: 69 162 76 272 436 
Bin 60: 41 259 228 454 468 145 
Bin 61: 257 98 395 85 269 337 134 
Bin 62: 92 345 309 222 203 307 
Bin 63: 221 184 364 399 218 
Bin 64: 471 270 281 6 37 30 
Bin 65: 20 445 338 149 29 
Bin 66: 45 7 179 248 433 
Bin 67: 124 303 117 253 194 119 
Bin 68: 163 283 79 26 24 
Bin 69: 408 104 16 421 13 121 
Bin 70: 27 46 108 190 56 311 
Bin 71: 388 426 484 78 111 356 
Bin 72: 57 292 138 73 467 34 
Bin 73: 234 383 477 313 255 
Bin 74: 333 462 9 11 297 343 
Bin 75: 354 490 48 327 358 
Bin 76: 369 225 425 431 110 
Bin 77: 17 183 247 216 479 
Bin 78: 442 206 328 109 25 
Bin 79: 372 49 487 265 
