# Objective: 158
# Time: 151.593
# Feasible: 1
# Solution:
Bin 0: 177 804 4 464 203 943 111 896 
Bin 1: 727 956 819 495 756 165 159 
Bin 2: 439 981 740 681 483 872 268 
Bin 3: 509 630 186 492 83 179 609 
Bin 4: 992 345 215 206 52 370 
Bin 5: 967 738 721 862 405 595 732 37 
Bin 6: 907 647 348 435 486 386 
Bin 7: 828 281 9 684 799 
Bin 8: 414 923 397 840 783 624 
Bin 9: 395 583 80 854 500 241 830 
Bin 10: 381 466 388 335 301 314 842 519 
Bin 11: 295 289 664 957 941 461 
Bin 12: 652 680 208 170 860 876 
Bin 13: 778 710 909 682 525 292 
Bin 14: 212 560 376 137 541 94 
Bin 15: 847 399 879 216 89 
Bin 16: 663 953 316 418 618 255 416 
Bin 17: 413 485 948 188 114 362 
Bin 18: 910 773 100 814 556 892 
Bin 19: 848 310 457 379 593 
Bin 20: 55 757 608 597 324 
Bin 21: 244 10 577 937 60 676 
Bin 22: 578 868 428 157 201 720 529 
Bin 23: 294 358 829 70 50 363 382 659 870 
Bin 24: 424 42 546 988 182 911 960 
Bin 25: 19 838 611 44 648 189 718 
Bin 26: 117 242 743 448 445 885 688 
Bin 27: 214 779 963 278 544 146 
Bin 28: 658 574 534 906 662 164 266 
Bin 29: 323 62 673 912 329 702 
Bin 30: 521 713 173 82 349 344 198 85 
Bin 31: 505 930 406 109 41 21 341 
Bin 32: 698 851 807 91 708 149 
Bin 33: 722 334 782 515 527 579 969 450 
Bin 34: 97 612 857 880 516 108 
Bin 35: 679 20 440 61 375 562 642 
Bin 36: 978 623 402 565 17 873 
Bin 37: 839 887 68 115 219 576 
Bin 38: 365 326 793 417 351 238 
Bin 39: 452 39 120 644 293 
Bin 40: 689 443 768 478 940 615 
Bin 41: 502 952 232 331 479 253 437 598 
Bin 42: 31 342 934 655 372 202 
Bin 43: 467 308 665 113 196 
Bin 44: 734 837 536 390 512 893 964 126 
Bin 45: 425 419 812 422 260 420 
Bin 46: 894 649 827 884 497 528 496 
Bin 47: 24 291 973 288 590 699 155 
Bin 48: 548 801 878 156 949 228 
Bin 49: 15 122 322 790 835 434 547 
Bin 50: 396 86 570 996 770 724 919 
Bin 51: 112 298 63 709 822 343 606 
Bin 52: 498 125 533 163 304 813 207 
Bin 53: 987 480 563 704 248 174 
Bin 54: 789 240 128 566 446 760 
Bin 55: 199 482 426 853 836 264 
Bin 56: 986 442 572 359 134 607 
Bin 57: 871 421 719 471 715 506 
Bin 58: 841 622 36 65 319 897 945 
Bin 59: 558 209 96 759 808 
Bin 60: 959 890 73 336 600 477 640 
Bin 61: 668 283 271 491 554 750 617 
Bin 62: 410 749 116 545 87 377 523 922 
Bin 63: 993 746 429 591 867 971 
Bin 64: 347 401 667 138 333 589 43 
Bin 65: 966 510 891 30 755 777 
Bin 66: 685 913 976 187 141 357 
Bin 67: 257 102 249 430 103 697 557 865 
Bin 68: 601 490 863 636 78 81 
Bin 69: 632 582 99 57 140 
Bin 70: 653 933 825 634 511 282 874 683 
Bin 71: 661 758 802 660 476 328 856 
Bin 72: 309 781 118 48 539 35 905 
Bin 73: 605 538 133 716 530 626 235 
Bin 74: 299 581 432 666 246 456 121 
Bin 75: 694 741 297 984 234 135 633 
Bin 76: 995 526 18 832 27 250 742 195 
Bin 77: 460 338 305 692 810 
Bin 78: 233 806 169 49 821 503 180 
Bin 79: 172 178 29 124 474 403 
Bin 80: 604 258 627 881 320 350 28 
Bin 81: 975 672 803 451 463 903 795 
Bin 82: 275 129 229 75 737 227 
Bin 83: 366 921 914 340 962 693 569 
Bin 84: 616 231 353 280 22 
Bin 85: 791 580 444 167 752 364 
Bin 86: 389 764 53 93 638 190 
Bin 87: 989 983 686 980 823 332 325 
Bin 88: 356 273 101 270 712 354 
Bin 89: 409 105 946 119 337 651 
Bin 90: 965 751 175 979 767 820 
Bin 91: 745 784 2 247 385 473 
Bin 92: 470 904 415 225 272 785 213 47 
Bin 93: 592 387 928 794 831 524 809 
Bin 94: 239 7 858 614 584 311 
Bin 95: 431 619 54 798 369 284 205 
Bin 96: 8 968 603 458 274 394 507 367 
Bin 97: 222 628 185 300 776 772 
Bin 98: 302 438 176 12 725 733 330 869 
Bin 99: 153 714 5 843 631 472 
Bin 100: 33 131 677 736 542 
Bin 101: 678 763 276 726 643 
Bin 102: 522 90 728 926 16 368 
Bin 103: 931 915 72 944 3 990 
Bin 104: 753 25 620 985 935 154 513 
Bin 105: 45 488 925 559 504 286 
Bin 106: 691 106 585 571 259 217 
Bin 107: 696 958 849 181 191 917 901 645 
Bin 108: 805 520 670 594 407 
Bin 109: 393 518 927 787 788 707 654 
Bin 110: 317 130 245 951 815 449 735 
Bin 111: 797 193 371 786 800 792 
Bin 112: 695 796 564 40 846 646 
Bin 113: 950 690 296 230 51 754 499 
Bin 114: 194 826 916 972 252 567 650 
Bin 115: 171 882 355 142 59 811 
Bin 116: 711 360 850 127 999 104 
Bin 117: 938 771 816 148 489 
Bin 118: 657 312 687 747 586 427 
Bin 119: 34 211 453 932 588 991 
Bin 120: 56 391 26 859 287 69 
Bin 121: 766 774 706 46 361 1 998 
Bin 122: 144 899 400 765 729 423 
Bin 123: 908 469 508 994 517 955 
Bin 124: 110 315 861 723 384 552 
Bin 125: 204 929 279 895 79 307 
Bin 126: 575 637 261 447 221 918 
Bin 127: 74 535 625 398 23 
Bin 128: 6 321 543 285 160 
Bin 129: 555 166 834 700 436 730 
Bin 130: 183 674 639 936 147 139 
Bin 131: 701 748 866 613 629 
Bin 132: 675 441 888 455 817 
Bin 133: 197 412 775 223 475 251 
Bin 134: 824 705 192 151 602 487 
Bin 135: 226 404 71 243 532 970 
Bin 136: 454 898 220 864 942 318 
Bin 137: 38 656 549 95 551 780 610 
Bin 138: 501 210 152 883 731 58 378 
Bin 139: 236 852 11 982 920 262 256 
Bin 140: 561 123 313 88 267 599 
Bin 141: 98 132 218 494 32 761 
Bin 142: 875 373 703 900 352 224 974 
Bin 143: 408 150 433 484 158 
Bin 144: 265 671 514 306 717 553 
Bin 145: 493 374 64 568 540 263 
Bin 146: 77 635 845 290 411 961 
Bin 147: 346 596 168 902 237 833 392 
Bin 148: 383 339 380 531 0 621 
Bin 149: 744 136 143 277 269 
Bin 150: 13 481 76 465 977 550 
Bin 151: 92 84 537 939 303 954 
Bin 152: 997 818 769 462 254 
Bin 153: 145 573 844 184 66 855 
Bin 154: 161 947 327 200 886 877 
Bin 155: 468 669 107 162 924 587 
Bin 156: 889 14 739 762 
Bin 157: 67 459 641 
