# Objective: 88
# Time: 61.517
# Feasible: 1
# Solution:
Bin 0: 181 356 359 55 87 437 
Bin 1: 271 257 167 147 410 265 
Bin 2: 373 164 491 22 382 
Bin 3: 23 463 232 33 318 256 7 
Bin 4: 249 306 295 376 27 96 
Bin 5: 168 221 323 444 186 188 
Bin 6: 29 456 62 73 457 368 
Bin 7: 42 259 471 6 441 277 
Bin 8: 298 52 57 5 488 210 
Bin 9: 148 213 9 408 486 86 
Bin 10: 17 279 156 281 203 119 
Bin 11: 135 353 240 352 192 39 
Bin 12: 50 334 255 18 460 54 416 
Bin 13: 420 128 32 143 176 49 238 
Bin 14: 343 396 53 37 74 381 
Bin 15: 116 224 446 378 431 289 
Bin 16: 242 3 286 435 241 173 
Bin 17: 10 106 393 288 344 236 
Bin 18: 88 489 285 1 400 
Bin 19: 177 415 297 421 77 
Bin 20: 303 472 137 21 454 
Bin 21: 247 310 430 92 25 351 
Bin 22: 185 266 234 385 182 
Bin 23: 56 292 144 483 199 194 
Bin 24: 200 358 40 470 301 291 
Bin 25: 95 159 109 480 97 161 
Bin 26: 490 405 394 436 296 313 
Bin 27: 442 66 58 71 93 305 
Bin 28: 422 44 452 69 133 482 
Bin 29: 493 153 407 419 458 448 
Bin 30: 169 70 229 94 268 
Bin 31: 154 320 0 82 466 413 180 
Bin 32: 220 346 251 145 375 403 
Bin 33: 129 219 187 478 355 336 
Bin 34: 107 467 111 299 63 
Bin 35: 273 392 183 481 85 
Bin 36: 337 79 494 157 348 142 
Bin 37: 365 158 64 341 387 
Bin 38: 283 4 184 363 497 30 
Bin 39: 41 338 104 464 475 212 347 
Bin 40: 170 117 115 60 473 308 
Bin 41: 335 267 384 360 342 
Bin 42: 100 414 300 485 99 425 
Bin 43: 118 398 127 105 136 
Bin 44: 412 371 372 201 345 
Bin 45: 325 451 409 120 230 125 
Bin 46: 479 113 307 47 26 
Bin 47: 89 207 362 401 424 59 
Bin 48: 250 38 46 248 462 114 339 
Bin 49: 282 269 453 110 126 
Bin 50: 327 172 357 418 179 
Bin 51: 367 140 386 155 311 411 
Bin 52: 284 324 31 290 389 
Bin 53: 139 397 81 264 216 316 
Bin 54: 395 427 440 83 383 51 
Bin 55: 447 253 476 193 150 124 
Bin 56: 354 198 138 349 261 61 
Bin 57: 275 175 162 130 314 2 
Bin 58: 312 498 484 278 20 12 
Bin 59: 321 146 149 233 433 402 
Bin 60: 445 246 91 204 438 
Bin 61: 72 245 13 391 196 223 
Bin 62: 450 388 218 244 112 276 
Bin 63: 190 304 134 243 222 
Bin 64: 202 423 309 28 122 152 
Bin 65: 439 228 315 84 499 
Bin 66: 34 209 68 171 428 
Bin 67: 287 214 404 468 379 98 
Bin 68: 160 302 78 258 211 35 329 
Bin 69: 174 377 235 274 132 
Bin 70: 121 496 227 141 326 270 
Bin 71: 260 14 225 252 492 331 
Bin 72: 449 226 48 361 76 
Bin 73: 332 205 417 101 366 217 
Bin 74: 322 165 45 151 19 
Bin 75: 16 333 67 24 215 399 
Bin 76: 191 369 474 263 131 231 
Bin 77: 75 477 108 163 465 461 
Bin 78: 374 208 406 459 380 
Bin 79: 102 328 364 80 280 
Bin 80: 15 340 429 123 319 
Bin 81: 237 370 390 293 103 
Bin 82: 469 294 434 178 350 
Bin 83: 239 254 495 206 11 
Bin 84: 272 455 43 166 432 
Bin 85: 36 487 197 317 8 
Bin 86: 195 262 426 443 90 
Bin 87: 65 189 330 
