# Objective: 101
# Time: 98.3749
# Feasible: 1
# Solution:
Bin 0: 166 22 215 109 
Bin 1: 301 497 157 349 265 
Bin 2: 228 258 302 3 217 31 
Bin 3: 234 140 177 
Bin 4: 26 466 376 148 482 
Bin 5: 403 479 305 158 283 455 
Bin 6: 32 239 4 276 357 
Bin 7: 61 202 213 246 247 399 
Bin 8: 459 204 434 474 240 
Bin 9: 380 135 260 457 
Bin 10: 348 39 118 48 333 
Bin 11: 487 238 194 231 142 
Bin 12: 111 451 67 279 409 
Bin 13: 407 255 201 326 484 188 
Bin 14: 208 362 190 454 299 184 
Bin 15: 144 290 226 481 224 
Bin 16: 36 432 490 312 384 
Bin 17: 219 38 138 272 
Bin 18: 220 274 172 256 18 160 
Bin 19: 355 129 353 263 42 
Bin 20: 235 443 262 128 257 
Bin 21: 475 390 179 57 498 
Bin 22: 315 55 97 83 229 270 
Bin 23: 107 23 392 147 169 171 
Bin 24: 381 196 44 397 
Bin 25: 375 14 6 391 
Bin 26: 492 378 214 21 197 
Bin 27: 104 133 244 10 168 
Bin 28: 470 117 449 7 90 
Bin 29: 236 411 408 471 
Bin 30: 182 496 131 153 45 458 
Bin 31: 298 89 96 212 288 
Bin 32: 66 170 180 15 350 417 
Bin 33: 54 165 16 78 293 
Bin 34: 49 17 345 354 103 
Bin 35: 450 124 352 267 64 365 
Bin 36: 445 199 421 87 161 374 
Bin 37: 346 50 91 56 
Bin 38: 29 146 186 37 25 
Bin 39: 72 282 344 314 225 
Bin 40: 280 415 51 456 
Bin 41: 218 310 79 187 
Bin 42: 248 176 80 75 136 
Bin 43: 254 69 116 295 43 
Bin 44: 230 446 478 370 371 
Bin 45: 81 438 65 99 8 
Bin 46: 143 493 163 285 343 251 
Bin 47: 476 121 361 347 227 
Bin 48: 132 155 320 115 
Bin 49: 340 338 336 151 268 
Bin 50: 59 164 209 245 
Bin 51: 325 469 386 324 368 
Bin 52: 105 119 5 447 366 
Bin 53: 261 27 494 334 216 419 394 
Bin 54: 126 425 70 252 11 
Bin 55: 424 431 356 452 402 
Bin 56: 63 101 192 406 373 223 
Bin 57: 433 159 175 243 
Bin 58: 442 173 60 95 316 
Bin 59: 468 110 53 222 472 210 
Bin 60: 304 108 444 62 435 
Bin 61: 358 292 491 52 382 
Bin 62: 273 483 249 162 
Bin 63: 418 414 284 341 286 
Bin 64: 289 499 323 30 339 
Bin 65: 86 335 150 100 
Bin 66: 185 98 68 300 
Bin 67: 441 113 294 189 203 
Bin 68: 430 152 388 156 123 
Bin 69: 416 309 377 328 
Bin 70: 395 364 221 85 
Bin 71: 337 311 24 82 
Bin 72: 385 145 40 112 102 12 
Bin 73: 307 287 2 398 
Bin 74: 495 125 369 448 233 
Bin 75: 329 271 9 278 13 28 
Bin 76: 242 486 303 277 41 437 
Bin 77: 319 250 206 332 327 291 
Bin 78: 264 33 149 436 207 58 463 
Bin 79: 389 359 127 237 47 
Bin 80: 383 193 393 20 281 462 
Bin 81: 306 322 296 76 46 
Bin 82: 379 178 174 241 139 387 
Bin 83: 428 94 360 183 485 
Bin 84: 460 461 120 259 154 
Bin 85: 1 473 73 269 396 
Bin 86: 429 205 465 253 211 
Bin 87: 134 372 191 181 453 71 
Bin 88: 198 141 92 167 427 
Bin 89: 477 467 404 412 342 88 
Bin 90: 84 422 318 195 
Bin 91: 35 114 137 413 
Bin 92: 77 74 489 19 423 
Bin 93: 0 464 93 34 321 
Bin 94: 122 440 297 410 
Bin 95: 405 488 308 232 367 
Bin 96: 426 275 330 401 420 
Bin 97: 439 351 106 
Bin 98: 480 400 317 
Bin 99: 200 363 130 313 
Bin 100: 266 331 
