# Objective: 46
# Time: 23.8644
# Feasible: 1
# Solution:
Bin 0: 8 160 17 30 147 
Bin 1: 59 3 173 109 157 178 216 
Bin 2: 27 50 179 5 235 117 
Bin 3: 40 84 142 228 143 
Bin 4: 90 217 136 166 167 116 
Bin 5: 2 112 111 210 63 
Bin 6: 137 233 39 105 164 
Bin 7: 131 177 150 205 119 170 
Bin 8: 206 148 86 14 219 174 126 
Bin 9: 92 145 68 4 188 23 
Bin 10: 176 91 202 70 11 139 
Bin 11: 211 165 129 127 123 158 
Bin 12: 85 113 65 44 190 124 
Bin 13: 57 51 187 249 18 
Bin 14: 81 38 43 108 1 46 
Bin 15: 36 25 212 242 66 
Bin 16: 110 94 208 7 
Bin 17: 69 181 215 58 6 21 152 
Bin 18: 203 32 55 13 200 163 
Bin 19: 62 193 240 199 162 197 
Bin 20: 61 79 102 106 172 
Bin 21: 168 194 135 60 237 74 
Bin 22: 54 15 118 204 75 248 141 
Bin 23: 20 134 47 128 247 
Bin 24: 213 149 88 231 35 56 
Bin 25: 198 24 97 12 222 
Bin 26: 201 103 72 182 93 
Bin 27: 146 185 220 169 76 
Bin 28: 78 241 114 159 45 232 
Bin 29: 115 96 83 238 89 121 
Bin 30: 180 41 209 214 
Bin 31: 9 234 239 77 227 
Bin 32: 48 151 130 53 33 
Bin 33: 42 226 95 171 189 153 
Bin 34: 221 22 192 132 99 140 
Bin 35: 67 183 246 28 52 
Bin 36: 37 122 144 156 175 31 
Bin 37: 191 245 229 16 184 
Bin 38: 196 236 26 207 218 
Bin 39: 138 230 243 29 125 
Bin 40: 64 87 19 107 155 
Bin 41: 71 0 49 186 100 
Bin 42: 224 133 34 161 101 82 
Bin 43: 120 98 225 244 80 
Bin 44: 104 195 154 
Bin 45: 10 223 73 
