# Objective: 74
# Time: 24.9473
# Feasible: 1
# Solution:
Bin 0: 87 429 0 250 481 
Bin 1: 325 185 278 234 131 78 113 132 365 
Bin 2: 217 137 472 467 95 
Bin 3: 162 222 390 248 69 245 12 394 195 54 
Bin 4: 497 421 452 97 66 258 25 
Bin 5: 309 58 34 290 82 382 443 
Bin 6: 146 254 483 364 372 154 
Bin 7: 100 260 269 297 110 1 368 
Bin 8: 380 246 441 307 271 193 401 361 
Bin 9: 159 308 207 167 104 133 
Bin 10: 244 156 225 335 163 272 347 62 
Bin 11: 165 206 436 166 178 455 
Bin 12: 218 125 410 26 291 281 
Bin 13: 251 190 310 270 456 376 479 
Bin 14: 13 224 316 374 330 460 
Bin 15: 293 317 306 128 312 301 107 
Bin 16: 135 381 396 294 213 
Bin 17: 223 477 305 14 319 407 53 
Bin 18: 474 70 47 238 360 466 
Bin 19: 158 391 384 10 402 499 249 362 
Bin 20: 92 450 323 378 334 350 
Bin 21: 327 202 414 487 219 7 379 
Bin 22: 264 262 235 71 149 348 
Bin 23: 171 430 338 147 150 371 
Bin 24: 50 457 220 363 242 168 23 
Bin 25: 88 187 119 121 439 406 411 
Bin 26: 377 160 134 143 385 124 
Bin 27: 172 18 304 469 345 138 155 
Bin 28: 209 42 459 189 354 
Bin 29: 15 151 85 105 227 492 413 
Bin 30: 99 112 252 19 96 340 81 
Bin 31: 41 130 37 216 231 
Bin 32: 277 359 292 181 76 118 176 
Bin 33: 425 6 116 419 243 493 289 458 
Bin 34: 383 399 356 33 253 494 188 485 
Bin 35: 142 438 57 255 464 349 326 32 
Bin 36: 488 61 169 180 198 259 
Bin 37: 302 226 320 79 341 267 287 
Bin 38: 153 395 91 229 437 275 
Bin 39: 478 303 388 20 417 68 
Bin 40: 265 175 449 286 108 215 261 
Bin 41: 73 72 263 256 336 296 
Bin 42: 17 56 279 321 16 400 230 101 
Bin 43: 322 397 27 22 59 46 482 428 24 
Bin 44: 197 145 86 123 424 422 
Bin 45: 276 67 480 324 435 461 444 476 
Bin 46: 495 470 328 179 346 212 454 
Bin 47: 2 448 127 268 233 64 4 434 
Bin 48: 358 3 408 298 373 65 
Bin 49: 210 496 446 49 339 200 
Bin 50: 89 433 8 369 98 426 141 
Bin 51: 387 280 247 393 148 329 
Bin 52: 191 331 117 282 201 403 48 
Bin 53: 83 337 486 473 205 94 170 
Bin 54: 409 38 315 40 366 106 199 
Bin 55: 211 11 357 313 447 74 55 
Bin 56: 418 295 115 114 103 353 28 440 
Bin 57: 475 285 31 314 228 367 
Bin 58: 144 184 35 161 333 232 39 174 
Bin 59: 415 318 332 352 164 122 416 386 63 
Bin 60: 431 237 355 288 43 453 445 
Bin 61: 442 462 52 183 152 412 
Bin 62: 404 471 299 102 370 120 257 136 
Bin 63: 173 427 9 192 498 491 129 
Bin 64: 77 208 186 109 30 468 84 
Bin 65: 465 343 214 111 60 392 489 
Bin 66: 311 182 90 351 126 
Bin 67: 284 204 236 398 273 177 
Bin 68: 239 420 423 196 29 240 157 
Bin 69: 241 140 300 75 221 266 
Bin 70: 490 44 45 194 93 
Bin 71: 283 5 139 484 51 432 
Bin 72: 463 451 203 21 375 36 
Bin 73: 405 274 389 342 344 80 
