# Objective: 18
# Time: 2.85557
# Feasible: 1
# Solution:
Bin 0: 85 10 82 29 56 66 19 68 
Bin 1: 45 44 57 11 106 52 3 
Bin 2: 48 111 115 97 96 36 42 
Bin 3: 26 30 54 95 5 93 110 102 
Bin 4: 107 59 67 78 15 9 37 
Bin 5: 61 38 16 1 105 112 79 90 
Bin 6: 69 12 23 58 27 81 
Bin 7: 108 118 8 13 119 39 35 
Bin 8: 18 89 72 28 4 101 70 
Bin 9: 84 71 46 49 21 74 22 0 
Bin 10: 50 25 76 91 87 
Bin 11: 88 24 77 32 62 83 92 
Bin 12: 98 80 53 114 20 51 
Bin 13: 60 55 116 64 75 
Bin 14: 63 73 113 103 43 100 94 
Bin 15: 2 33 109 47 41 31 104 
Bin 16: 7 6 86 14 
Bin 17: 117 65 17 34 40 99 
