# Objective: 40
# Time: 7.779
# Feasible: 1
# Solution:
Bin 0: 206 211 200 154 34 44 225 11 
Bin 1: 27 16 73 148 25 49 205 
Bin 2: 89 99 234 117 98 
Bin 3: 217 246 210 132 14 249 178 
Bin 4: 68 144 70 52 67 141 242 207 116 
Bin 5: 171 50 143 82 133 168 
Bin 6: 204 114 19 146 18 140 
Bin 7: 35 170 96 223 201 166 0 
Bin 8: 30 126 179 190 156 167 145 
Bin 9: 45 93 134 192 226 244 
Bin 10: 142 155 55 32 196 227 
Bin 11: 136 175 229 64 91 
Bin 12: 60 46 118 57 139 198 37 48 
Bin 13: 80 181 239 54 129 180 
Bin 14: 245 69 84 247 173 150 41 
Bin 15: 220 152 157 203 138 78 
Bin 16: 243 111 158 151 221 159 87 
Bin 17: 65 123 97 131 102 23 162 
Bin 18: 2 189 56 191 31 163 
Bin 19: 165 213 107 101 149 216 
Bin 20: 219 21 232 72 176 53 108 
Bin 21: 43 8 236 169 160 105 
Bin 22: 128 13 184 241 228 
Bin 23: 28 42 22 127 75 153 
Bin 24: 222 177 95 185 230 90 
Bin 25: 112 164 38 85 235 
Bin 26: 135 104 215 231 109 74 92 
Bin 27: 1 10 193 71 5 4 212 
Bin 28: 120 51 194 233 76 
Bin 29: 33 94 188 106 20 224 
Bin 30: 6 24 81 187 47 209 61 
Bin 31: 15 161 86 125 66 40 12 
Bin 32: 214 174 121 237 147 202 
Bin 33: 248 137 88 124 17 79 
Bin 34: 119 103 63 7 186 
Bin 35: 122 113 238 208 83 9 
Bin 36: 182 29 77 115 172 
Bin 37: 100 58 26 195 218 110 
Bin 38: 197 62 240 199 39 
Bin 39: 130 36 59 3 183 
