# Objective: 19
# Time: 6.40287
# Feasible: 1
# Solution:
Bin 0: 17 8 29 32 22 
Bin 1: 62 52 20 56 106 47 85 35 112 
Bin 2: 7 58 116 87 83 63 94 
Bin 3: 21 57 60 16 13 73 102 105 
Bin 4: 82 11 96 34 61 69 49 
Bin 5: 40 88 93 118 79 119 
Bin 6: 71 80 30 95 100 53 115 
Bin 7: 91 74 98 54 108 86 
Bin 8: 9 18 33 90 26 99 
Bin 9: 19 46 109 84 10 103 
Bin 10: 45 70 44 12 24 6 81 
Bin 11: 113 43 37 92 77 78 
Bin 12: 111 5 65 51 15 59 
Bin 13: 97 25 76 117 36 72 
Bin 14: 23 41 3 50 104 
Bin 15: 67 4 39 14 110 66 
Bin 16: 42 38 89 55 68 114 
Bin 17: 2 64 28 107 31 
Bin 18: 48 75 27 101 0 1 
