# Objective: 38
# Time: 5.27363
# Feasible: 1
# Solution:
Bin 0: 202 67 75 115 17 190 
Bin 1: 163 79 207 48 30 
Bin 2: 178 61 200 112 29 142 
Bin 3: 55 215 160 148 151 89 
Bin 4: 94 124 170 180 138 38 
Bin 5: 64 237 145 88 73 19 213 122 96 
Bin 6: 140 245 28 137 230 2 39 1 100 83 
Bin 7: 86 171 111 40 59 172 169 
Bin 8: 58 208 227 147 188 78 
Bin 9: 32 126 41 247 194 204 
Bin 10: 174 225 5 120 34 
Bin 11: 24 77 242 228 233 68 97 107 
Bin 12: 211 139 10 153 116 12 114 
Bin 13: 119 33 66 99 209 187 
Bin 14: 81 159 69 57 117 205 53 176 
Bin 15: 98 243 85 149 52 241 76 240 
Bin 16: 183 7 214 44 157 135 219 
Bin 17: 87 134 195 128 104 91 246 16 
Bin 18: 9 249 175 125 223 165 
Bin 19: 54 42 26 21 133 161 106 
Bin 20: 162 141 217 45 20 181 
Bin 21: 22 167 236 158 103 238 232 
Bin 22: 84 31 192 3 197 129 
Bin 23: 210 11 239 155 146 193 191 105 
Bin 24: 90 51 82 216 186 
Bin 25: 74 185 131 143 50 179 
Bin 26: 35 101 56 218 231 132 152 
Bin 27: 244 13 173 168 229 127 80 
Bin 28: 15 60 72 136 23 226 
Bin 29: 118 221 182 123 92 71 
Bin 30: 25 206 184 166 121 113 
Bin 31: 150 212 130 8 47 177 95 
Bin 32: 199 70 154 18 224 234 93 
Bin 33: 108 27 203 6 222 248 
Bin 34: 4 235 36 201 14 156 
Bin 35: 220 109 65 110 196 198 
Bin 36: 63 144 62 46 37 
Bin 37: 49 102 43 164 0 189 
