# Objective: 165
# Time: 247.926
# Feasible: 1
# Solution:
Bin 0: 827 220 520 895 349 321 884 285 
Bin 1: 849 395 57 46 424 13 894 
Bin 2: 896 20 594 25 305 606 
Bin 3: 909 419 377 931 513 106 867 
Bin 4: 822 556 463 296 77 338 
Bin 5: 809 291 468 813 160 621 
Bin 6: 590 881 104 69 749 542 922 
Bin 7: 630 52 119 597 56 811 994 
Bin 8: 693 314 877 540 418 795 
Bin 9: 893 860 525 201 358 
Bin 10: 313 703 725 185 998 134 242 
Bin 11: 460 897 928 969 911 510 
Bin 12: 496 303 107 603 584 433 
Bin 13: 223 973 331 655 624 534 
Bin 14: 790 742 149 246 156 636 252 699 
Bin 15: 681 16 751 724 132 236 
Bin 16: 325 479 744 166 448 981 356 
Bin 17: 873 669 734 522 698 61 
Bin 18: 519 944 663 301 945 
Bin 19: 863 470 679 376 371 214 
Bin 20: 929 94 882 452 801 680 857 
Bin 21: 276 99 319 95 783 27 
Bin 22: 148 322 55 11 481 844 
Bin 23: 810 546 635 378 982 403 157 
Bin 24: 383 47 485 257 870 816 777 
Bin 25: 752 262 550 719 907 348 
Bin 26: 179 37 936 200 178 118 
Bin 27: 555 182 824 828 286 136 
Bin 28: 103 838 702 41 565 406 
Bin 29: 891 253 676 222 729 995 
Bin 30: 758 935 864 188 755 993 177 
Bin 31: 683 745 384 290 380 
Bin 32: 551 601 361 360 174 
Bin 33: 800 425 440 767 207 989 650 
Bin 34: 478 986 483 963 248 
Bin 35: 428 508 330 315 193 24 
Bin 36: 137 417 506 604 515 723 
Bin 37: 342 796 919 268 165 486 
Bin 38: 19 121 535 71 311 781 661 
Bin 39: 454 117 12 914 997 140 
Bin 40: 145 912 49 964 390 476 413 
Bin 41: 438 80 477 792 245 264 
Bin 42: 657 176 213 552 254 874 948 
Bin 43: 773 817 582 129 281 847 
Bin 44: 366 115 865 357 336 50 
Bin 45: 682 619 1 45 30 647 503 
Bin 46: 977 465 398 372 282 100 
Bin 47: 711 89 770 586 230 40 
Bin 48: 239 609 434 569 763 910 802 
Bin 49: 435 392 818 536 689 589 
Bin 50: 726 120 714 617 563 471 504 
Bin 51: 684 385 189 962 972 
Bin 52: 704 7 122 499 458 588 
Bin 53: 559 196 980 947 308 664 
Bin 54: 266 794 146 14 778 875 961 675 
Bin 55: 797 575 502 273 329 169 
Bin 56: 258 549 431 958 532 204 215 
Bin 57: 815 642 587 91 807 605 
Bin 58: 740 206 674 423 310 
Bin 59: 444 420 162 88 199 54 852 
Bin 60: 302 221 890 516 915 288 
Bin 61: 942 218 640 190 251 841 949 
Bin 62: 733 626 771 480 748 
Bin 63: 731 968 764 500 651 225 
Bin 64: 456 191 803 439 300 656 941 
Bin 65: 210 66 788 886 548 
Bin 66: 332 306 848 705 855 820 
Bin 67: 101 772 408 950 756 312 152 
Bin 68: 553 888 399 154 512 64 
Bin 69: 974 464 116 381 507 887 
Bin 70: 727 98 670 892 309 
Bin 71: 18 272 490 411 6 347 
Bin 72: 457 375 484 812 533 92 
Bin 73: 231 509 521 667 461 793 
Bin 74: 32 445 665 956 623 776 
Bin 75: 782 3 564 105 954 469 
Bin 76: 730 326 184 346 826 641 
Bin 77: 537 141 611 451 294 33 
Bin 78: 791 823 671 631 337 482 
Bin 79: 341 946 686 78 34 491 511 
Bin 80: 899 277 197 202 421 436 
Bin 81: 333 492 130 237 644 544 
Bin 82: 397 722 557 393 211 335 
Bin 83: 474 979 84 8 595 
Bin 84: 861 29 151 430 62 523 
Bin 85: 785 632 373 153 60 927 
Bin 86: 0 391 547 123 607 917 706 
Bin 87: 72 960 902 514 28 613 
Bin 88: 467 859 144 616 598 985 
Bin 89: 280 708 716 829 462 65 73 
Bin 90: 983 110 831 938 921 732 
Bin 91: 804 596 889 269 352 497 138 
Bin 92: 68 576 876 284 572 
Bin 93: 396 987 194 261 959 573 939 
Bin 94: 404 614 139 26 904 539 
Bin 95: 851 187 124 297 466 646 789 
Bin 96: 90 382 407 908 677 639 172 
Bin 97: 765 265 834 627 53 
Bin 98: 819 389 760 570 739 988 409 
Bin 99: 2 410 784 775 324 249 806 
Bin 100: 274 97 955 645 142 228 
Bin 101: 538 652 362 769 387 932 924 
Bin 102: 494 192 750 787 737 
Bin 103: 316 414 754 768 63 
Bin 104: 926 238 688 67 880 
Bin 105: 898 437 59 779 5 
Bin 106: 991 707 971 400 186 692 216 
Bin 107: 759 836 842 244 868 872 
Bin 108: 701 267 562 678 208 976 
Bin 109: 528 798 233 48 449 9 
Bin 110: 581 835 443 58 488 131 574 364 
Bin 111: 687 295 660 271 76 
Bin 112: 473 23 226 713 662 85 
Bin 113: 401 990 721 840 830 501 
Bin 114: 260 386 227 923 524 879 
Bin 115: 70 543 866 168 317 653 728 
Bin 116: 850 839 158 111 109 
Bin 117: 930 518 75 354 967 580 
Bin 118: 96 114 738 498 368 593 39 
Bin 119: 975 741 527 615 612 
Bin 120: 633 355 637 717 219 279 
Bin 121: 339 293 530 805 289 746 
Bin 122: 86 93 450 710 15 
Bin 123: 429 659 21 183 943 112 
Bin 124: 217 259 459 566 489 610 
Bin 125: 762 36 696 649 695 622 
Bin 126: 984 920 913 720 493 529 
Bin 127: 736 159 81 869 307 685 
Bin 128: 846 715 709 743 334 937 
Bin 129: 774 600 102 821 455 
Bin 130: 328 43 31 608 571 212 87 
Bin 131: 415 906 951 367 270 925 620 
Bin 132: 837 205 180 422 113 541 
Bin 133: 209 17 561 283 545 
Bin 134: 957 854 599 638 287 
Bin 135: 292 862 853 127 965 374 
Bin 136: 832 953 658 241 243 
Bin 137: 405 232 10 79 643 694 
Bin 138: 583 320 697 128 198 526 648 
Bin 139: 298 735 996 353 299 
Bin 140: 394 318 51 235 256 592 
Bin 141: 304 757 690 161 327 229 618 
Bin 142: 753 108 579 577 426 
Bin 143: 558 940 170 472 672 224 
Bin 144: 780 240 340 602 
Bin 145: 992 799 999 447 934 
Bin 146: 712 585 351 275 905 167 
Bin 147: 345 766 814 952 475 634 195 
Bin 148: 871 44 171 359 164 
Bin 149: 250 42 718 883 432 143 
Bin 150: 175 531 344 654 808 365 673 
Bin 151: 147 363 578 453 4 629 933 
Bin 152: 918 554 402 370 843 181 
Bin 153: 761 150 495 825 446 878 
Bin 154: 442 379 163 901 263 
Bin 155: 978 173 247 343 155 133 38 
Bin 156: 845 125 22 35 487 700 
Bin 157: 350 747 323 668 
Bin 158: 278 567 560 591 505 
Bin 159: 786 856 691 970 203 74 441 
Bin 160: 916 83 255 568 628 625 
Bin 161: 666 82 900 388 412 
Bin 162: 234 427 833 126 885 
Bin 163: 369 416 135 858 517 
Bin 164: 966 903 
