# Objective: 91
# Time: 52.1782
# Feasible: 1
# Solution:
Bin 0: 250 106 70 187 206 
Bin 1: 112 160 457 111 412 401 
Bin 2: 288 201 208 27 73 161 
Bin 3: 92 133 6 284 3 449 443 
Bin 4: 33 35 442 21 282 440 300 
Bin 5: 374 134 324 193 291 131 
Bin 6: 235 336 51 225 476 
Bin 7: 167 405 60 82 71 
Bin 8: 247 268 425 483 93 
Bin 9: 496 279 79 485 194 
Bin 10: 132 251 497 402 177 104 
Bin 11: 351 83 85 9 142 26 
Bin 12: 215 379 141 162 423 451 
Bin 13: 471 151 136 59 482 396 283 
Bin 14: 135 362 323 65 480 422 
Bin 15: 49 441 409 430 203 100 400 
Bin 16: 61 56 270 261 346 
Bin 17: 413 262 55 337 254 113 
Bin 18: 296 237 461 340 322 
Bin 19: 257 52 166 260 163 122 
Bin 20: 267 94 421 125 256 246 
Bin 21: 47 424 494 493 310 
Bin 22: 446 450 81 156 48 
Bin 23: 68 335 347 11 220 
Bin 24: 298 84 98 383 16 410 
Bin 25: 46 74 397 221 414 266 
Bin 26: 31 173 463 224 188 
Bin 27: 87 416 110 265 371 
Bin 28: 145 182 7 332 190 239 
Bin 29: 205 149 97 19 53 13 
Bin 30: 434 499 232 429 22 
Bin 31: 108 72 373 
Bin 32: 447 78 321 204 408 420 
Bin 33: 403 120 15 489 273 380 
Bin 34: 285 369 477 165 154 211 
Bin 35: 276 124 486 121 318 
Bin 36: 248 333 417 69 360 24 
Bin 37: 102 140 91 329 58 263 
Bin 38: 200 176 0 96 238 469 
Bin 39: 172 352 465 355 326 
Bin 40: 452 130 317 23 309 
Bin 41: 234 464 389 392 252 388 
Bin 42: 320 358 264 127 407 359 
Bin 43: 479 292 209 249 325 
Bin 44: 57 34 289 404 280 432 
Bin 45: 36 307 157 66 5 
Bin 46: 119 169 349 428 344 278 
Bin 47: 290 366 467 475 159 
Bin 48: 375 391 438 370 197 
Bin 49: 455 293 436 488 168 281 
Bin 50: 25 117 228 456 54 138 
Bin 51: 186 150 105 175 29 128 
Bin 52: 311 470 385 43 295 
Bin 53: 227 308 243 50 233 
Bin 54: 287 185 341 490 30 18 
Bin 55: 210 123 312 88 381 
Bin 56: 181 271 147 143 357 115 
Bin 57: 1 212 275 103 146 118 
Bin 58: 40 314 459 431 62 44 240 
Bin 59: 398 433 448 426 
Bin 60: 90 481 101 364 454 
Bin 61: 179 382 218 32 334 304 378 
Bin 62: 350 478 491 384 418 231 
Bin 63: 406 458 439 174 144 393 
Bin 64: 367 214 445 466 259 
Bin 65: 241 353 216 152 76 394 
Bin 66: 139 377 189 453 411 
Bin 67: 222 361 38 39 75 
Bin 68: 180 487 116 10 95 
Bin 69: 199 230 305 444 99 
Bin 70: 164 202 67 2 158 107 
Bin 71: 219 253 390 427 236 
Bin 72: 269 114 226 17 37 495 
Bin 73: 170 242 474 86 376 
Bin 74: 155 192 277 348 64 183 
Bin 75: 184 272 343 229 462 
Bin 76: 365 372 12 299 319 
Bin 77: 435 14 330 315 327 354 
Bin 78: 77 356 498 109 472 
Bin 79: 468 129 41 286 
Bin 80: 338 213 148 217 363 
Bin 81: 306 89 45 191 301 
Bin 82: 484 196 223 245 473 
Bin 83: 80 63 195 331 255 
Bin 84: 126 258 387 4 368 
Bin 85: 328 345 153 294 399 386 
Bin 86: 492 137 8 207 437 303 
Bin 87: 178 297 42 20 415 
Bin 88: 339 316 460 313 
Bin 89: 28 419 171 274 302 
Bin 90: 244 198 395 342 
