# Objective: 43
# Time: 23.2566
# Feasible: 1
# Solution:
Bin 0: 144 89 53 130 135 180 
Bin 1: 77 36 15 173 67 
Bin 2: 194 137 167 185 55 
Bin 3: 17 92 30 18 7 146 
Bin 4: 246 19 141 205 229 118 5 
Bin 5: 49 124 3 9 38 111 199 
Bin 6: 57 42 108 129 119 236 
Bin 7: 24 239 2 160 196 112 
Bin 8: 227 74 101 225 103 169 73 
Bin 9: 247 166 244 104 10 212 37 
Bin 10: 209 187 106 50 171 139 
Bin 11: 121 82 151 81 62 
Bin 12: 31 170 127 4 132 224 
Bin 13: 133 98 178 69 245 
Bin 14: 35 128 172 1 29 189 154 
Bin 15: 136 68 162 206 114 161 
Bin 16: 91 44 150 143 14 58 
Bin 17: 39 190 87 200 46 107 231 
Bin 18: 168 75 138 203 218 
Bin 19: 78 117 145 94 222 181 
Bin 20: 76 13 116 120 188 197 142 
Bin 21: 153 164 183 41 59 21 
Bin 22: 47 220 100 0 54 90 
Bin 23: 238 43 40 86 158 
Bin 24: 63 79 184 186 155 99 152 
Bin 25: 71 242 105 195 179 
Bin 26: 211 249 61 221 243 28 
Bin 27: 125 65 140 93 174 201 
Bin 28: 232 175 248 148 34 20 
Bin 29: 241 182 6 233 204 
Bin 30: 8 96 12 16 97 
Bin 31: 216 25 45 176 156 122 234 
Bin 32: 95 23 52 11 228 240 
Bin 33: 32 208 126 147 235 83 
Bin 34: 226 207 51 26 66 149 
Bin 35: 215 70 56 115 165 
Bin 36: 191 159 123 157 237 219 
Bin 37: 223 109 217 210 110 
Bin 38: 192 33 202 214 163 
Bin 39: 198 88 213 80 102 85 
Bin 40: 134 60 48 131 22 
Bin 41: 27 84 113 193 
Bin 42: 230 177 64 72 
