# Objective: 19
# Time: 3.1752
# Feasible: 1
# Solution:
Bin 0: 53 85 56 110 30 23 
Bin 1: 0 92 103 52 83 95 62 
Bin 2: 118 40 105 27 114 108 
Bin 3: 18 107 93 101 38 86 
Bin 4: 2 10 106 100 11 89 29 
Bin 5: 115 49 81 37 70 76 
Bin 6: 88 22 44 3 94 111 
Bin 7: 36 66 16 41 112 65 116 
Bin 8: 4 26 63 34 17 98 
Bin 9: 47 79 14 90 54 55 1 
Bin 10: 61 48 60 96 80 20 
Bin 11: 21 84 5 97 43 51 64 9 
Bin 12: 28 77 57 69 42 82 71 
Bin 13: 13 35 6 31 45 119 
Bin 14: 109 104 24 15 39 19 102 
Bin 15: 78 99 67 72 59 91 
Bin 16: 32 12 117 8 74 46 
Bin 17: 73 33 75 50 25 
Bin 18: 87 68 113 58 7 
