# Objective: 75
# Time: 24.2041
# Feasible: 1
# Solution:
Bin 0: 30 259 326 458 351 47 
Bin 1: 86 123 353 354 94 481 168 
Bin 2: 45 230 372 6 106 107 377 306 316 
Bin 3: 360 317 121 235 404 309 155 278 228 
Bin 4: 487 287 220 486 294 136 371 51 
Bin 5: 246 397 471 484 72 216 56 441 
Bin 6: 109 8 282 462 412 135 
Bin 7: 74 95 82 363 122 432 
Bin 8: 24 264 431 187 44 21 437 222 
Bin 9: 32 493 273 387 49 204 491 
Bin 10: 374 11 393 170 392 70 308 414 258 
Bin 11: 492 496 232 205 301 399 
Bin 12: 314 420 153 442 410 463 186 340 
Bin 13: 35 206 193 440 154 
Bin 14: 370 472 26 190 236 292 138 
Bin 15: 451 62 99 102 262 323 
Bin 16: 214 166 321 436 169 33 
Bin 17: 344 152 183 252 497 290 296 352 
Bin 18: 447 254 188 241 172 307 281 
Bin 19: 128 151 64 31 195 411 
Bin 20: 300 244 288 53 203 243 
Bin 21: 452 142 433 110 92 
Bin 22: 146 480 173 362 139 315 
Bin 23: 141 311 23 182 379 194 366 
Bin 24: 3 2 58 81 118 137 
Bin 25: 178 156 234 267 289 
Bin 26: 215 19 488 9 430 
Bin 27: 356 266 174 373 245 111 358 298 
Bin 28: 429 293 465 4 388 40 
Bin 29: 297 279 144 116 60 383 445 
Bin 30: 385 225 444 175 291 63 
Bin 31: 460 348 76 247 384 98 
Bin 32: 418 369 364 335 478 42 
Bin 33: 269 467 96 355 485 71 165 15 
Bin 34: 453 115 184 14 312 159 417 416 
Bin 35: 189 164 419 108 120 143 73 
Bin 36: 380 249 88 5 197 483 242 376 
Bin 37: 446 406 390 149 407 413 18 434 
Bin 38: 468 304 145 475 43 229 327 251 
Bin 39: 133 342 233 477 201 237 498 
Bin 40: 171 438 470 339 400 261 
Bin 41: 65 112 349 176 367 426 89 
Bin 42: 427 134 347 333 113 489 345 
Bin 43: 359 218 224 209 499 150 375 
Bin 44: 449 346 161 336 104 275 162 274 158 
Bin 45: 36 337 61 55 425 381 396 25 
Bin 46: 490 365 181 79 494 129 38 
Bin 47: 464 350 157 263 338 
Bin 48: 398 223 299 212 124 
Bin 49: 239 200 459 325 16 
Bin 50: 256 421 271 260 423 17 
Bin 51: 318 368 57 474 250 277 
Bin 52: 328 48 80 319 401 255 
Bin 53: 27 357 378 202 163 226 
Bin 54: 415 389 495 428 361 268 213 
Bin 55: 443 476 341 22 424 37 
Bin 56: 469 10 211 448 67 0 450 
Bin 57: 160 210 179 473 456 97 
Bin 58: 167 408 394 208 270 391 286 103 
Bin 59: 280 90 329 395 248 117 125 
Bin 60: 148 403 435 382 114 
Bin 61: 100 199 207 69 240 
Bin 62: 12 457 39 227 334 28 
Bin 63: 7 52 87 1 409 132 59 231 
Bin 64: 324 180 322 386 332 127 20 101 
Bin 65: 41 85 284 130 13 461 
Bin 66: 34 257 331 454 305 217 
Bin 67: 131 196 265 238 105 
Bin 68: 343 276 482 177 93 50 84 
Bin 69: 185 83 126 54 192 310 439 466 
Bin 70: 66 253 285 198 320 405 68 
Bin 71: 75 91 140 46 191 
Bin 72: 221 303 455 272 219 295 302 
Bin 73: 402 78 283 422 77 
Bin 74: 147 29 313 479 330 119 
