# Objective: 152
# Time: 490.741
# Feasible: 1
# Solution:
Bin 0: 836 377 461 896 138 828 846 
Bin 1: 358 35 177 17 887 433 78 
Bin 2: 191 829 630 237 399 234 
Bin 3: 508 558 695 228 5 152 468 
Bin 4: 268 915 407 143 247 1 888 743 
Bin 5: 230 862 72 238 322 664 
Bin 6: 436 493 53 242 780 
Bin 7: 48 920 966 224 253 
Bin 8: 968 431 645 635 465 113 
Bin 9: 487 372 219 662 990 642 151 
Bin 10: 77 210 624 93 326 240 316 
Bin 11: 926 989 266 944 272 278 
Bin 12: 214 550 495 441 799 124 217 396 
Bin 13: 84 764 606 538 607 31 678 610 
Bin 14: 80 183 502 110 246 201 61 
Bin 15: 534 419 371 6 914 374 773 193 
Bin 16: 603 818 700 112 467 364 195 
Bin 17: 751 869 264 860 102 174 754 
Bin 18: 336 294 657 456 444 190 345 
Bin 19: 446 761 931 144 267 300 
Bin 20: 89 69 727 485 831 121 
Bin 21: 691 816 565 119 928 30 760 
Bin 22: 757 365 481 245 361 795 
Bin 23: 63 416 425 351 788 692 792 942 714 
Bin 24: 927 967 768 680 633 155 679 724 
Bin 25: 312 500 519 81 661 145 
Bin 26: 55 328 310 354 209 572 295 
Bin 27: 122 46 880 872 3 571 28 961 660 
Bin 28: 548 957 387 889 648 629 
Bin 29: 554 95 763 458 838 21 343 
Bin 30: 599 390 277 805 934 564 475 
Bin 31: 313 588 427 422 175 
Bin 32: 477 164 367 699 19 702 949 625 
Bin 33: 779 428 644 850 392 858 213 
Bin 34: 134 626 954 693 325 786 352 
Bin 35: 723 848 75 12 363 804 981 
Bin 36: 71 309 516 897 745 651 600 194 
Bin 37: 457 405 185 729 718 507 27 
Bin 38: 498 819 936 231 85 223 192 
Bin 39: 844 933 947 759 98 362 116 
Bin 40: 591 37 747 473 882 783 578 
Bin 41: 244 233 160 911 285 876 291 737 
Bin 42: 178 576 447 203 585 440 
Bin 43: 22 781 196 618 655 533 
Bin 44: 47 74 902 847 64 698 
Bin 45: 236 494 666 438 131 380 156 
Bin 46: 426 170 969 995 335 220 401 
Bin 47: 276 301 40 930 593 886 
Bin 48: 797 186 332 395 528 452 450 369 
Bin 49: 92 87 315 43 226 894 822 
Bin 50: 11 159 297 359 746 360 153 
Bin 51: 66 88 397 208 302 540 753 587 998 893 125 
Bin 52: 569 324 619 232 956 553 
Bin 53: 595 418 815 8 997 283 712 
Bin 54: 331 992 824 286 713 411 
Bin 55: 59 837 861 758 120 971 437 
Bin 56: 510 597 382 728 483 281 701 
Bin 57: 222 141 62 261 596 60 114 
Bin 58: 421 137 972 649 386 939 
Bin 59: 140 409 874 463 460 531 
Bin 60: 943 280 663 65 830 
Bin 61: 776 722 535 842 865 350 744 
Bin 62: 694 809 173 849 739 393 265 
Bin 63: 241 375 863 885 51 940 941 
Bin 64: 270 798 4 561 900 
Bin 65: 249 978 420 999 108 448 133 
Bin 66: 384 388 665 646 566 935 641 
Bin 67: 659 56 100 58 801 767 654 347 
Bin 68: 509 39 289 987 784 342 832 
Bin 69: 740 709 329 870 685 673 
Bin 70: 840 252 168 541 184 771 791 
Bin 71: 812 615 34 24 620 924 406 
Bin 72: 381 726 762 614 905 563 523 
Bin 73: 621 453 20 200 503 
Bin 74: 101 583 575 556 952 218 873 115 
Bin 75: 511 794 484 878 573 50 
Bin 76: 424 647 105 432 330 
Bin 77: 845 910 703 464 298 948 513 
Bin 78: 525 789 946 672 733 720 16 26 
Bin 79: 750 963 955 187 36 652 
Bin 80: 129 749 567 958 817 
Bin 81: 617 953 867 189 479 601 403 229 
Bin 82: 262 311 544 207 671 
Bin 83: 169 598 176 864 321 892 
Bin 84: 814 348 524 984 94 
Bin 85: 584 499 323 964 579 417 623 
Bin 86: 488 637 825 408 504 716 225 
Bin 87: 275 472 552 704 83 787 257 
Bin 88: 349 923 454 320 254 284 
Bin 89: 435 206 423 841 539 106 
Bin 90: 357 996 527 559 717 49 521 
Bin 91: 853 983 667 945 748 15 530 
Bin 92: 517 590 400 107 126 179 
Bin 93: 202 82 871 391 532 706 239 
Bin 94: 676 67 474 287 522 
Bin 95: 478 735 307 117 906 570 
Bin 96: 378 379 823 109 52 772 42 
Bin 97: 721 259 443 243 681 434 
Bin 98: 97 640 605 180 669 
Bin 99: 70 149 147 908 658 909 132 
Bin 100: 843 778 898 807 215 628 482 370 
Bin 101: 148 916 376 33 413 765 686 
Bin 102: 518 212 785 732 455 639 
Bin 103: 725 835 834 782 613 127 
Bin 104: 800 770 306 296 0 719 344 
Bin 105: 333 918 471 868 820 255 826 
Bin 106: 854 520 580 653 965 707 
Bin 107: 103 290 690 616 904 356 501 
Bin 108: 318 574 980 993 273 674 604 
Bin 109: 543 90 526 162 402 683 
Bin 110: 293 23 383 490 577 469 752 
Bin 111: 304 581 736 250 547 917 341 385 198 
Bin 112: 305 445 172 912 594 974 922 45 
Bin 113: 688 135 128 439 881 960 
Bin 114: 774 586 319 913 496 248 
Bin 115: 545 962 292 251 656 
Bin 116: 188 937 879 802 975 340 
Bin 117: 38 68 339 793 414 32 486 271 
Bin 118: 810 919 123 697 269 536 163 
Bin 119: 982 150 991 338 14 
Bin 120: 560 551 73 839 139 429 
Bin 121: 235 130 986 710 589 890 668 
Bin 122: 366 866 884 415 199 260 851 
Bin 123: 827 705 557 988 462 546 813 638 
Bin 124: 303 154 398 612 608 41 
Bin 125: 973 715 856 979 775 514 
Bin 126: 582 555 877 181 542 204 734 
Bin 127: 171 650 459 91 279 895 738 136 
Bin 128: 755 976 687 404 355 901 
Bin 129: 317 875 677 899 412 211 
Bin 130: 529 327 158 857 263 883 25 
Bin 131: 682 859 796 977 334 994 
Bin 132: 389 449 29 515 353 684 
Bin 133: 852 622 821 7 766 811 803 
Bin 134: 10 118 708 470 258 157 
Bin 135: 142 730 410 903 670 756 
Bin 136: 806 741 394 921 985 549 
Bin 137: 777 111 476 505 970 274 
Bin 138: 165 833 689 925 451 96 227 
Bin 139: 568 216 197 537 907 
Bin 140: 288 731 790 959 611 54 146 
Bin 141: 368 9 221 932 18 
Bin 142: 632 675 57 497 711 430 
Bin 143: 491 696 808 891 442 
Bin 144: 308 79 631 506 337 512 
Bin 145: 205 13 602 99 299 769 
Bin 146: 314 76 44 938 480 492 
Bin 147: 346 562 86 466 634 609 
Bin 148: 929 373 951 636 742 282 
Bin 149: 256 950 104 167 627 
Bin 150: 855 592 643 489 161 
Bin 151: 166 2 182 
