# Objective: 76
# Time: 30.655
# Feasible: 1
# Solution:
Bin 0: 26 79 485 167 467 326 341 389 
Bin 1: 479 268 43 311 423 246 
Bin 2: 173 380 77 404 436 233 486 
Bin 3: 472 386 297 468 198 385 378 61 
Bin 4: 466 240 190 215 194 276 
Bin 5: 146 408 123 125 152 182 403 
Bin 6: 64 53 195 124 355 206 175 420 
Bin 7: 31 354 149 159 60 32 263 
Bin 8: 274 450 287 432 255 417 
Bin 9: 187 110 302 308 115 109 
Bin 10: 362 357 335 462 312 241 
Bin 11: 22 20 143 38 402 170 231 205 
Bin 12: 482 493 286 238 12 272 252 396 277 
Bin 13: 188 307 439 301 70 375 166 
Bin 14: 382 66 288 108 411 
Bin 15: 78 435 253 203 242 174 
Bin 16: 1 331 185 192 409 460 112 
Bin 17: 321 256 97 270 443 153 
Bin 18: 295 87 103 367 99 126 226 
Bin 19: 327 46 342 285 15 421 
Bin 20: 445 133 266 228 438 350 309 
Bin 21: 449 16 452 264 262 381 193 232 
Bin 22: 245 412 345 324 374 251 55 67 178 
Bin 23: 162 313 176 303 317 349 248 
Bin 24: 4 461 254 49 57 426 415 
Bin 25: 372 469 51 142 114 29 
Bin 26: 300 413 144 94 249 
Bin 27: 211 27 160 220 410 496 219 
Bin 28: 457 481 161 111 441 261 
Bin 29: 290 360 11 81 464 497 89 
Bin 30: 401 221 76 320 454 428 208 259 
Bin 31: 370 100 82 298 315 184 98 347 
Bin 32: 5 33 59 424 23 376 131 
Bin 33: 474 8 492 305 201 13 200 
Bin 34: 104 316 140 488 330 101 
Bin 35: 348 398 186 210 437 73 128 269 
Bin 36: 244 34 116 0 127 
Bin 37: 199 434 56 293 329 336 325 364 
Bin 38: 204 137 30 95 63 304 490 
Bin 39: 39 368 343 48 489 164 
Bin 40: 319 52 471 379 213 478 
Bin 41: 494 197 42 495 107 294 
Bin 42: 393 19 384 158 165 132 358 377 
Bin 43: 499 237 189 498 282 212 463 36 
Bin 44: 333 314 113 369 72 45 
Bin 45: 191 58 446 35 207 
Bin 46: 337 130 388 235 106 328 
Bin 47: 455 444 483 405 169 41 373 
Bin 48: 491 476 414 361 265 
Bin 49: 129 229 278 351 318 391 279 
Bin 50: 69 179 387 447 406 
Bin 51: 352 236 429 181 25 147 
Bin 52: 9 430 230 258 40 139 
Bin 53: 371 310 440 400 356 105 
Bin 54: 267 118 157 120 24 37 14 
Bin 55: 419 21 93 363 3 86 
Bin 56: 74 281 154 323 218 
Bin 57: 416 487 296 273 119 91 
Bin 58: 47 334 223 148 83 
Bin 59: 243 346 217 196 177 
Bin 60: 292 399 431 383 289 247 
Bin 61: 338 422 145 484 271 102 
Bin 62: 359 397 353 442 17 138 392 
Bin 63: 475 141 340 71 234 283 222 
Bin 64: 339 121 216 75 62 394 
Bin 65: 50 134 275 168 366 344 65 
Bin 66: 224 155 473 2 284 425 448 
Bin 67: 163 407 418 456 10 250 451 150 
Bin 68: 135 172 85 54 180 84 227 459 
Bin 69: 390 28 6 299 171 
Bin 70: 136 480 80 122 225 90 
Bin 71: 7 477 427 117 365 202 
Bin 72: 156 332 68 453 257 214 88 306 
Bin 73: 465 18 96 44 280 
Bin 74: 291 322 458 239 151 183 433 
Bin 75: 395 209 260 92 470 
