# Objective: 75
# Time: 13.9874
# Feasible: 1
# Solution:
Bin 0: 104 191 296 425 13 148 486 442 468 
Bin 1: 323 214 367 75 61 245 366 
Bin 2: 298 64 339 81 475 399 30 
Bin 3: 492 344 332 451 479 90 7 72 309 
Bin 4: 144 345 324 474 307 217 476 141 
Bin 5: 177 207 158 372 493 402 226 54 462 
Bin 6: 370 266 408 87 20 76 
Bin 7: 192 92 216 188 412 113 436 490 
Bin 8: 482 63 222 95 242 256 
Bin 9: 11 386 155 219 352 406 355 420 
Bin 10: 362 164 315 391 275 413 437 101 
Bin 11: 138 229 414 25 83 429 120 276 
Bin 12: 102 461 51 246 377 196 
Bin 13: 103 232 49 46 210 
Bin 14: 231 499 52 204 45 301 
Bin 15: 426 21 450 319 289 330 262 
Bin 16: 394 69 341 88 77 348 
Bin 17: 209 16 382 440 60 325 
Bin 18: 41 140 146 239 267 251 255 93 
Bin 19: 428 240 153 28 290 
Bin 20: 472 1 270 346 342 
Bin 21: 221 134 360 452 162 
Bin 22: 282 252 116 110 250 305 
Bin 23: 82 203 483 123 107 457 47 
Bin 24: 494 441 71 165 39 258 
Bin 25: 435 166 312 318 105 234 431 128 195 
Bin 26: 189 70 167 280 173 97 
Bin 27: 427 225 115 478 415 456 3 
Bin 28: 407 392 122 299 488 
Bin 29: 368 455 211 398 405 5 27 
Bin 30: 465 473 411 174 334 320 26 
Bin 31: 243 133 466 135 8 236 187 364 
Bin 32: 356 379 156 371 363 375 446 
Bin 33: 213 85 99 335 390 354 288 
Bin 34: 114 119 131 351 453 365 220 
Bin 35: 274 421 43 178 340 439 100 
Bin 36: 35 121 329 338 228 
Bin 37: 184 0 383 24 263 310 449 
Bin 38: 459 106 129 171 308 215 463 223 
Bin 39: 29 432 137 65 279 169 
Bin 40: 237 181 44 281 4 403 
Bin 41: 304 14 374 50 179 306 395 218 
Bin 42: 130 74 67 161 293 424 109 
Bin 43: 152 180 317 273 498 400 
Bin 44: 143 328 385 32 497 357 48 
Bin 45: 454 185 170 295 259 
Bin 46: 139 291 353 260 79 57 
Bin 47: 484 10 38 485 396 194 89 
Bin 48: 18 447 15 235 125 
Bin 49: 108 9 111 416 33 230 117 
Bin 50: 336 404 94 489 423 17 316 
Bin 51: 443 381 322 300 201 491 
Bin 52: 397 349 59 126 206 19 40 
Bin 53: 2 175 268 159 292 
Bin 54: 311 369 31 358 321 80 471 182 
Bin 55: 331 253 42 248 261 208 
Bin 56: 285 417 124 388 467 294 149 
Bin 57: 347 55 313 247 496 419 
Bin 58: 477 132 393 271 350 98 
Bin 59: 495 470 487 448 373 227 154 151 
Bin 60: 422 257 86 434 265 359 
Bin 61: 157 389 272 91 163 283 
Bin 62: 343 380 168 244 62 249 145 361 
Bin 63: 190 53 37 199 254 56 
Bin 64: 464 205 376 198 58 
Bin 65: 224 458 445 480 337 327 
Bin 66: 287 238 326 303 409 197 68 278 
Bin 67: 78 469 200 186 142 277 
Bin 68: 160 183 12 233 127 202 384 
Bin 69: 84 284 73 297 212 286 36 
Bin 70: 333 314 460 22 401 
Bin 71: 66 112 34 387 150 147 433 
Bin 72: 481 378 136 241 193 
Bin 73: 444 264 418 269 410 430 176 
Bin 74: 23 6 172 438 96 302 118 
