# Objective: 80
# Time: 57.9888
# Feasible: 1
# Solution:
Bin 0: 183 284 368 435 458 24 378 
Bin 1: 350 340 347 258 145 398 
Bin 2: 322 164 331 354 7 305 36 
Bin 3: 369 108 465 78 466 136 334 
Bin 4: 3 274 163 455 382 348 189 
Bin 5: 25 346 255 269 464 488 55 
Bin 6: 226 135 149 188 396 434 99 
Bin 7: 254 176 349 401 178 359 
Bin 8: 154 442 474 41 280 
Bin 9: 224 363 309 388 180 400 
Bin 10: 215 222 294 190 162 193 432 
Bin 11: 22 111 89 314 282 266 253 
Bin 12: 315 123 332 60 82 
Bin 13: 489 53 27 468 487 8 232 
Bin 14: 453 437 405 416 119 313 
Bin 15: 20 308 199 43 376 495 
Bin 16: 33 374 420 169 156 344 
Bin 17: 283 431 219 192 124 430 160 
Bin 18: 68 328 262 240 475 80 338 88 351 
Bin 19: 79 67 463 172 147 233 87 333 
Bin 20: 118 381 408 397 451 207 
Bin 21: 265 285 34 113 481 286 
Bin 22: 436 392 473 195 200 198 
Bin 23: 438 394 197 291 276 462 98 
Bin 24: 299 171 129 74 47 132 
Bin 25: 157 28 96 471 319 238 187 
Bin 26: 237 11 245 375 249 109 
Bin 27: 142 236 477 257 329 174 
Bin 28: 372 264 456 271 413 418 42 
Bin 29: 486 379 0 95 307 259 391 
Bin 30: 137 175 128 496 209 65 
Bin 31: 457 32 151 492 417 306 
Bin 32: 356 421 353 49 300 327 159 320 
Bin 33: 414 214 6 412 114 
Bin 34: 383 59 181 126 357 410 
Bin 35: 251 177 493 122 325 186 
Bin 36: 373 268 479 361 50 134 
Bin 37: 426 211 440 478 499 45 100 
Bin 38: 403 289 402 498 216 425 407 
Bin 39: 39 371 94 168 298 77 
Bin 40: 150 384 131 482 92 312 225 
Bin 41: 303 2 210 318 203 355 
Bin 42: 117 387 85 321 133 231 
Bin 43: 476 448 112 158 423 46 
Bin 44: 221 256 97 335 58 166 292 
Bin 45: 311 86 491 235 106 217 110 
Bin 46: 9 202 360 261 213 146 
Bin 47: 270 48 342 459 337 153 
Bin 48: 297 452 144 61 277 336 
Bin 49: 91 429 485 242 419 127 323 83 
Bin 50: 411 324 472 104 161 212 
Bin 51: 12 182 377 52 14 281 
Bin 52: 441 62 76 130 19 107 
Bin 53: 404 279 179 490 422 165 
Bin 54: 428 57 449 252 35 248 
Bin 55: 191 260 494 125 230 461 
Bin 56: 395 227 29 31 138 
Bin 57: 287 273 424 152 17 
Bin 58: 302 72 272 63 460 167 385 
Bin 59: 317 18 288 1 343 275 
Bin 60: 399 263 105 480 206 330 
Bin 61: 139 196 444 141 304 239 
Bin 62: 247 469 415 439 278 241 
Bin 63: 244 443 103 246 243 
Bin 64: 389 16 380 185 234 427 75 
Bin 65: 71 69 390 386 229 15 339 
Bin 66: 205 446 204 51 223 
Bin 67: 218 290 73 143 316 483 173 
Bin 68: 484 21 4 267 370 
Bin 69: 295 101 121 352 364 301 
Bin 70: 148 37 70 13 84 445 
Bin 71: 454 140 116 366 293 
Bin 72: 409 54 310 228 26 433 
Bin 73: 467 358 90 93 367 345 120 
Bin 74: 365 23 115 44 201 
Bin 75: 393 170 220 38 296 10 
Bin 76: 362 81 341 102 250 155 
Bin 77: 447 40 497 470 194 
Bin 78: 56 184 406 326 5 
Bin 79: 208 450 66 64 30 
