# Objective: 90
# Time: 45.7294
# Feasible: 1
# Solution:
Bin 0: 327 482 184 440 171 449 
Bin 1: 178 139 22 134 25 125 
Bin 2: 361 86 170 81 489 460 
Bin 3: 244 276 357 225 399 418 
Bin 4: 258 463 484 302 208 116 
Bin 5: 112 392 330 404 415 
Bin 6: 456 62 457 73 43 238 
Bin 7: 21 46 245 148 253 
Bin 8: 140 438 318 301 432 483 
Bin 9: 147 51 174 336 95 2 
Bin 10: 265 338 94 274 272 375 
Bin 11: 388 269 390 373 382 211 
Bin 12: 247 257 74 396 448 169 
Bin 13: 434 445 435 133 321 97 
Bin 14: 237 222 230 370 82 
Bin 15: 360 466 150 342 458 223 
Bin 16: 185 443 343 332 193 349 450 
Bin 17: 135 478 214 200 181 303 319 
Bin 18: 195 339 0 486 413 346 
Bin 19: 289 406 300 172 108 
Bin 20: 78 250 416 101 196 335 
Bin 21: 420 39 313 54 216 70 
Bin 22: 13 72 273 92 160 
Bin 23: 149 251 137 422 27 
Bin 24: 85 425 132 198 20 398 
Bin 25: 31 353 310 311 115 197 
Bin 26: 397 439 88 201 376 179 
Bin 27: 227 394 341 241 446 38 
Bin 28: 364 145 173 451 442 248 
Bin 29: 470 144 454 400 249 428 
Bin 30: 90 264 473 277 37 
Bin 31: 429 306 263 175 218 
Bin 32: 180 186 459 345 
Bin 33: 305 468 151 167 127 
Bin 34: 49 430 386 322 138 
Bin 35: 471 487 309 166 491 
Bin 36: 8 417 495 295 316 209 
Bin 37: 34 285 129 219 1 
Bin 38: 111 333 337 268 10 
Bin 39: 472 481 260 28 177 
Bin 40: 220 60 350 242 77 130 
Bin 41: 283 161 143 395 453 
Bin 42: 152 402 182 156 67 354 
Bin 43: 228 271 262 409 315 
Bin 44: 56 378 407 292 229 
Bin 45: 421 328 114 426 68 334 
Bin 46: 126 121 212 26 32 29 
Bin 47: 307 5 164 287 75 408 
Bin 48: 296 79 329 234 280 15 
Bin 49: 19 96 47 159 405 99 110 
Bin 50: 255 102 424 153 284 
Bin 51: 377 235 465 155 105 
Bin 52: 385 356 104 288 475 461 
Bin 53: 437 239 59 117 231 383 
Bin 54: 389 427 331 131 146 
Bin 55: 441 479 433 221 84 
Bin 56: 371 352 66 372 192 
Bin 57: 17 93 23 488 
Bin 58: 270 7 87 163 498 
Bin 59: 189 199 286 259 103 226 52 
Bin 60: 246 401 53 91 69 374 71 
Bin 61: 365 477 412 11 158 64 
Bin 62: 41 447 18 290 162 80 
Bin 63: 325 275 476 168 45 210 
Bin 64: 256 202 35 30 362 120 
Bin 65: 496 213 347 14 100 340 
Bin 66: 293 61 191 157 267 206 
Bin 67: 391 344 480 240 324 
Bin 68: 233 493 464 55 44 490 
Bin 69: 187 24 188 381 355 291 
Bin 70: 469 279 294 419 411 
Bin 71: 83 367 42 128 113 410 
Bin 72: 165 393 492 106 358 423 
Bin 73: 33 194 384 3 136 323 
Bin 74: 142 467 141 485 65 363 
Bin 75: 89 204 205 326 122 
Bin 76: 6 462 380 403 320 48 
Bin 77: 63 455 368 261 203 
Bin 78: 351 431 252 297 298 
Bin 79: 312 123 266 282 
Bin 80: 474 119 183 98 
Bin 81: 12 224 232 497 58 40 
Bin 82: 118 444 217 76 499 124 
Bin 83: 452 369 207 9 366 
Bin 84: 16 299 176 57 243 
Bin 85: 414 215 107 
Bin 86: 308 359 236 190 36 
Bin 87: 314 50 317 304 348 
Bin 88: 436 281 278 379 254 494 
Bin 89: 4 109 154 387 
