# Objective: 149
# Time: 160.213
# Feasible: 1
# Solution:
Bin 0: 185 460 604 276 10 680 182 
Bin 1: 198 12 197 95 909 202 129 
Bin 2: 225 944 807 540 230 673 679 
Bin 3: 977 737 56 533 799 91 328 513 138 
Bin 4: 412 802 422 908 591 258 511 833 
Bin 5: 657 248 292 187 142 90 910 70 
Bin 6: 479 590 705 384 803 321 761 
Bin 7: 687 487 567 887 769 730 
Bin 8: 525 159 24 105 175 999 307 298 
Bin 9: 745 326 959 794 148 535 251 
Bin 10: 646 83 416 263 963 
Bin 11: 667 641 375 235 49 469 645 
Bin 12: 261 965 647 229 706 649 211 218 
Bin 13: 410 151 622 256 137 223 663 544 
Bin 14: 536 86 68 14 22 346 437 265 
Bin 15: 539 531 677 788 32 368 697 
Bin 16: 270 691 546 60 18 594 
Bin 17: 153 37 874 652 845 165 482 
Bin 18: 684 584 518 426 52 750 
Bin 19: 470 739 586 659 711 268 819 
Bin 20: 430 672 222 29 102 310 299 39 
Bin 21: 398 43 780 242 989 822 545 550 6 
Bin 22: 722 681 913 736 767 302 962 503 
Bin 23: 541 613 20 164 403 
Bin 24: 800 103 830 459 781 956 180 
Bin 25: 471 553 650 602 824 204 104 131 
Bin 26: 48 952 273 747 809 635 606 264 419 
Bin 27: 640 119 65 386 330 201 
Bin 28: 746 383 341 936 760 409 
Bin 29: 435 723 150 916 993 829 351 
Bin 30: 801 775 805 311 817 725 453 
Bin 31: 57 394 122 579 451 315 844 
Bin 32: 558 271 157 643 23 563 953 489 
Bin 33: 382 825 526 414 141 93 163 
Bin 34: 232 191 64 662 450 939 
Bin 35: 573 391 107 196 449 978 732 
Bin 36: 870 790 290 836 404 464 
Bin 37: 170 831 293 542 363 25 325 280 
Bin 38: 557 519 402 894 838 727 506 
Bin 39: 376 7 357 639 865 498 631 
Bin 40: 397 642 814 171 888 495 172 
Bin 41: 529 906 320 80 901 585 795 
Bin 42: 282 973 862 707 929 319 124 128 
Bin 43: 842 632 768 776 371 446 561 
Bin 44: 356 82 228 168 425 729 420 
Bin 45: 938 123 71 793 213 879 578 244 
Bin 46: 283 699 415 342 967 149 
Bin 47: 911 505 615 515 570 823 771 
Bin 48: 484 849 534 234 379 284 308 
Bin 49: 329 438 337 689 773 759 690 
Bin 50: 147 675 483 969 392 259 
Bin 51: 549 338 896 785 418 473 757 
Bin 52: 408 981 350 538 15 629 861 
Bin 53: 566 334 445 971 121 994 297 
Bin 54: 34 405 84 349 881 777 618 
Bin 55: 120 466 354 38 598 
Bin 56: 789 668 620 811 374 216 33 
Bin 57: 407 932 797 614 599 11 
Bin 58: 116 31 714 603 915 796 
Bin 59: 203 975 551 633 59 424 898 597 
Bin 60: 925 852 117 154 941 324 400 
Bin 61: 245 954 152 399 716 
Bin 62: 303 343 366 490 524 891 
Bin 63: 8 236 749 820 934 779 
Bin 64: 742 360 316 254 240 743 624 644 
Bin 65: 436 758 682 115 390 468 
Bin 66: 890 964 955 897 136 595 
Bin 67: 287 628 754 474 721 174 9 832 
Bin 68: 617 926 565 443 27 984 393 
Bin 69: 686 583 493 296 36 51 
Bin 70: 512 818 462 806 661 260 87 527 
Bin 71: 972 125 155 189 919 
Bin 72: 720 834 530 13 574 741 859 
Bin 73: 826 110 718 674 947 353 28 937 
Bin 74: 5 30 683 478 47 221 696 693 
Bin 75: 886 281 442 92 88 589 486 
Bin 76: 46 619 500 132 333 702 704 
Bin 77: 295 851 857 224 786 670 477 
Bin 78: 903 177 516 756 678 344 277 
Bin 79: 982 709 81 791 278 2 792 
Bin 80: 54 314 72 902 889 651 210 226 
Bin 81: 160 922 921 854 694 931 
Bin 82: 571 609 272 332 744 610 905 
Bin 83: 67 556 318 387 882 106 945 220 580 
Bin 84: 348 828 676 79 671 654 476 
Bin 85: 850 184 42 492 532 502 
Bin 86: 816 763 856 695 957 507 577 
Bin 87: 73 209 61 269 581 206 
Bin 88: 274 488 860 600 267 194 839 
Bin 89: 455 986 621 522 401 703 173 
Bin 90: 517 724 698 454 406 710 
Bin 91: 134 294 988 813 440 996 
Bin 92: 601 907 101 494 920 207 
Bin 93: 448 289 827 193 113 
Bin 94: 465 389 899 143 665 301 249 940 
Bin 95: 144 456 286 35 428 313 685 877 
Bin 96: 97 190 933 359 178 237 126 
Bin 97: 766 731 764 166 900 21 340 
Bin 98: 753 998 444 751 701 841 395 
Bin 99: 912 948 510 250 880 501 26 
Bin 100: 871 821 765 421 365 626 
Bin 101: 688 362 949 660 112 496 521 
Bin 102: 869 669 55 918 572 
Bin 103: 0 782 876 41 575 352 
Bin 104: 637 130 323 576 537 53 735 
Bin 105: 892 987 246 798 946 
Bin 106: 976 846 884 608 361 458 
Bin 107: 452 607 904 181 734 991 592 
Bin 108: 169 497 100 528 233 593 
Bin 109: 656 475 867 127 96 336 
Bin 110: 1 214 623 227 327 219 700 
Bin 111: 638 582 740 17 381 634 
Bin 112: 815 873 966 548 322 
Bin 113: 427 429 58 523 62 762 
Bin 114: 997 648 472 186 835 50 554 
Bin 115: 77 958 98 192 19 
Bin 116: 784 176 305 655 847 752 
Bin 117: 300 3 719 928 596 979 162 
Bin 118: 369 243 547 728 974 16 875 717 923 
Bin 119: 868 552 94 239 275 992 
Bin 120: 770 367 118 434 461 866 485 
Bin 121: 285 253 345 917 872 215 
Bin 122: 145 625 930 66 863 417 560 306 
Bin 123: 133 587 983 942 364 241 878 
Bin 124: 413 783 509 195 40 200 883 
Bin 125: 217 810 188 616 161 504 
Bin 126: 339 99 238 812 893 423 
Bin 127: 279 951 508 304 291 885 
Bin 128: 109 520 433 4 74 726 
Bin 129: 411 158 111 808 990 755 108 
Bin 130: 960 995 266 288 205 
Bin 131: 76 985 804 712 568 
Bin 132: 347 146 370 858 208 
Bin 133: 167 372 135 231 924 
Bin 134: 447 331 45 63 514 588 
Bin 135: 335 840 388 612 75 664 
Bin 136: 666 212 843 457 358 432 
Bin 137: 312 708 748 439 935 943 611 
Bin 138: 636 968 385 562 380 543 
Bin 139: 78 179 377 257 355 199 569 
Bin 140: 480 950 927 961 467 499 
Bin 141: 431 658 183 980 247 139 463 
Bin 142: 255 262 855 564 837 
Bin 143: 787 559 317 692 85 114 
Bin 144: 69 970 774 772 309 373 
Bin 145: 848 713 441 491 914 156 605 
Bin 146: 853 44 895 396 864 627 630 
Bin 147: 555 653 778 89 715 733 
Bin 148: 738 481 378 252 140 
