# Objective: 22
# Time: 5.64595
# Feasible: 1
# Solution:
Bin 0: 33 82 109 31 37 
Bin 1: 29 49 32 50 101 25 1 
Bin 2: 92 18 91 88 26 
Bin 3: 111 83 85 70 117 14 
Bin 4: 67 36 74 112 52 
Bin 5: 20 66 45 78 8 97 
Bin 6: 71 60 77 58 106 75 
Bin 7: 108 35 44 79 107 5 41 
Bin 8: 110 43 103 99 4 114 105 
Bin 9: 53 59 84 61 21 69 
Bin 10: 62 87 57 12 55 118 
Bin 11: 2 64 54 86 94 46 
Bin 12: 98 28 17 16 
Bin 13: 113 102 30 15 72 
Bin 14: 42 13 89 48 95 
Bin 15: 23 63 76 3 68 
Bin 16: 65 10 116 40 47 56 
Bin 17: 38 6 96 7 27 
Bin 18: 80 119 51 104 93 
Bin 19: 22 19 81 11 73 
Bin 20: 34 100 0 90 9 
Bin 21: 115 24 39 
