# Objective: 47
# Time: 18.1245
# Feasible: 1
# Solution:
Bin 0: 68 138 179 29 114 13 
Bin 1: 45 2 168 117 110 134 
Bin 2: 160 101 93 121 239 185 
Bin 3: 84 105 124 18 95 
Bin 4: 209 118 157 246 71 
Bin 5: 161 111 147 135 188 24 
Bin 6: 120 215 137 241 32 220 
Bin 7: 216 170 73 197 162 
Bin 8: 8 158 88 196 140 46 
Bin 9: 218 77 234 184 103 141 
Bin 10: 37 194 11 206 104 81 
Bin 11: 9 195 119 132 49 
Bin 12: 191 171 61 219 90 180 
Bin 13: 125 98 78 229 21 
Bin 14: 247 164 3 30 166 89 
Bin 15: 154 190 23 202 167 
Bin 16: 83 238 76 148 126 
Bin 17: 248 142 62 235 139 123 
Bin 18: 204 51 122 178 7 
Bin 19: 222 36 40 85 143 165 
Bin 20: 249 228 19 4 69 200 224 
Bin 21: 54 38 212 201 175 
Bin 22: 10 128 15 210 
Bin 23: 41 74 28 155 109 
Bin 24: 159 52 231 5 66 
Bin 25: 97 25 133 144 0 59 
Bin 26: 225 193 183 60 173 64 
Bin 27: 243 100 182 96 226 230 
Bin 28: 236 203 67 233 31 116 
Bin 29: 176 153 177 199 146 
Bin 30: 113 20 107 35 221 53 
Bin 31: 211 169 102 91 80 
Bin 32: 181 205 214 70 6 56 
Bin 33: 55 192 156 115 
Bin 34: 47 189 43 57 106 
Bin 35: 17 79 213 99 
Bin 36: 145 72 151 63 
Bin 37: 245 208 242 149 112 
Bin 38: 217 26 227 136 87 16 
Bin 39: 129 75 94 92 207 
Bin 40: 27 1 12 174 232 
Bin 41: 82 58 152 44 108 
Bin 42: 237 163 187 150 186 
Bin 43: 48 50 244 240 86 22 
Bin 44: 65 34 223 14 198 
Bin 45: 172 33 130 42 
Bin 46: 127 131 39 
