# Objective: 19
# Time: 2.53845
# Feasible: 1
# Solution:
Bin 0: 41 56 108 59 14 72 
Bin 1: 11 22 31 101 18 5 16 
Bin 2: 25 116 95 58 50 102 
Bin 3: 19 77 78 45 43 0 97 
Bin 4: 44 10 67 91 71 46 21 
Bin 5: 35 115 52 113 20 109 9 
Bin 6: 96 8 85 89 103 105 
Bin 7: 55 30 68 86 74 40 63 
Bin 8: 60 47 84 69 79 36 
Bin 9: 61 17 64 39 92 94 29 
Bin 10: 100 48 87 34 2 
Bin 11: 24 88 104 112 15 65 90 
Bin 12: 28 4 93 82 99 119 
Bin 13: 7 32 73 42 66 13 
Bin 14: 53 12 118 81 6 49 114 
Bin 15: 26 110 76 37 83 75 
Bin 16: 38 117 51 23 1 106 
Bin 17: 80 70 107 27 98 54 
Bin 18: 33 111 3 57 62 
