# Objective: 22
# Time: 2.96734
# Feasible: 1
# Solution:
Bin 0: 59 56 33 94 55 116 26 
Bin 1: 114 41 67 117 
Bin 2: 25 76 87 61 46 73 
Bin 3: 110 93 70 42 49 
Bin 4: 3 103 101 0 98 
Bin 5: 109 48 105 19 75 102 
Bin 6: 24 91 112 53 63 81 
Bin 7: 111 13 106 17 57 80 
Bin 8: 68 97 29 11 31 18 4 
Bin 9: 88 115 85 89 39 
Bin 10: 40 84 86 9 119 64 
Bin 11: 37 54 90 21 43 8 5 
Bin 12: 58 1 62 60 74 
Bin 13: 15 2 92 50 104 52 
Bin 14: 47 72 16 20 77 79 
Bin 15: 65 78 44 32 36 
Bin 16: 83 108 99 35 107 
Bin 17: 30 45 100 6 51 
Bin 18: 71 27 12 28 38 14 
Bin 19: 118 23 82 22 96 
Bin 20: 113 10 95 34 7 
Bin 21: 66 69 
