# Objective: 187
# Time: 142.736
# Feasible: 1
# Solution:
Bin 0: 119 683 899 779 
Bin 1: 559 62 427 957 710 
Bin 2: 56 313 851 294 991 438 
Bin 3: 814 867 449 91 323 
Bin 4: 564 538 255 2 620 
Bin 5: 589 824 102 953 658 318 
Bin 6: 772 709 963 16 0 
Bin 7: 4 591 587 828 735 103 
Bin 8: 400 682 978 989 931 
Bin 9: 924 726 388 269 404 988 
Bin 10: 128 761 946 825 950 600 
Bin 11: 431 263 831 762 891 
Bin 12: 270 254 92 649 826 
Bin 13: 960 888 435 798 20 816 
Bin 14: 297 661 630 945 336 377 
Bin 15: 699 793 383 551 277 105 
Bin 16: 542 846 835 394 
Bin 17: 53 580 680 923 63 
Bin 18: 865 633 80 260 190 948 
Bin 19: 140 706 171 628 266 175 
Bin 20: 458 811 169 858 697 292 
Bin 21: 535 93 771 477 
Bin 22: 763 998 648 513 647 635 
Bin 23: 484 698 180 766 510 
Bin 24: 429 486 250 942 678 539 
Bin 25: 334 574 653 569 817 503 
Bin 26: 370 123 694 283 320 721 
Bin 27: 409 716 738 737 238 
Bin 28: 646 225 261 312 741 602 
Bin 29: 908 927 596 936 413 905 
Bin 30: 796 650 781 922 34 791 
Bin 31: 230 55 751 234 
Bin 32: 566 849 583 166 
Bin 33: 298 331 861 757 384 
Bin 34: 197 883 39 326 
Bin 35: 337 127 727 245 483 640 
Bin 36: 845 256 83 838 307 44 
Bin 37: 780 676 498 966 345 46 
Bin 38: 765 328 194 113 947 
Bin 39: 641 71 236 451 
Bin 40: 348 300 996 645 665 616 
Bin 41: 585 58 406 540 163 794 
Bin 42: 610 174 857 145 401 611 
Bin 43: 343 287 707 576 131 395 
Bin 44: 750 622 122 41 
Bin 45: 156 214 96 767 920 866 
Bin 46: 164 327 859 904 744 
Bin 47: 424 832 491 244 111 
Bin 48: 295 184 728 159 943 
Bin 49: 117 742 729 11 440 
Bin 50: 994 662 415 420 135 595 
Bin 51: 778 657 813 237 743 621 
Bin 52: 7 702 804 342 830 754 
Bin 53: 469 216 198 668 624 577 
Bin 54: 150 654 770 407 192 494 
Bin 55: 193 584 52 885 842 
Bin 56: 144 581 759 179 
Bin 57: 161 656 499 434 
Bin 58: 545 768 315 382 
Bin 59: 856 314 938 562 447 774 
Bin 60: 206 59 688 285 863 274 
Bin 61: 168 357 987 975 926 397 
Bin 62: 371 448 57 61 855 425 
Bin 63: 918 506 28 410 465 
Bin 64: 558 934 874 619 840 
Bin 65: 782 805 172 472 
Bin 66: 479 379 788 730 18 
Bin 67: 17 783 389 586 956 129 
Bin 68: 748 267 475 467 504 
Bin 69: 26 29 594 139 399 
Bin 70: 815 204 258 461 288 
Bin 71: 330 130 213 124 363 
Bin 72: 572 797 869 642 
Bin 73: 980 578 306 873 639 
Bin 74: 322 777 555 364 437 618 
Bin 75: 421 549 316 664 892 705 
Bin 76: 146 913 533 902 310 
Bin 77: 605 907 544 800 915 795 
Bin 78: 944 974 958 78 402 65 248 
Bin 79: 148 725 509 695 
Bin 80: 722 282 372 478 463 502 
Bin 81: 808 928 470 579 405 894 
Bin 82: 568 223 802 387 
Bin 83: 955 537 529 265 351 
Bin 84: 453 909 152 264 870 519 
Bin 85: 571 332 268 455 833 
Bin 86: 900 952 627 481 552 476 
Bin 87: 667 220 30 929 993 792 
Bin 88: 976 839 396 21 673 655 
Bin 89: 941 419 177 890 247 495 
Bin 90: 847 15 185 347 
Bin 91: 43 967 962 968 273 
Bin 92: 556 8 329 687 527 381 
Bin 93: 443 442 468 844 335 880 
Bin 94: 601 231 603 700 457 203 
Bin 95: 10 613 823 311 919 
Bin 96: 482 69 217 358 473 703 
Bin 97: 414 745 573 259 897 471 
Bin 98: 386 120 299 983 951 97 
Bin 99: 644 893 125 522 638 671 
Bin 100: 785 746 12 154 497 
Bin 101: 852 66 775 205 935 
Bin 102: 651 756 940 356 895 
Bin 103: 235 338 685 570 301 480 
Bin 104: 344 76 903 807 385 82 
Bin 105: 464 565 515 876 79 631 
Bin 106: 275 1 84 912 925 799 
Bin 107: 854 829 279 910 423 
Bin 108: 136 367 821 731 977 187 
Bin 109: 309 416 368 72 276 49 
Bin 110: 249 632 889 246 360 
Bin 111: 872 222 108 441 153 
Bin 112: 422 450 241 930 280 
Bin 113: 563 459 972 970 916 
Bin 114: 355 162 561 740 36 
Bin 115: 48 812 350 170 496 
Bin 116: 896 921 428 879 
Bin 117: 758 524 986 643 507 760 
Bin 118: 490 487 787 636 732 454 
Bin 119: 361 160 403 353 376 834 557 
Bin 120: 789 215 660 374 
Bin 121: 878 5 984 747 693 684 
Bin 122: 886 560 534 157 110 
Bin 123: 252 554 615 734 871 74 
Bin 124: 898 104 94 881 352 
Bin 125: 67 444 118 390 365 
Bin 126: 593 848 207 877 711 
Bin 127: 137 708 100 290 68 
Bin 128: 954 33 609 965 474 
Bin 129: 906 715 272 9 806 733 107 
Bin 130: 501 696 99 88 
Bin 131: 492 359 138 592 
Bin 132: 14 349 674 121 50 408 
Bin 133: 37 679 530 302 553 
Bin 134: 186 971 523 692 293 
Bin 135: 42 173 588 106 251 917 
Bin 136: 853 209 546 739 346 
Bin 137: 724 489 393 512 134 
Bin 138: 133 141 769 286 485 837 548 
Bin 139: 380 366 243 417 939 
Bin 140: 54 278 98 75 979 
Bin 141: 714 218 666 582 321 
Bin 142: 736 432 149 341 116 
Bin 143: 982 158 836 985 964 35 
Bin 144: 884 271 60 914 520 47 
Bin 145: 90 516 340 626 776 
Bin 146: 242 333 176 143 959 181 
Bin 147: 32 992 932 221 689 541 
Bin 148: 567 637 629 864 850 224 
Bin 149: 195 719 625 868 73 969 
Bin 150: 86 25 784 713 720 
Bin 151: 378 433 999 663 392 354 
Bin 152: 841 436 211 505 233 
Bin 153: 608 303 200 362 257 
Bin 154: 995 291 178 466 445 718 
Bin 155: 599 820 712 822 669 
Bin 156: 670 189 488 38 183 95 801 
Bin 157: 202 753 521 882 949 
Bin 158: 827 911 64 24 862 997 
Bin 159: 40 325 229 518 531 
Bin 160: 126 690 304 27 536 
Bin 161: 937 227 887 462 182 614 
Bin 162: 659 199 604 228 452 22 764 
Bin 163: 819 752 296 981 308 
Bin 164: 232 208 212 219 901 
Bin 165: 281 686 289 547 
Bin 166: 305 543 550 493 597 439 112 
Bin 167: 860 675 704 723 961 
Bin 168: 514 201 773 446 324 
Bin 169: 786 412 6 239 809 
Bin 170: 23 51 672 262 
Bin 171: 375 511 45 701 
Bin 172: 101 875 500 973 803 
Bin 173: 319 617 70 115 528 
Bin 174: 13 525 933 155 398 132 
Bin 175: 426 634 77 85 188 
Bin 176: 818 612 460 623 165 114 
Bin 177: 167 590 430 790 749 677 
Bin 178: 526 196 456 810 
Bin 179: 369 317 109 606 411 652 
Bin 180: 89 31 373 575 598 
Bin 181: 151 681 717 607 240 226 
Bin 182: 147 87 843 339 191 19 
Bin 183: 532 691 517 418 
Bin 184: 508 990 210 142 755 
Bin 185: 253 81 3 
Bin 186: 391 284 
