# Objective: 74
# Time: 24.5887
# Feasible: 1
# Solution:
Bin 0: 331 80 105 325 198 221 4 361 215 
Bin 1: 118 332 163 478 207 385 295 485 240 
Bin 2: 90 233 11 288 411 387 
Bin 3: 481 298 179 354 254 
Bin 4: 160 195 477 186 386 456 94 379 
Bin 5: 413 165 247 38 450 112 484 393 237 
Bin 6: 181 397 300 66 469 205 211 180 79 
Bin 7: 141 243 245 474 22 328 400 
Bin 8: 345 138 494 212 86 0 
Bin 9: 441 100 347 131 92 216 
Bin 10: 29 313 468 48 471 287 147 58 273 
Bin 11: 498 458 412 286 357 391 196 6 
Bin 12: 340 139 122 425 337 316 107 
Bin 13: 311 259 10 359 236 
Bin 14: 52 184 246 218 262 464 
Bin 15: 277 34 239 31 415 360 323 182 
Bin 16: 104 395 127 483 429 164 176 
Bin 17: 486 137 204 1 129 170 
Bin 18: 249 209 443 113 169 480 
Bin 19: 306 168 109 87 219 210 315 116 248 
Bin 20: 373 390 229 124 106 78 416 
Bin 21: 366 496 136 89 423 93 
Bin 22: 348 191 151 320 110 265 
Bin 23: 377 250 445 329 167 214 
Bin 24: 350 76 368 493 367 56 
Bin 25: 50 312 276 7 115 39 192 
Bin 26: 81 175 96 440 269 199 9 
Bin 27: 40 187 369 57 282 401 455 
Bin 28: 475 358 322 43 35 275 
Bin 29: 338 241 145 225 228 465 
Bin 30: 200 302 435 226 327 434 
Bin 31: 418 68 108 231 95 
Bin 32: 51 194 126 433 161 232 
Bin 33: 355 466 499 398 5 449 258 
Bin 34: 148 64 213 111 188 476 
Bin 35: 12 266 394 69 421 27 114 
Bin 36: 132 133 335 375 41 
Bin 37: 446 47 103 452 117 190 
Bin 38: 18 470 436 353 342 317 
Bin 39: 346 45 157 75 296 278 272 223 
Bin 40: 336 185 495 479 166 235 333 
Bin 41: 319 473 14 432 206 60 380 97 
Bin 42: 290 271 292 36 159 98 
Bin 43: 285 119 274 230 344 173 54 
Bin 44: 372 381 44 447 293 234 3 
Bin 45: 301 162 227 238 62 427 251 
Bin 46: 70 310 71 217 399 284 424 
Bin 47: 177 409 374 84 324 430 
Bin 48: 171 299 482 305 303 352 23 
Bin 49: 99 370 28 431 20 378 242 
Bin 50: 362 472 24 32 21 72 439 174 257 
Bin 51: 149 252 150 492 461 26 101 356 
Bin 52: 437 120 388 256 364 154 
Bin 53: 422 308 488 371 420 448 
Bin 54: 297 30 19 193 2 
Bin 55: 130 63 255 294 414 
Bin 56: 451 453 402 203 74 197 408 321 
Bin 57: 202 383 88 134 351 
Bin 58: 140 406 208 407 307 463 
Bin 59: 17 405 459 102 153 281 224 392 
Bin 60: 59 326 268 444 442 142 82 341 222 
Bin 61: 349 309 65 487 91 318 
Bin 62: 457 304 460 263 123 16 
Bin 63: 13 146 46 365 55 396 172 
Bin 64: 462 410 33 201 53 156 158 
Bin 65: 403 314 389 25 343 404 
Bin 66: 77 144 253 83 135 376 143 42 
Bin 67: 289 260 428 67 438 270 454 152 
Bin 68: 417 291 489 49 491 61 
Bin 69: 426 125 155 264 363 8 
Bin 70: 339 73 37 467 220 280 
Bin 71: 261 382 189 283 244 279 121 
Bin 72: 490 419 497 183 178 384 
Bin 73: 334 267 15 85 330 128 
