# Objective: 152
# Time: 286.328
# Feasible: 1
# Solution:
Bin 0: 66 712 710 218 391 741 201 
Bin 1: 188 812 483 982 723 405 37 
Bin 2: 596 875 807 967 425 458 261 782 
Bin 3: 111 305 948 74 153 313 
Bin 4: 669 187 162 368 971 403 659 
Bin 5: 298 166 945 448 292 701 4 800 
Bin 6: 735 650 526 150 105 892 121 
Bin 7: 164 920 544 196 135 
Bin 8: 534 612 566 314 117 277 917 
Bin 9: 386 100 400 944 599 670 802 
Bin 10: 38 657 577 107 904 116 
Bin 11: 592 424 329 625 388 355 
Bin 12: 743 343 175 734 822 947 337 
Bin 13: 744 713 820 615 92 
Bin 14: 287 545 881 702 280 953 573 
Bin 15: 352 452 83 579 79 174 924 
Bin 16: 609 994 353 757 989 182 
Bin 17: 158 24 789 322 602 722 
Bin 18: 25 634 392 47 330 648 682 786 
Bin 19: 26 316 249 840 631 775 207 
Bin 20: 756 157 241 930 854 168 998 437 
Bin 21: 752 836 652 675 498 67 
Bin 22: 559 324 407 387 414 725 654 
Bin 23: 446 809 956 984 835 109 462 996 
Bin 24: 179 847 15 513 651 382 874 
Bin 25: 717 335 409 676 541 910 916 755 
Bin 26: 853 385 61 497 16 
Bin 27: 459 484 93 879 320 210 864 
Bin 28: 278 798 512 837 594 
Bin 29: 691 443 410 952 521 661 621 
Bin 30: 617 418 507 911 72 
Bin 31: 857 473 317 152 14 940 
Bin 32: 640 41 399 600 470 
Bin 33: 364 518 396 475 850 113 895 
Bin 34: 922 933 472 233 583 
Bin 35: 51 379 564 417 63 540 
Bin 36: 801 490 86 451 397 293 
Bin 37: 627 149 873 429 449 679 6 130 
Bin 38: 552 671 238 35 595 553 
Bin 39: 453 198 55 878 486 372 102 656 962 
Bin 40: 908 888 423 606 805 469 975 
Bin 41: 935 145 932 949 259 359 373 
Bin 42: 307 678 431 571 810 492 
Bin 43: 708 963 211 374 686 318 959 
Bin 44: 186 69 77 420 236 204 
Bin 45: 950 570 718 903 227 693 3 
Bin 46: 195 479 464 834 758 825 
Bin 47: 283 45 336 724 558 176 
Bin 48: 589 357 936 762 257 970 
Bin 49: 262 288 674 783 477 10 941 574 
Bin 50: 794 871 411 816 883 376 500 
Bin 51: 406 699 915 739 328 536 460 823 
Bin 52: 491 294 720 872 20 902 709 
Bin 53: 205 696 481 954 161 530 426 
Bin 54: 246 862 787 57 781 529 428 
Bin 55: 88 156 344 239 139 687 
Bin 56: 957 267 555 185 926 887 
Bin 57: 208 711 663 706 768 968 763 
Bin 58: 891 133 362 323 746 421 
Bin 59: 301 647 590 515 616 144 
Bin 60: 28 120 34 457 841 17 
Bin 61: 480 955 90 707 122 81 
Bin 62: 584 561 831 466 445 0 
Bin 63: 193 21 350 646 114 271 
Bin 64: 68 719 70 212 91 965 
Bin 65: 697 222 991 795 308 
Bin 66: 543 703 815 593 89 771 251 
Bin 67: 856 858 309 333 960 402 
Bin 68: 202 125 260 286 160 366 
Bin 69: 177 327 639 48 504 972 531 
Bin 70: 291 731 36 369 668 942 
Bin 71: 315 455 506 389 232 435 33 87 
Bin 72: 729 778 587 692 769 
Bin 73: 206 605 785 804 653 997 539 767 349 
Bin 74: 58 598 632 754 304 885 728 
Bin 75: 601 649 269 216 979 436 332 
Bin 76: 508 127 740 221 623 456 796 567 
Bin 77: 919 716 977 912 736 465 401 225 
Bin 78: 94 209 427 147 923 9 276 981 
Bin 79: 191 961 695 951 821 281 245 
Bin 80: 899 154 547 439 608 250 
Bin 81: 103 8 345 859 273 751 
Bin 82: 60 866 178 310 471 408 
Bin 83: 759 132 803 441 542 828 285 
Bin 84: 159 730 319 788 550 192 
Bin 85: 827 253 213 50 42 527 342 
Bin 86: 334 689 869 18 548 569 766 
Bin 87: 39 819 440 180 938 946 
Bin 88: 867 165 434 533 838 
Bin 89: 255 964 377 535 64 340 
Bin 90: 643 987 525 361 776 514 629 
Bin 91: 898 817 438 289 493 194 
Bin 92: 973 811 502 830 474 
Bin 93: 214 126 562 189 495 522 
Bin 94: 358 635 517 906 603 581 
Bin 95: 444 219 19 82 296 146 585 
Bin 96: 806 894 370 747 422 876 299 978 
Bin 97: 684 461 753 877 614 749 496 
Bin 98: 341 112 199 76 509 760 
Bin 99: 988 586 476 845 155 243 
Bin 100: 865 976 171 279 43 563 925 
Bin 101: 104 677 721 765 863 215 356 
Bin 102: 667 943 905 852 295 226 
Bin 103: 829 662 40 779 432 927 
Bin 104: 824 880 658 234 96 442 929 
Bin 105: 7 966 390 582 985 666 
Bin 106: 365 665 974 32 855 537 398 
Bin 107: 610 331 931 184 450 597 737 
Bin 108: 503 792 773 784 672 690 354 
Bin 109: 53 882 129 510 890 644 217 419 
Bin 110: 516 272 73 384 415 468 704 5 
Bin 111: 868 412 528 44 576 
Bin 112: 416 620 814 263 256 839 870 363 
Bin 113: 851 901 913 31 494 170 
Bin 114: 85 23 167 54 826 818 381 
Bin 115: 580 642 1 223 993 252 115 660 
Bin 116: 463 636 726 138 790 351 
Bin 117: 142 928 705 761 764 560 118 46 229 
Bin 118: 488 348 237 833 624 554 990 
Bin 119: 141 523 641 95 914 
Bin 120: 128 884 939 793 268 224 921 454 
Bin 121: 360 383 748 447 604 
Bin 122: 683 151 575 375 774 999 235 265 
Bin 123: 619 538 832 270 770 78 
Bin 124: 137 861 501 134 655 551 637 
Bin 125: 546 886 119 848 842 
Bin 126: 27 900 140 633 918 371 
Bin 127: 394 777 645 282 843 378 275 738 
Bin 128: 897 433 519 326 485 2 123 
Bin 129: 338 395 673 29 860 613 
Bin 130: 889 347 578 75 203 108 300 
Bin 131: 565 244 700 681 84 685 
Bin 132: 190 169 339 413 12 62 
Bin 133: 311 520 844 934 505 312 110 
Bin 134: 367 607 248 106 52 302 
Bin 135: 638 266 13 937 846 715 986 
Bin 136: 680 772 557 742 532 230 
Bin 137: 59 799 220 745 242 
Bin 138: 143 487 467 698 11 163 808 
Bin 139: 750 733 124 172 65 321 
Bin 140: 992 482 240 22 247 97 983 
Bin 141: 628 591 404 849 907 98 
Bin 142: 274 780 303 714 524 568 618 
Bin 143: 49 622 626 664 791 611 228 813 
Bin 144: 727 489 306 511 393 131 893 
Bin 145: 688 231 797 896 71 290 200 
Bin 146: 732 80 136 258 958 
Bin 147: 325 197 173 99 478 56 
Bin 148: 995 430 183 254 694 264 
Bin 149: 549 181 980 969 556 30 630 
Bin 150: 346 909 499 148 284 
Bin 151: 297 380 101 572 588 
