# Objective: 41
# Time: 9.02697
# Feasible: 1
# Solution:
Bin 0: 145 175 61 182 39 60 130 
Bin 1: 81 231 218 101 112 26 
Bin 2: 183 239 77 140 31 67 
Bin 3: 62 92 107 164 12 42 
Bin 4: 65 185 188 196 177 
Bin 5: 220 73 113 176 190 246 
Bin 6: 229 59 174 71 221 14 
Bin 7: 233 170 201 149 156 17 104 
Bin 8: 208 137 117 118 180 181 136 
Bin 9: 169 99 222 37 89 240 58 
Bin 10: 124 76 241 189 100 226 
Bin 11: 95 153 47 7 179 
Bin 12: 206 237 172 23 6 5 234 
Bin 13: 98 211 109 148 123 88 
Bin 14: 43 192 0 8 11 121 72 
Bin 15: 178 13 135 245 25 235 85 
Bin 16: 165 33 131 57 119 
Bin 17: 110 198 217 44 4 36 205 49 
Bin 18: 138 56 242 209 168 227 51 
Bin 19: 50 16 21 212 210 249 
Bin 20: 162 244 30 216 236 151 
Bin 21: 126 27 68 69 46 147 142 
Bin 22: 155 247 207 125 134 108 
Bin 23: 96 32 133 52 75 24 105 
Bin 24: 15 22 171 200 20 
Bin 25: 215 141 35 53 191 70 106 
Bin 26: 203 80 87 34 154 157 
Bin 27: 159 18 103 173 128 143 
Bin 28: 150 29 84 214 202 38 204 
Bin 29: 195 116 102 2 228 132 122 
Bin 30: 219 224 152 146 83 
Bin 31: 166 9 78 194 248 
Bin 32: 45 144 82 94 55 163 
Bin 33: 120 28 160 232 63 
Bin 34: 197 66 74 54 111 187 40 
Bin 35: 91 90 86 230 167 114 
Bin 36: 158 139 48 213 115 
Bin 37: 186 193 41 1 225 3 243 
Bin 38: 184 238 223 127 97 79 
Bin 39: 129 93 64 10 199 
Bin 40: 161 19 
