# Objective: 38
# Time: 5.58248
# Feasible: 1
# Solution:
Bin 0: 39 147 193 230 132 115 25 101 
Bin 1: 40 31 246 129 157 119 59 
Bin 2: 227 117 223 185 216 
Bin 3: 226 28 80 149 69 43 
Bin 4: 236 30 76 126 112 137 
Bin 5: 231 70 16 249 88 208 
Bin 6: 152 90 172 83 114 206 158 
Bin 7: 153 81 42 99 148 104 107 
Bin 8: 204 159 238 181 127 84 7 3 202 135 
Bin 9: 26 195 207 197 173 15 
Bin 10: 186 229 221 85 235 22 
Bin 11: 62 124 171 211 199 12 178 
Bin 12: 21 61 67 65 240 41 54 
Bin 13: 156 123 168 198 93 29 165 225 71 
Bin 14: 52 120 60 187 64 192 
Bin 15: 232 140 136 110 10 233 248 
Bin 16: 241 175 103 108 143 244 121 
Bin 17: 44 146 166 97 111 144 
Bin 18: 219 33 77 8 215 180 118 
Bin 19: 48 100 92 96 32 1 
Bin 20: 245 58 154 141 4 106 190 
Bin 21: 184 6 133 74 51 116 
Bin 22: 237 82 68 242 220 113 179 20 
Bin 23: 139 17 224 213 151 102 142 
Bin 24: 217 24 35 134 203 138 53 125 
Bin 25: 98 49 164 247 196 86 
Bin 26: 105 87 13 122 0 36 94 
Bin 27: 18 177 38 145 131 45 
Bin 28: 9 243 234 169 50 73 55 
Bin 29: 214 34 47 218 130 205 
Bin 30: 27 57 46 176 109 
Bin 31: 170 201 163 5 209 78 
Bin 32: 160 19 150 37 95 174 128 
Bin 33: 79 222 161 56 182 
Bin 34: 75 162 189 63 155 91 
Bin 35: 66 2 194 23 11 
Bin 36: 89 210 14 228 239 72 
Bin 37: 191 188 167 200 183 212 
