# Objective: 21
# Time: 4.87282
# Feasible: 1
# Solution:
Bin 0: 108 35 56 113 0 20 84 
Bin 1: 119 39 75 54 34 90 95 
Bin 2: 82 104 13 79 100 97 
Bin 3: 59 63 62 36 7 17 
Bin 4: 105 102 10 93 45 
Bin 5: 4 70 88 2 18 92 
Bin 6: 116 1 67 111 44 58 73 5 
Bin 7: 24 28 81 66 51 96 
Bin 8: 72 60 50 69 80 
Bin 9: 74 115 87 86 55 21 26 
Bin 10: 15 91 38 103 12 
Bin 11: 46 98 112 16 89 37 
Bin 12: 3 31 57 53 65 52 
Bin 13: 109 71 8 33 99 64 
Bin 14: 19 23 76 77 32 
Bin 15: 40 107 110 6 14 
Bin 16: 41 106 42 117 78 48 
Bin 17: 61 68 43 27 
Bin 18: 29 85 49 30 
Bin 19: 94 83 9 25 114 11 
Bin 20: 118 22 101 47 
