# Objective: 19
# Time: 4.75818
# Feasible: 1
# Solution:
Bin 0: 93 78 69 40 41 43 
Bin 1: 53 87 67 112 12 0 
Bin 2: 91 63 83 31 6 57 
Bin 3: 25 23 117 115 10 79 
Bin 4: 7 113 50 38 60 
Bin 5: 72 114 97 74 39 108 19 
Bin 6: 59 95 42 47 109 110 100 
Bin 7: 66 70 86 14 62 9 37 
Bin 8: 56 45 111 52 24 15 88 36 
Bin 9: 84 82 118 26 8 35 
Bin 10: 76 1 101 92 46 20 
Bin 11: 49 61 28 77 44 103 
Bin 12: 5 80 94 2 73 116 71 
Bin 13: 98 119 64 11 68 90 
Bin 14: 22 99 33 3 18 
Bin 15: 17 32 85 96 30 65 29 
Bin 16: 54 81 75 27 55 13 21 
Bin 17: 106 105 107 16 102 104 34 
Bin 18: 89 48 51 4 58 
