# Objective: 20
# Time: 3.88536
# Feasible: 1
# Solution:
Bin 0: 78 107 73 116 9 48 
Bin 1: 29 5 95 68 80 56 45 
Bin 2: 34 44 32 2 58 23 72 
Bin 3: 100 33 101 70 60 
Bin 4: 18 28 8 98 111 49 
Bin 5: 15 85 86 89 1 
Bin 6: 103 40 63 74 110 3 54 
Bin 7: 79 119 118 59 17 
Bin 8: 75 88 115 38 16 104 11 46 
Bin 9: 31 12 50 0 92 
Bin 10: 94 61 91 25 64 24 109 
Bin 11: 84 112 102 108 51 30 
Bin 12: 7 55 57 62 13 36 
Bin 13: 65 20 99 21 106 27 
Bin 14: 37 26 35 77 96 47 4 
Bin 15: 83 41 71 93 43 
Bin 16: 52 19 53 67 42 90 
Bin 17: 105 117 69 10 76 
Bin 18: 114 81 22 97 113 66 
Bin 19: 87 82 6 39 14 
