# Objective: 152
# Time: 382.335
# Feasible: 1
# Solution:
Bin 0: 419 311 41 727 696 879 216 80 
Bin 1: 650 774 474 873 601 403 648 399 295 
Bin 2: 224 540 876 634 435 28 
Bin 3: 459 854 10 77 636 607 362 178 786 
Bin 4: 608 524 247 298 484 313 96 
Bin 5: 194 257 906 916 951 553 
Bin 6: 242 356 759 971 109 243 
Bin 7: 182 172 38 334 282 196 486 829 
Bin 8: 256 543 660 497 674 154 
Bin 9: 714 527 858 548 565 136 813 
Bin 10: 327 753 934 966 649 457 
Bin 11: 466 430 316 277 141 227 
Bin 12: 569 950 817 163 416 878 
Bin 13: 160 722 180 818 605 
Bin 14: 917 428 106 495 748 914 877 
Bin 15: 665 349 75 130 522 936 685 
Bin 16: 449 496 586 410 200 644 166 
Bin 17: 781 66 34 475 249 152 
Bin 18: 153 230 326 640 140 719 421 
Bin 19: 980 606 116 555 715 22 629 847 
Bin 20: 407 171 965 731 575 176 
Bin 21: 997 887 946 138 656 501 824 
Bin 22: 222 961 463 653 255 43 17 777 
Bin 23: 483 7 385 594 333 
Bin 24: 760 328 994 335 963 957 905 
Bin 25: 918 414 991 849 120 118 208 647 
Bin 26: 984 587 100 808 846 228 
Bin 27: 460 139 643 485 368 597 310 
Bin 28: 805 742 782 258 825 383 
Bin 29: 871 519 272 504 441 
Bin 30: 682 740 391 346 517 716 229 60 
Bin 31: 973 306 233 401 261 379 942 
Bin 32: 378 885 554 237 149 571 490 
Bin 33: 613 151 472 84 425 189 972 15 
Bin 34: 642 947 637 795 826 284 
Bin 35: 331 5 894 668 889 112 
Bin 36: 688 505 737 447 996 570 314 
Bin 37: 624 0 931 123 868 713 455 
Bin 38: 499 718 64 765 757 651 65 
Bin 39: 809 87 687 389 93 420 941 
Bin 40: 107 373 312 627 132 910 968 679 
Bin 41: 672 929 377 928 979 975 943 
Bin 42: 137 193 231 701 881 50 590 
Bin 43: 49 394 850 837 292 431 
Bin 44: 730 743 937 744 563 336 
Bin 45: 610 572 593 479 615 655 
Bin 46: 13 562 949 832 218 56 
Bin 47: 273 523 345 698 899 986 
Bin 48: 303 62 173 355 127 359 789 320 
Bin 49: 771 448 673 948 738 769 371 
Bin 50: 386 823 671 736 620 395 46 
Bin 51: 886 352 611 456 835 
Bin 52: 264 734 708 40 125 631 376 
Bin 53: 418 195 198 241 133 205 300 
Bin 54: 541 579 709 20 632 990 404 
Bin 55: 439 111 764 509 806 219 839 
Bin 56: 413 784 12 37 285 900 
Bin 57: 633 164 33 268 146 181 
Bin 58: 481 473 55 372 110 424 
Bin 59: 855 888 787 514 128 253 
Bin 60: 339 469 397 288 602 840 842 857 
Bin 61: 468 546 477 779 686 683 144 442 
Bin 62: 36 780 583 551 761 974 
Bin 63: 566 959 513 452 707 923 
Bin 64: 262 482 267 883 289 498 
Bin 65: 307 577 142 954 531 52 
Bin 66: 907 621 115 856 898 516 121 763 
Bin 67: 628 729 741 299 500 315 202 802 
Bin 68: 534 545 462 697 502 126 
Bin 69: 821 861 720 265 338 71 
Bin 70: 702 6 530 667 870 129 329 552 
Bin 71: 882 427 396 903 464 595 
Bin 72: 803 816 762 211 92 848 694 
Bin 73: 711 102 343 582 179 
Bin 74: 86 799 167 271 319 557 
Bin 75: 658 853 14 585 330 393 235 521 
Bin 76: 793 539 992 836 89 958 
Bin 77: 710 896 286 294 278 652 559 
Bin 78: 920 891 73 721 30 
Bin 79: 325 290 113 246 169 
Bin 80: 342 922 78 724 908 
Bin 81: 476 252 532 542 751 953 
Bin 82: 210 834 11 901 305 537 
Bin 83: 677 623 221 890 44 690 
Bin 84: 933 791 919 392 591 443 533 
Bin 85: 969 191 220 104 59 775 
Bin 86: 705 487 911 822 157 902 639 
Bin 87: 48 69 185 266 461 
Bin 88: 626 361 838 162 940 982 865 
Bin 89: 926 88 103 851 214 9 
Bin 90: 370 506 388 573 758 276 458 700 
Bin 91: 108 827 985 845 351 122 491 
Bin 92: 135 360 675 930 207 989 
Bin 93: 19 375 798 676 567 199 862 
Bin 94: 188 209 412 924 251 4 526 
Bin 95: 215 561 250 31 270 280 170 
Bin 96: 893 32 811 234 915 317 301 
Bin 97: 511 79 925 263 964 869 357 217 
Bin 98: 344 503 25 155 812 529 657 
Bin 99: 717 341 57 114 248 406 
Bin 100: 426 706 752 95 323 
Bin 101: 635 841 158 82 42 756 
Bin 102: 970 598 625 190 703 549 
Bin 103: 670 159 353 508 197 201 
Bin 104: 520 807 423 669 54 444 
Bin 105: 944 369 804 380 955 287 983 384 
Bin 106: 131 618 440 580 772 61 
Bin 107: 145 932 993 453 699 2 365 68 512 
Bin 108: 616 735 402 18 528 692 
Bin 109: 967 489 308 661 588 240 525 810 
Bin 110: 279 600 568 90 366 63 390 
Bin 111: 225 783 58 638 866 480 494 223 
Bin 112: 488 962 745 978 892 94 518 
Bin 113: 828 183 83 576 895 143 645 
Bin 114: 23 161 35 999 746 99 
Bin 115: 792 797 415 574 417 27 
Bin 116: 507 536 843 603 405 184 
Bin 117: 81 324 422 232 695 630 
Bin 118: 844 432 465 938 187 766 833 
Bin 119: 467 347 493 684 897 70 
Bin 120: 732 794 398 988 927 654 212 
Bin 121: 874 723 296 39 578 820 
Bin 122: 174 739 987 53 387 617 
Bin 123: 238 283 51 119 550 659 581 
Bin 124: 26 91 382 867 322 912 
Bin 125: 815 622 768 921 796 408 
Bin 126: 260 358 148 819 560 641 747 124 
Bin 127: 340 976 24 446 800 47 
Bin 128: 309 767 213 831 770 604 434 
Bin 129: 801 556 8 150 939 592 691 
Bin 130: 29 400 204 790 909 726 
Bin 131: 293 226 239 612 852 
Bin 132: 788 203 97 776 332 454 995 
Bin 133: 337 904 374 134 72 599 
Bin 134: 609 348 259 864 884 614 547 981 
Bin 135: 859 785 725 830 584 704 952 
Bin 136: 977 168 433 470 437 445 
Bin 137: 117 304 275 3 236 678 
Bin 138: 291 860 749 192 364 
Bin 139: 1 875 254 589 297 
Bin 140: 147 363 662 646 913 165 
Bin 141: 74 778 244 21 733 321 429 
Bin 142: 367 105 693 85 535 274 689 
Bin 143: 558 956 156 492 564 206 
Bin 144: 281 318 960 619 245 814 
Bin 145: 409 471 101 880 755 544 
Bin 146: 538 302 350 67 451 510 98 
Bin 147: 175 16 436 681 863 450 728 
Bin 148: 750 998 596 712 935 177 
Bin 149: 381 186 438 664 663 773 
Bin 150: 945 666 515 754 354 269 
Bin 151: 478 872 680 411 76 45 
