# Objective: 20
# Time: 3.51643
# Feasible: 1
# Solution:
Bin 0: 94 38 113 119 110 
Bin 1: 72 71 36 81 60 83 0 
Bin 2: 19 25 22 95 10 49 103 
Bin 3: 78 28 45 87 80 
Bin 4: 107 40 65 114 17 88 70 
Bin 5: 59 102 86 42 31 68 56 
Bin 6: 97 54 43 51 52 20 
Bin 7: 109 8 4 66 75 63 
Bin 8: 100 69 82 115 34 50 18 
Bin 9: 27 111 58 91 7 61 
Bin 10: 23 76 35 118 2 6 57 
Bin 11: 116 12 48 24 92 30 
Bin 12: 39 112 1 3 89 11 
Bin 13: 13 101 33 41 29 
Bin 14: 32 98 84 93 62 21 
Bin 15: 14 96 16 15 90 
Bin 16: 64 5 77 104 79 
Bin 17: 47 117 53 55 74 46 44 
Bin 18: 99 106 26 67 108 73 
Bin 19: 9 105 37 85 
