# Objective: 152
# Time: 196.522
# Feasible: 1
# Solution:
Bin 0: 748 433 697 857 293 82 399 
Bin 1: 1 952 706 463 170 599 646 149 
Bin 2: 722 761 873 949 688 517 85 
Bin 3: 891 874 782 419 451 187 56 802 574 
Bin 4: 339 775 669 29 235 58 
Bin 5: 133 759 734 710 630 328 209 
Bin 6: 707 711 815 551 605 943 325 
Bin 7: 784 625 911 160 326 
Bin 8: 428 922 683 72 955 453 
Bin 9: 827 217 290 937 427 417 558 745 83 
Bin 10: 674 717 600 550 518 338 
Bin 11: 970 723 792 981 696 861 884 
Bin 12: 750 858 645 49 787 71 
Bin 13: 908 732 124 296 435 79 
Bin 14: 273 166 75 504 370 920 844 
Bin 15: 125 114 16 284 894 505 
Bin 16: 997 648 222 176 924 699 
Bin 17: 131 43 32 573 685 340 
Bin 18: 751 495 158 15 719 319 59 898 
Bin 19: 565 794 278 870 371 855 
Bin 20: 242 434 869 334 227 566 
Bin 21: 139 537 321 360 942 490 
Bin 22: 549 919 846 355 353 687 267 
Bin 23: 402 145 54 576 178 152 
Bin 24: 848 953 484 97 205 525 
Bin 25: 261 548 695 930 842 731 364 926 
Bin 26: 405 275 436 10 552 608 
Bin 27: 974 84 546 523 862 171 282 
Bin 28: 636 77 965 713 255 332 469 297 
Bin 29: 996 795 823 780 752 520 397 
Bin 30: 107 578 889 88 471 916 896 116 287 
Bin 31: 526 642 294 260 654 
Bin 32: 285 180 476 627 698 473 733 966 
Bin 33: 900 992 312 777 893 185 817 934 
Bin 34: 389 851 562 213 935 64 
Bin 35: 38 138 837 443 467 765 986 
Bin 36: 603 607 307 933 252 414 7 
Bin 37: 588 704 398 458 387 422 
Bin 38: 253 19 14 507 188 347 
Bin 39: 231 459 796 320 134 571 310 437 
Bin 40: 92 55 446 327 237 602 
Bin 41: 878 895 797 386 728 12 
Bin 42: 907 807 923 335 860 221 758 749 
Bin 43: 649 776 301 356 772 624 
Bin 44: 510 129 126 872 421 985 
Bin 45: 256 594 247 836 544 169 644 961 197 
Bin 46: 264 314 726 17 598 289 
Bin 47: 439 177 614 931 68 53 
Bin 48: 207 856 465 69 727 112 
Bin 49: 568 20 882 98 814 181 514 342 
Bin 50: 612 512 432 828 142 159 666 902 
Bin 51: 971 964 675 980 925 760 
Bin 52: 50 756 677 485 425 401 686 
Bin 53: 308 715 702 991 382 41 540 
Bin 54: 875 754 604 611 708 337 331 705 
Bin 55: 579 928 838 87 73 679 615 
Bin 56: 292 577 660 692 763 
Bin 57: 890 404 286 28 393 34 601 
Bin 58: 589 464 318 724 192 522 373 542 
Bin 59: 672 845 977 521 487 78 886 
Bin 60: 492 491 103 591 89 413 979 
Bin 61: 36 538 104 736 771 424 712 
Bin 62: 444 442 100 426 60 
Bin 63: 859 162 691 11 626 45 
Bin 64: 115 541 215 982 429 316 346 
Bin 65: 988 609 147 304 509 468 295 262 385 
Bin 66: 96 741 254 46 973 556 90 867 
Bin 67: 212 768 108 647 671 156 892 
Bin 68: 440 881 52 26 266 511 
Bin 69: 762 639 927 742 219 305 555 
Bin 70: 309 80 888 148 155 
Bin 71: 960 879 822 658 813 163 905 590 
Bin 72: 470 263 377 478 303 
Bin 73: 81 23 682 662 498 455 244 
Bin 74: 684 110 899 915 587 211 379 
Bin 75: 283 841 86 969 388 229 475 
Bin 76: 811 788 412 368 689 409 
Bin 77: 238 300 4 415 33 351 
Bin 78: 743 638 729 868 280 901 519 
Bin 79: 226 653 208 272 906 616 27 947 
Bin 80: 956 917 224 381 690 
Bin 81: 191 786 871 533 665 913 
Bin 82: 563 746 755 101 954 866 
Bin 83: 70 932 936 564 311 501 
Bin 84: 200 809 885 778 127 349 620 329 
Bin 85: 154 833 629 462 137 406 317 
Bin 86: 270 365 493 557 854 513 567 
Bin 87: 119 613 324 99 560 
Bin 88: 450 265 637 220 141 
Bin 89: 739 358 793 632 643 454 233 
Bin 90: 816 779 968 918 945 634 
Bin 91: 976 384 411 747 650 144 832 
Bin 92: 559 641 635 820 852 291 
Bin 93: 61 63 390 306 773 
Bin 94: 680 190 9 456 668 136 
Bin 95: 585 392 950 460 394 210 903 257 
Bin 96: 102 700 120 201 785 313 299 
Bin 97: 366 545 375 189 348 628 
Bin 98: 345 631 195 400 146 93 790 
Bin 99: 623 737 457 853 67 835 580 
Bin 100: 910 670 753 95 445 709 547 
Bin 101: 652 153 361 740 2 486 232 
Bin 102: 535 240 791 477 243 42 
Bin 103: 466 774 111 196 962 35 30 
Bin 104: 621 123 596 912 532 
Bin 105: 938 528 825 489 164 
Bin 106: 150 407 850 184 480 24 359 
Bin 107: 789 766 693 62 801 819 
Bin 108: 223 168 279 959 864 929 640 
Bin 109: 496 673 106 362 383 610 
Bin 110: 113 488 503 502 593 130 118 
Bin 111: 508 143 374 236 651 781 
Bin 112: 619 271 157 818 527 531 481 
Bin 113: 430 800 322 330 57 268 352 172 
Bin 114: 6 592 804 461 410 883 
Bin 115: 764 721 995 597 840 876 
Bin 116: 951 586 395 161 826 744 18 
Bin 117: 183 720 716 418 978 
Bin 118: 958 175 214 530 198 128 618 
Bin 119: 194 843 904 258 391 
Bin 120: 122 341 839 193 897 799 561 
Bin 121: 569 633 499 583 479 363 431 
Bin 122: 543 494 812 659 694 423 482 536 
Bin 123: 963 472 350 539 993 
Bin 124: 408 344 199 333 298 914 
Bin 125: 336 66 606 738 173 810 
Bin 126: 572 274 821 249 0 
Bin 127: 204 31 948 516 288 109 21 939 
Bin 128: 13 515 167 372 584 241 998 
Bin 129: 863 622 534 206 174 946 
Bin 130: 354 151 245 323 581 25 
Bin 131: 3 847 218 259 8 47 
Bin 132: 553 676 105 730 203 718 
Bin 133: 803 798 37 575 202 246 
Bin 134: 849 829 380 76 999 887 
Bin 135: 483 448 989 44 661 725 617 
Bin 136: 367 121 474 65 957 
Bin 137: 230 681 403 48 132 179 
Bin 138: 805 74 524 40 269 51 
Bin 139: 667 909 234 251 735 921 
Bin 140: 529 91 135 783 663 
Bin 141: 830 276 770 655 701 987 944 302 
Bin 142: 975 570 449 714 447 452 834 
Bin 143: 248 983 225 281 416 228 656 
Bin 144: 554 831 865 500 22 369 808 
Bin 145: 769 767 972 664 506 678 
Bin 146: 117 703 239 582 438 
Bin 147: 357 376 378 5 165 216 757 343 984 
Bin 148: 990 877 441 94 941 940 
Bin 149: 824 39 140 967 186 
Bin 150: 315 277 806 880 420 250 182 
Bin 151: 396 994 657 497 595 
