# Objective: 197
# Time: 1534.16
# Feasible: 1
# Solution:
Bin 0: 0 745 865 314 639 274 
Bin 1: 171 582 58 934 515 492 
Bin 2: 245 608 423 915 450 877 
Bin 3: 383 518 230 676 510 
Bin 4: 613 957 787 511 940 
Bin 5: 597 103 398 772 466 
Bin 6: 377 839 235 759 483 720 
Bin 7: 602 542 688 109 280 
Bin 8: 125 882 332 178 901 
Bin 9: 131 699 300 779 359 56 
Bin 10: 157 318 767 833 336 883 
Bin 11: 331 137 410 127 234 
Bin 12: 700 344 824 778 414 932 
Bin 13: 396 206 749 207 366 
Bin 14: 444 903 978 139 570 939 
Bin 15: 763 472 541 247 304 124 
Bin 16: 680 416 306 249 969 758 
Bin 17: 826 799 266 587 309 
Bin 18: 445 189 380 898 130 687 
Bin 19: 667 581 732 933 493 
Bin 20: 551 110 226 62 70 
Bin 21: 422 453 905 598 887 2 
Bin 22: 712 77 527 272 766 
Bin 23: 84 260 628 190 60 
Bin 24: 491 65 199 321 11 
Bin 25: 64 39 592 751 100 357 
Bin 26: 872 209 183 470 290 
Bin 27: 864 420 506 583 564 777 
Bin 28: 846 448 138 919 798 370 
Bin 29: 282 675 427 764 704 
Bin 30: 724 922 244 616 477 
Bin 31: 382 549 586 554 560 1 
Bin 32: 947 577 937 910 950 914 
Bin 33: 968 805 185 509 394 425 
Bin 34: 754 514 494 563 967 132 
Bin 35: 790 320 161 984 807 
Bin 36: 559 625 502 198 486 
Bin 37: 411 293 647 823 746 182 
Bin 38: 988 379 977 655 544 
Bin 39: 566 432 958 429 878 964 
Bin 40: 660 569 607 810 166 709 
Bin 41: 55 301 580 362 251 
Bin 42: 723 437 843 406 982 223 
Bin 43: 15 156 389 609 197 884 
Bin 44: 855 797 783 143 678 875 
Bin 45: 755 310 490 550 998 61 
Bin 46: 702 159 623 644 848 812 
Bin 47: 617 573 33 123 390 52 
Bin 48: 852 999 845 928 803 741 
Bin 49: 870 108 374 364 47 473 
Bin 50: 69 355 545 705 307 572 
Bin 51: 179 571 458 426 
Bin 52: 706 861 215 828 279 
Bin 53: 931 173 859 92 615 
Bin 54: 631 48 262 811 312 
Bin 55: 980 263 465 258 286 528 
Bin 56: 729 381 917 149 316 815 
Bin 57: 218 503 674 126 268 591 
Bin 58: 750 943 435 107 574 
Bin 59: 871 881 86 474 449 237 
Bin 60: 63 739 162 72 433 
Bin 61: 863 386 419 392 771 
Bin 62: 329 664 733 19 819 532 
Bin 63: 556 866 212 640 670 
Bin 64: 505 534 50 920 780 
Bin 65: 482 731 804 906 995 938 
Bin 66: 710 325 701 174 603 
Bin 67: 350 430 238 972 568 151 
Bin 68: 233 822 757 575 
Bin 69: 436 986 481 409 297 311 
Bin 70: 529 89 148 831 501 
Bin 71: 536 691 308 365 195 24 
Bin 72: 417 996 818 413 876 
Bin 73: 989 821 730 328 785 
Bin 74: 254 908 547 129 499 
Bin 75: 913 862 326 327 250 715 
Bin 76: 890 508 652 594 867 
Bin 77: 769 488 962 743 202 
Bin 78: 193 165 78 802 994 
Bin 79: 538 264 37 239 539 94 
Bin 80: 854 893 243 30 119 
Bin 81: 434 504 535 685 661 
Bin 82: 367 707 857 141 734 
Bin 83: 476 801 796 666 987 
Bin 84: 637 860 393 682 654 784 
Bin 85: 32 873 299 118 43 
Bin 86: 113 34 353 614 858 
Bin 87: 585 911 716 713 657 160 
Bin 88: 546 361 399 384 868 
Bin 89: 225 334 253 719 970 341 
Bin 90: 513 557 770 41 93 
Bin 91: 405 880 634 302 287 748 
Bin 92: 18 645 973 606 256 
Bin 93: 838 847 991 850 960 
Bin 94: 959 288 525 519 158 
Bin 95: 902 800 368 283 57 
Bin 96: 521 105 101 152 782 
Bin 97: 788 305 874 548 457 885 
Bin 98: 708 259 267 73 658 
Bin 99: 524 963 80 485 36 
Bin 100: 600 479 121 403 926 418 
Bin 101: 339 662 975 832 
Bin 102: 589 900 752 9 726 
Bin 103: 104 925 952 974 8 
Bin 104: 45 684 322 66 91 
Bin 105: 295 95 561 656 
Bin 106: 4 916 439 
Bin 107: 400 954 727 323 830 
Bin 108: 659 35 255 912 774 
Bin 109: 248 201 540 979 224 167 
Bin 110: 869 438 412 446 698 
Bin 111: 352 605 593 7 27 
Bin 112: 122 489 997 531 853 227 
Bin 113: 795 208 993 773 97 375 
Bin 114: 240 517 909 284 455 612 
Bin 115: 273 134 753 40 214 697 
Bin 116: 150 343 67 
Bin 117: 49 740 25 
Bin 118: 918 79 26 809 242 
Bin 119: 51 462 335 231 348 
Bin 120: 722 345 696 440 650 
Bin 121: 565 945 814 456 
Bin 122: 714 983 211 992 899 
Bin 123: 112 76 813 840 192 
Bin 124: 836 188 553 401 277 463 
Bin 125: 387 629 278 555 236 537 
Bin 126: 23 222 725 452 81 
Bin 127: 596 649 851 170 17 
Bin 128: 825 408 816 817 961 
Bin 129: 21 228 221 106 495 
Bin 130: 216 762 363 203 626 388 
Bin 131: 693 82 395 
Bin 132: 229 315 935 690 703 
Bin 133: 523 747 376 944 907 
Bin 134: 10 391 324 624 20 
Bin 135: 285 638 679 114 894 471 
Bin 136: 210 270 29 371 402 
Bin 137: 646 42 257 319 711 
Bin 138: 849 879 496 835 604 
Bin 139: 397 407 443 673 378 
Bin 140: 53 168 588 180 46 
Bin 141: 102 619 87 317 
Bin 142: 128 956 686 296 145 
Bin 143: 349 271 96 692 116 
Bin 144: 829 728 281 111 442 632 
Bin 145: 340 683 841 558 13 5 
Bin 146: 146 14 641 191 136 
Bin 147: 768 153 313 668 
Bin 148: 512 886 478 648 330 
Bin 149: 164 369 373 356 484 990 
Bin 150: 186 88 6 140 464 742 
Bin 151: 895 775 269 924 
Bin 152: 219 971 522 372 653 
Bin 153: 806 276 889 620 163 694 
Bin 154: 672 154 135 669 
Bin 155: 265 75 431 891 12 717 
Bin 156: 834 175 447 298 
Bin 157: 808 232 44 454 385 930 
Bin 158: 169 601 292 904 
Bin 159: 117 923 85 599 246 
Bin 160: 837 611 507 460 965 
Bin 161: 38 205 618 275 99 
Bin 162: 404 936 520 252 681 
Bin 163: 579 424 949 59 71 
Bin 164: 663 927 289 543 
Bin 165: 718 467 346 794 291 
Bin 166: 459 354 756 133 
Bin 167: 941 642 610 28 635 
Bin 168: 738 217 643 90 241 
Bin 169: 737 735 827 789 
Bin 170: 595 562 500 142 
Bin 171: 576 147 695 
Bin 172: 176 842 627 765 22 31 
Bin 173: 428 856 261 953 651 
Bin 174: 155 54 888 
Bin 175: 897 461 181 
Bin 176: 115 480 786 337 338 
Bin 177: 760 68 892 
Bin 178: 590 358 781 497 
Bin 179: 475 921 976 204 441 
Bin 180: 689 421 303 793 
Bin 181: 415 220 929 187 
Bin 182: 948 776 360 
Bin 183: 744 451 942 
Bin 184: 671 196 342 567 468 
Bin 185: 194 578 552 896 721 
Bin 186: 213 351 820 665 
Bin 187: 487 83 622 584 633 
Bin 188: 172 98 966 3 347 946 
Bin 189: 516 333 294 
Bin 190: 981 526 200 
Bin 191: 985 736 533 469 951 
Bin 192: 792 184 177 
Bin 193: 677 636 955 74 
Bin 194: 120 498 621 630 
Bin 195: 16 844 
Bin 196: 530 791 761 144 
