# Objective: 75
# Time: 28.8401
# Feasible: 1
# Solution:
Bin 0: 295 140 78 134 222 153 37 144 
Bin 1: 495 80 31 72 139 389 2 232 
Bin 2: 205 171 188 97 310 294 
Bin 3: 238 419 13 240 292 149 345 41 287 
Bin 4: 106 96 56 480 282 341 
Bin 5: 49 357 90 11 133 86 14 493 
Bin 6: 351 293 27 487 256 30 122 
Bin 7: 264 381 477 285 395 127 494 29 
Bin 8: 333 255 33 327 165 
Bin 9: 409 425 23 233 77 159 
Bin 10: 244 61 304 40 324 319 
Bin 11: 92 150 299 343 486 137 245 
Bin 12: 465 386 481 4 15 71 450 290 418 
Bin 13: 275 50 218 64 259 89 
Bin 14: 368 115 322 58 117 109 190 
Bin 15: 274 356 470 451 478 223 34 
Bin 16: 234 497 296 42 499 
Bin 17: 331 434 349 383 55 258 
Bin 18: 279 459 475 59 168 160 
Bin 19: 246 329 191 9 342 154 
Bin 20: 230 483 352 400 193 365 344 
Bin 21: 387 143 224 215 177 291 
Bin 22: 328 81 48 379 384 284 178 
Bin 23: 0 85 62 260 312 371 91 298 
Bin 24: 128 472 242 491 366 20 288 
Bin 25: 393 201 297 155 120 397 401 
Bin 26: 373 167 32 18 355 53 43 
Bin 27: 375 272 484 442 317 44 410 75 339 
Bin 28: 181 105 108 208 119 380 185 
Bin 29: 10 300 432 192 330 84 68 
Bin 30: 164 116 47 46 187 166 
Bin 31: 229 316 161 173 253 428 452 
Bin 32: 121 405 394 110 301 6 
Bin 33: 145 458 69 131 21 
Bin 34: 363 473 216 308 280 277 7 
Bin 35: 391 372 98 378 441 83 438 132 24 
Bin 36: 103 402 113 315 219 183 101 45 
Bin 37: 404 347 453 427 186 415 
Bin 38: 22 225 479 467 403 271 248 
Bin 39: 496 348 1 435 303 358 431 
Bin 40: 212 231 276 202 407 
Bin 41: 307 286 226 203 468 314 446 
Bin 42: 498 19 392 412 369 251 148 
Bin 43: 476 76 426 406 221 320 
Bin 44: 439 249 388 338 189 82 
Bin 45: 210 170 197 281 204 309 492 
Bin 46: 422 54 241 104 158 423 
Bin 47: 306 114 353 213 362 254 488 
Bin 48: 323 36 443 88 332 51 413 
Bin 49: 270 454 135 124 354 123 99 
Bin 50: 340 239 142 456 433 65 257 8 
Bin 51: 163 169 184 326 147 421 
Bin 52: 162 471 228 449 364 278 444 
Bin 53: 318 424 289 469 70 126 437 
Bin 54: 141 199 489 57 420 182 305 
Bin 55: 130 12 457 247 482 93 194 
Bin 56: 217 138 440 3 211 
Bin 57: 198 302 417 174 39 112 
Bin 58: 156 236 269 359 35 17 243 
Bin 59: 266 100 447 180 464 396 
Bin 60: 485 25 176 196 146 462 
Bin 61: 107 463 311 474 321 
Bin 62: 398 237 250 461 95 
Bin 63: 335 157 325 414 63 408 
Bin 64: 337 336 136 67 262 385 416 265 
Bin 65: 102 209 87 268 273 28 
Bin 66: 445 370 430 460 74 94 283 
Bin 67: 200 411 207 376 73 
Bin 68: 206 367 118 125 429 466 
Bin 69: 175 38 455 263 66 382 
Bin 70: 267 377 360 235 227 172 
Bin 71: 252 195 361 374 60 334 350 152 
Bin 72: 79 111 5 490 448 
Bin 73: 313 151 261 399 390 346 52 
Bin 74: 129 179 220 436 16 26 214 
