# Objective: 20
# Time: 3.88484
# Feasible: 1
# Solution:
Bin 0: 12 55 20 85 11 59 75 
Bin 1: 92 97 94 31 43 
Bin 2: 37 87 84 82 96 45 
Bin 3: 40 100 60 109 63 76 
Bin 4: 91 24 22 34 116 23 17 
Bin 5: 114 52 79 1 64 50 39 
Bin 6: 56 107 57 42 0 
Bin 7: 46 35 105 51 73 5 67 
Bin 8: 18 72 26 6 25 58 62 
Bin 9: 27 32 19 77 98 
Bin 10: 118 8 28 110 30 15 
Bin 11: 90 48 14 88 36 106 
Bin 12: 101 44 103 115 108 
Bin 13: 113 7 66 78 3 81 
Bin 14: 83 93 104 102 89 86 111 
Bin 15: 70 99 117 47 61 
Bin 16: 74 13 10 68 49 112 
Bin 17: 69 95 2 33 41 9 
Bin 18: 21 29 71 54 4 
Bin 19: 16 119 80 65 38 53 
