# Objective: 75
# Time: 23.7037
# Feasible: 1
# Solution:
Bin 0: 251 84 238 185 275 131 473 342 
Bin 1: 30 60 240 232 31 
Bin 2: 408 117 432 360 414 494 145 375 
Bin 3: 63 134 285 106 310 107 
Bin 4: 429 25 218 89 255 78 9 
Bin 5: 370 439 306 392 280 431 90 477 324 
Bin 6: 354 297 157 479 19 
Bin 7: 182 362 298 456 192 344 468 233 
Bin 8: 111 325 459 483 428 151 
Bin 9: 189 339 10 156 272 85 
Bin 10: 44 397 23 332 243 110 353 
Bin 11: 363 125 155 127 35 109 194 168 
Bin 12: 139 409 244 374 14 219 
Bin 13: 252 442 246 466 179 81 
Bin 14: 96 161 210 484 171 261 126 
Bin 15: 99 264 217 407 293 410 
Bin 16: 28 492 20 177 119 433 478 
Bin 17: 86 276 122 445 11 52 365 
Bin 18: 417 37 295 338 404 296 245 
Bin 19: 394 262 323 213 88 250 333 236 
Bin 20: 488 2 419 50 75 463 497 
Bin 21: 267 423 97 116 169 59 454 
Bin 22: 265 352 34 351 379 288 292 
Bin 23: 54 368 239 301 485 418 
Bin 24: 92 61 188 104 299 303 51 
Bin 25: 3 312 499 68 172 137 291 
Bin 26: 26 72 130 498 8 302 
Bin 27: 449 314 149 16 393 120 263 224 
Bin 28: 190 226 367 425 170 0 22 
Bin 29: 452 329 405 435 153 289 348 307 
Bin 30: 421 271 390 241 294 176 345 230 
Bin 31: 327 490 321 416 281 184 180 
Bin 32: 80 376 259 41 150 132 469 
Bin 33: 199 387 209 212 56 128 
Bin 34: 74 254 159 448 79 305 450 
Bin 35: 15 214 248 489 256 377 
Bin 36: 220 174 486 317 29 160 38 
Bin 37: 257 167 451 57 475 309 
Bin 38: 381 196 487 319 46 320 
Bin 39: 32 346 114 71 283 181 
Bin 40: 464 201 438 124 64 187 138 
Bin 41: 42 45 183 349 228 476 129 
Bin 42: 65 215 380 273 269 
Bin 43: 163 385 178 200 237 
Bin 44: 330 146 304 270 235 266 135 
Bin 45: 322 343 113 481 383 186 
Bin 46: 222 5 49 277 62 143 278 424 
Bin 47: 415 279 17 395 474 458 
Bin 48: 287 300 253 58 455 378 
Bin 49: 231 284 460 496 350 133 371 
Bin 50: 103 316 430 457 227 13 225 
Bin 51: 27 436 141 123 396 434 98 
Bin 52: 115 437 373 108 326 444 121 
Bin 53: 166 77 361 195 1 274 
Bin 54: 91 369 386 400 208 94 136 
Bin 55: 76 282 175 53 40 165 355 
Bin 56: 7 118 391 221 152 465 100 
Bin 57: 234 47 364 470 102 315 
Bin 58: 260 12 447 318 55 142 
Bin 59: 472 357 491 334 290 411 247 
Bin 60: 21 93 83 331 453 191 286 
Bin 61: 206 204 70 242 198 399 
Bin 62: 105 358 335 158 471 144 427 
Bin 63: 441 268 359 4 388 205 87 
Bin 64: 398 258 211 356 173 216 401 
Bin 65: 347 140 461 337 147 207 
Bin 66: 162 426 420 384 112 66 
Bin 67: 403 467 101 193 36 18 412 
Bin 68: 69 482 440 24 495 308 
Bin 69: 311 462 203 39 382 
Bin 70: 328 402 372 73 229 249 336 366 406 
Bin 71: 202 493 340 480 48 6 
Bin 72: 313 154 389 43 413 341 
Bin 73: 148 446 422 223 197 
Bin 74: 67 443 95 33 82 164 
