# Objective: 185
# Time: 332.537
# Feasible: 1
# Solution:
Bin 0: 830 845 808 667 960 784 
Bin 1: 464 771 411 376 16 
Bin 2: 673 739 76 207 815 448 
Bin 3: 811 544 247 837 244 
Bin 4: 817 265 959 449 982 
Bin 5: 402 353 69 329 796 765 
Bin 6: 689 232 272 83 525 308 
Bin 7: 577 618 305 831 962 956 
Bin 8: 669 122 759 385 938 499 388 
Bin 9: 573 584 640 937 648 
Bin 10: 121 99 810 314 101 
Bin 11: 968 48 215 916 465 836 
Bin 12: 90 743 3 619 490 
Bin 13: 611 693 884 463 368 751 
Bin 14: 298 644 546 681 13 
Bin 15: 875 970 177 660 642 
Bin 16: 843 351 155 662 178 
Bin 17: 260 173 89 593 887 
Bin 18: 270 948 268 905 462 
Bin 19: 156 277 564 533 911 
Bin 20: 834 974 758 350 470 855 
Bin 21: 555 498 228 138 183 
Bin 22: 624 872 592 235 813 
Bin 23: 32 211 529 8 467 
Bin 24: 818 610 259 766 85 885 
Bin 25: 291 668 550 123 677 210 
Bin 26: 599 96 111 296 863 
Bin 27: 454 647 400 710 537 
Bin 28: 524 12 638 597 800 659 
Bin 29: 802 41 84 108 566 
Bin 30: 128 309 705 798 983 485 
Bin 31: 986 643 868 436 74 
Bin 32: 431 888 871 820 38 
Bin 33: 203 281 842 17 819 
Bin 34: 22 503 300 0 168 679 
Bin 35: 453 561 641 194 267 
Bin 36: 749 283 979 990 481 447 
Bin 37: 661 254 176 18 915 696 
Bin 38: 139 77 117 437 547 286 
Bin 39: 153 799 491 876 944 318 
Bin 40: 333 295 390 985 731 676 511 
Bin 41: 975 740 862 683 297 359 
Bin 42: 310 331 451 302 355 159 
Bin 43: 393 100 695 94 378 
Bin 44: 307 976 47 315 442 261 
Bin 45: 367 10 263 939 415 
Bin 46: 630 87 432 401 430 
Bin 47: 651 881 735 776 51 
Bin 48: 196 361 917 582 4 
Bin 49: 222 34 714 161 416 
Bin 50: 82 482 224 707 854 512 
Bin 51: 993 857 472 6 387 
Bin 52: 383 886 527 873 446 987 
Bin 53: 846 951 324 744 981 
Bin 54: 833 7 953 412 483 
Bin 55: 734 236 394 37 828 332 563 
Bin 56: 326 532 682 658 928 72 
Bin 57: 907 182 852 988 996 396 605 
Bin 58: 847 328 684 14 53 
Bin 59: 419 989 252 142 901 495 
Bin 60: 699 185 903 489 248 
Bin 61: 73 585 64 671 730 2 
Bin 62: 516 500 748 219 478 
Bin 63: 551 471 570 221 
Bin 64: 238 623 883 722 175 
Bin 65: 30 548 626 
Bin 66: 56 358 848 637 950 
Bin 67: 704 382 543 646 9 
Bin 68: 941 242 754 360 797 
Bin 69: 208 675 413 204 521 418 
Bin 70: 502 839 50 172 501 
Bin 71: 967 565 484 386 256 
Bin 72: 878 869 909 62 972 612 
Bin 73: 922 422 655 536 55 171 276 
Bin 74: 787 957 721 694 
Bin 75: 685 607 945 849 125 
Bin 76: 33 706 198 686 794 
Bin 77: 273 441 891 469 354 
Bin 78: 864 926 379 663 997 581 
Bin 79: 949 650 184 737 635 692 
Bin 80: 303 541 977 596 
Bin 81: 20 102 474 409 860 424 
Bin 82: 723 778 417 703 
Bin 83: 330 152 844 688 421 806 
Bin 84: 306 169 634 572 
Bin 85: 398 877 371 571 657 918 
Bin 86: 405 602 410 149 115 
Bin 87: 262 645 580 899 
Bin 88: 729 457 908 107 282 
Bin 89: 965 5 814 999 110 741 
Bin 90: 763 557 716 160 750 342 
Bin 91: 931 929 742 377 269 
Bin 92: 340 980 523 933 365 
Bin 93: 589 43 106 701 745 971 
Bin 94: 601 357 403 36 732 
Bin 95: 736 858 479 804 882 
Bin 96: 190 201 779 389 154 458 
Bin 97: 114 369 513 216 109 116 
Bin 98: 127 95 522 791 653 
Bin 99: 145 753 392 374 25 
Bin 100: 652 356 120 375 158 780 
Bin 101: 320 191 31 767 639 
Bin 102: 218 874 223 11 336 
Bin 103: 587 285 42 724 459 708 
Bin 104: 364 97 781 28 439 
Bin 105: 940 654 104 698 558 
Bin 106: 900 870 65 586 426 545 
Bin 107: 35 773 206 193 131 105 
Bin 108: 466 406 514 615 894 738 
Bin 109: 258 851 240 690 473 
Bin 110: 27 29 343 284 539 
Bin 111: 790 1 246 88 897 
Bin 112: 789 595 345 506 456 
Bin 113: 720 930 427 958 932 362 625 
Bin 114: 697 925 132 702 129 81 
Bin 115: 670 118 195 213 255 
Bin 116: 554 414 621 963 26 275 678 
Bin 117: 348 311 68 452 15 910 
Bin 118: 943 574 79 505 477 856 649 
Bin 119: 165 40 179 552 45 19 
Bin 120: 761 317 859 497 66 488 
Bin 121: 212 250 715 313 180 
Bin 122: 633 124 92 783 517 853 
Bin 123: 559 896 691 339 91 786 
Bin 124: 622 144 822 991 103 372 
Bin 125: 617 404 323 560 709 725 
Bin 126: 760 23 631 752 700 
Bin 127: 293 135 167 526 325 
Bin 128: 608 826 189 134 170 304 
Bin 129: 174 399 727 425 718 805 
Bin 130: 892 578 274 205 898 217 
Bin 131: 893 913 575 666 266 54 
Bin 132: 534 504 373 337 
Bin 133: 460 726 380 590 133 
Bin 134: 674 253 924 80 775 509 148 
Bin 135: 528 934 237 192 927 435 
Bin 136: 493 733 788 322 334 978 
Bin 137: 229 327 287 520 49 52 
Bin 138: 542 443 366 231 768 816 
Bin 139: 866 672 785 225 588 112 407 
Bin 140: 964 220 494 349 245 147 
Bin 141: 151 825 954 288 113 747 
Bin 142: 70 620 78 540 889 
Bin 143: 510 199 562 613 538 352 202 
Bin 144: 187 515 476 840 824 
Bin 145: 890 809 93 321 680 
Bin 146: 795 567 57 136 197 803 290 
Bin 147: 461 292 519 141 186 
Bin 148: 59 384 942 904 434 
Bin 149: 243 616 861 381 445 251 
Bin 150: 636 774 600 556 712 
Bin 151: 21 227 530 880 455 
Bin 152: 609 994 71 912 341 
Bin 153: 969 319 895 395 
Bin 154: 146 60 835 209 867 150 
Bin 155: 363 770 63 838 214 757 
Bin 156: 233 583 549 921 946 487 
Bin 157: 370 782 823 579 
Bin 158: 603 166 568 507 
Bin 159: 961 433 58 46 316 280 594 
Bin 160: 486 966 39 271 879 126 
Bin 161: 492 591 628 408 181 995 
Bin 162: 86 606 902 719 428 162 
Bin 163: 163 841 344 812 769 850 
Bin 164: 998 278 576 239 226 420 
Bin 165: 264 423 24 438 665 
Bin 166: 984 188 234 935 335 632 
Bin 167: 289 947 920 923 973 312 
Bin 168: 535 508 444 756 241 
Bin 169: 450 627 728 346 
Bin 170: 143 829 429 468 
Bin 171: 664 746 955 531 
Bin 172: 687 157 230 992 164 
Bin 173: 347 397 140 299 821 
Bin 174: 137 279 919 614 952 
Bin 175: 98 792 598 801 
Bin 176: 906 518 294 301 391 865 
Bin 177: 338 832 717 44 793 
Bin 178: 711 130 440 764 249 713 
Bin 179: 61 629 762 807 
Bin 180: 496 475 827 480 
Bin 181: 75 656 777 569 
Bin 182: 755 553 67 914 
Bin 183: 119 772 200 
Bin 184: 604 257 936 
