# Objective: 194
# Time: 2575.95
# Feasible: 1
# Solution:
Bin 0: 948 161 236 564 792 513 
Bin 1: 804 472 185 972 367 681 
Bin 2: 473 719 520 742 115 243 
Bin 3: 502 246 100 49 456 457 
Bin 4: 518 170 279 849 843 
Bin 5: 675 758 873 58 734 372 
Bin 6: 795 141 756 358 863 509 
Bin 7: 658 440 836 70 872 
Bin 8: 540 806 482 665 
Bin 9: 527 826 824 492 
Bin 10: 119 664 551 281 834 
Bin 11: 412 614 825 233 692 235 
Bin 12: 394 270 405 193 545 580 
Bin 13: 28 332 828 466 594 
Bin 14: 624 26 62 530 244 192 
Bin 15: 162 762 461 788 99 488 
Bin 16: 745 336 5 173 989 
Bin 17: 93 563 57 337 258 
Bin 18: 770 219 489 691 851 668 
Bin 19: 191 961 711 245 780 
Bin 20: 706 284 348 479 613 453 
Bin 21: 143 54 410 422 474 801 
Bin 22: 24 12 29 144 779 538 
Bin 23: 229 44 531 200 589 402 
Bin 24: 312 108 209 732 65 
Bin 25: 835 635 721 429 757 
Bin 26: 273 831 263 570 676 
Bin 27: 334 75 670 31 713 
Bin 28: 460 722 736 228 639 
Bin 29: 251 419 568 618 268 
Bin 30: 884 38 34 728 945 159 
Bin 31: 215 677 514 787 323 33 
Bin 32: 669 423 63 434 953 552 
Bin 33: 202 810 256 490 505 351 
Bin 34: 749 15 940 917 964 
Bin 35: 433 196 845 356 73 
Bin 36: 139 138 631 867 533 
Bin 37: 774 508 998 904 617 673 
Bin 38: 521 148 760 727 591 919 
Bin 39: 574 740 971 862 359 52 
Bin 40: 926 878 203 59 307 
Bin 41: 354 674 458 535 113 
Bin 42: 587 790 585 88 168 
Bin 43: 343 947 572 140 934 
Bin 44: 799 381 812 181 152 888 
Bin 45: 830 97 680 249 446 298 
Bin 46: 690 881 506 894 109 
Bin 47: 819 39 265 43 827 
Bin 48: 212 507 303 117 171 829 
Bin 49: 569 315 877 870 20 272 
Bin 50: 136 871 86 943 459 
Bin 51: 950 384 156 260 909 72 
Bin 52: 895 302 968 847 
Bin 53: 408 963 906 253 347 
Bin 54: 776 694 287 952 231 
Bin 55: 418 392 379 449 890 
Bin 56: 997 366 988 386 
Bin 57: 172 46 275 697 638 
Bin 58: 887 768 481 976 752 
Bin 59: 223 247 710 391 910 598 
Bin 60: 261 414 496 651 955 308 
Bin 61: 800 838 678 730 661 352 
Bin 62: 856 875 18 83 811 390 
Bin 63: 986 628 612 653 889 
Bin 64: 544 89 695 53 879 
Bin 65: 3 549 463 655 797 283 114 
Bin 66: 475 984 92 941 560 
Bin 67: 387 105 353 737 151 
Bin 68: 869 198 227 905 667 660 
Bin 69: 626 519 590 959 642 702 137 
Bin 70: 494 597 820 536 644 
Bin 71: 125 373 975 882 735 566 
Bin 72: 241 427 645 420 
Bin 73: 201 600 338 921 604 
Bin 74: 761 793 368 922 844 
Bin 75: 330 571 994 588 221 822 
Bin 76: 145 470 94 342 773 
Bin 77: 157 129 579 112 106 
Bin 78: 652 744 543 431 659 0 
Bin 79: 532 584 21 90 182 703 
Bin 80: 190 897 915 485 562 679 
Bin 81: 299 199 60 900 582 605 
Bin 82: 630 833 91 491 78 982 
Bin 83: 516 293 743 556 16 42 
Bin 84: 269 74 656 436 428 733 
Bin 85: 783 401 981 500 684 286 
Bin 86: 927 557 469 738 751 
Bin 87: 314 693 855 946 295 
Bin 88: 832 483 705 264 958 
Bin 89: 916 41 539 717 79 
Bin 90: 622 991 344 925 603 
Bin 91: 515 441 8 346 1 
Bin 92: 883 153 7 397 912 611 
Bin 93: 385 51 933 839 724 
Bin 94: 854 818 627 131 124 218 
Bin 95: 935 220 64 280 448 222 
Bin 96: 317 205 259 629 739 
Bin 97: 748 409 937 300 662 
Bin 98: 178 688 289 120 104 583 
Bin 99: 816 954 990 450 25 
Bin 100: 76 425 575 169 701 
Bin 101: 237 944 864 891 
Bin 102: 930 321 102 903 267 116 
Bin 103: 898 224 689 672 495 
Bin 104: 403 166 931 939 620 
Bin 105: 892 11 304 528 180 
Bin 106: 183 595 593 45 398 
Bin 107: 965 914 365 339 
Bin 108: 850 970 753 319 599 911 
Bin 109: 765 747 951 777 550 769 
Bin 110: 625 932 771 111 842 301 
Bin 111: 407 592 309 310 796 
Bin 112: 4 715 561 803 
Bin 113: 846 175 204 606 860 
Bin 114: 187 465 274 335 821 977 
Bin 115: 67 632 987 311 480 
Bin 116: 163 517 313 782 814 979 
Bin 117: 388 349 785 666 262 
Bin 118: 537 731 282 616 899 
Bin 119: 341 364 636 978 174 
Bin 120: 374 130 707 126 413 
Bin 121: 522 807 27 297 213 
Bin 122: 902 980 956 901 30 
Bin 123: 477 294 254 974 400 329 
Bin 124: 123 150 808 992 395 
Bin 125: 712 306 127 464 103 
Bin 126: 840 439 649 985 380 
Bin 127: 2 893 641 633 786 
Bin 128: 767 700 493 230 452 
Bin 129: 698 164 852 290 382 
Bin 130: 378 983 277 325 865 
Bin 131: 586 778 936 55 558 197 
Bin 132: 357 214 654 501 
Bin 133: 430 240 248 920 443 
Bin 134: 467 885 478 896 149 81 
Bin 135: 995 421 823 6 292 623 
Bin 136: 128 266 14 71 
Bin 137: 798 217 257 837 
Bin 138: 271 232 226 404 
Bin 139: 729 322 866 741 36 648 
Bin 140: 324 923 177 876 524 
Bin 141: 960 525 512 725 107 
Bin 142: 451 278 35 868 498 
Bin 143: 553 805 98 211 602 
Bin 144: 607 640 363 
Bin 145: 609 802 973 578 362 
Bin 146: 87 813 176 534 345 
Bin 147: 957 682 462 949 438 
Bin 148: 147 95 755 416 637 
Bin 149: 23 333 239 216 913 
Bin 150: 13 565 687 548 
Bin 151: 296 195 225 155 542 
Bin 152: 874 686 370 
Bin 153: 142 369 242 22 573 
Bin 154: 791 444 962 
Bin 155: 179 285 526 784 415 
Bin 156: 167 699 486 708 
Bin 157: 10 160 886 794 327 
Bin 158: 789 547 487 577 360 
Bin 159: 924 50 208 559 437 
Bin 160: 714 188 318 647 
Bin 161: 9 861 331 84 554 
Bin 162: 529 759 880 510 
Bin 163: 305 671 133 750 
Bin 164: 555 377 121 853 393 
Bin 165: 608 326 610 967 
Bin 166: 657 746 754 523 704 276 
Bin 167: 993 716 468 375 841 
Bin 168: 350 234 601 396 316 
Bin 169: 186 445 68 96 389 
Bin 170: 406 355 454 857 132 
Bin 171: 615 815 82 47 134 763 
Bin 172: 907 238 581 634 576 
Bin 173: 361 122 371 69 411 
Bin 174: 118 511 718 328 80 
Bin 175: 650 206 848 455 766 
Bin 176: 476 61 499 497 250 
Bin 177: 817 424 643 720 320 
Bin 178: 158 85 417 291 383 
Bin 179: 781 764 37 504 
Bin 180: 859 726 435 503 484 56 
Bin 181: 101 809 
Bin 182: 146 48 
Bin 183: 189 17 165 996 969 
Bin 184: 110 775 40 154 
Bin 185: 646 619 442 999 
Bin 186: 32 928 66 376 426 
Bin 187: 546 471 19 918 184 
Bin 188: 683 135 709 541 77 663 
Bin 189: 194 621 447 596 942 858 
Bin 190: 908 432 938 288 
Bin 191: 929 340 399 255 
Bin 192: 252 966 685 207 
Bin 193: 723 696 210 772 567 
