# Objective: 152
# Time: 217.974
# Feasible: 1
# Solution:
Bin 0: 138 851 457 872 67 
Bin 1: 787 570 699 921 654 119 
Bin 2: 774 127 153 612 712 17 
Bin 3: 918 762 719 154 210 179 
Bin 4: 603 673 238 223 512 729 790 733 395 
Bin 5: 600 324 982 785 206 684 
Bin 6: 198 649 507 886 282 577 648 
Bin 7: 605 720 469 295 428 653 
Bin 8: 778 804 351 675 855 311 744 
Bin 9: 12 609 370 520 541 481 
Bin 10: 950 343 910 4 905 811 830 
Bin 11: 826 704 576 342 895 462 483 
Bin 12: 757 896 197 167 25 756 
Bin 13: 358 434 703 84 959 132 929 48 
Bin 14: 972 945 227 499 884 478 677 
Bin 15: 380 702 670 516 680 
Bin 16: 97 224 505 791 511 136 581 
Bin 17: 377 538 60 665 501 844 852 
Bin 18: 151 742 642 979 118 565 376 
Bin 19: 467 608 52 544 373 493 
Bin 20: 68 320 142 109 51 199 90 883 
Bin 21: 532 543 289 425 931 265 
Bin 22: 186 515 697 211 890 552 
Bin 23: 101 385 784 114 37 
Bin 24: 293 630 971 666 327 146 579 797 
Bin 25: 2 927 705 545 894 169 
Bin 26: 189 208 829 614 387 
Bin 27: 882 661 234 833 957 0 
Bin 28: 312 980 379 350 6 
Bin 29: 485 763 336 57 43 268 192 
Bin 30: 602 171 821 248 817 47 
Bin 31: 589 344 549 310 514 764 868 262 
Bin 32: 250 727 984 610 949 172 473 174 
Bin 33: 378 490 692 986 475 960 263 303 
Bin 34: 63 111 738 120 117 880 299 
Bin 35: 277 496 18 914 383 139 
Bin 36: 615 148 832 126 81 956 337 
Bin 37: 510 919 66 103 100 846 
Bin 38: 176 874 364 758 936 502 554 781 878 
Bin 39: 257 242 471 29 669 
Bin 40: 889 582 386 98 937 963 898 
Bin 41: 637 302 662 266 294 801 
Bin 42: 863 405 627 947 368 845 
Bin 43: 332 36 225 771 842 616 996 
Bin 44: 671 920 689 504 574 31 
Bin 45: 964 50 13 795 196 352 597 725 
Bin 46: 531 710 137 523 249 780 
Bin 47: 280 553 230 861 346 5 27 166 522 
Bin 48: 915 721 548 488 907 374 559 
Bin 49: 408 215 484 436 573 601 
Bin 50: 624 193 766 32 965 23 
Bin 51: 465 870 723 20 285 951 583 
Bin 52: 550 676 792 243 479 24 75 
Bin 53: 123 442 175 578 722 91 
Bin 54: 360 284 714 173 679 158 754 
Bin 55: 318 28 604 828 827 185 862 
Bin 56: 748 402 399 281 508 834 
Bin 57: 338 567 629 935 620 850 
Bin 58: 822 708 413 168 96 19 
Bin 59: 108 381 458 330 272 116 760 
Bin 60: 860 978 955 409 767 903 
Bin 61: 881 188 235 314 177 932 372 
Bin 62: 255 495 419 613 334 745 
Bin 63: 584 454 440 86 209 528 
Bin 64: 304 85 130 823 435 460 441 
Bin 65: 133 732 672 70 591 967 
Bin 66: 87 393 685 561 69 1 92 655 
Bin 67: 180 195 121 217 901 345 793 8 
Bin 68: 709 39 909 259 82 164 859 15 
Bin 69: 749 331 391 941 930 
Bin 70: 335 943 477 707 734 933 506 
Bin 71: 595 788 183 599 902 641 
Bin 72: 414 305 278 251 287 448 
Bin 73: 459 540 106 26 194 966 
Bin 74: 958 301 159 747 639 45 580 
Bin 75: 487 407 202 652 715 447 267 976 
Bin 76: 49 77 403 489 913 220 805 
Bin 77: 813 782 40 348 445 985 740 
Bin 78: 987 940 107 423 606 769 698 
Bin 79: 990 562 261 222 113 200 300 
Bin 80: 539 417 876 899 11 592 
Bin 81: 838 640 382 659 768 83 58 
Bin 82: 420 95 857 71 233 623 
Bin 83: 593 524 184 143 668 416 170 
Bin 84: 449 191 995 486 355 371 
Bin 85: 999 856 843 59 468 
Bin 86: 212 340 140 664 307 824 298 397 
Bin 87: 388 575 476 900 236 925 867 
Bin 88: 948 406 38 145 46 596 864 716 
Bin 89: 946 513 911 269 962 55 
Bin 90: 156 789 799 472 772 983 
Bin 91: 683 264 607 954 737 451 
Bin 92: 897 869 470 274 292 455 
Bin 93: 492 650 663 62 246 690 
Bin 94: 424 557 498 155 518 
Bin 95: 363 341 519 125 998 759 922 
Bin 96: 254 819 64 228 88 635 231 375 
Bin 97: 644 161 339 571 42 892 
Bin 98: 969 322 875 753 840 150 724 831 
Bin 99: 906 500 438 866 443 115 533 325 
Bin 100: 178 794 904 41 786 270 
Bin 101: 35 201 22 252 934 865 326 
Bin 102: 942 279 144 349 974 474 718 
Bin 103: 750 160 879 321 992 815 99 
Bin 104: 928 706 542 917 798 926 369 205 
Bin 105: 835 309 14 993 556 
Bin 106: 568 674 367 247 439 129 283 
Bin 107: 16 182 810 244 134 240 
Bin 108: 728 432 207 636 422 975 566 93 
Bin 109: 260 237 908 751 316 357 
Bin 110: 273 693 433 888 820 54 
Bin 111: 973 537 204 739 736 836 
Bin 112: 569 73 682 816 415 286 656 
Bin 113: 232 410 938 431 773 730 
Bin 114: 112 779 509 456 389 276 229 
Bin 115: 216 517 981 398 923 147 102 
Bin 116: 853 632 848 564 594 547 713 
Bin 117: 480 631 638 10 849 681 362 
Bin 118: 572 626 503 765 7 219 396 598 
Bin 119: 56 628 770 141 450 588 
Bin 120: 390 667 991 290 319 953 
Bin 121: 968 854 916 359 79 271 497 
Bin 122: 203 944 453 587 726 308 131 163 
Bin 123: 812 521 752 491 296 
Bin 124: 306 333 226 761 446 691 
Bin 125: 858 241 149 622 317 961 122 
Bin 126: 128 700 104 590 421 873 701 
Bin 127: 482 366 802 353 634 253 
Bin 128: 814 871 3 65 463 651 
Bin 129: 546 76 660 365 924 221 
Bin 130: 687 313 800 30 80 977 555 190 
Bin 131: 837 401 841 412 621 560 404 
Bin 132: 105 887 72 218 297 
Bin 133: 34 78 124 258 743 633 808 
Bin 134: 695 803 618 187 530 430 694 
Bin 135: 658 135 452 392 891 994 776 696 
Bin 136: 711 741 152 361 885 213 617 735 245 
Bin 137: 643 239 323 494 291 
Bin 138: 89 329 214 354 551 
Bin 139: 775 356 534 847 9 806 717 
Bin 140: 877 912 527 418 647 21 
Bin 141: 437 746 162 466 646 625 
Bin 142: 585 809 384 33 110 
Bin 143: 429 657 818 645 807 275 525 
Bin 144: 328 444 688 288 678 
Bin 145: 61 970 394 755 558 825 526 
Bin 146: 529 411 563 94 535 
Bin 147: 611 893 74 347 952 988 157 
Bin 148: 461 686 464 619 165 426 256 
Bin 149: 53 536 44 796 315 427 
Bin 150: 989 181 783 586 997 
Bin 151: 731 777 939 400 839 
