# Objective: 98
# Time: 69.9417
# Feasible: 1
# Solution:
Bin 0: 170 133 320 43 416 
Bin 1: 256 384 282 45 291 432 
Bin 2: 176 228 68 13 357 
Bin 3: 295 376 102 323 401 367 
Bin 4: 463 474 24 188 108 
Bin 5: 46 87 307 388 
Bin 6: 373 179 438 318 79 
Bin 7: 204 192 478 464 265 
Bin 8: 17 484 175 274 
Bin 9: 286 94 156 187 
Bin 10: 377 147 33 233 480 
Bin 11: 139 483 266 370 152 
Bin 12: 412 296 59 423 275 189 213 
Bin 13: 437 215 260 404 50 
Bin 14: 306 103 375 209 95 326 
Bin 15: 332 18 76 339 496 317 
Bin 16: 374 22 26 162 329 96 
Bin 17: 93 311 141 165 
Bin 18: 392 172 284 202 85 
Bin 19: 69 221 397 200 164 
Bin 20: 434 336 410 132 
Bin 21: 402 137 34 302 217 241 
Bin 22: 262 224 70 61 
Bin 23: 439 342 353 258 238 
Bin 24: 145 278 398 267 334 328 
Bin 25: 118 289 1 124 226 128 
Bin 26: 413 325 182 62 236 309 
Bin 27: 148 333 461 113 244 
Bin 28: 92 294 144 23 451 
Bin 29: 8 492 66 220 472 
Bin 30: 455 6 30 427 403 
Bin 31: 365 199 356 184 134 
Bin 32: 270 208 292 456 230 
Bin 33: 264 379 399 186 81 232 
Bin 34: 36 119 395 104 25 10 
Bin 35: 479 255 171 389 55 
Bin 36: 218 111 253 38 80 
Bin 37: 425 52 205 407 
Bin 38: 135 15 180 385 143 
Bin 39: 280 73 206 168 408 460 
Bin 40: 91 142 249 448 
Bin 41: 330 310 234 355 462 297 
Bin 42: 185 21 120 229 378 
Bin 43: 499 9 322 476 454 154 
Bin 44: 473 5 235 3 223 
Bin 45: 157 71 435 237 
Bin 46: 138 487 56 419 
Bin 47: 360 207 428 11 78 83 
Bin 48: 211 116 394 149 459 
Bin 49: 358 421 350 283 314 
Bin 50: 442 470 380 163 
Bin 51: 422 65 14 194 
Bin 52: 400 390 140 219 
Bin 53: 409 344 497 446 
Bin 54: 58 99 327 440 489 
Bin 55: 155 169 126 345 82 
Bin 56: 28 19 268 109 436 453 
Bin 57: 305 387 90 366 37 216 
Bin 58: 153 242 127 364 287 
Bin 59: 485 31 101 40 386 
Bin 60: 391 72 114 44 240 
Bin 61: 231 29 301 259 300 281 
Bin 62: 84 343 279 491 269 
Bin 63: 39 433 183 351 177 191 
Bin 64: 47 406 136 35 12 
Bin 65: 122 110 411 447 273 
Bin 66: 98 112 414 27 246 
Bin 67: 299 415 60 371 251 315 
Bin 68: 214 254 248 131 198 105 
Bin 69: 321 396 53 363 
Bin 70: 312 210 382 348 41 20 
Bin 71: 290 4 359 490 151 450 
Bin 72: 444 227 129 369 160 
Bin 73: 298 195 261 130 225 
Bin 74: 63 449 308 54 362 
Bin 75: 372 88 239 452 117 
Bin 76: 481 257 368 331 418 424 
Bin 77: 74 341 67 405 146 166 
Bin 78: 335 288 361 158 466 319 
Bin 79: 495 431 193 201 488 
Bin 80: 271 393 349 426 247 16 
Bin 81: 352 222 340 346 203 
Bin 82: 115 477 42 458 429 
Bin 83: 77 272 469 181 150 243 
Bin 84: 467 100 121 381 125 
Bin 85: 190 443 167 64 
Bin 86: 32 107 159 285 465 
Bin 87: 174 196 97 51 482 498 
Bin 88: 75 304 417 337 338 
Bin 89: 475 316 263 245 
Bin 90: 49 197 441 86 383 
Bin 91: 2 293 250 313 494 
Bin 92: 303 173 178 57 347 
Bin 93: 445 0 212 468 354 
Bin 94: 161 7 471 457 
Bin 95: 277 486 89 
Bin 96: 324 252 276 48 420 123 
Bin 97: 106 430 493 
