# Objective: 21
# Time: 6.59476
# Feasible: 1
# Solution:
Bin 0: 53 5 61 57 89 14 99 
Bin 1: 60 21 23 109 41 96 
Bin 2: 70 71 97 43 85 17 
Bin 3: 90 2 36 4 78 39 
Bin 4: 98 8 113 59 20 88 
Bin 5: 32 81 64 95 79 31 
Bin 6: 103 1 102 94 77 86 
Bin 7: 92 29 58 62 101 25 
Bin 8: 48 27 116 52 34 51 
Bin 9: 107 73 42 0 118 3 
Bin 10: 37 82 111 18 105 91 
Bin 11: 93 33 75 11 22 9 
Bin 12: 35 119 108 56 55 
Bin 13: 38 74 117 66 30 45 106 
Bin 14: 72 67 80 15 26 
Bin 15: 63 65 10 46 47 40 
Bin 16: 87 84 16 24 83 
Bin 17: 100 19 112 28 114 12 
Bin 18: 76 115 44 6 68 50 
Bin 19: 104 7 110 49 
Bin 20: 69 54 13 
