# Objective: 20
# Time: 3.04196
# Feasible: 1
# Solution:
Bin 0: 36 24 69 10 80 84 
Bin 1: 56 94 89 73 7 111 
Bin 2: 52 64 38 41 26 83 
Bin 3: 99 68 118 23 61 108 55 
Bin 4: 97 117 109 45 78 14 29 
Bin 5: 57 119 46 81 5 90 91 
Bin 6: 8 15 1 98 60 96 
Bin 7: 11 4 25 93 6 
Bin 8: 27 74 114 87 49 
Bin 9: 82 39 95 50 116 3 28 
Bin 10: 72 71 20 112 79 2 86 
Bin 11: 110 53 33 76 19 113 
Bin 12: 67 13 100 85 105 101 65 
Bin 13: 107 106 77 58 75 22 
Bin 14: 12 44 17 42 43 59 
Bin 15: 31 9 18 104 30 21 
Bin 16: 54 47 16 0 51 70 
Bin 17: 32 35 92 88 40 
Bin 18: 48 103 66 34 102 115 
Bin 19: 37 63 62 
