# Objective: 152
# Time: 287.122
# Feasible: 1
# Solution:
Bin 0: 628 83 157 863 747 399 279 810 259 
Bin 1: 649 696 251 315 537 614 95 57 
Bin 2: 460 324 182 727 890 111 208 147 
Bin 3: 778 806 434 276 372 865 336 404 
Bin 4: 472 731 616 829 440 871 223 
Bin 5: 112 96 430 231 347 288 267 
Bin 6: 352 462 506 70 977 466 
Bin 7: 386 406 105 907 538 103 879 791 
Bin 8: 177 200 946 583 313 650 921 
Bin 9: 629 148 836 926 992 210 520 
Bin 10: 402 97 306 292 426 366 86 
Bin 11: 860 501 64 400 551 896 
Bin 12: 8 10 356 9 523 257 467 
Bin 13: 106 830 459 984 38 479 945 475 
Bin 14: 744 412 474 539 403 167 304 
Bin 15: 911 544 719 193 456 209 245 662 966 
Bin 16: 876 824 388 185 642 606 947 
Bin 17: 677 7 811 956 585 604 
Bin 18: 949 21 713 526 244 
Bin 19: 367 894 305 746 675 
Bin 20: 66 369 12 704 960 952 
Bin 21: 464 387 723 941 570 
Bin 22: 146 268 227 586 638 625 547 
Bin 23: 703 214 568 329 963 972 
Bin 24: 291 129 898 897 928 997 
Bin 25: 199 841 180 874 253 0 
Bin 26: 707 23 236 435 648 225 
Bin 27: 745 25 652 17 553 846 
Bin 28: 143 683 668 711 116 28 100 
Bin 29: 92 702 732 588 762 587 
Bin 30: 882 447 511 314 709 589 785 
Bin 31: 851 186 834 888 196 127 
Bin 32: 576 368 618 310 139 986 
Bin 33: 838 283 151 90 617 115 183 442 
Bin 34: 508 422 782 154 990 
Bin 35: 708 845 405 784 515 800 138 
Bin 36: 469 5 429 795 789 674 206 
Bin 37: 219 203 939 579 302 849 443 
Bin 38: 541 729 816 301 864 807 
Bin 39: 569 932 786 487 374 173 218 
Bin 40: 767 756 190 854 48 123 
Bin 41: 2 384 957 831 264 637 394 24 772 
Bin 42: 973 937 877 615 805 237 126 754 
Bin 43: 145 768 521 165 971 33 6 20 
Bin 44: 722 188 883 998 82 820 654 
Bin 45: 395 465 976 994 866 436 
Bin 46: 418 825 552 982 234 760 
Bin 47: 748 448 853 535 309 432 360 243 
Bin 48: 81 730 657 396 495 93 477 256 
Bin 49: 813 26 46 61 414 993 726 909 
Bin 50: 513 122 500 346 505 859 
Bin 51: 13 132 497 471 228 927 423 
Bin 52: 172 156 801 938 962 416 
Bin 53: 59 818 839 635 409 421 
Bin 54: 44 489 339 958 899 634 
Bin 55: 672 322 574 600 348 
Bin 56: 687 262 3 391 485 923 494 597 463 
Bin 57: 393 761 250 530 166 799 
Bin 58: 738 71 31 355 248 323 658 
Bin 59: 774 564 58 970 484 931 880 
Bin 60: 35 556 316 705 29 303 473 
Bin 61: 480 293 562 159 517 298 904 
Bin 62: 773 457 770 220 519 502 349 
Bin 63: 758 246 114 592 450 561 325 
Bin 64: 47 350 978 407 610 524 327 
Bin 65: 63 271 476 130 872 
Bin 66: 669 446 452 516 30 
Bin 67: 548 345 341 490 630 699 
Bin 68: 297 437 483 121 651 743 995 
Bin 69: 948 832 69 226 299 991 
Bin 70: 645 529 424 254 354 53 
Bin 71: 682 379 558 571 433 
Bin 72: 104 633 563 168 74 137 
Bin 73: 178 34 721 224 478 822 835 
Bin 74: 39 665 514 787 536 769 308 
Bin 75: 488 908 458 967 445 140 647 359 
Bin 76: 370 431 914 757 815 266 961 
Bin 77: 427 331 498 965 695 364 
Bin 78: 601 728 52 735 666 449 545 
Bin 79: 700 607 128 326 362 155 
Bin 80: 76 624 40 351 999 626 451 
Bin 81: 577 663 179 176 775 221 975 
Bin 82: 690 922 357 765 94 286 
Bin 83: 281 169 312 142 55 
Bin 84: 959 542 819 319 828 840 889 365 
Bin 85: 685 107 290 808 389 415 
Bin 86: 884 68 935 924 192 916 955 
Bin 87: 273 62 912 917 87 454 
Bin 88: 905 108 755 413 803 678 
Bin 89: 534 85 408 161 120 
Bin 90: 684 419 559 603 636 141 
Bin 91: 113 381 676 887 790 191 900 
Bin 92: 554 847 694 187 213 150 
Bin 93: 620 627 11 89 318 749 527 
Bin 94: 893 969 691 65 698 75 
Bin 95: 920 390 653 56 525 680 641 771 
Bin 96: 797 510 79 895 855 640 98 
Bin 97: 401 371 878 715 590 856 512 
Bin 98: 751 560 54 724 693 398 
Bin 99: 252 869 27 84 45 
Bin 100: 164 549 67 781 788 867 750 737 802 
Bin 101: 321 22 43 660 289 
Bin 102: 557 621 222 392 918 14 613 
Bin 103: 42 643 307 373 438 274 
Bin 104: 712 985 686 333 295 144 934 833 
Bin 105: 439 240 80 673 661 230 
Bin 106: 102 503 118 861 18 950 239 
Bin 107: 499 843 933 197 716 504 4 
Bin 108: 688 461 397 720 425 701 981 
Bin 109: 580 110 759 470 734 823 692 216 741 
Bin 110: 363 238 777 332 725 280 
Bin 111: 870 235 697 334 158 602 
Bin 112: 868 133 270 817 804 929 344 
Bin 113: 837 174 901 284 925 565 
Bin 114: 659 764 532 736 119 578 
Bin 115: 954 263 343 131 644 575 125 
Bin 116: 194 50 631 632 212 753 
Bin 117: 842 202 468 269 646 
Bin 118: 780 198 581 300 944 522 848 942 
Bin 119: 611 277 546 453 99 233 
Bin 120: 170 886 428 60 420 655 
Bin 121: 507 160 763 943 983 733 77 444 
Bin 122: 491 710 242 260 528 201 181 
Bin 123: 91 493 311 441 974 718 
Bin 124: 320 623 664 378 798 207 
Bin 125: 766 184 124 361 255 518 411 
Bin 126: 930 940 596 670 572 609 275 714 
Bin 127: 153 594 852 555 936 
Bin 128: 285 826 809 989 171 72 639 
Bin 129: 175 204 37 342 902 742 988 
Bin 130: 455 793 217 593 873 15 903 
Bin 131: 885 296 595 496 36 814 261 
Bin 132: 567 410 792 78 608 739 667 
Bin 133: 328 109 850 376 591 
Bin 134: 380 338 689 149 671 317 
Bin 135: 247 330 584 915 375 
Bin 136: 509 540 51 987 906 205 101 
Bin 137: 566 550 417 892 996 964 
Bin 138: 598 241 821 265 482 706 
Bin 139: 679 919 162 135 229 481 
Bin 140: 543 599 796 910 913 881 
Bin 141: 783 163 622 533 619 294 
Bin 142: 875 211 340 353 32 656 
Bin 143: 16 582 951 337 827 41 
Bin 144: 740 88 891 49 358 
Bin 145: 152 282 531 272 189 776 232 
Bin 146: 19 377 681 249 134 335 
Bin 147: 287 486 717 215 383 573 980 
Bin 148: 136 492 278 258 605 612 
Bin 149: 968 752 858 844 812 117 
Bin 150: 862 73 385 857 779 794 
Bin 151: 1 953 979 382 195 
