# Objective: 155
# Time: 273.958
# Feasible: 1
# Solution:
Bin 0: 615 955 56 872 25 203 
Bin 1: 75 710 461 143 42 795 
Bin 2: 28 451 511 592 898 472 720 
Bin 3: 173 671 431 931 771 869 
Bin 4: 182 262 261 450 241 939 443 721 
Bin 5: 525 812 172 137 746 391 487 
Bin 6: 672 848 400 486 558 569 777 
Bin 7: 347 422 493 655 621 906 
Bin 8: 577 478 37 684 48 51 938 654 
Bin 9: 700 610 153 868 117 980 809 
Bin 10: 467 277 696 847 417 
Bin 11: 66 635 96 879 336 414 
Bin 12: 321 534 389 271 488 228 
Bin 13: 426 781 353 122 828 221 574 
Bin 14: 663 280 722 465 67 220 995 626 
Bin 15: 974 179 846 415 469 533 765 
Bin 16: 112 587 776 119 766 784 933 
Bin 17: 162 158 444 791 259 801 
Bin 18: 662 728 33 161 875 384 
Bin 19: 551 108 599 397 498 997 836 
Bin 20: 833 305 874 517 50 454 460 442 
Bin 21: 257 263 483 337 521 829 399 
Bin 22: 242 712 618 211 582 468 
Bin 23: 860 481 553 165 858 344 
Bin 24: 317 111 850 730 905 123 823 967 
Bin 25: 764 222 233 866 416 987 226 
Bin 26: 458 915 500 343 231 323 
Bin 27: 406 279 642 302 867 160 
Bin 28: 76 604 303 676 62 930 52 
Bin 29: 770 750 547 566 934 485 981 
Bin 30: 758 436 704 782 4 736 
Bin 31: 69 942 418 920 21 673 
Bin 32: 576 311 895 470 902 86 
Bin 33: 814 230 811 834 695 366 
Bin 34: 810 217 294 224 680 732 330 7 
Bin 35: 95 514 716 504 956 373 
Bin 36: 473 666 897 307 80 5 
Bin 37: 395 535 236 772 825 889 
Bin 38: 34 375 339 982 185 
Bin 39: 717 545 767 268 149 651 10 310 
Bin 40: 966 877 571 986 462 861 
Bin 41: 315 369 360 178 124 449 
Bin 42: 923 815 880 249 683 116 
Bin 43: 15 312 72 107 633 82 190 306 
Bin 44: 556 659 408 528 887 
Bin 45: 909 793 419 381 297 857 
Bin 46: 192 628 183 941 799 30 413 
Bin 47: 234 614 936 970 908 159 286 
Bin 48: 738 340 148 189 783 152 
Bin 49: 36 611 843 219 719 972 
Bin 50: 800 198 304 753 197 244 
Bin 51: 694 22 441 870 163 420 430 
Bin 52: 856 356 798 693 186 497 492 
Bin 53: 403 326 961 184 620 439 
Bin 54: 894 664 324 731 47 
Bin 55: 964 754 837 61 84 264 
Bin 56: 579 831 988 796 603 947 540 
Bin 57: 54 578 591 432 429 171 
Bin 58: 154 827 596 16 204 201 886 
Bin 59: 761 788 854 237 757 380 797 976 
Bin 60: 548 859 180 958 445 
Bin 61: 790 813 87 104 917 68 93 
Bin 62: 555 410 138 821 510 
Bin 63: 706 715 355 59 687 
Bin 64: 331 319 826 965 300 612 18 253 284 
Bin 65: 688 977 952 743 208 313 
Bin 66: 282 235 708 686 818 110 193 
Bin 67: 714 699 646 328 427 2 371 428 
Bin 68: 409 785 943 918 567 125 55 
Bin 69: 348 734 167 446 691 265 
Bin 70: 136 166 464 494 647 794 
Bin 71: 81 85 309 773 98 622 
Bin 72: 225 630 352 390 864 993 
Bin 73: 803 140 667 191 564 118 
Bin 74: 537 975 20 29 466 8 
Bin 75: 780 589 32 884 893 725 480 496 
Bin 76: 698 345 835 787 769 250 
Bin 77: 990 502 900 675 63 899 
Bin 78: 128 329 768 281 206 293 453 
Bin 79: 707 425 13 388 79 372 251 
Bin 80: 370 549 407 479 64 247 
Bin 81: 394 169 490 301 256 590 
Bin 82: 656 349 807 404 873 299 320 
Bin 83: 927 713 291 816 910 679 
Bin 84: 629 350 745 283 506 216 223 
Bin 85: 49 1 804 948 45 763 
Bin 86: 954 849 94 608 276 9 
Bin 87: 580 562 92 288 35 503 963 778 
Bin 88: 541 362 539 584 789 318 
Bin 89: 844 421 609 354 971 583 639 670 
Bin 90: 405 613 619 196 653 741 
Bin 91: 531 913 292 139 641 756 239 
Bin 92: 141 255 272 452 97 737 914 
Bin 93: 932 131 852 959 944 364 519 
Bin 94: 357 561 568 658 650 
Bin 95: 841 438 819 600 170 435 
Bin 96: 144 735 550 482 475 457 674 
Bin 97: 115 114 287 607 681 593 
Bin 98: 657 689 295 718 638 88 
Bin 99: 176 398 557 702 70 
Bin 100: 65 563 808 983 325 
Bin 101: 623 238 838 928 513 
Bin 102: 668 748 575 396 792 133 
Bin 103: 760 126 157 434 377 524 
Bin 104: 701 327 523 677 359 
Bin 105: 779 744 602 105 573 616 
Bin 106: 921 882 634 617 892 507 946 979 
Bin 107: 690 205 560 924 845 
Bin 108: 530 199 53 188 229 99 581 
Bin 109: 597 402 290 950 367 501 703 100 
Bin 110: 120 862 314 393 912 876 
Bin 111: 515 130 412 270 215 904 90 41 
Bin 112: 145 724 627 529 973 146 968 
Bin 113: 984 38 697 181 363 322 957 
Bin 114: 649 648 156 985 896 387 
Bin 115: 164 565 820 274 150 278 341 
Bin 116: 248 401 334 57 254 883 
Bin 117: 552 187 598 853 12 308 411 
Bin 118: 953 989 332 755 476 267 
Bin 119: 296 747 134 865 925 358 
Bin 120: 916 102 491 512 194 729 
Bin 121: 595 922 711 386 209 495 
Bin 122: 588 544 207 572 786 919 71 
Bin 123: 516 643 346 214 285 
Bin 124: 907 23 554 709 151 333 448 830 
Bin 125: 103 447 586 518 832 559 351 
Bin 126: 991 374 260 636 851 227 218 
Bin 127: 83 24 0 376 91 
Bin 128: 817 652 273 532 751 316 213 113 
Bin 129: 520 175 527 969 999 526 499 
Bin 130: 26 996 640 174 505 840 
Bin 131: 805 522 269 762 132 19 
Bin 132: 937 726 546 361 147 669 
Bin 133: 378 960 246 338 775 200 245 
Bin 134: 109 749 538 631 106 
Bin 135: 606 31 382 342 888 992 594 
Bin 136: 440 536 962 585 392 839 
Bin 137: 871 945 89 601 543 637 14 
Bin 138: 433 806 759 240 258 625 77 
Bin 139: 632 660 463 542 891 
Bin 140: 168 477 740 705 624 423 484 
Bin 141: 121 665 903 742 298 142 
Bin 142: 911 471 774 890 855 
Bin 143: 509 202 824 822 39 74 455 
Bin 144: 723 739 901 27 335 881 570 
Bin 145: 129 11 368 135 266 459 
Bin 146: 998 155 365 232 885 644 
Bin 147: 978 940 752 210 456 3 645 
Bin 148: 994 101 878 127 692 385 383 
Bin 149: 842 605 6 275 929 951 
Bin 150: 661 243 926 733 508 727 863 
Bin 151: 73 437 78 379 46 44 474 
Bin 152: 58 289 802 60 678 685 682 
Bin 153: 252 177 40 195 17 
Bin 154: 424 949 43 489 935 212 
