# Objective: 76
# Time: 31.1371
# Feasible: 1
# Solution:
Bin 0: 250 71 45 136 367 109 262 259 
Bin 1: 337 296 297 424 399 320 454 
Bin 2: 442 355 9 372 135 339 209 
Bin 3: 359 381 176 55 398 28 100 142 
Bin 4: 112 226 166 471 498 15 132 
Bin 5: 150 448 29 449 351 101 335 
Bin 6: 331 238 46 196 344 291 67 364 98 
Bin 7: 465 105 44 119 218 
Bin 8: 316 208 445 357 270 188 492 97 201 
Bin 9: 195 187 288 327 287 38 410 
Bin 10: 300 160 215 92 178 65 276 
Bin 11: 4 397 51 319 440 10 141 
Bin 12: 76 212 21 494 394 99 1 463 
Bin 13: 2 137 307 111 317 256 151 305 233 
Bin 14: 403 477 441 346 451 450 
Bin 15: 360 249 387 255 145 168 
Bin 16: 242 285 19 260 239 433 
Bin 17: 171 408 484 0 444 
Bin 18: 167 446 108 456 125 439 
Bin 19: 415 274 62 96 43 59 84 88 
Bin 20: 205 245 114 49 103 64 193 
Bin 21: 25 224 77 499 116 
Bin 22: 328 455 257 476 156 478 
Bin 23: 216 243 148 157 341 429 
Bin 24: 417 293 56 173 280 358 104 91 
Bin 25: 470 181 302 286 106 325 183 
Bin 26: 269 495 299 162 58 247 
Bin 27: 407 219 404 124 352 107 402 
Bin 28: 69 75 265 16 378 
Bin 29: 128 443 368 169 266 369 292 
Bin 30: 211 89 185 85 497 61 
Bin 31: 3 301 264 489 485 63 458 284 
Bin 32: 388 20 179 383 482 
Bin 33: 14 475 230 175 486 253 428 
Bin 34: 222 366 229 374 221 122 350 
Bin 35: 50 180 79 26 41 303 391 
Bin 36: 436 275 5 213 73 11 
Bin 37: 120 235 315 425 313 7 
Bin 38: 354 342 117 267 426 232 
Bin 39: 333 491 90 170 252 184 310 
Bin 40: 241 147 318 254 413 421 
Bin 41: 23 161 330 54 349 277 
Bin 42: 244 22 447 272 480 438 263 
Bin 43: 322 314 309 74 483 200 
Bin 44: 228 223 191 353 405 289 434 
Bin 45: 17 311 165 40 155 33 
Bin 46: 379 375 198 409 130 411 39 
Bin 47: 143 282 467 236 31 204 294 118 
Bin 48: 113 189 427 258 468 460 6 
Bin 49: 133 227 34 382 347 126 81 
Bin 50: 174 422 48 36 164 214 
Bin 51: 42 127 68 32 271 87 340 
Bin 52: 376 149 401 329 430 159 72 
Bin 53: 326 474 231 202 146 192 220 
Bin 54: 94 131 385 246 158 389 
Bin 55: 435 134 384 418 395 400 308 
Bin 56: 323 356 163 481 27 336 459 
Bin 57: 490 206 203 199 373 80 472 
Bin 58: 13 144 462 248 140 
Bin 59: 392 365 453 24 121 332 279 37 
Bin 60: 18 362 479 406 177 
Bin 61: 35 290 345 12 416 194 115 
Bin 62: 30 110 469 370 377 306 396 
Bin 63: 324 217 139 197 312 210 
Bin 64: 461 488 66 423 152 172 
Bin 65: 207 437 123 102 273 304 
Bin 66: 138 419 457 464 496 412 
Bin 67: 343 283 78 334 57 186 
Bin 68: 348 82 83 420 380 237 60 371 
Bin 69: 240 251 225 452 53 
Bin 70: 487 361 52 338 261 
Bin 71: 70 466 493 386 268 432 
Bin 72: 321 8 295 298 278 
Bin 73: 414 47 431 129 93 
Bin 74: 281 95 234 153 190 182 
Bin 75: 390 154 393 473 86 363 
