# Objective: 153
# Time: 518.499
# Feasible: 1
# Solution:
Bin 0: 506 423 853 323 225 10 454 778 
Bin 1: 606 566 439 561 198 642 
Bin 2: 829 517 968 17 65 
Bin 3: 638 14 860 868 846 513 
Bin 4: 559 78 288 922 820 223 704 
Bin 5: 18 884 742 857 563 123 787 
Bin 6: 285 43 528 600 234 499 765 396 
Bin 7: 227 947 530 739 562 911 663 359 
Bin 8: 700 321 770 514 615 901 735 
Bin 9: 779 185 726 859 433 413 
Bin 10: 409 503 270 374 776 926 817 
Bin 11: 872 60 826 257 375 380 
Bin 12: 63 150 954 876 349 751 246 
Bin 13: 882 42 267 297 618 345 719 222 
Bin 14: 191 604 849 745 584 646 
Bin 15: 402 367 205 967 167 511 
Bin 16: 999 626 483 214 240 731 
Bin 17: 767 260 452 354 866 761 
Bin 18: 41 855 476 215 250 803 84 46 580 
Bin 19: 898 131 854 254 758 775 91 
Bin 20: 152 543 573 135 590 591 384 
Bin 21: 49 440 326 582 768 134 34 477 112 
Bin 22: 958 893 639 277 104 508 839 
Bin 23: 782 86 928 220 667 622 699 
Bin 24: 992 197 819 446 241 607 649 
Bin 25: 130 251 464 711 629 303 5 887 
Bin 26: 36 172 692 256 155 19 
Bin 27: 536 21 991 749 668 264 
Bin 28: 25 951 390 905 848 382 
Bin 29: 471 984 821 399 654 933 555 
Bin 30: 74 482 526 843 56 27 40 
Bin 31: 388 16 691 818 497 62 350 
Bin 32: 164 419 861 358 233 216 418 780 660 
Bin 33: 934 85 203 369 867 407 263 
Bin 34: 415 39 810 169 140 674 648 
Bin 35: 549 752 436 793 108 466 744 
Bin 36: 883 298 919 113 279 312 917 574 
Bin 37: 273 597 523 370 371 504 
Bin 38: 381 450 165 110 68 217 653 670 
Bin 39: 712 271 880 101 599 675 435 633 
Bin 40: 144 912 553 632 115 170 769 
Bin 41: 878 930 69 694 946 424 823 671 
Bin 42: 492 9 494 44 925 493 
Bin 43: 833 937 837 294 825 923 280 
Bin 44: 920 378 656 535 955 737 532 
Bin 45: 916 299 939 361 598 722 190 
Bin 46: 242 703 180 173 177 
Bin 47: 455 121 472 979 389 693 589 387 
Bin 48: 713 133 210 587 274 
Bin 49: 524 980 236 357 950 815 709 
Bin 50: 569 910 90 247 942 
Bin 51: 579 1 176 886 696 366 
Bin 52: 206 129 609 796 272 
Bin 53: 305 235 83 122 481 166 832 237 
Bin 54: 865 186 105 715 146 290 403 
Bin 55: 322 755 681 637 714 405 386 141 
Bin 56: 990 333 395 29 897 103 
Bin 57: 325 485 218 809 716 317 
Bin 58: 596 30 442 659 813 
Bin 59: 558 432 99 647 393 444 
Bin 60: 376 547 301 219 76 488 3 
Bin 61: 73 627 748 541 426 80 
Bin 62: 827 698 669 965 729 977 
Bin 63: 337 932 988 126 363 828 209 
Bin 64: 202 82 963 539 728 788 266 
Bin 65: 331 666 841 161 608 908 97 
Bin 66: 258 707 248 664 907 32 738 
Bin 67: 969 147 269 614 15 230 
Bin 68: 534 154 487 834 960 496 679 
Bin 69: 936 37 479 118 484 686 158 
Bin 70: 48 885 657 538 624 943 
Bin 71: 344 228 578 320 281 81 
Bin 72: 836 302 425 392 542 463 340 
Bin 73: 398 688 468 313 314 114 904 613 
Bin 74: 783 330 605 572 58 956 
Bin 75: 327 132 347 914 565 635 346 
Bin 76: 89 4 286 308 304 87 
Bin 77: 268 844 658 284 891 595 
Bin 78: 153 96 232 283 862 
Bin 79: 26 864 784 287 927 72 
Bin 80: 329 501 491 747 422 676 0 
Bin 81: 490 449 124 453 332 996 830 
Bin 82: 79 391 265 516 986 896 
Bin 83: 953 377 702 23 353 168 802 
Bin 84: 805 959 324 211 571 66 
Bin 85: 567 293 451 687 478 902 
Bin 86: 475 249 252 100 117 568 
Bin 87: 50 792 199 634 473 522 
Bin 88: 705 128 636 957 870 
Bin 89: 690 550 816 195 8 581 994 
Bin 90: 851 655 982 685 762 806 51 
Bin 91: 665 178 814 175 812 2 
Bin 92: 38 94 239 875 151 730 457 
Bin 93: 385 64 740 525 586 149 
Bin 94: 428 756 515 518 75 520 276 
Bin 95: 661 881 592 948 804 255 54 421 
Bin 96: 338 906 594 311 540 617 
Bin 97: 978 470 858 408 342 840 
Bin 98: 877 798 196 459 725 995 12 724 
Bin 99: 623 519 552 931 575 
Bin 100: 949 109 976 505 136 
Bin 101: 456 585 156 529 781 188 
Bin 102: 137 406 981 13 894 874 
Bin 103: 300 438 750 935 628 850 
Bin 104: 869 461 652 184 486 365 
Bin 105: 183 795 973 465 718 460 
Bin 106: 88 753 708 766 918 583 
Bin 107: 148 913 777 842 159 
Bin 108: 498 531 791 680 143 458 645 
Bin 109: 278 603 447 835 611 743 975 
Bin 110: 28 521 759 174 61 824 318 
Bin 111: 682 987 799 879 204 400 
Bin 112: 741 961 296 77 720 746 448 35 
Bin 113: 341 895 651 6 429 200 717 412 
Bin 114: 689 139 98 207 445 733 120 
Bin 115: 480 160 162 181 145 
Bin 116: 45 997 790 95 213 
Bin 117: 938 533 983 662 852 677 
Bin 118: 643 544 786 306 650 757 974 
Bin 119: 601 625 282 102 944 22 179 
Bin 120: 372 962 641 489 116 339 807 
Bin 121: 193 119 383 640 20 420 900 
Bin 122: 989 644 192 67 727 127 811 
Bin 123: 929 684 55 7 335 292 
Bin 124: 275 554 71 360 734 70 238 940 
Bin 125: 903 253 245 732 208 557 443 945 
Bin 126: 474 924 92 772 966 909 831 
Bin 127: 871 771 509 93 527 548 785 
Bin 128: 53 964 291 941 602 721 
Bin 129: 368 289 212 789 863 993 570 800 
Bin 130: 588 24 229 221 921 985 
Bin 131: 189 970 801 410 630 683 
Bin 132: 678 187 430 560 163 773 
Bin 133: 899 259 356 194 612 355 
Bin 134: 244 673 495 417 537 
Bin 135: 845 336 502 774 723 316 
Bin 136: 701 31 33 52 620 510 
Bin 137: 972 736 11 351 431 
Bin 138: 373 364 838 441 352 
Bin 139: 315 631 616 309 47 57 889 
Bin 140: 695 411 243 952 348 593 
Bin 141: 414 334 998 107 551 310 
Bin 142: 577 847 564 808 873 226 
Bin 143: 556 469 467 307 437 
Bin 144: 610 794 462 416 576 362 
Bin 145: 507 262 142 619 404 427 888 
Bin 146: 434 892 710 500 706 764 
Bin 147: 125 379 401 182 138 328 
Bin 148: 971 754 295 319 797 697 
Bin 149: 343 201 261 763 111 59 106 
Bin 150: 157 672 890 224 231 
Bin 151: 760 545 171 856 397 394 
Bin 152: 512 822 546 621 915 
