# Objective: 86
# Time: 138.908
# Feasible: 1
# Solution:
Bin 0: 195 335 115 201 374 31 449 
Bin 1: 134 409 162 78 
Bin 2: 56 47 400 28 369 144 
Bin 3: 220 226 60 253 486 466 268 
Bin 4: 421 382 438 125 207 262 
Bin 5: 357 142 302 98 183 291 
Bin 6: 96 346 279 244 208 117 276 
Bin 7: 193 230 348 205 332 477 173 
Bin 8: 218 385 465 340 321 445 
Bin 9: 133 51 322 413 257 194 301 
Bin 10: 76 74 494 397 304 
Bin 11: 423 330 112 152 298 5 
Bin 12: 309 72 180 368 434 473 
Bin 13: 364 148 480 26 
Bin 14: 233 165 327 198 394 490 405 
Bin 15: 42 484 259 350 41 20 
Bin 16: 312 40 21 455 288 105 
Bin 17: 77 453 399 401 329 
Bin 18: 378 95 153 384 210 143 
Bin 19: 171 431 286 446 27 308 240 
Bin 20: 126 448 396 163 274 282 
Bin 21: 15 272 355 132 398 425 87 
Bin 22: 392 70 430 294 283 106 
Bin 23: 182 122 444 101 200 468 
Bin 24: 178 469 191 336 130 2 
Bin 25: 242 11 381 297 65 347 
Bin 26: 353 111 63 360 150 174 
Bin 27: 17 82 426 362 151 443 
Bin 28: 104 99 263 57 241 114 
Bin 29: 447 457 229 29 89 
Bin 30: 427 265 391 167 232 
Bin 31: 328 441 471 38 351 170 
Bin 32: 116 435 343 254 422 66 
Bin 33: 363 107 264 492 225 
Bin 34: 442 121 498 164 491 452 
Bin 35: 403 192 320 406 284 295 202 
Bin 36: 108 277 344 247 33 
Bin 37: 3 216 86 213 334 460 416 
Bin 38: 359 139 103 352 81 172 10 
Bin 39: 333 436 71 245 131 
Bin 40: 458 470 410 299 300 223 
Bin 41: 341 482 58 211 157 154 
Bin 42: 239 331 36 140 483 75 311 
Bin 43: 209 83 418 231 54 
Bin 44: 85 388 109 292 372 161 
Bin 45: 293 278 187 190 440 196 
Bin 46: 224 280 79 305 450 
Bin 47: 475 181 319 478 119 
Bin 48: 375 136 273 258 
Bin 49: 34 459 462 179 37 
Bin 50: 370 325 222 237 
Bin 51: 68 487 243 377 
Bin 52: 137 476 7 454 91 35 32 
Bin 53: 408 289 184 489 1 215 
Bin 54: 269 147 389 255 69 146 
Bin 55: 6 432 349 324 316 12 
Bin 56: 52 451 160 380 0 227 
Bin 57: 123 354 189 271 9 472 30 
Bin 58: 249 67 13 97 110 129 
Bin 59: 260 221 168 383 14 
Bin 60: 376 61 212 246 177 80 124 
Bin 61: 238 481 358 474 206 49 156 
Bin 62: 365 204 214 44 407 145 
Bin 63: 495 317 488 25 
Bin 64: 219 414 404 64 45 419 
Bin 65: 497 217 141 270 318 4 
Bin 66: 236 118 128 496 199 386 
Bin 67: 456 138 93 424 149 
Bin 68: 285 313 366 433 24 50 
Bin 69: 135 158 84 155 261 
Bin 70: 339 176 338 94 415 
Bin 71: 361 90 19 16 23 
Bin 72: 412 296 48 373 390 303 
Bin 73: 235 387 22 464 39 429 275 
Bin 74: 252 411 120 92 
Bin 75: 287 467 250 393 367 43 
Bin 76: 323 420 166 266 479 267 
Bin 77: 356 402 306 46 88 186 
Bin 78: 307 439 100 169 395 485 
Bin 79: 342 53 337 
Bin 80: 428 185 234 197 345 248 
Bin 81: 175 251 461 314 102 59 
Bin 82: 127 417 8 326 188 
Bin 83: 73 55 62 310 315 493 
Bin 84: 281 379 437 463 18 290 256 
Bin 85: 499 113 159 203 228 371 
