# Objective: 150
# Time: 406.578
# Feasible: 1
# Solution:
Bin 0: 738 454 635 425 730 921 212 
Bin 1: 695 597 412 633 192 767 444 
Bin 2: 630 245 648 894 206 865 750 
Bin 3: 475 436 79 963 946 224 886 725 
Bin 4: 125 74 828 690 397 844 
Bin 5: 552 217 937 335 265 861 417 
Bin 6: 753 952 986 987 786 918 127 
Bin 7: 43 385 110 925 164 345 378 801 
Bin 8: 228 848 241 491 44 287 637 
Bin 9: 26 575 93 634 291 359 
Bin 10: 930 414 279 161 689 617 905 823 119 
Bin 11: 692 457 445 600 89 420 80 
Bin 12: 213 144 379 166 330 64 570 705 
Bin 13: 347 342 531 582 337 656 499 
Bin 14: 358 765 448 673 434 163 883 
Bin 15: 988 0 338 583 466 355 
Bin 16: 923 494 276 449 1 818 328 
Bin 17: 159 451 409 814 885 797 
Bin 18: 779 498 698 331 807 911 131 
Bin 19: 975 353 939 599 584 699 616 479 
Bin 20: 973 473 320 136 46 209 
Bin 21: 365 253 501 740 982 607 
Bin 22: 759 511 411 236 934 784 248 
Bin 23: 405 318 545 622 135 387 482 
Bin 24: 11 229 403 594 912 702 521 623 
Bin 25: 572 888 682 202 636 834 
Bin 26: 366 465 523 965 7 115 150 
Bin 27: 194 742 626 880 246 757 254 
Bin 28: 225 573 373 191 563 350 
Bin 29: 976 312 6 793 938 141 
Bin 30: 778 315 550 522 606 
Bin 31: 142 450 729 924 489 9 586 
Bin 32: 661 926 484 843 943 581 170 
Bin 33: 863 304 955 993 962 576 665 608 
Bin 34: 406 467 551 897 851 284 495 
Bin 35: 301 148 181 777 553 703 263 
Bin 36: 487 180 940 17 960 544 546 
Bin 37: 91 810 15 83 258 728 
Bin 38: 722 838 588 868 57 671 20 687 
Bin 39: 303 898 428 390 760 432 825 
Bin 40: 218 130 721 790 416 776 
Bin 41: 477 410 640 803 820 567 933 
Bin 42: 660 830 332 761 708 500 275 877 
Bin 43: 28 307 769 789 961 516 395 292 
Bin 44: 508 680 108 540 267 787 
Bin 45: 676 819 143 532 435 645 867 
Bin 46: 694 518 817 752 565 659 
Bin 47: 859 770 947 724 33 811 269 
Bin 48: 657 348 920 679 941 746 
Bin 49: 541 781 433 25 596 788 969 
Bin 50: 927 534 374 953 469 931 981 
Bin 51: 871 704 49 763 27 577 812 
Bin 52: 751 36 795 226 126 61 208 
Bin 53: 884 720 860 876 446 105 979 
Bin 54: 278 839 364 632 804 593 
Bin 55: 530 561 610 298 122 869 
Bin 56: 104 193 326 681 615 579 259 
Bin 57: 604 904 84 878 423 858 
Bin 58: 591 109 204 55 198 647 
Bin 59: 289 658 822 24 666 344 718 
Bin 60: 389 419 145 407 67 639 915 
Bin 61: 201 388 959 547 316 716 175 560 
Bin 62: 94 188 696 827 558 182 179 
Bin 63: 536 641 855 261 421 928 
Bin 64: 227 368 329 311 160 294 
Bin 65: 731 266 903 964 677 624 734 
Bin 66: 542 117 829 768 490 92 452 502 
Bin 67: 173 190 220 813 106 548 
Bin 68: 505 733 42 520 862 231 
Bin 69: 112 196 533 590 864 120 642 
Bin 70: 158 255 211 503 693 176 
Bin 71: 629 653 954 18 874 887 
Bin 72: 525 468 437 214 890 427 322 
Bin 73: 336 990 264 113 609 
Bin 74: 40 805 996 628 392 456 685 873 714 
Bin 75: 140 486 792 186 327 485 966 492 
Bin 76: 744 627 260 69 238 32 
Bin 77: 438 762 391 463 243 527 408 
Bin 78: 611 995 992 612 893 914 
Bin 79: 10 785 101 650 922 524 
Bin 80: 470 413 559 835 415 985 852 
Bin 81: 155 908 669 371 686 732 513 
Bin 82: 872 152 234 95 741 369 286 517 393 
Bin 83: 62 483 507 715 564 
Bin 84: 756 919 97 103 651 798 735 
Bin 85: 210 334 48 324 153 944 
Bin 86: 60 349 53 772 806 974 323 
Bin 87: 200 77 736 654 881 847 
Bin 88: 233 107 712 147 967 983 
Bin 89: 319 907 856 82 133 162 
Bin 90: 5 493 429 65 568 771 678 
Bin 91: 620 16 745 270 23 460 187 555 
Bin 92: 497 538 515 341 701 646 288 
Bin 93: 441 488 631 230 285 853 
Bin 94: 977 667 766 707 30 780 58 603 
Bin 95: 945 424 56 506 249 950 73 
Bin 96: 118 892 514 128 816 464 478 
Bin 97: 185 313 169 351 519 556 747 
Bin 98: 12 971 900 361 845 580 
Bin 99: 655 605 177 247 684 562 
Bin 100: 980 587 796 124 458 63 535 
Bin 101: 543 325 240 401 566 443 
Bin 102: 178 19 697 675 430 866 958 168 
Bin 103: 75 758 102 991 846 723 
Bin 104: 727 121 775 782 302 47 377 821 
Bin 105: 132 116 68 455 306 
Bin 106: 889 295 268 809 86 
Bin 107: 340 713 137 281 31 59 
Bin 108: 381 569 35 726 613 850 
Bin 109: 380 882 280 37 297 183 41 251 
Bin 110: 956 824 512 272 574 875 802 
Bin 111: 984 754 879 664 384 4 129 314 
Bin 112: 554 842 356 321 283 146 
Bin 113: 223 691 957 52 895 942 422 
Bin 114: 614 370 199 509 902 480 
Bin 115: 310 81 418 357 529 29 
Bin 116: 896 709 595 989 274 901 
Bin 117: 399 273 836 87 367 156 
Bin 118: 459 668 138 755 184 386 
Bin 119: 618 891 339 899 215 100 
Bin 120: 670 293 783 38 363 461 
Bin 121: 496 840 235 149 442 317 
Bin 122: 773 994 791 207 854 
Bin 123: 644 602 743 857 257 205 151 
Bin 124: 619 375 252 402 165 774 
Bin 125: 172 598 799 749 549 
Bin 126: 431 50 362 932 794 916 21 
Bin 127: 51 528 400 815 837 706 34 
Bin 128: 123 833 474 354 510 557 
Bin 129: 2 849 539 711 8 
Bin 130: 290 719 917 203 870 440 216 134 
Bin 131: 672 396 638 710 232 343 978 219 
Bin 132: 589 674 998 717 471 
Bin 133: 909 831 271 737 71 66 601 39 571 
Bin 134: 462 197 972 968 360 195 
Bin 135: 537 800 308 970 189 78 394 
Bin 136: 935 174 256 282 688 404 
Bin 137: 481 72 592 663 504 346 841 
Bin 138: 383 90 949 472 96 906 426 88 
Bin 139: 45 447 154 167 910 299 
Bin 140: 222 929 826 157 296 621 
Bin 141: 739 453 239 748 948 832 
Bin 142: 70 171 951 352 333 382 
Bin 143: 578 22 439 300 54 764 913 936 
Bin 144: 376 476 526 13 997 
Bin 145: 221 14 262 372 649 242 398 
Bin 146: 85 250 625 3 652 237 
Bin 147: 999 808 111 683 700 98 309 
Bin 148: 662 244 643 585 139 76 
Bin 149: 99 277 305 114 
