# Objective: 38
# Time: 6.37467
# Feasible: 1
# Solution:
Bin 0: 51 8 79 217 210 48 242 185 
Bin 1: 91 218 112 189 105 205 221 
Bin 2: 22 163 178 84 126 192 27 
Bin 3: 109 245 107 120 14 17 3 
Bin 4: 20 214 225 198 90 
Bin 5: 98 56 132 29 149 247 
Bin 6: 10 59 128 119 123 196 232 
Bin 7: 4 237 246 226 43 153 152 
Bin 8: 147 114 176 130 64 81 
Bin 9: 55 102 234 131 85 88 
Bin 10: 67 54 94 96 11 92 
Bin 11: 31 243 244 143 46 32 
Bin 12: 173 21 158 57 65 33 
Bin 13: 116 28 53 71 101 24 181 148 169 
Bin 14: 52 216 166 174 63 168 12 223 
Bin 15: 125 206 138 204 9 141 230 
Bin 16: 38 248 5 175 161 159 238 
Bin 17: 191 164 100 222 155 199 177 
Bin 18: 142 154 184 45 68 188 235 6 
Bin 19: 39 0 2 208 103 157 
Bin 20: 117 197 231 207 151 135 
Bin 21: 58 41 89 26 209 171 
Bin 22: 118 227 150 127 162 61 83 
Bin 23: 50 76 86 193 72 115 
Bin 24: 140 95 13 47 134 15 194 122 30 
Bin 25: 213 36 167 108 240 228 99 
Bin 26: 18 97 82 139 77 186 1 
Bin 27: 137 211 172 144 236 
Bin 28: 37 224 73 215 87 129 
Bin 29: 220 229 183 202 219 66 182 
Bin 30: 25 165 179 74 239 200 60 62 
Bin 31: 19 170 69 203 241 
Bin 32: 40 113 133 145 201 106 
Bin 33: 160 121 110 146 104 233 
Bin 34: 249 195 42 16 44 
Bin 35: 80 156 49 34 70 187 7 
Bin 36: 136 75 212 23 124 190 
Bin 37: 78 35 93 111 180 
