# Objective: 20
# Time: 3.81931
# Feasible: 1
# Solution:
Bin 0: 81 45 17 37 31 22 34 116 
Bin 1: 86 100 75 79 2 41 64 
Bin 2: 114 65 98 35 109 38 
Bin 3: 24 60 105 87 78 
Bin 4: 77 72 8 95 30 
Bin 5: 68 106 13 26 93 82 94 
Bin 6: 119 80 50 111 101 28 
Bin 7: 5 49 36 113 9 91 25 
Bin 8: 97 29 44 7 14 48 
Bin 9: 0 51 56 102 96 67 
Bin 10: 90 57 88 27 55 16 
Bin 11: 12 21 43 54 59 
Bin 12: 107 47 112 66 6 83 
Bin 13: 110 53 20 115 103 
Bin 14: 85 92 10 76 40 58 
Bin 15: 70 18 11 84 62 32 
Bin 16: 1 74 99 118 23 71 
Bin 17: 3 46 19 39 89 69 
Bin 18: 42 104 63 52 15 
Bin 19: 61 108 73 4 33 117 
