# Objective: 166
# Time: 235.519
# Feasible: 1
# Solution:
Bin 0: 899 457 736 173 184 
Bin 1: 939 299 424 983 37 175 721 
Bin 2: 639 361 915 47 739 791 
Bin 3: 585 824 360 195 673 784 
Bin 4: 215 446 399 404 835 990 197 
Bin 5: 796 925 992 92 338 920 
Bin 6: 517 631 144 203 238 587 450 
Bin 7: 863 664 685 862 363 980 
Bin 8: 456 583 285 661 21 210 
Bin 9: 321 743 407 75 352 23 192 60 
Bin 10: 738 353 25 387 698 564 
Bin 11: 970 875 985 380 599 382 647 
Bin 12: 472 429 905 594 534 783 
Bin 13: 520 987 251 447 619 592 280 
Bin 14: 669 727 625 671 174 410 
Bin 15: 659 613 241 570 755 571 856 
Bin 16: 235 646 858 981 30 
Bin 17: 903 213 670 956 254 880 
Bin 18: 119 907 601 349 918 218 
Bin 19: 830 86 709 291 221 996 198 
Bin 20: 847 261 265 607 0 700 243 
Bin 21: 947 386 51 17 310 421 
Bin 22: 979 489 677 665 723 746 935 
Bin 23: 402 843 836 99 187 742 
Bin 24: 219 640 894 116 988 626 763 
Bin 25: 82 282 112 539 838 711 
Bin 26: 934 148 427 910 495 335 
Bin 27: 345 9 493 958 891 305 434 
Bin 28: 324 972 872 126 293 419 
Bin 29: 491 348 460 997 611 224 
Bin 30: 614 28 1 83 964 306 
Bin 31: 91 408 33 262 861 448 684 
Bin 32: 416 236 933 531 598 403 
Bin 33: 508 555 260 845 931 78 666 
Bin 34: 329 14 462 70 443 56 
Bin 35: 176 786 622 799 342 514 398 
Bin 36: 941 118 302 802 986 
Bin 37: 147 769 857 668 991 65 
Bin 38: 322 575 553 412 479 478 257 
Bin 39: 137 336 149 374 204 288 
Bin 40: 141 461 154 18 693 560 
Bin 41: 525 638 866 371 428 
Bin 42: 694 496 993 160 307 702 468 
Bin 43: 304 936 963 328 366 113 541 
Bin 44: 74 90 584 706 106 879 
Bin 45: 53 962 367 49 762 211 
Bin 46: 467 967 232 41 724 
Bin 47: 536 140 596 378 296 381 
Bin 48: 436 150 566 672 442 643 156 
Bin 49: 499 437 347 860 454 615 
Bin 50: 803 917 551 259 275 869 
Bin 51: 105 396 565 301 103 397 
Bin 52: 308 240 552 463 375 884 526 
Bin 53: 44 580 512 653 719 8 716 
Bin 54: 966 882 630 438 817 976 
Bin 55: 326 984 876 741 339 77 162 
Bin 56: 283 331 624 651 248 268 
Bin 57: 393 394 250 453 317 
Bin 58: 278 749 425 826 62 785 
Bin 59: 871 913 368 821 100 
Bin 60: 949 911 433 200 341 713 
Bin 61: 679 737 815 772 414 545 139 
Bin 62: 247 952 650 548 180 
Bin 63: 521 945 778 31 928 771 104 
Bin 64: 473 129 688 620 735 3 
Bin 65: 284 494 115 629 574 208 
Bin 66: 881 5 400 950 806 130 
Bin 67: 968 50 497 995 32 343 340 
Bin 68: 441 255 717 900 71 222 
Bin 69: 916 914 471 758 153 264 413 
Bin 70: 538 628 163 971 373 885 
Bin 71: 823 85 7 608 618 390 76 
Bin 72: 214 6 753 124 355 591 896 
Bin 73: 609 45 586 356 944 406 819 
Bin 74: 501 975 798 385 256 
Bin 75: 757 312 157 686 81 927 
Bin 76: 102 314 64 151 811 
Bin 77: 637 834 635 212 855 518 
Bin 78: 237 712 804 581 111 485 
Bin 79: 358 715 547 675 142 61 
Bin 80: 674 267 395 415 152 
Bin 81: 923 877 359 812 327 527 
Bin 82: 80 760 277 542 244 
Bin 83: 902 978 561 568 190 790 
Bin 84: 732 122 179 392 492 417 253 
Bin 85: 63 245 423 2 449 745 
Bin 86: 793 699 909 660 159 372 
Bin 87: 4 15 167 865 932 
Bin 88: 733 807 164 579 287 35 
Bin 89: 482 48 420 351 439 924 
Bin 90: 828 57 680 242 767 
Bin 91: 582 567 577 682 59 600 
Bin 92: 837 474 810 458 440 313 
Bin 93: 13 904 921 377 290 362 
Bin 94: 422 170 295 777 58 125 725 
Bin 95: 169 852 96 576 533 734 309 
Bin 96: 364 831 451 656 765 602 
Bin 97: 217 632 391 655 510 
Bin 98: 844 744 705 701 818 511 610 
Bin 99: 766 642 554 42 572 120 
Bin 100: 316 718 39 589 476 559 
Bin 101: 989 369 97 114 98 466 
Bin 102: 644 319 841 490 695 563 
Bin 103: 426 178 182 123 994 955 
Bin 104: 266 188 464 138 205 873 
Bin 105: 535 833 357 676 166 470 770 
Bin 106: 318 401 405 475 832 522 
Bin 107: 430 633 681 604 708 
Bin 108: 500 926 898 108 132 
Bin 109: 814 768 726 365 714 954 612 
Bin 110: 848 334 276 919 519 480 332 
Bin 111: 730 354 186 383 792 
Bin 112: 435 965 505 43 870 19 901 
Bin 113: 146 764 230 233 605 889 
Bin 114: 816 556 942 886 29 181 
Bin 115: 469 779 346 486 16 890 
Bin 116: 897 710 87 883 161 95 
Bin 117: 662 922 776 543 168 444 
Bin 118: 350 26 756 279 193 
Bin 119: 780 513 223 54 484 
Bin 120: 189 516 431 40 194 67 
Bin 121: 953 961 94 185 840 740 
Bin 122: 697 813 10 488 20 888 
Bin 123: 636 388 761 294 937 929 
Bin 124: 649 229 908 839 849 128 93 
Bin 125: 155 825 654 498 550 
Bin 126: 459 323 946 537 959 36 
Bin 127: 455 523 22 960 68 452 
Bin 128: 569 864 692 593 797 325 
Bin 129: 272 271 281 72 66 801 
Bin 130: 617 445 337 588 69 145 
Bin 131: 34 597 850 158 12 795 
Bin 132: 101 227 183 503 722 297 
Bin 133: 38 220 906 748 333 973 
Bin 134: 199 590 55 595 196 
Bin 135: 109 270 775 851 829 623 
Bin 136: 747 827 820 274 774 627 
Bin 137: 524 703 728 938 177 657 234 
Bin 138: 794 273 782 384 573 874 867 
Bin 139: 893 418 648 300 84 73 854 
Bin 140: 379 788 239 315 787 165 
Bin 141: 249 948 678 750 773 800 
Bin 142: 998 690 887 246 634 
Bin 143: 206 389 216 546 621 704 859 228 
Bin 144: 320 507 504 658 263 
Bin 145: 645 286 131 134 89 298 483 
Bin 146: 136 289 603 853 943 549 
Bin 147: 209 532 487 751 951 
Bin 148: 376 506 11 502 999 344 
Bin 149: 311 781 940 481 515 52 667 
Bin 150: 201 805 110 465 707 
Bin 151: 842 759 729 79 663 
Bin 152: 88 540 191 269 529 
Bin 153: 578 846 477 432 252 
Bin 154: 202 789 720 24 370 27 
Bin 155: 822 528 808 878 982 127 
Bin 156: 977 930 754 530 683 
Bin 157: 544 652 809 143 689 
Bin 158: 558 330 641 121 226 
Bin 159: 557 912 895 225 46 
Bin 160: 868 687 411 606 957 
Bin 161: 292 892 509 696 
Bin 162: 974 562 409 691 731 
Bin 163: 969 135 303 231 616 107 
Bin 164: 171 117 258 752 
Bin 165: 207 172 133 
