# Objective: 153
# Time: 289.138
# Feasible: 1
# Solution:
Bin 0: 542 970 757 319 869 
Bin 1: 434 571 258 707 921 769 626 235 
Bin 2: 642 144 376 249 414 883 941 629 578 
Bin 3: 163 859 407 683 38 500 569 
Bin 4: 722 214 257 247 969 85 740 
Bin 5: 866 696 832 150 147 872 350 
Bin 6: 228 436 986 84 831 148 
Bin 7: 819 539 76 712 710 824 98 599 
Bin 8: 178 783 871 548 187 799 661 
Bin 9: 498 87 86 908 768 437 
Bin 10: 377 909 281 923 671 
Bin 11: 954 533 165 495 581 641 283 
Bin 12: 501 200 563 27 453 742 
Bin 13: 931 847 979 965 992 88 
Bin 14: 58 321 125 315 323 174 942 
Bin 15: 479 521 588 185 113 961 420 
Bin 16: 378 320 813 752 271 622 528 
Bin 17: 90 41 124 851 638 296 690 602 623 
Bin 18: 240 42 765 679 413 818 
Bin 19: 502 61 617 43 878 922 
Bin 20: 798 594 311 397 469 11 
Bin 21: 21 104 5 981 703 525 75 
Bin 22: 395 389 300 341 481 517 
Bin 23: 745 304 750 693 836 
Bin 24: 170 131 262 705 121 462 
Bin 25: 515 210 990 527 674 1 22 
Bin 26: 451 264 751 795 59 691 112 
Bin 27: 991 63 336 631 386 
Bin 28: 823 270 14 6 256 181 574 224 
Bin 29: 105 903 207 800 653 839 
Bin 30: 820 432 471 280 610 681 
Bin 31: 766 53 409 977 719 25 
Bin 32: 962 780 938 390 616 887 
Bin 33: 71 15 694 808 337 205 590 
Bin 34: 688 567 227 152 401 714 686 
Bin 35: 761 91 959 790 9 636 
Bin 36: 212 213 306 879 989 592 126 
Bin 37: 12 579 202 772 374 156 807 
Bin 38: 393 773 332 70 195 898 
Bin 39: 843 935 899 108 267 884 778 
Bin 40: 916 526 900 609 192 735 
Bin 41: 446 566 424 99 877 758 
Bin 42: 138 598 318 342 394 837 
Bin 43: 305 268 254 194 841 279 523 
Bin 44: 79 26 950 114 930 135 
Bin 45: 595 953 573 309 251 
Bin 46: 363 572 198 777 704 330 
Bin 47: 274 604 343 753 519 128 
Bin 48: 645 562 155 215 327 684 524 
Bin 49: 478 484 747 640 635 882 201 680 
Bin 50: 658 0 739 349 499 20 673 
Bin 51: 911 48 589 209 116 293 
Bin 52: 423 56 497 929 744 203 242 
Bin 53: 846 29 509 852 810 416 583 
Bin 54: 554 465 637 454 450 842 920 
Bin 55: 95 612 972 547 620 949 
Bin 56: 119 345 277 536 404 676 
Bin 57: 730 261 30 785 359 122 72 
Bin 58: 943 340 857 67 16 652 
Bin 59: 830 299 937 324 317 287 
Bin 60: 624 51 431 540 848 875 360 
Bin 61: 530 543 447 559 829 657 
Bin 62: 206 107 225 564 805 294 
Bin 63: 508 932 231 926 503 410 713 
Bin 64: 801 358 80 826 362 476 
Bin 65: 31 731 973 369 244 211 483 
Bin 66: 888 864 34 101 32 467 314 
Bin 67: 613 275 811 643 239 222 
Bin 68: 647 230 278 966 577 535 
Bin 69: 252 978 373 639 725 776 
Bin 70: 678 223 92 136 974 250 904 348 
Bin 71: 723 601 97 93 951 159 698 
Bin 72: 545 100 443 133 158 435 728 984 
Bin 73: 326 914 711 353 65 466 
Bin 74: 325 371 902 143 35 367 
Bin 75: 115 506 561 924 33 54 18 
Bin 76: 897 199 89 994 682 284 957 708 
Bin 77: 865 803 123 366 828 47 
Bin 78: 480 168 669 238 809 216 
Bin 79: 28 788 117 352 46 854 718 291 
Bin 80: 355 426 736 646 433 804 
Bin 81: 255 764 630 537 37 880 724 901 
Bin 82: 958 779 505 220 184 910 
Bin 83: 816 860 685 334 298 863 
Bin 84: 288 628 110 180 141 50 
Bin 85: 597 968 955 518 273 975 786 
Bin 86: 767 183 614 372 218 532 411 
Bin 87: 873 157 987 632 762 103 544 491 
Bin 88: 57 754 699 585 774 295 142 
Bin 89: 398 365 419 976 438 600 177 668 427 
Bin 90: 452 253 784 971 576 633 
Bin 91: 221 3 425 197 55 312 422 
Bin 92: 17 234 289 960 8 412 
Bin 93: 555 933 727 756 49 120 
Bin 94: 69 689 692 729 96 449 
Bin 95: 608 455 995 815 328 
Bin 96: 666 73 701 606 918 470 40 
Bin 97: 667 944 789 357 853 
Bin 98: 771 593 102 232 430 60 
Bin 99: 927 139 677 876 370 939 259 
Bin 100: 619 428 387 821 208 276 
Bin 101: 534 654 402 794 344 333 442 
Bin 102: 956 391 538 396 650 
Bin 103: 934 151 245 490 546 812 717 408 
Bin 104: 241 634 196 23 891 39 474 
Bin 105: 475 504 655 182 980 741 
Bin 106: 24 940 303 827 310 456 
Bin 107: 64 835 936 748 874 441 
Bin 108: 770 440 625 282 10 457 952 
Bin 109: 384 570 845 963 584 925 62 
Bin 110: 885 861 611 892 111 886 
Bin 111: 204 381 118 552 796 385 738 
Bin 112: 627 439 906 793 68 550 
Bin 113: 787 759 755 292 663 313 400 66 
Bin 114: 263 734 840 531 492 605 695 134 
Bin 115: 7 749 982 702 833 
Bin 116: 825 945 290 806 338 706 721 
Bin 117: 850 388 463 4 169 246 928 
Bin 118: 607 596 615 186 917 
Bin 119: 946 301 983 856 339 379 260 
Bin 120: 485 421 558 380 896 
Bin 121: 265 486 164 461 913 219 
Bin 122: 541 444 510 82 648 191 
Bin 123: 173 167 266 464 361 907 
Bin 124: 895 137 915 445 347 
Bin 125: 482 494 193 44 985 746 651 
Bin 126: 269 672 988 399 351 226 817 
Bin 127: 947 52 814 868 997 162 
Bin 128: 460 109 146 45 487 858 236 
Bin 129: 568 838 834 591 94 649 565 621 
Bin 130: 781 603 149 129 189 553 675 429 
Bin 131: 488 720 802 522 726 549 375 
Bin 132: 996 477 493 665 74 468 
Bin 133: 308 743 272 894 664 140 473 448 
Bin 134: 83 472 354 700 670 297 529 
Bin 135: 889 188 867 172 368 967 406 
Bin 136: 417 217 496 166 229 190 
Bin 137: 248 905 364 763 659 662 382 
Bin 138: 127 792 322 2 912 687 
Bin 139: 405 733 171 919 587 881 580 
Bin 140: 964 855 36 797 243 175 
Bin 141: 862 644 556 329 176 697 
Bin 142: 993 307 586 19 459 415 782 
Bin 143: 512 132 130 160 737 233 
Bin 144: 716 356 709 106 145 998 849 
Bin 145: 844 760 551 458 346 999 520 
Bin 146: 285 575 511 660 316 
Bin 147: 403 302 732 237 513 286 
Bin 148: 775 489 13 507 331 791 383 
Bin 149: 418 78 161 656 893 822 
Bin 150: 335 890 870 557 153 
Bin 151: 392 514 81 179 77 516 
Bin 152: 154 715 948 560 618 582 
