# Objective: 22
# Time: 5.5582
# Feasible: 1
# Solution:
Bin 0: 79 33 49 48 66 103 
Bin 1: 72 0 41 59 101 
Bin 2: 52 17 84 11 57 89 94 
Bin 3: 15 77 119 26 73 
Bin 4: 111 81 63 91 23 40 
Bin 5: 71 86 37 20 46 
Bin 6: 97 1 58 115 118 8 106 
Bin 7: 108 88 28 78 116 
Bin 8: 35 95 22 100 98 7 74 
Bin 9: 27 92 113 65 13 
Bin 10: 82 102 68 31 18 25 
Bin 11: 44 56 12 24 96 109 
Bin 12: 38 114 6 62 93 45 
Bin 13: 30 50 117 5 107 21 
Bin 14: 85 55 99 51 42 
Bin 15: 69 47 76 16 104 
Bin 16: 70 10 105 3 60 
Bin 17: 112 67 110 87 61 
Bin 18: 9 75 83 29 53 
Bin 19: 34 2 19 4 14 80 
Bin 20: 36 54 43 64 39 
Bin 21: 90 32 
