# Objective: 152
# Time: 512.773
# Feasible: 1
# Solution:
Bin 0: 668 497 671 540 330 344 114 
Bin 1: 535 238 40 563 434 33 263 
Bin 2: 644 806 341 758 522 349 242 755 
Bin 3: 162 902 447 592 225 169 
Bin 4: 770 465 383 810 509 322 308 
Bin 5: 424 216 838 90 678 
Bin 6: 375 0 789 638 123 991 392 
Bin 7: 22 226 996 591 387 
Bin 8: 474 440 808 21 741 228 
Bin 9: 500 156 738 797 956 534 541 
Bin 10: 572 783 598 726 781 157 
Bin 11: 442 15 451 897 76 612 
Bin 12: 521 935 117 695 862 177 496 792 
Bin 13: 957 767 575 189 132 888 
Bin 14: 642 229 206 869 674 135 914 
Bin 15: 97 449 133 680 889 555 566 576 
Bin 16: 232 840 965 654 93 435 850 
Bin 17: 112 393 266 41 490 532 506 207 
Bin 18: 779 579 131 317 998 945 597 
Bin 19: 828 542 874 833 312 140 63 
Bin 20: 546 24 643 409 793 51 855 
Bin 21: 894 963 625 279 323 571 
Bin 22: 705 95 202 893 455 937 192 321 
Bin 23: 480 53 462 335 739 510 
Bin 24: 137 81 664 866 38 488 145 
Bin 25: 150 989 686 684 161 20 
Bin 26: 983 533 851 403 766 904 790 713 
Bin 27: 326 100 439 376 723 
Bin 28: 144 1 757 444 951 968 45 
Bin 29: 453 558 929 587 334 237 718 900 
Bin 30: 35 501 912 641 210 639 737 
Bin 31: 58 173 984 102 314 380 846 305 
Bin 32: 265 574 882 146 872 466 907 
Bin 33: 837 201 578 901 624 203 104 
Bin 34: 361 360 890 517 529 910 218 
Bin 35: 200 337 694 673 365 261 64 
Bin 36: 667 384 666 947 978 306 70 
Bin 37: 710 611 217 762 722 629 
Bin 38: 826 427 9 473 86 519 
Bin 39: 706 42 852 577 720 717 
Bin 40: 141 338 107 450 958 972 585 
Bin 41: 372 763 593 422 859 616 55 
Bin 42: 649 205 503 917 761 932 734 
Bin 43: 854 476 419 154 548 493 946 524 471 
Bin 44: 222 753 661 731 925 385 127 746 
Bin 45: 499 655 545 811 628 875 581 
Bin 46: 970 461 370 583 373 
Bin 47: 994 153 562 390 997 949 980 
Bin 48: 357 234 733 230 25 934 489 166 
Bin 49: 292 401 487 299 236 364 
Bin 50: 735 352 432 692 295 165 927 
Bin 51: 328 964 258 398 125 498 764 
Bin 52: 345 813 588 589 124 990 445 
Bin 53: 511 516 663 682 371 621 676 962 
Bin 54: 953 887 982 704 939 443 526 
Bin 55: 944 106 82 452 748 
Bin 56: 814 543 599 646 920 884 669 679 
Bin 57: 752 515 59 316 760 697 
Bin 58: 110 248 636 108 438 47 302 
Bin 59: 491 274 596 647 561 187 239 
Bin 60: 560 448 23 255 675 845 494 788 
Bin 61: 883 816 96 52 505 
Bin 62: 209 688 969 60 960 832 677 
Bin 63: 879 858 168 469 565 12 640 
Bin 64: 331 981 799 974 280 14 
Bin 65: 235 847 118 553 918 791 987 
Bin 66: 608 614 829 147 290 635 470 163 
Bin 67: 208 615 701 801 185 617 
Bin 68: 215 938 36 711 613 336 967 
Bin 69: 128 399 645 658 745 657 
Bin 70: 356 716 10 955 700 367 195 257 
Bin 71: 138 172 386 472 48 870 
Bin 72: 87 754 186 848 94 744 954 631 
Bin 73: 120 32 633 769 871 402 
Bin 74: 65 648 839 785 83 999 903 
Bin 75: 368 672 800 320 827 919 
Bin 76: 333 696 549 502 864 77 
Bin 77: 212 428 253 547 136 134 
Bin 78: 397 747 61 297 303 985 477 
Bin 79: 98 264 171 429 277 876 72 
Bin 80: 853 721 194 514 294 607 756 
Bin 81: 732 155 269 507 256 62 623 
Bin 82: 176 68 346 8 802 250 167 283 
Bin 83: 298 948 389 43 284 556 414 
Bin 84: 551 270 74 275 905 771 
Bin 85: 431 148 940 780 273 49 
Bin 86: 942 358 80 630 142 231 
Bin 87: 924 803 552 916 898 950 725 
Bin 88: 484 193 241 632 606 993 943 
Bin 89: 782 915 2 293 327 570 
Bin 90: 219 702 622 703 539 84 
Bin 91: 122 495 627 504 268 46 198 
Bin 92: 190 31 714 213 689 251 57 
Bin 93: 481 39 743 653 343 160 
Bin 94: 601 396 818 115 634 979 446 
Bin 95: 637 483 332 388 458 374 
Bin 96: 259 347 569 881 418 995 798 
Bin 97: 204 961 977 139 454 557 
Bin 98: 865 740 819 685 196 681 
Bin 99: 736 817 518 417 921 988 742 301 
Bin 100: 404 728 377 28 896 304 492 6 
Bin 101: 923 478 886 359 719 698 809 
Bin 102: 339 54 906 412 971 729 
Bin 103: 300 233 413 660 88 
Bin 104: 670 79 382 178 421 99 
Bin 105: 381 604 928 410 651 468 
Bin 106: 158 363 536 856 175 724 
Bin 107: 223 787 152 307 188 246 170 
Bin 108: 683 459 164 823 530 485 973 
Bin 109: 768 34 567 113 878 602 286 765 
Bin 110: 103 354 776 313 101 430 
Bin 111: 812 913 656 329 395 467 464 
Bin 112: 586 777 931 512 550 
Bin 113: 986 538 415 807 975 
Bin 114: 182 405 873 825 319 11 559 
Bin 115: 406 544 843 795 262 715 
Bin 116: 272 508 19 441 891 707 
Bin 117: 603 880 899 348 126 568 
Bin 118: 143 282 527 260 594 151 111 
Bin 119: 159 620 693 214 85 849 224 
Bin 120: 709 174 821 378 885 310 
Bin 121: 30 772 287 794 804 50 
Bin 122: 69 844 249 584 662 197 
Bin 123: 909 834 296 966 244 121 822 
Bin 124: 26 892 411 340 659 
Bin 125: 609 868 16 786 600 271 
Bin 126: 992 805 191 71 520 712 
Bin 127: 618 407 976 610 245 
Bin 128: 590 861 619 355 353 4 
Bin 129: 824 523 877 835 247 796 
Bin 130: 857 456 181 936 408 240 
Bin 131: 130 289 525 342 109 91 486 67 
Bin 132: 773 116 863 778 184 922 3 
Bin 133: 416 479 362 129 460 254 5 
Bin 134: 463 27 325 119 369 56 941 
Bin 135: 315 926 92 774 73 183 
Bin 136: 750 528 220 580 324 959 
Bin 137: 475 281 573 89 830 391 
Bin 138: 423 351 933 751 288 420 
Bin 139: 911 595 930 564 13 
Bin 140: 860 291 582 652 211 366 180 
Bin 141: 952 18 727 513 44 
Bin 142: 309 815 437 482 29 
Bin 143: 690 775 908 626 426 730 
Bin 144: 749 227 687 7 650 285 311 
Bin 145: 708 179 784 759 318 457 
Bin 146: 252 199 267 105 820 
Bin 147: 243 425 895 37 665 149 
Bin 148: 831 842 278 379 537 433 221 
Bin 149: 436 66 554 699 400 350 
Bin 150: 78 605 841 394 867 
Bin 151: 836 276 17 691 531 75 
