# Objective: 151
# Time: 409.003
# Feasible: 1
# Solution:
Bin 0: 117 779 396 481 617 970 
Bin 1: 188 906 910 944 235 156 
Bin 2: 587 150 88 972 450 
Bin 3: 832 351 397 631 836 464 817 
Bin 4: 380 142 276 503 258 651 960 
Bin 5: 359 452 723 988 420 999 564 443 566 
Bin 6: 848 176 501 414 870 44 
Bin 7: 352 499 844 748 365 693 283 331 
Bin 8: 122 234 185 584 505 472 263 
Bin 9: 316 698 148 477 144 151 26 
Bin 10: 306 806 562 676 89 364 871 
Bin 11: 756 187 978 732 273 438 560 
Bin 12: 240 883 653 537 73 296 830 
Bin 13: 620 673 586 747 278 624 440 947 
Bin 14: 343 743 737 427 842 907 963 
Bin 15: 619 637 552 284 948 648 553 
Bin 16: 99 915 943 59 789 456 
Bin 17: 868 115 18 662 19 924 120 
Bin 18: 231 785 291 610 470 669 
Bin 19: 596 254 49 612 84 518 
Bin 20: 371 429 298 749 852 52 395 20 
Bin 21: 179 0 340 827 471 511 507 985 
Bin 22: 954 828 403 495 172 384 289 64 
Bin 23: 6 497 581 884 725 706 71 
Bin 24: 482 829 981 242 752 956 823 
Bin 25: 14 724 591 489 601 784 48 
Bin 26: 647 361 75 329 236 949 549 633 
Bin 27: 588 5 149 635 689 140 554 559 
Bin 28: 165 239 984 134 288 7 220 
Bin 29: 704 130 557 409 196 92 
Bin 30: 811 33 467 866 9 782 
Bin 31: 845 975 982 889 934 161 154 
Bin 32: 604 123 317 775 98 618 
Bin 33: 3 909 918 900 189 824 266 
Bin 34: 696 376 655 715 446 163 
Bin 35: 404 342 96 594 468 
Bin 36: 295 47 410 520 675 875 
Bin 37: 744 786 219 671 764 
Bin 38: 762 350 221 515 367 712 
Bin 39: 992 335 321 502 541 733 
Bin 40: 837 957 186 432 307 419 539 
Bin 41: 839 763 609 760 878 233 
Bin 42: 781 700 891 137 573 167 
Bin 43: 485 97 486 546 903 971 145 920 
Bin 44: 778 79 897 996 776 997 529 
Bin 45: 661 799 124 125 157 512 670 
Bin 46: 463 108 290 589 556 155 
Bin 47: 872 674 423 636 961 819 865 
Bin 48: 810 226 532 962 106 496 658 
Bin 49: 899 534 4 791 572 
Bin 50: 578 439 230 690 847 688 664 
Bin 51: 526 616 893 993 35 800 
Bin 52: 27 925 347 57 665 695 199 
Bin 53: 627 208 941 598 353 577 207 
Bin 54: 574 843 834 375 656 765 710 590 
Bin 55: 728 945 535 215 821 722 
Bin 56: 672 11 905 788 197 683 500 600 
Bin 57: 593 264 991 597 919 701 753 735 
Bin 58: 177 381 320 663 646 277 916 
Bin 59: 209 398 987 708 668 
Bin 60: 895 303 874 861 902 261 
Bin 61: 385 41 544 431 813 807 61 523 
Bin 62: 259 864 904 478 299 608 
Bin 63: 190 45 882 729 193 
Bin 64: 202 339 702 191 667 682 
Bin 65: 228 697 25 585 892 32 717 
Bin 66: 657 595 206 194 709 129 116 
Bin 67: 629 91 812 951 575 292 761 901 
Bin 68: 626 538 831 521 694 815 
Bin 69: 980 285 325 555 958 493 
Bin 70: 805 250 158 132 43 780 
Bin 71: 105 796 344 462 634 851 81 
Bin 72: 54 738 714 426 229 430 407 
Bin 73: 72 504 727 412 111 168 355 400 
Bin 74: 930 356 913 216 121 411 
Bin 75: 894 415 611 995 201 441 
Bin 76: 136 567 183 51 922 622 223 
Bin 77: 703 858 974 58 256 576 16 932 
Bin 78: 603 162 281 337 809 639 
Bin 79: 349 160 416 379 362 29 736 
Bin 80: 304 422 614 182 437 912 308 
Bin 81: 22 152 679 602 686 248 
Bin 82: 131 387 713 745 530 966 685 
Bin 83: 95 78 65 425 766 509 666 881 
Bin 84: 862 305 195 692 850 460 911 
Bin 85: 17 241 62 853 498 373 
Bin 86: 315 968 326 976 300 253 797 
Bin 87: 63 294 159 243 506 
Bin 88: 405 734 324 645 757 67 
Bin 89: 640 333 793 210 12 90 
Bin 90: 517 246 540 484 628 857 327 
Bin 91: 516 287 128 599 445 23 318 
Bin 92: 790 257 360 571 955 801 
Bin 93: 768 522 444 558 491 888 767 
Bin 94: 570 969 758 849 754 86 
Bin 95: 345 739 238 442 977 938 730 720 
Bin 96: 118 923 102 826 408 465 638 
Bin 97: 711 392 332 293 282 112 
Bin 98: 260 772 251 104 82 513 953 
Bin 99: 691 742 428 487 773 127 60 
Bin 100: 867 383 952 83 265 390 247 
Bin 101: 841 466 103 803 69 70 917 475 
Bin 102: 366 880 169 279 579 856 
Bin 103: 820 13 583 908 565 946 
Bin 104: 508 649 424 731 741 855 8 
Bin 105: 650 399 166 914 718 368 28 
Bin 106: 860 699 232 46 311 568 469 
Bin 107: 746 171 200 454 654 50 615 
Bin 108: 323 34 547 274 890 642 391 434 
Bin 109: 269 787 147 533 164 271 330 
Bin 110: 270 625 928 85 328 528 245 
Bin 111: 336 135 348 887 212 569 
Bin 112: 388 751 935 319 774 421 133 
Bin 113: 783 42 818 338 488 457 184 
Bin 114: 100 55 721 543 175 950 825 
Bin 115: 808 38 449 56 792 218 
Bin 116: 386 80 211 406 363 705 1 
Bin 117: 275 459 297 563 794 519 531 
Bin 118: 101 937 286 377 389 249 
Bin 119: 998 314 719 707 143 180 268 
Bin 120: 138 436 402 37 461 726 139 
Bin 121: 933 24 170 153 548 225 
Bin 122: 967 15 777 341 989 846 514 
Bin 123: 448 178 926 76 357 322 
Bin 124: 929 110 524 835 550 
Bin 125: 641 771 840 873 458 
Bin 126: 896 237 313 77 687 580 
Bin 127: 301 252 31 222 684 146 217 
Bin 128: 141 644 417 750 681 119 
Bin 129: 986 310 859 973 804 802 370 
Bin 130: 759 479 833 854 114 74 
Bin 131: 630 755 716 542 525 374 
Bin 132: 660 877 66 255 2 
Bin 133: 203 942 107 936 964 879 
Bin 134: 369 393 959 607 30 536 551 
Bin 135: 561 680 921 643 10 476 
Bin 136: 93 927 769 401 838 113 173 
Bin 137: 309 354 447 623 582 994 480 
Bin 138: 816 280 262 205 372 272 
Bin 139: 983 453 451 174 613 
Bin 140: 632 94 886 795 302 592 510 
Bin 141: 770 213 36 492 435 869 
Bin 142: 224 652 474 494 606 382 473 
Bin 143: 490 814 885 876 455 940 979 
Bin 144: 965 527 192 677 346 378 
Bin 145: 87 334 68 358 21 
Bin 146: 659 740 621 227 990 798 
Bin 147: 483 605 413 939 214 244 
Bin 148: 931 822 433 198 418 312 678 
Bin 149: 267 545 53 40 863 394 
Bin 150: 126 181 204 39 898 109 
