# Objective: 75
# Time: 22.8898
# Feasible: 1
# Solution:
Bin 0: 461 188 162 157 11 339 169 
Bin 1: 106 486 231 128 88 394 307 
Bin 2: 489 117 314 213 333 74 323 84 483 
Bin 3: 260 96 436 268 306 56 100 
Bin 4: 37 385 80 432 463 18 
Bin 5: 427 470 135 131 367 191 
Bin 6: 251 46 201 269 195 52 406 
Bin 7: 308 70 116 217 290 112 345 119 
Bin 8: 98 284 296 15 172 
Bin 9: 324 294 328 144 90 17 180 310 
Bin 10: 256 196 16 380 93 437 
Bin 11: 321 447 221 351 19 298 73 
Bin 12: 366 102 155 79 452 485 373 123 
Bin 13: 24 146 442 365 241 
Bin 14: 127 342 259 404 359 433 335 190 
Bin 15: 61 398 6 304 181 371 494 68 449 
Bin 16: 425 85 451 415 317 413 
Bin 17: 319 89 249 111 311 62 428 360 
Bin 18: 101 245 77 291 381 297 9 132 
Bin 19: 200 227 164 65 376 32 
Bin 20: 30 66 417 23 45 396 320 
Bin 21: 279 374 354 69 378 95 
Bin 22: 479 166 348 232 177 179 
Bin 23: 248 143 409 377 59 482 471 288 
Bin 24: 202 344 424 5 44 26 
Bin 25: 293 349 370 94 170 481 
Bin 26: 171 236 38 429 43 50 87 
Bin 27: 287 422 8 14 363 208 72 331 
Bin 28: 387 289 225 240 246 
Bin 29: 336 192 7 326 301 273 491 153 
Bin 30: 257 393 250 63 315 330 
Bin 31: 403 493 401 276 48 
Bin 32: 312 27 34 388 277 472 416 
Bin 33: 156 175 199 218 28 3 
Bin 34: 399 103 29 110 480 292 
Bin 35: 126 382 332 140 441 193 
Bin 36: 105 438 129 185 271 39 313 224 
Bin 37: 453 353 305 115 255 458 
Bin 38: 244 233 368 138 207 462 
Bin 39: 33 247 274 2 457 51 270 426 
Bin 40: 473 13 178 64 498 220 358 475 
Bin 41: 0 120 383 165 197 386 212 109 
Bin 42: 139 183 60 228 369 161 334 
Bin 43: 455 468 492 182 303 215 158 
Bin 44: 114 302 118 81 159 431 
Bin 45: 420 411 76 435 239 
Bin 46: 364 136 421 91 226 160 254 392 
Bin 47: 86 341 408 223 237 286 
Bin 48: 325 469 219 36 167 173 
Bin 49: 499 134 478 216 280 445 434 
Bin 50: 230 488 466 22 467 281 252 
Bin 51: 459 391 121 443 390 278 99 327 
Bin 52: 412 235 375 40 41 243 266 357 186 
Bin 53: 355 20 407 329 379 149 21 
Bin 54: 423 402 446 133 137 309 
Bin 55: 42 12 151 419 414 67 
Bin 56: 350 203 141 460 346 496 
Bin 57: 456 122 130 418 168 210 214 
Bin 58: 142 78 264 145 275 31 439 
Bin 59: 495 464 474 487 282 
Bin 60: 343 211 300 295 440 
Bin 61: 54 337 395 283 184 194 497 
Bin 62: 154 400 340 285 352 
Bin 63: 465 198 55 372 176 356 107 322 
Bin 64: 163 209 405 58 253 113 
Bin 65: 71 47 389 104 229 258 174 
Bin 66: 410 189 362 384 206 450 
Bin 67: 318 57 263 205 187 261 35 
Bin 68: 361 75 124 454 53 
Bin 69: 1 125 476 444 147 83 
Bin 70: 150 10 430 477 347 238 
Bin 71: 338 152 262 272 490 265 
Bin 72: 267 97 25 49 397 299 
Bin 73: 234 448 316 222 108 484 148 
Bin 74: 204 82 242 92 4 
