# Objective: 152
# Time: 632.859
# Feasible: 1
# Solution:
Bin 0: 662 69 263 471 751 
Bin 1: 519 432 823 58 22 921 
Bin 2: 54 178 428 418 834 636 
Bin 3: 577 284 18 775 414 383 466 188 119 
Bin 4: 768 780 225 217 526 986 794 652 
Bin 5: 609 216 722 438 786 970 107 946 269 
Bin 6: 843 368 806 968 49 163 939 
Bin 7: 595 297 720 241 48 275 350 57 
Bin 8: 833 649 118 165 308 706 
Bin 9: 336 229 55 123 250 551 134 
Bin 10: 875 452 286 456 199 247 429 
Bin 11: 589 314 745 708 600 634 909 380 
Bin 12: 701 50 300 983 23 75 130 
Bin 13: 957 327 857 405 423 369 
Bin 14: 62 821 61 7 566 853 
Bin 15: 154 277 869 810 413 2 
Bin 16: 990 169 288 467 161 568 
Bin 17: 0 387 885 213 495 92 744 
Bin 18: 597 116 673 480 503 
Bin 19: 863 377 1 702 83 716 766 16 801 
Bin 20: 878 256 989 339 864 
Bin 21: 40 197 777 771 704 574 338 93 985 
Bin 22: 607 204 698 690 411 784 582 324 
Bin 23: 711 583 345 464 292 122 611 
Bin 24: 681 167 977 975 602 267 563 
Bin 25: 330 382 858 663 491 944 60 
Bin 26: 964 228 842 325 321 687 
Bin 27: 303 598 298 811 100 
Bin 28: 448 576 415 627 555 441 
Bin 29: 529 747 433 419 481 45 
Bin 30: 887 379 670 266 612 349 218 
Bin 31: 375 356 849 877 960 765 
Bin 32: 90 157 969 533 827 112 
Bin 33: 933 270 717 667 200 972 
Bin 34: 396 13 692 538 173 145 
Bin 35: 996 249 757 865 617 198 
Bin 36: 255 914 770 440 395 517 543 
Bin 37: 484 684 315 86 579 676 
Bin 38: 548 802 224 371 642 
Bin 39: 76 70 502 388 581 741 254 311 
Bin 40: 490 822 556 170 689 137 323 
Bin 41: 703 366 664 552 367 666 950 
Bin 42: 332 504 947 647 458 699 399 144 
Bin 43: 335 252 696 759 355 987 949 427 
Bin 44: 455 524 730 739 695 9 84 262 
Bin 45: 189 805 477 628 837 599 99 
Bin 46: 836 677 879 873 812 
Bin 47: 618 693 435 246 354 778 47 
Bin 48: 697 147 179 489 505 110 146 
Bin 49: 17 372 124 910 959 644 
Bin 50: 772 268 893 152 348 916 674 
Bin 51: 166 329 501 540 498 
Bin 52: 126 976 839 302 790 182 401 
Bin 53: 748 924 630 606 838 830 951 
Bin 54: 322 299 646 867 511 135 
Bin 55: 318 77 815 71 63 206 613 
Bin 56: 991 622 186 485 469 900 888 
Bin 57: 472 614 672 619 553 507 273 965 446 
Bin 58: 80 425 523 190 898 352 754 
Bin 59: 474 25 104 258 359 938 
Bin 60: 215 961 542 362 564 626 569 
Bin 61: 591 220 979 723 936 341 385 848 
Bin 62: 251 694 740 907 408 36 
Bin 63: 571 603 473 906 763 172 
Bin 64: 635 725 31 872 151 337 659 
Bin 65: 776 35 304 825 226 871 65 
Bin 66: 461 886 550 638 211 131 937 
Bin 67: 923 727 343 590 301 844 363 
Bin 68: 3 624 816 530 95 828 
Bin 69: 109 403 769 159 439 257 847 
Bin 70: 132 488 276 393 168 605 
Bin 71: 688 410 361 51 639 463 516 
Bin 72: 478 223 451 482 973 539 
Bin 73: 549 244 230 984 889 
Bin 74: 738 956 227 788 657 243 601 
Bin 75: 309 240 33 764 20 237 761 
Bin 76: 534 88 718 942 773 840 260 
Bin 77: 285 28 310 44 995 462 884 
Bin 78: 856 222 671 668 903 866 171 
Bin 79: 360 831 394 174 406 421 
Bin 80: 221 475 928 570 91 407 678 
Bin 81: 98 554 436 15 911 592 
Bin 82: 545 138 344 85 913 
Bin 83: 34 506 756 661 645 522 705 
Bin 84: 736 253 953 280 496 952 
Bin 85: 935 846 334 585 799 153 
Bin 86: 293 567 97 205 492 
Bin 87: 194 386 902 963 111 536 404 896 
Bin 88: 586 96 68 4 141 412 494 
Bin 89: 926 234 854 596 239 
Bin 90: 236 357 535 826 752 416 
Bin 91: 149 46 779 164 148 320 546 181 700 
Bin 92: 193 594 117 948 800 453 
Bin 93: 499 860 593 709 918 113 296 
Bin 94: 997 317 728 974 41 454 
Bin 95: 943 905 459 158 417 818 587 
Bin 96: 272 992 729 557 8 930 
Bin 97: 615 862 841 890 625 312 781 
Bin 98: 290 731 444 219 400 420 94 
Bin 99: 648 532 633 604 881 
Bin 100: 500 958 931 658 278 988 66 
Bin 101: 515 927 10 493 521 734 
Bin 102: 384 813 525 713 316 32 
Bin 103: 643 760 915 509 940 180 
Bin 104: 121 281 283 608 364 632 209 
Bin 105: 365 115 982 651 59 735 
Bin 106: 508 785 610 183 202 715 207 
Bin 107: 82 809 691 442 640 808 
Bin 108: 655 621 483 868 560 136 656 
Bin 109: 679 43 749 528 487 
Bin 110: 373 547 514 561 274 
Bin 111: 37 932 175 192 829 307 
Bin 112: 101 934 954 431 714 295 424 
Bin 113: 21 743 897 53 231 
Bin 114: 347 804 245 203 791 422 74 265 391 
Bin 115: 962 282 584 817 967 795 894 792 
Bin 116: 447 929 156 572 331 445 
Bin 117: 631 89 861 129 392 641 807 
Bin 118: 279 895 573 201 578 
Bin 119: 955 287 232 650 191 
Bin 120: 103 832 637 177 891 398 
Bin 121: 753 342 378 512 835 468 87 
Bin 122: 518 434 64 787 291 755 443 
Bin 123: 26 737 196 185 389 195 
Bin 124: 326 73 264 319 993 127 919 
Bin 125: 486 710 981 527 575 19 
Bin 126: 14 437 30 27 12 
Bin 127: 880 855 187 133 669 426 
Bin 128: 721 675 758 565 510 899 
Bin 129: 56 682 259 306 712 994 81 
Bin 130: 162 732 358 176 707 750 139 920 
Bin 131: 105 346 390 140 108 143 892 
Bin 132: 978 876 680 476 782 381 128 402 
Bin 133: 374 449 42 235 620 6 
Bin 134: 114 588 397 850 798 
Bin 135: 370 971 79 686 558 922 980 
Bin 136: 531 796 544 155 797 120 912 
Bin 137: 184 917 497 726 819 248 
Bin 138: 233 660 724 72 908 537 11 
Bin 139: 945 160 340 457 966 793 38 580 
Bin 140: 859 925 941 465 623 52 
Bin 141: 998 289 24 5 450 242 
Bin 142: 851 261 294 541 654 882 746 
Bin 143: 742 351 774 376 460 685 
Bin 144: 562 901 142 29 470 803 814 
Bin 145: 353 430 333 208 870 
Bin 146: 616 653 999 479 313 67 106 
Bin 147: 305 520 719 78 733 409 
Bin 148: 102 125 629 904 328 665 238 
Bin 149: 820 39 824 874 852 783 
Bin 150: 212 214 683 513 762 845 
Bin 151: 271 150 210 559 883 789 767 
