# Objective: 18
# Time: 3.26409
# Feasible: 1
# Solution:
Bin 0: 57 67 102 31 63 30 
Bin 1: 0 81 114 5 113 26 89 118 108 106 
Bin 2: 48 79 7 73 72 98 111 
Bin 3: 88 92 38 6 45 59 
Bin 4: 109 87 74 96 90 34 1 
Bin 5: 55 42 24 84 86 2 112 
Bin 6: 60 97 8 29 85 
Bin 7: 11 82 80 83 37 49 101 
Bin 8: 71 41 47 56 10 100 
Bin 9: 4 21 65 91 40 13 28 77 
Bin 10: 44 58 46 18 3 93 110 
Bin 11: 75 99 12 20 32 35 27 
Bin 12: 119 43 61 50 70 76 
Bin 13: 33 15 105 116 117 78 
Bin 14: 64 62 68 94 95 54 9 
Bin 15: 22 52 36 66 23 17 
Bin 16: 25 14 69 51 115 16 19 
Bin 17: 103 39 53 104 107 
