# Objective: 171
# Time: 3605.54
# Feasible: 1
# Solution:
Bin 0: 714 692 128 100 321 73 
Bin 1: 649 913 101 963 174 53 
Bin 2: 375 120 319 750 70 849 
Bin 3: 182 783 980 545 213 900 974 
Bin 4: 505 625 438 237 347 
Bin 5: 391 701 231 734 760 178 43 
Bin 6: 485 153 349 876 200 979 
Bin 7: 517 449 525 475 277 972 340 
Bin 8: 253 338 921 510 551 462 
Bin 9: 262 772 830 290 971 145 916 
Bin 10: 291 699 957 399 214 320 
Bin 11: 854 731 12 407 413 65 
Bin 12: 840 470 812 179 465 969 638 
Bin 13: 715 524 20 765 432 270 
Bin 14: 31 206 547 310 617 40 83 
Bin 15: 426 697 949 469 918 667 
Bin 16: 325 745 414 984 345 259 
Bin 17: 652 239 89 306 661 944 
Bin 18: 819 219 526 754 931 629 
Bin 19: 580 329 479 773 71 481 
Bin 20: 45 634 264 904 183 810 
Bin 21: 308 44 33 248 9 
Bin 22: 494 933 548 950 371 538 
Bin 23: 220 738 915 685 945 129 555 
Bin 24: 116 111 698 16 458 910 122 
Bin 25: 364 811 187 397 151 304 
Bin 26: 109 826 144 196 184 411 
Bin 27: 766 446 441 488 353 94 
Bin 28: 955 434 940 856 519 552 268 
Bin 29: 425 742 269 285 660 380 
Bin 30: 890 230 400 658 737 341 
Bin 31: 439 447 107 997 550 238 776 
Bin 32: 134 296 1 911 636 
Bin 33: 509 154 579 227 794 75 
Bin 34: 324 118 294 589 740 369 
Bin 35: 677 396 500 429 39 420 
Bin 36: 631 718 57 314 643 
Bin 37: 799 741 115 401 339 566 
Bin 38: 55 68 280 821 159 311 
Bin 39: 725 942 204 172 744 903 
Bin 40: 126 729 533 62 878 293 
Bin 41: 575 967 621 158 857 
Bin 42: 518 886 327 152 675 588 272 
Bin 43: 906 393 681 2 902 
Bin 44: 722 938 882 38 191 
Bin 45: 156 829 757 
Bin 46: 542 705 210 173 102 934 
Bin 47: 874 870 295 968 535 448 
Bin 48: 161 787 303 567 76 474 
Bin 49: 936 758 140 5 666 901 
Bin 50: 801 844 228 119 574 571 11 
Bin 51: 561 929 669 616 702 64 
Bin 52: 250 908 796 825 521 995 
Bin 53: 939 774 471 991 896 192 
Bin 54: 193 491 257 600 937 700 
Bin 55: 95 205 334 189 468 
Bin 56: 639 755 34 309 943 
Bin 57: 368 459 88 404 80 305 
Bin 58: 862 907 132 297 650 859 298 
Bin 59: 47 445 771 858 106 522 
Bin 60: 847 215 98 508 
Bin 61: 46 582 127 357 803 284 
Bin 62: 355 29 386 930 711 570 
Bin 63: 431 523 3 709 56 
Bin 64: 530 749 267 502 90 892 
Bin 65: 733 346 751 23 67 601 
Bin 66: 316 93 795 752 6 201 
Bin 67: 690 403 177 863 131 
Bin 68: 646 266 480 42 781 982 
Bin 69: 767 578 599 377 103 
Bin 70: 899 893 454 569 527 999 
Bin 71: 354 63 478 544 633 
Bin 72: 948 299 105 724 35 723 
Bin 73: 888 985 276 514 217 
Bin 74: 85 789 121 836 743 14 
Bin 75: 880 657 917 275 832 348 
Bin 76: 622 202 168 195 965 22 
Bin 77: 543 682 998 816 37 135 87 
Bin 78: 323 689 707 199 389 395 
Bin 79: 221 223 241 691 19 442 
Bin 80: 951 563 528 142 28 455 
Bin 81: 423 373 546 108 987 
Bin 82: 992 683 624 181 486 
Bin 83: 82 233 817 461 831 
Bin 84: 148 381 243 587 
Bin 85: 249 628 520 171 4 592 
Bin 86: 487 763 342 218 935 467 
Bin 87: 604 860 838 124 10 
Bin 88: 133 804 728 416 74 861 668 
Bin 89: 713 673 672 427 456 869 
Bin 90: 328 453 537 586 873 591 
Bin 91: 659 61 641 360 499 
Bin 92: 326 417 162 678 532 
Bin 93: 962 169 372 361 556 770 
Bin 94: 251 343 710 452 0 147 
Bin 95: 25 614 422 435 593 477 
Bin 96: 764 912 271 460 492 827 408 
Bin 97: 180 289 868 708 234 197 
Bin 98: 464 560 498 739 919 679 
Bin 99: 947 573 515 123 958 648 
Bin 100: 255 834 961 684 32 852 374 
Bin 101: 54 493 322 730 229 837 
Bin 102: 136 51 302 926 383 
Bin 103: 363 807 894 884 490 188 
Bin 104: 645 443 981 110 96 489 
Bin 105: 473 843 656 717 331 512 895 
Bin 106: 79 511 977 164 784 877 
Bin 107: 721 577 157 996 440 
Bin 108: 402 791 735 208 513 97 387 
Bin 109: 732 802 415 91 786 540 
Bin 110: 777 232 278 539 720 820 104 
Bin 111: 905 693 260 350 421 797 412 
Bin 112: 143 137 81 576 225 627 138 
Bin 113: 283 788 956 696 163 612 
Bin 114: 281 49 292 558 
Bin 115: 444 923 265 26 664 851 
Bin 116: 726 798 224 50 352 
Bin 117: 406 670 872 366 618 864 
Bin 118: 994 125 850 790 247 746 
Bin 119: 529 993 839 954 27 
Bin 120: 209 914 198 273 482 
Bin 121: 84 559 507 240 256 60 
Bin 122: 644 549 975 824 
Bin 123: 146 15 606 8 706 761 792 
Bin 124: 769 337 665 503 553 806 
Bin 125: 590 69 419 674 946 
Bin 126: 585 203 36 506 160 
Bin 127: 686 845 960 619 632 640 
Bin 128: 379 716 662 983 409 
Bin 129: 828 113 814 964 398 835 
Bin 130: 149 130 808 753 703 
Bin 131: 881 887 818 928 626 
Bin 132: 736 216 117 978 823 897 
Bin 133: 176 883 185 313 775 330 99 226 
Bin 134: 139 986 676 822 704 620 
Bin 135: 853 642 405 21 175 
Bin 136: 959 815 932 150 167 333 
Bin 137: 7 989 779 376 885 
Bin 138: 927 356 848 186 235 
Bin 139: 344 712 565 768 846 58 
Bin 140: 976 394 496 607 450 190 
Bin 141: 207 534 317 437 596 86 762 
Bin 142: 351 941 430 952 922 
Bin 143: 318 384 875 77 476 286 
Bin 144: 695 155 655 78 610 392 
Bin 145: 315 647 611 336 358 865 
Bin 146: 18 594 613 719 597 
Bin 147: 457 245 595 924 800 258 
Bin 148: 301 598 382 41 365 687 
Bin 149: 222 879 484 114 608 385 
Bin 150: 554 748 332 541 307 970 428 
Bin 151: 254 909 495 288 472 562 
Bin 152: 463 282 920 166 242 531 
Bin 153: 17 30 990 410 359 
Bin 154: 279 609 973 889 813 
Bin 155: 727 312 212 605 663 564 
Bin 156: 72 501 653 274 424 654 
Bin 157: 66 635 805 623 436 833 
Bin 158: 651 988 170 637 433 
Bin 159: 782 630 867 778 24 362 
Bin 160: 300 747 603 615 92 536 
Bin 161: 756 418 367 112 378 335 504 
Bin 162: 871 165 194 809 451 
Bin 163: 516 141 793 466 48 
Bin 164: 572 759 855 236 841 287 
Bin 165: 497 483 680 898 688 
Bin 166: 568 52 390 252 866 602 
Bin 167: 370 891 557 388 263 261 
Bin 168: 59 244 780 583 581 671 
Bin 169: 785 925 13 842 966 
Bin 170: 694 953 211 246 584 
