# Objective: 40
# Time: 9.75153
# Feasible: 1
# Solution:
Bin 0: 38 96 173 75 0 56 112 
Bin 1: 105 59 95 131 217 164 9 
Bin 2: 120 7 34 206 187 60 215 19 
Bin 3: 178 77 156 118 210 169 192 
Bin 4: 88 71 154 151 139 12 
Bin 5: 50 31 246 104 98 212 
Bin 6: 86 171 172 85 91 226 
Bin 7: 72 245 218 191 99 232 
Bin 8: 116 20 200 228 28 202 132 45 30 
Bin 9: 201 55 152 155 189 170 186 
Bin 10: 129 239 142 90 241 24 
Bin 11: 176 69 102 235 133 126 223 
Bin 12: 67 127 107 1 83 125 231 
Bin 13: 147 53 66 5 44 134 
Bin 14: 150 158 181 167 73 165 190 194 
Bin 15: 209 62 115 204 68 
Bin 16: 138 8 196 243 203 220 
Bin 17: 199 229 82 49 179 47 10 
Bin 18: 161 103 61 76 15 222 168 
Bin 19: 110 13 128 113 3 
Bin 20: 27 51 18 157 144 
Bin 21: 140 58 121 137 64 
Bin 22: 122 148 40 211 205 159 
Bin 23: 214 180 94 166 111 17 
Bin 24: 6 11 248 207 136 
Bin 25: 123 54 163 46 213 108 
Bin 26: 197 160 79 174 39 29 
Bin 27: 247 184 188 146 87 37 
Bin 28: 236 21 117 221 242 224 
Bin 29: 114 35 219 33 4 14 57 
Bin 30: 97 81 233 135 198 100 
Bin 31: 216 80 65 130 63 52 
Bin 32: 185 119 16 143 101 175 93 
Bin 33: 70 106 225 153 195 145 
Bin 34: 2 42 109 182 234 41 
Bin 35: 240 25 92 227 84 
Bin 36: 193 89 249 74 183 
Bin 37: 208 177 238 124 78 26 
Bin 38: 36 23 43 230 149 237 
Bin 39: 141 244 162 22 48 32 
