# Objective: 77
# Time: 46.8128
# Feasible: 1
# Solution:
Bin 0: 381 411 162 227 430 103 337 
Bin 1: 223 90 105 453 356 230 
Bin 2: 52 307 119 341 251 168 
Bin 3: 54 306 14 166 124 61 324 
Bin 4: 20 478 294 336 65 190 255 
Bin 5: 28 274 127 205 458 144 
Bin 6: 289 12 273 198 214 487 422 215 
Bin 7: 76 305 240 494 392 259 136 
Bin 8: 228 452 77 249 425 
Bin 9: 347 493 292 321 382 3 37 
Bin 10: 211 432 157 142 218 147 234 480 
Bin 11: 418 370 441 187 376 212 179 
Bin 12: 349 299 488 161 496 402 
Bin 13: 408 455 479 327 348 224 50 
Bin 14: 245 374 231 208 120 266 433 
Bin 15: 446 80 74 19 202 
Bin 16: 419 309 244 367 32 235 396 
Bin 17: 104 130 416 439 358 63 129 
Bin 18: 387 59 328 114 10 92 67 253 
Bin 19: 173 58 167 427 426 43 409 
Bin 20: 492 216 7 137 153 
Bin 21: 366 373 333 116 0 109 
Bin 22: 389 135 437 57 312 279 414 
Bin 23: 11 176 56 38 420 476 96 
Bin 24: 160 209 30 133 93 189 
Bin 25: 353 101 177 318 313 186 246 
Bin 26: 281 219 457 150 417 325 46 
Bin 27: 398 24 71 51 316 475 410 
Bin 28: 319 89 222 334 13 322 469 451 
Bin 29: 79 269 131 241 339 287 
Bin 30: 275 111 225 464 85 378 257 
Bin 31: 18 302 293 237 429 263 
Bin 32: 128 145 357 184 75 290 
Bin 33: 497 172 456 1 483 385 33 362 
Bin 34: 314 332 132 94 149 98 
Bin 35: 431 474 247 180 384 460 
Bin 36: 26 151 73 49 449 113 435 
Bin 37: 278 87 200 201 21 204 484 203 
Bin 38: 229 112 118 55 315 413 
Bin 39: 271 300 36 329 495 403 
Bin 40: 323 193 311 471 138 154 199 
Bin 41: 490 270 363 466 304 40 
Bin 42: 268 196 296 400 388 164 
Bin 43: 485 110 115 386 375 445 472 
Bin 44: 174 6 343 5 284 397 
Bin 45: 342 320 139 44 262 
Bin 46: 390 377 236 226 256 155 
Bin 47: 34 297 185 195 310 171 
Bin 48: 272 498 380 238 29 99 140 286 
Bin 49: 41 448 178 207 206 301 405 
Bin 50: 261 340 421 335 48 143 
Bin 51: 394 191 395 194 250 280 
Bin 52: 134 106 78 252 125 436 
Bin 53: 379 91 267 352 69 15 
Bin 54: 159 401 217 372 391 326 
Bin 55: 444 462 331 25 317 31 
Bin 56: 156 17 465 285 83 97 
Bin 57: 182 221 383 68 461 260 243 100 
Bin 58: 463 344 468 148 170 360 407 60 
Bin 59: 84 406 163 81 481 
Bin 60: 438 345 254 450 213 359 361 27 
Bin 61: 423 477 467 354 53 23 
Bin 62: 291 122 123 447 454 412 
Bin 63: 183 442 4 165 107 39 
Bin 64: 102 338 220 210 393 108 283 369 
Bin 65: 35 473 351 470 303 295 
Bin 66: 232 47 192 16 288 404 
Bin 67: 308 66 158 440 248 188 459 
Bin 68: 434 181 424 491 82 242 
Bin 69: 86 282 121 95 399 428 
Bin 70: 482 169 141 365 350 45 8 
Bin 71: 22 330 415 70 355 233 
Bin 72: 364 72 265 2 258 42 
Bin 73: 197 499 276 152 117 
Bin 74: 175 239 88 368 146 371 
Bin 75: 277 489 346 9 298 
Bin 76: 62 486 126 64 443 264 
