# Objective: 19
# Time: 3.24741
# Feasible: 1
# Solution:
Bin 0: 50 99 102 70 1 104 
Bin 1: 29 46 15 115 75 13 
Bin 2: 41 11 62 56 109 25 84 
Bin 3: 4 7 51 47 91 69 14 
Bin 4: 103 32 76 88 97 95 116 
Bin 5: 49 31 17 92 10 107 34 
Bin 6: 22 113 53 36 42 60 78 
Bin 7: 55 83 114 52 35 82 16 
Bin 8: 12 61 86 100 71 89 3 
Bin 9: 68 59 8 33 5 63 
Bin 10: 0 80 72 67 48 118 
Bin 11: 117 94 21 57 64 105 9 79 
Bin 12: 28 98 65 45 108 87 
Bin 13: 85 110 6 38 66 
Bin 14: 27 26 39 30 101 43 
Bin 15: 2 111 54 119 81 
Bin 16: 20 58 77 112 40 19 
Bin 17: 44 93 37 96 24 90 
Bin 18: 74 106 73 23 18 
