# Objective: 38
# Time: 5.1
# Feasible: 1
# Solution:
Bin 0: 59 160 11 247 99 146 145 
Bin 1: 82 194 134 80 64 5 
Bin 2: 164 189 141 112 192 204 212 135 
Bin 3: 79 139 201 166 148 227 
Bin 4: 196 216 35 117 27 115 
Bin 5: 150 218 19 55 25 249 239 54 
Bin 6: 41 236 140 66 156 106 90 
Bin 7: 186 18 245 44 149 119 
Bin 8: 92 103 87 57 176 83 67 
Bin 9: 238 31 174 187 65 40 
Bin 10: 110 237 206 125 127 210 193 
Bin 11: 62 181 121 234 132 136 63 188 
Bin 12: 195 137 124 128 58 
Bin 13: 39 109 209 230 47 50 191 107 
Bin 14: 155 171 6 48 85 118 84 
Bin 15: 190 182 202 95 179 42 8 223 88 
Bin 16: 126 86 13 122 43 165 28 3 
Bin 17: 153 159 1 113 38 61 222 167 114 
Bin 18: 71 131 17 33 70 
Bin 19: 220 104 97 213 231 53 
Bin 20: 205 130 215 177 168 180 
Bin 21: 198 235 78 77 225 
Bin 22: 60 242 232 34 16 
Bin 23: 208 105 52 170 214 142 178 
Bin 24: 129 120 184 162 169 172 24 
Bin 25: 154 116 244 94 101 152 185 183 
Bin 26: 32 224 22 68 158 108 
Bin 27: 73 89 46 15 49 
Bin 28: 26 207 81 217 0 
Bin 29: 37 102 10 197 2 
Bin 30: 72 175 29 23 100 144 
Bin 31: 36 30 56 243 98 14 
Bin 32: 228 221 248 4 93 246 161 75 
Bin 33: 233 12 211 74 147 111 219 21 
Bin 34: 226 69 51 173 123 240 133 
Bin 35: 76 203 229 143 199 138 96 
Bin 36: 7 151 9 200 157 
Bin 37: 241 45 91 163 20 
