# Objective: 152
# Time: 271.774
# Feasible: 1
# Solution:
Bin 0: 289 215 529 89 550 184 301 
Bin 1: 112 277 720 46 355 208 
Bin 2: 832 659 173 241 558 746 203 
Bin 3: 845 306 848 885 539 198 159 5 
Bin 4: 945 798 336 304 274 866 
Bin 5: 597 745 320 912 646 877 701 
Bin 6: 532 44 888 653 618 131 879 
Bin 7: 606 774 499 440 109 880 909 
Bin 8: 74 101 264 682 293 855 254 
Bin 9: 69 907 716 268 338 804 997 
Bin 10: 385 988 86 648 715 
Bin 11: 223 763 197 889 17 182 
Bin 12: 21 964 450 884 515 822 331 
Bin 13: 686 477 354 371 623 125 747 650 99 
Bin 14: 575 617 714 842 226 949 
Bin 15: 239 941 924 926 958 703 256 
Bin 16: 310 957 323 135 439 
Bin 17: 815 317 516 828 765 322 287 
Bin 18: 429 281 53 299 551 374 709 742 
Bin 19: 778 422 864 736 363 269 
Bin 20: 739 598 770 408 731 0 327 424 
Bin 21: 357 503 273 288 91 199 108 
Bin 22: 448 635 726 668 768 
Bin 23: 400 881 32 459 762 854 833 144 
Bin 24: 291 728 80 669 206 748 
Bin 25: 63 399 201 79 863 553 436 946 482 
Bin 26: 649 633 512 117 991 379 652 
Bin 27: 895 883 127 562 433 55 230 200 
Bin 28: 825 373 50 176 292 30 265 
Bin 29: 974 604 467 827 329 796 
Bin 30: 657 533 734 146 505 415 
Bin 31: 377 267 753 250 641 388 
Bin 32: 390 755 913 857 942 414 
Bin 33: 260 544 996 375 121 70 947 
Bin 34: 19 589 688 367 508 315 
Bin 35: 115 756 791 404 247 663 705 928 
Bin 36: 905 163 526 174 577 
Bin 37: 733 637 740 105 785 660 418 
Bin 38: 183 961 23 386 410 28 
Bin 39: 773 133 560 903 26 72 672 
Bin 40: 104 977 216 676 392 71 761 
Bin 41: 572 662 799 443 680 914 
Bin 42: 894 167 752 760 971 677 794 876 800 
Bin 43: 4 102 612 769 316 158 372 161 
Bin 44: 339 566 536 534 394 985 337 
Bin 45: 13 361 481 712 397 
Bin 46: 368 645 285 871 262 87 980 229 
Bin 47: 698 952 615 248 56 406 851 
Bin 48: 120 272 10 730 62 330 902 381 
Bin 49: 420 243 234 870 741 282 643 
Bin 50: 522 417 194 93 711 920 
Bin 51: 658 838 185 520 490 
Bin 52: 455 893 839 992 278 427 
Bin 53: 165 608 818 73 449 479 
Bin 54: 446 671 758 126 616 717 867 
Bin 55: 644 797 852 221 314 948 
Bin 56: 156 98 180 587 7 568 
Bin 57: 244 549 647 627 737 694 473 
Bin 58: 802 530 665 583 683 118 875 
Bin 59: 507 561 803 35 421 220 
Bin 60: 49 245 94 84 819 846 129 
Bin 61: 116 242 545 143 311 458 
Bin 62: 114 725 865 370 240 856 
Bin 63: 432 593 975 891 348 506 513 
Bin 64: 780 36 451 563 384 528 493 157 
Bin 65: 899 178 782 324 678 908 403 204 
Bin 66: 759 795 191 326 729 
Bin 67: 130 342 500 937 929 495 933 
Bin 68: 999 452 59 681 308 679 953 
Bin 69: 509 188 128 628 990 172 
Bin 70: 640 95 565 22 468 
Bin 71: 271 376 411 294 40 767 962 
Bin 72: 521 149 480 955 81 280 425 
Bin 73: 284 667 823 462 621 697 
Bin 74: 43 233 442 777 45 18 510 
Bin 75: 334 626 538 607 805 656 465 232 585 
Bin 76: 843 554 994 142 210 835 
Bin 77: 940 83 625 611 153 492 328 816 
Bin 78: 882 732 911 76 910 927 
Bin 79: 588 85 984 137 14 65 
Bin 80: 8 309 258 651 546 
Bin 81: 214 943 813 196 581 981 
Bin 82: 12 674 238 113 349 543 428 
Bin 83: 447 362 983 596 138 935 25 
Bin 84: 67 735 858 897 419 68 569 496 
Bin 85: 779 527 57 253 469 540 582 
Bin 86: 261 636 610 807 358 923 586 
Bin 87: 613 41 938 986 9 224 
Bin 88: 58 810 431 211 461 97 
Bin 89: 900 148 217 393 696 
Bin 90: 295 859 514 620 219 970 951 998 
Bin 91: 152 931 850 31 675 75 
Bin 92: 177 664 764 333 347 296 
Bin 93: 366 472 968 497 872 474 
Bin 94: 38 484 844 491 356 302 
Bin 95: 51 141 713 567 853 699 
Bin 96: 29 166 360 966 225 475 487 
Bin 97: 119 332 407 793 466 787 209 
Bin 98: 555 476 906 402 976 346 251 
Bin 99: 489 207 605 930 423 464 963 744 
Bin 100: 840 584 504 603 921 297 
Bin 101: 252 124 463 276 341 786 886 
Bin 102: 147 535 351 263 52 751 700 
Bin 103: 547 435 630 136 592 
Bin 104: 100 525 24 718 950 139 155 579 
Bin 105: 162 154 382 283 1 624 470 
Bin 106: 212 580 434 303 15 771 
Bin 107: 103 92 781 483 134 670 619 
Bin 108: 831 622 64 246 702 
Bin 109: 170 140 231 60 369 
Bin 110: 486 917 319 2 578 401 11 
Bin 111: 519 654 123 860 642 27 808 
Bin 112: 861 989 286 485 312 290 
Bin 113: 169 960 307 218 335 
Bin 114: 634 695 772 557 721 502 305 
Bin 115: 186 365 918 160 413 
Bin 116: 790 788 806 552 111 228 706 
Bin 117: 724 20 599 710 600 542 
Bin 118: 151 922 639 517 213 353 631 
Bin 119: 122 90 16 237 591 982 
Bin 120: 438 723 106 830 61 
Bin 121: 847 192 313 814 412 
Bin 122: 691 457 862 255 259 993 704 
Bin 123: 812 824 511 343 556 
Bin 124: 398 743 685 834 689 
Bin 125: 817 405 380 783 693 444 179 
Bin 126: 969 559 531 919 570 275 
Bin 127: 896 868 987 416 973 494 
Bin 128: 820 687 944 614 460 318 
Bin 129: 784 33 164 571 738 471 
Bin 130: 110 340 202 205 266 766 836 391 
Bin 131: 978 849 727 48 934 789 249 
Bin 132: 395 708 396 826 979 
Bin 133: 594 325 750 749 389 501 
Bin 134: 150 936 345 684 524 66 956 
Bin 135: 189 34 965 841 453 666 445 
Bin 136: 541 426 775 300 344 811 837 874 
Bin 137: 190 573 498 574 904 673 890 193 
Bin 138: 78 456 88 967 754 655 
Bin 139: 222 878 829 629 887 
Bin 140: 915 350 168 454 898 548 42 77 
Bin 141: 3 82 776 387 270 181 632 
Bin 142: 959 227 321 518 235 441 757 
Bin 143: 187 478 576 954 892 
Bin 144: 236 359 602 932 298 54 257 
Bin 145: 96 809 638 609 916 707 
Bin 146: 175 595 132 47 925 901 6 
Bin 147: 437 590 171 661 364 107 352 
Bin 148: 972 995 39 722 690 523 
Bin 149: 869 564 692 430 195 939 
Bin 150: 409 719 873 145 801 378 279 
Bin 151: 601 792 383 821 37 537 488 
