# Objective: 39
# Time: 8.54052
# Feasible: 1
# Solution:
Bin 0: 55 42 198 147 88 
Bin 1: 75 108 19 189 115 168 43 
Bin 2: 212 63 170 177 126 128 
Bin 3: 119 69 102 13 110 245 200 
Bin 4: 132 229 3 133 130 175 68 197 
Bin 5: 49 238 57 26 46 166 236 
Bin 6: 204 199 233 112 98 211 
Bin 7: 129 183 215 124 111 51 34 
Bin 8: 83 224 103 28 94 217 
Bin 9: 138 190 86 180 24 64 191 
Bin 10: 135 117 36 33 10 131 
Bin 11: 225 44 194 216 156 
Bin 12: 32 144 173 209 37 99 
Bin 13: 81 178 154 174 71 158 
Bin 14: 56 153 17 38 125 54 20 
Bin 15: 50 226 192 84 243 12 
Bin 16: 195 165 134 60 96 232 
Bin 17: 162 48 231 235 146 16 219 
Bin 18: 218 95 160 78 15 22 
Bin 19: 74 93 4 30 230 185 27 
Bin 20: 87 203 206 104 106 249 
Bin 21: 35 40 167 242 227 23 47 171 65 
Bin 22: 113 188 142 0 127 25 214 
Bin 23: 101 240 213 143 222 114 
Bin 24: 120 172 82 163 53 72 6 
Bin 25: 237 100 176 139 193 186 41 
Bin 26: 205 61 2 123 9 18 79 
Bin 27: 207 234 5 145 149 105 
Bin 28: 157 179 8 155 58 196 
Bin 29: 122 80 241 107 221 228 223 
Bin 30: 11 187 247 136 7 202 45 181 
Bin 31: 182 97 59 52 76 239 
Bin 32: 90 73 118 148 220 244 62 
Bin 33: 1 210 85 21 29 77 
Bin 34: 164 201 31 121 246 
Bin 35: 92 161 89 66 169 152 
Bin 36: 91 248 141 150 70 
Bin 37: 137 184 151 159 140 109 
Bin 38: 67 14 39 208 116 
