# Objective: 164
# Time: 342.514
# Feasible: 1
# Solution:
Bin 0: 508 363 763 616 828 927 877 
Bin 1: 472 798 883 60 231 165 
Bin 2: 49 578 863 781 965 
Bin 3: 267 144 130 983 957 402 162 
Bin 4: 618 416 751 728 720 513 428 
Bin 5: 494 372 193 743 553 559 915 
Bin 6: 717 950 775 741 12 518 968 
Bin 7: 228 498 600 572 306 
Bin 8: 253 724 940 943 860 597 
Bin 9: 213 995 486 783 878 
Bin 10: 956 645 129 667 357 832 110 
Bin 11: 346 785 507 853 488 
Bin 12: 587 706 592 266 605 262 842 
Bin 13: 635 901 970 725 932 159 
Bin 14: 824 747 609 326 473 903 536 
Bin 15: 793 759 734 648 176 315 
Bin 16: 519 746 934 547 310 721 
Bin 17: 204 272 768 207 98 819 
Bin 18: 611 224 71 291 604 359 
Bin 19: 343 770 429 42 273 837 74 
Bin 20: 270 259 662 336 838 330 
Bin 21: 75 861 281 140 558 822 607 
Bin 22: 421 682 671 929 48 
Bin 23: 475 576 40 457 630 452 
Bin 24: 380 114 895 101 826 319 467 650 
Bin 25: 676 986 666 727 608 574 394 78 
Bin 26: 314 642 707 936 462 722 691 
Bin 27: 151 378 803 474 501 
Bin 28: 389 761 247 163 327 376 684 
Bin 29: 911 989 625 123 27 181 859 
Bin 30: 102 529 286 82 477 135 
Bin 31: 58 753 201 257 831 889 594 
Bin 32: 850 705 999 779 801 456 
Bin 33: 70 444 18 105 598 888 157 
Bin 34: 593 615 469 100 137 640 
Bin 35: 563 155 347 881 552 455 360 
Bin 36: 396 675 637 829 322 280 
Bin 37: 365 370 742 95 715 174 
Bin 38: 661 586 44 978 515 
Bin 39: 295 454 490 211 192 152 926 
Bin 40: 821 401 170 427 703 250 441 
Bin 41: 851 977 535 22 59 520 471 
Bin 42: 35 235 299 442 147 493 351 
Bin 43: 109 514 760 229 938 589 239 
Bin 44: 963 476 232 382 562 302 975 
Bin 45: 876 584 47 252 447 304 283 
Bin 46: 554 446 921 521 534 556 
Bin 47: 111 752 886 84 45 146 468 
Bin 48: 217 328 481 497 39 735 
Bin 49: 568 324 549 789 87 225 91 
Bin 50: 613 124 387 935 287 52 
Bin 51: 348 279 902 23 814 460 
Bin 52: 392 440 436 505 712 836 
Bin 53: 183 925 647 984 215 933 641 
Bin 54: 361 810 113 8 945 862 
Bin 55: 622 633 367 544 344 511 892 
Bin 56: 212 258 996 718 777 843 246 
Bin 57: 179 489 282 198 305 178 987 
Bin 58: 161 973 478 880 338 2 150 
Bin 59: 538 802 686 673 962 237 397 
Bin 60: 260 131 482 811 24 849 
Bin 61: 839 67 582 141 917 30 
Bin 62: 979 430 269 799 573 
Bin 63: 504 182 620 53 189 127 480 175 
Bin 64: 531 924 4 334 974 918 
Bin 65: 7 81 29 757 438 
Bin 66: 69 17 565 867 9 265 790 
Bin 67: 524 523 731 177 603 64 755 
Bin 68: 947 128 692 693 93 443 
Bin 69: 526 806 664 379 657 364 313 
Bin 70: 796 112 820 388 125 218 
Bin 71: 805 756 638 136 985 750 445 
Bin 72: 221 555 628 214 885 463 688 
Bin 73: 537 530 318 700 375 643 
Bin 74: 669 277 516 134 62 86 910 
Bin 75: 988 730 619 353 422 487 683 
Bin 76: 695 184 904 366 991 54 528 
Bin 77: 408 274 94 448 300 997 
Bin 78: 132 749 208 525 840 672 233 
Bin 79: 25 143 931 627 908 68 
Bin 80: 190 632 459 386 858 288 
Bin 81: 736 794 57 11 26 792 711 
Bin 82: 461 833 701 219 46 458 
Bin 83: 149 341 855 651 194 808 
Bin 84: 153 579 533 384 203 778 345 
Bin 85: 191 244 506 644 847 335 
Bin 86: 670 754 928 897 914 854 
Bin 87: 634 920 271 773 969 
Bin 88: 164 884 557 115 610 780 966 
Bin 89: 156 907 893 729 765 85 16 
Bin 90: 960 539 320 959 195 585 
Bin 91: 431 512 845 545 583 121 
Bin 92: 738 405 964 713 435 171 
Bin 93: 83 104 658 510 939 659 349 
Bin 94: 256 771 116 646 678 339 51 696 
Bin 95: 248 63 172 464 560 588 
Bin 96: 891 385 898 185 543 374 
Bin 97: 541 451 542 373 294 145 
Bin 98: 199 674 972 10 90 623 
Bin 99: 548 230 758 418 301 
Bin 100: 56 298 909 241 89 784 
Bin 101: 967 223 289 425 331 766 325 
Bin 102: 249 912 522 726 649 569 
Bin 103: 227 118 1 21 285 186 
Bin 104: 491 714 612 656 264 234 
Bin 105: 993 815 483 355 866 687 
Bin 106: 492 834 337 873 33 329 
Bin 107: 944 284 28 400 268 406 
Bin 108: 679 393 450 15 709 
Bin 109: 930 804 41 577 216 846 
Bin 110: 308 621 882 158 470 602 
Bin 111: 434 629 465 3 764 823 
Bin 112: 187 733 631 32 321 14 
Bin 113: 466 797 196 415 809 99 
Bin 114: 982 871 739 92 206 
Bin 115: 38 857 852 240 297 245 
Bin 116: 342 800 420 896 596 702 
Bin 117: 745 6 72 941 437 
Bin 118: 668 922 872 209 210 
Bin 119: 160 200 356 951 509 
Bin 120: 503 323 740 812 825 
Bin 121: 868 412 410 106 180 399 
Bin 122: 971 79 626 566 976 
Bin 123: 61 0 998 251 433 961 417 
Bin 124: 788 591 870 362 744 350 
Bin 125: 413 255 527 439 567 36 
Bin 126: 601 581 311 381 76 
Bin 127: 499 905 122 874 409 890 
Bin 128: 202 254 65 710 830 
Bin 129: 167 786 663 942 875 841 312 
Bin 130: 981 813 31 236 238 88 
Bin 131: 383 120 835 358 653 606 
Bin 132: 43 774 532 708 103 77 
Bin 133: 654 371 73 844 108 704 
Bin 134: 517 414 948 550 424 13 
Bin 135: 923 500 307 484 894 
Bin 136: 80 748 660 5 681 595 296 
Bin 137: 263 222 333 139 243 495 
Bin 138: 419 496 391 398 226 
Bin 139: 377 900 817 404 316 
Bin 140: 919 575 292 352 485 732 
Bin 141: 37 34 980 787 864 
Bin 142: 368 570 698 953 278 
Bin 143: 19 561 571 168 432 
Bin 144: 188 952 293 107 856 502 
Bin 145: 690 769 395 994 614 276 818 
Bin 146: 937 309 869 303 772 551 
Bin 147: 261 636 133 954 680 423 762 
Bin 148: 169 20 990 403 55 
Bin 149: 652 887 173 411 317 
Bin 150: 138 148 564 955 205 
Bin 151: 197 50 96 117 782 66 220 
Bin 152: 946 290 776 958 624 166 
Bin 153: 540 590 407 639 699 913 
Bin 154: 242 617 879 142 580 992 
Bin 155: 655 154 719 354 546 
Bin 156: 906 677 97 126 694 
Bin 157: 685 865 332 119 916 390 
Bin 158: 723 899 767 275 453 689 
Bin 159: 369 737 827 426 
Bin 160: 848 816 479 791 
Bin 161: 807 340 716 697 
Bin 162: 949 665 449 
Bin 163: 599 795 
