# Objective: 20
# Time: 3.67391
# Feasible: 1
# Solution:
Bin 0: 55 11 32 19 53 104 67 
Bin 1: 13 30 48 44 57 26 
Bin 2: 103 105 34 12 40 
Bin 3: 72 45 68 91 107 96 61 
Bin 4: 80 10 85 102 94 115 
Bin 5: 74 101 31 38 24 0 
Bin 6: 1 82 95 119 71 
Bin 7: 50 76 16 5 42 64 43 
Bin 8: 4 27 15 89 62 77 3 
Bin 9: 114 111 66 41 23 65 
Bin 10: 97 98 20 110 6 35 117 
Bin 11: 2 7 84 54 59 22 
Bin 12: 90 108 29 109 21 
Bin 13: 73 118 83 17 18 106 
Bin 14: 39 14 75 87 60 86 
Bin 15: 116 28 112 52 113 88 69 
Bin 16: 49 47 51 36 9 58 
Bin 17: 92 70 8 56 93 33 
Bin 18: 81 63 78 46 99 25 
Bin 19: 79 100 37 
