# Objective: 22
# Time: 3.50635
# Feasible: 1
# Solution:
Bin 0: 117 54 69 92 57 39 
Bin 1: 31 34 97 43 26 107 
Bin 2: 42 14 50 108 35 119 
Bin 3: 48 7 28 1 10 
Bin 4: 18 75 12 60 65 109 84 
Bin 5: 2 62 73 114 0 
Bin 6: 25 63 94 110 90 11 
Bin 7: 96 5 102 66 
Bin 8: 38 77 68 21 113 
Bin 9: 74 81 99 93 67 70 
Bin 10: 98 116 103 78 20 51 59 
Bin 11: 88 46 29 15 16 79 
Bin 12: 85 30 105 89 32 
Bin 13: 33 37 118 22 100 82 
Bin 14: 91 23 49 72 24 
Bin 15: 64 8 80 111 71 17 
Bin 16: 40 104 87 19 27 3 
Bin 17: 58 95 13 76 101 
Bin 18: 61 4 47 44 
Bin 19: 41 86 112 83 52 
Bin 20: 6 55 106 115 9 36 
Bin 21: 53 56 45 
