# Objective: 75
# Time: 24.3639
# Feasible: 1
# Solution:
Bin 0: 451 363 423 407 140 382 236 
Bin 1: 174 139 125 286 149 109 210 420 402 346 
Bin 2: 438 9 192 439 118 19 435 222 
Bin 3: 4 202 199 370 235 
Bin 4: 495 220 456 45 93 432 190 
Bin 5: 86 215 305 23 121 263 425 137 
Bin 6: 428 431 471 28 74 208 
Bin 7: 44 299 226 474 143 454 
Bin 8: 293 40 187 112 142 94 227 
Bin 9: 243 65 72 320 200 497 315 
Bin 10: 462 324 452 99 424 415 264 
Bin 11: 307 234 261 240 69 485 325 55 
Bin 12: 282 479 238 279 133 
Bin 13: 110 165 141 426 341 95 
Bin 14: 323 246 267 308 253 134 
Bin 15: 499 214 288 297 349 241 
Bin 16: 266 230 290 480 2 298 
Bin 17: 395 47 328 237 255 209 161 
Bin 18: 466 177 73 159 175 32 18 351 
Bin 19: 371 289 21 319 440 
Bin 20: 129 489 20 342 144 
Bin 21: 377 352 135 398 383 418 
Bin 22: 3 260 176 487 83 248 89 
Bin 23: 70 41 120 354 101 128 
Bin 24: 33 8 387 332 162 17 339 183 
Bin 25: 87 344 173 464 203 405 
Bin 26: 168 169 358 213 461 385 389 
Bin 27: 373 309 130 84 104 157 
Bin 28: 156 242 338 313 392 0 436 
Bin 29: 366 181 191 38 482 422 455 
Bin 30: 11 413 189 397 317 197 
Bin 31: 368 350 287 42 60 138 15 
Bin 32: 271 478 411 46 310 163 393 
Bin 33: 404 270 374 477 322 488 
Bin 34: 448 90 275 314 201 7 
Bin 35: 337 302 244 186 280 172 390 
Bin 36: 205 116 184 301 221 414 
Bin 37: 306 63 58 281 105 114 
Bin 38: 380 171 296 247 457 
Bin 39: 345 481 127 335 483 272 154 1 
Bin 40: 340 384 375 206 394 356 330 493 
Bin 41: 327 291 224 406 419 131 262 
Bin 42: 258 429 336 276 219 446 421 
Bin 43: 6 217 250 26 251 126 
Bin 44: 62 92 403 277 158 496 396 96 
Bin 45: 180 433 409 35 316 311 469 
Bin 46: 434 179 361 79 400 31 484 
Bin 47: 245 145 357 465 80 391 378 
Bin 48: 136 379 459 147 56 150 
Bin 49: 229 119 117 12 25 29 388 
Bin 50: 170 283 410 146 292 88 
Bin 51: 449 355 360 185 278 359 218 102 284 
Bin 52: 453 312 372 265 232 153 57 
Bin 53: 475 273 160 77 486 81 
Bin 54: 108 167 476 196 443 53 303 71 348 
Bin 55: 444 124 333 16 36 347 
Bin 56: 463 212 376 164 43 254 
Bin 57: 122 115 294 231 216 48 399 
Bin 58: 5 252 269 75 166 151 
Bin 59: 472 437 67 274 491 152 
Bin 60: 442 182 239 257 148 401 59 
Bin 61: 97 300 228 85 49 98 
Bin 62: 304 91 64 343 268 362 450 
Bin 63: 22 386 107 408 249 100 
Bin 64: 24 256 321 37 334 10 468 494 155 
Bin 65: 132 285 473 458 111 178 
Bin 66: 106 259 51 490 492 441 194 
Bin 67: 50 195 52 78 82 34 39 
Bin 68: 364 30 412 225 470 54 
Bin 69: 68 113 193 13 416 367 326 
Bin 70: 61 430 66 188 467 211 
Bin 71: 447 381 329 365 353 369 123 
Bin 72: 331 417 103 198 445 
Bin 73: 27 207 427 295 204 14 
Bin 74: 76 223 318 233 460 498 
