# Objective: 167
# Time: 84.5776
# Feasible: 1
# Solution:
Bin 0: 840 474 928 437 501 778 482 
Bin 1: 295 326 678 439 0 257 
Bin 2: 443 312 188 393 982 704 117 
Bin 3: 327 573 283 969 624 497 762 
Bin 4: 110 599 685 419 250 698 
Bin 5: 543 648 177 795 190 
Bin 6: 560 843 790 918 344 833 253 
Bin 7: 830 582 868 872 466 807 
Bin 8: 888 649 782 122 163 
Bin 9: 588 3 265 450 317 168 
Bin 10: 939 981 839 794 720 420 444 860 
Bin 11: 421 917 94 876 215 639 
Bin 12: 613 545 106 102 176 296 991 
Bin 13: 705 809 556 754 913 561 903 
Bin 14: 140 335 948 591 461 397 
Bin 15: 953 476 236 473 417 382 350 
Bin 16: 845 217 806 210 752 2 148 
Bin 17: 995 35 256 291 646 
Bin 18: 310 581 869 101 949 
Bin 19: 57 589 770 658 77 565 558 
Bin 20: 10 60 936 602 711 
Bin 21: 883 607 254 733 750 187 
Bin 22: 414 736 32 286 468 551 
Bin 23: 389 787 690 454 378 559 
Bin 24: 75 611 757 370 977 612 
Bin 25: 897 947 191 800 937 788 956 
Bin 26: 557 906 363 943 941 863 431 
Bin 27: 232 248 724 293 520 307 
Bin 28: 820 228 29 694 147 99 
Bin 29: 70 507 576 127 
Bin 30: 714 118 961 924 195 445 
Bin 31: 304 114 324 767 371 316 
Bin 32: 712 78 813 206 423 893 
Bin 33: 821 530 47 811 351 999 
Bin 34: 197 919 700 887 923 759 
Bin 35: 149 472 567 262 631 859 
Bin 36: 741 261 394 325 343 5 409 
Bin 37: 707 696 355 737 672 910 
Bin 38: 577 353 755 426 406 535 727 
Bin 39: 740 881 252 186 220 357 
Bin 40: 801 598 862 706 713 173 
Bin 41: 405 964 27 183 277 
Bin 42: 502 124 986 61 858 764 319 
Bin 43: 751 11 879 555 618 134 606 
Bin 44: 428 894 835 766 525 125 209 
Bin 45: 259 453 816 495 527 667 
Bin 46: 258 384 346 902 111 550 189 
Bin 47: 831 814 34 303 449 775 
Bin 48: 510 804 46 308 656 994 
Bin 49: 399 564 674 715 273 971 
Bin 50: 171 315 239 408 112 
Bin 51: 166 875 810 668 404 777 
Bin 52: 600 899 427 412 512 
Bin 53: 538 935 323 824 63 
Bin 54: 841 784 717 80 31 725 
Bin 55: 297 299 688 41 974 367 167 85 
Bin 56: 637 653 989 97 13 
Bin 57: 623 636 960 549 489 268 730 
Bin 58: 749 243 151 51 829 165 
Bin 59: 514 548 743 944 822 765 
Bin 60: 997 82 575 342 160 338 
Bin 61: 485 16 339 748 374 723 552 
Bin 62: 447 17 130 282 360 682 
Bin 63: 429 278 898 132 432 403 
Bin 64: 65 143 669 30 660 377 
Bin 65: 272 113 221 783 302 18 
Bin 66: 498 503 200 657 838 
Bin 67: 699 880 716 962 144 798 
Bin 68: 912 152 306 137 884 178 517 925 
Bin 69: 387 334 115 950 967 605 
Bin 70: 642 153 984 184 738 680 104 
Bin 71: 181 848 347 372 288 
Bin 72: 895 373 271 26 684 89 174 
Bin 73: 585 290 212 652 458 570 
Bin 74: 847 629 341 926 768 274 
Bin 75: 940 98 604 383 625 242 330 
Bin 76: 929 808 368 805 436 81 
Bin 77: 311 817 578 542 
Bin 78: 620 100 264 395 691 885 322 
Bin 79: 763 708 348 240 219 103 
Bin 80: 506 934 933 532 522 513 
Bin 81: 673 484 205 155 571 251 
Bin 82: 108 603 138 853 164 294 
Bin 83: 25 490 161 870 284 987 
Bin 84: 521 391 547 402 433 500 
Bin 85: 216 460 608 379 779 145 958 
Bin 86: 300 932 528 689 179 
Bin 87: 362 931 182 823 314 
Bin 88: 146 710 492 851 345 597 
Bin 89: 246 988 572 120 511 36 260 
Bin 90: 747 731 786 369 87 985 
Bin 91: 504 643 959 911 791 837 
Bin 92: 305 43 812 230 942 890 
Bin 93: 68 105 66 753 645 53 
Bin 94: 392 255 584 483 972 
Bin 95: 237 534 313 955 852 769 617 354 
Bin 96: 486 675 905 719 44 411 56 
Bin 97: 69 8 842 337 509 
Bin 98: 586 793 641 275 336 107 
Bin 99: 772 193 123 361 452 865 40 
Bin 100: 655 21 785 609 679 281 
Bin 101: 365 201 799 6 245 207 464 819 
Bin 102: 587 441 413 95 844 616 980 
Bin 103: 380 33 909 126 908 554 93 
Bin 104: 396 792 834 635 735 496 664 
Bin 105: 815 828 983 957 867 886 
Bin 106: 241 366 590 734 267 54 
Bin 107: 49 836 676 670 76 619 
Bin 108: 481 596 686 882 916 536 
Bin 109: 430 756 579 914 595 280 803 
Bin 110: 480 386 185 915 12 976 
Bin 111: 73 569 491 499 139 214 541 
Bin 112: 224 516 683 508 877 463 
Bin 113: 856 537 739 116 968 954 
Bin 114: 79 234 435 973 279 628 
Bin 115: 9 136 86 225 91 471 
Bin 116: 601 970 235 218 333 331 
Bin 117: 494 422 993 289 802 978 
Bin 118: 871 979 758 172 996 133 
Bin 119: 448 524 37 633 663 7 340 
Bin 120: 546 88 442 818 142 946 544 
Bin 121: 901 622 671 332 470 385 722 
Bin 122: 583 202 83 203 52 131 
Bin 123: 945 832 159 515 55 
Bin 124: 128 487 701 519 614 475 
Bin 125: 194 301 566 150 162 
Bin 126: 630 425 744 20 213 
Bin 127: 665 198 71 199 208 892 263 
Bin 128: 62 298 38 745 677 553 
Bin 129: 96 358 921 356 529 
Bin 130: 364 626 904 438 866 891 
Bin 131: 746 681 211 276 773 285 
Bin 132: 292 175 74 592 651 650 
Bin 133: 774 990 440 563 861 
Bin 134: 878 39 465 780 233 180 
Bin 135: 907 415 14 24 223 28 
Bin 136: 401 922 388 930 531 952 
Bin 137: 488 72 349 854 568 84 
Bin 138: 963 158 50 42 703 
Bin 139: 196 328 457 321 170 45 226 
Bin 140: 927 59 381 434 416 
Bin 141: 19 718 889 726 874 654 
Bin 142: 661 632 204 505 418 627 
Bin 143: 825 135 992 121 451 797 
Bin 144: 975 231 247 771 58 965 
Bin 145: 410 15 92 359 90 789 
Bin 146: 329 709 249 477 390 
Bin 147: 900 827 192 732 479 580 
Bin 148: 23 742 154 647 318 
Bin 149: 951 687 562 169 896 
Bin 150: 721 269 594 266 593 533 
Bin 151: 64 244 227 376 662 
Bin 152: 693 109 761 846 67 
Bin 153: 141 621 22 692 157 469 
Bin 154: 455 238 938 320 229 129 
Bin 155: 156 526 966 781 864 
Bin 156: 729 446 728 309 610 
Bin 157: 539 48 456 1 644 
Bin 158: 222 375 493 702 462 
Bin 159: 776 855 478 640 459 615 523 
Bin 160: 518 4 849 638 697 659 
Bin 161: 666 998 398 119 540 
Bin 162: 857 270 850 760 796 
Bin 163: 352 826 407 
Bin 164: 695 634 920 
Bin 165: 467 400 574 
Bin 166: 287 424 873 
