# Objective: 78
# Time: 23.5486
# Feasible: 1
# Solution:
Bin 0: 143 476 242 209 269 96 82 408 105 
Bin 1: 367 295 125 353 239 
Bin 2: 332 238 389 159 201 495 
Bin 3: 313 85 314 204 43 395 203 224 166 
Bin 4: 412 499 274 363 66 460 151 
Bin 5: 0 197 357 411 376 288 
Bin 6: 73 14 378 216 164 366 364 
Bin 7: 42 225 146 75 464 147 122 
Bin 8: 340 303 231 187 308 208 
Bin 9: 120 65 71 178 47 230 
Bin 10: 348 249 459 189 283 321 421 39 427 
Bin 11: 102 392 11 322 12 437 
Bin 12: 61 296 393 118 70 45 128 
Bin 13: 10 436 405 256 331 235 320 163 219 
Bin 14: 4 161 60 117 467 481 425 299 
Bin 15: 7 386 72 334 100 345 
Bin 16: 302 83 270 419 452 77 
Bin 17: 172 435 450 440 278 272 214 
Bin 18: 135 370 13 6 338 243 451 
Bin 19: 265 391 180 138 87 355 240 145 
Bin 20: 430 212 48 93 46 
Bin 21: 84 417 222 429 116 
Bin 22: 136 36 86 101 188 347 115 
Bin 23: 432 53 343 454 479 58 
Bin 24: 38 469 88 402 156 
Bin 25: 388 148 484 57 236 354 
Bin 26: 23 316 25 110 174 304 
Bin 27: 336 497 300 309 229 
Bin 28: 91 294 310 51 97 360 
Bin 29: 157 90 141 281 217 162 
Bin 30: 22 245 329 291 250 398 
Bin 31: 330 356 99 44 428 
Bin 32: 233 461 253 144 59 379 179 
Bin 33: 449 170 351 124 401 362 
Bin 34: 410 34 317 431 247 177 
Bin 35: 1 441 474 35 483 374 311 
Bin 36: 407 49 263 176 491 252 
Bin 37: 318 418 154 423 359 182 28 
Bin 38: 373 470 56 455 277 447 
Bin 39: 109 342 155 385 160 167 439 
Bin 40: 361 285 301 284 94 78 372 
Bin 41: 9 492 477 468 37 292 358 165 
Bin 42: 149 297 55 226 30 384 260 
Bin 43: 259 202 113 254 114 185 
Bin 44: 438 62 489 328 213 211 323 
Bin 45: 324 5 488 319 126 79 207 
Bin 46: 244 140 275 498 232 
Bin 47: 173 422 74 198 415 276 133 
Bin 48: 181 282 64 139 434 108 153 
Bin 49: 20 152 341 134 349 76 
Bin 50: 31 382 194 280 168 40 
Bin 51: 27 8 326 127 129 368 443 
Bin 52: 41 130 494 416 472 446 220 15 
Bin 53: 377 200 466 473 81 493 414 251 
Bin 54: 95 442 352 433 267 29 306 246 
Bin 55: 381 50 121 456 465 
Bin 56: 350 383 104 227 420 32 3 
Bin 57: 80 92 2 192 478 264 18 
Bin 58: 487 54 397 339 406 205 
Bin 59: 132 234 271 335 485 290 261 
Bin 60: 241 305 255 257 307 365 312 
Bin 61: 426 158 33 206 413 
Bin 62: 273 183 409 218 258 
Bin 63: 17 315 131 16 480 193 
Bin 64: 327 52 67 490 262 
Bin 65: 171 89 471 486 462 248 337 
Bin 66: 210 369 237 184 112 137 
Bin 67: 24 215 223 387 404 63 
Bin 68: 266 195 344 448 119 103 
Bin 69: 123 186 111 380 150 279 
Bin 70: 169 196 228 221 69 286 
Bin 71: 375 371 298 190 98 19 
Bin 72: 107 444 403 453 458 
Bin 73: 26 268 293 475 106 142 
Bin 74: 325 68 482 333 400 
Bin 75: 191 199 496 445 457 424 
Bin 76: 399 287 346 289 175 
Bin 77: 463 396 390 394 21 
