# Objective: 39
# Time: 6.74208
# Feasible: 1
# Solution:
Bin 0: 30 70 240 38 172 192 53 120 
Bin 1: 199 237 244 212 104 103 
Bin 2: 76 163 87 83 34 23 0 110 
Bin 3: 221 72 222 11 130 177 36 86 
Bin 4: 143 78 39 170 140 90 135 
Bin 5: 63 210 216 88 180 51 184 
Bin 6: 16 223 203 166 179 141 
Bin 7: 176 106 7 131 233 231 
Bin 8: 52 109 241 71 44 193 
Bin 9: 182 206 183 101 162 
Bin 10: 55 113 201 178 24 
Bin 11: 200 161 149 59 213 94 48 
Bin 12: 227 167 147 145 68 232 
Bin 13: 102 115 218 105 69 33 208 
Bin 14: 32 204 236 168 35 155 114 
Bin 15: 100 91 242 152 9 211 43 146 
Bin 16: 80 160 142 14 108 
Bin 17: 126 159 150 28 65 190 82 
Bin 18: 164 2 22 116 224 96 
Bin 19: 73 226 185 25 89 157 
Bin 20: 37 249 66 228 214 98 
Bin 21: 245 112 4 127 27 
Bin 22: 175 57 99 248 19 8 
Bin 23: 219 238 13 133 209 128 144 
Bin 24: 47 139 64 77 58 234 
Bin 25: 186 111 1 123 165 181 154 
Bin 26: 18 61 20 93 129 169 
Bin 27: 243 92 134 67 191 205 235 
Bin 28: 62 117 239 81 173 171 107 121 246 
Bin 29: 84 49 198 202 46 
Bin 30: 3 60 194 207 41 
Bin 31: 95 74 230 97 196 174 
Bin 32: 136 85 40 197 75 125 
Bin 33: 124 21 215 195 10 229 
Bin 34: 29 56 26 5 158 153 189 118 
Bin 35: 54 12 188 42 151 138 119 
Bin 36: 156 15 79 137 31 220 50 
Bin 37: 6 217 225 122 187 
Bin 38: 45 247 148 132 17 
