# Objective: 48
# Time: 25.783
# Feasible: 1
# Solution:
Bin 0: 47 233 195 61 78 
Bin 1: 22 146 206 122 125 40 
Bin 2: 20 213 77 249 72 
Bin 3: 23 9 37 44 231 
Bin 4: 65 230 173 142 54 
Bin 5: 174 93 29 132 38 
Bin 6: 239 198 185 232 33 
Bin 7: 194 205 242 121 119 134 
Bin 8: 159 186 83 85 200 
Bin 9: 177 148 196 172 228 207 152 
Bin 10: 26 217 167 169 69 
Bin 11: 191 218 227 160 129 
Bin 12: 42 39 190 181 8 109 248 
Bin 13: 223 145 70 74 127 
Bin 14: 193 112 36 56 162 57 
Bin 15: 88 90 155 15 237 
Bin 16: 64 176 31 130 103 
Bin 17: 18 209 67 104 62 
Bin 18: 28 7 10 157 63 
Bin 19: 16 201 3 
Bin 20: 180 58 94 221 48 
Bin 21: 51 24 204 246 166 
Bin 22: 147 106 244 184 131 
Bin 23: 76 140 243 1 98 17 
Bin 24: 114 0 46 99 236 116 
Bin 25: 170 240 211 135 87 
Bin 26: 141 151 197 100 75 
Bin 27: 12 108 82 137 14 118 
Bin 28: 164 182 187 192 2 
Bin 29: 163 138 241 115 128 208 179 
Bin 30: 143 68 215 123 156 
Bin 31: 79 35 5 224 229 139 
Bin 32: 203 199 102 59 96 153 71 
Bin 33: 238 216 117 50 111 
Bin 34: 13 168 89 226 136 
Bin 35: 150 126 202 107 19 
Bin 36: 84 25 4 32 222 144 
Bin 37: 55 161 27 158 
Bin 38: 105 41 95 210 247 
Bin 39: 165 149 120 45 189 
Bin 40: 21 110 81 43 30 
Bin 41: 235 6 219 113 183 
Bin 42: 34 73 53 175 220 
Bin 43: 154 60 124 234 66 
Bin 44: 225 101 245 52 92 
Bin 45: 188 91 171 80 
Bin 46: 214 11 133 178 49 
Bin 47: 97 86 212 
