# Objective: 76
# Time: 28.804
# Feasible: 1
# Solution:
Bin 0: 352 276 229 406 178 336 226 177 
Bin 1: 196 257 423 410 29 68 185 
Bin 2: 183 85 62 394 266 285 460 
Bin 3: 235 135 84 398 119 
Bin 4: 17 364 420 151 75 427 165 
Bin 5: 459 491 391 112 346 338 384 
Bin 6: 370 25 261 123 40 103 166 
Bin 7: 490 488 481 337 279 91 
Bin 8: 470 130 49 218 63 499 
Bin 9: 35 121 495 109 158 434 64 
Bin 10: 399 172 18 217 61 426 
Bin 11: 19 159 86 392 34 371 131 
Bin 12: 373 42 325 148 302 448 
Bin 13: 425 428 247 350 496 467 
Bin 14: 376 147 16 170 201 79 45 269 
Bin 15: 319 397 298 8 260 113 
Bin 16: 65 193 21 78 215 331 43 11 
Bin 17: 118 272 139 368 181 157 
Bin 18: 2 220 415 418 277 199 253 
Bin 19: 330 99 197 405 473 320 442 
Bin 20: 38 469 329 174 13 395 
Bin 21: 474 456 198 230 321 57 275 
Bin 22: 258 430 212 233 339 291 
Bin 23: 246 137 238 438 168 359 175 
Bin 24: 362 387 305 358 259 478 455 152 
Bin 25: 180 381 299 149 283 
Bin 26: 341 383 41 27 312 100 
Bin 27: 451 343 120 122 111 
Bin 28: 55 74 5 241 20 155 
Bin 29: 203 90 487 73 72 1 31 
Bin 30: 389 409 106 176 54 191 484 
Bin 31: 416 143 315 288 489 209 
Bin 32: 66 289 52 479 3 127 77 
Bin 33: 95 223 224 268 340 254 
Bin 34: 171 93 162 313 458 117 256 161 
Bin 35: 89 453 115 306 262 140 
Bin 36: 422 431 146 0 497 255 227 44 
Bin 37: 408 462 50 92 243 4 411 
Bin 38: 14 363 33 15 37 369 466 189 
Bin 39: 493 126 48 59 414 296 
Bin 40: 485 324 128 327 82 286 417 
Bin 41: 200 297 231 225 332 
Bin 42: 355 71 70 232 483 270 310 
Bin 43: 441 322 102 32 242 124 164 281 407 
Bin 44: 202 273 449 348 424 385 83 
Bin 45: 144 101 134 58 160 480 333 
Bin 46: 274 236 366 342 308 357 440 237 
Bin 47: 463 51 210 437 97 
Bin 48: 207 292 110 265 316 205 
Bin 49: 494 222 56 429 347 446 208 
Bin 50: 245 9 125 317 374 475 344 380 
Bin 51: 436 401 98 314 28 169 445 
Bin 52: 284 108 432 221 239 87 294 
Bin 53: 412 419 184 163 53 287 
Bin 54: 80 132 326 433 403 187 
Bin 55: 278 353 141 136 116 
Bin 56: 179 81 311 351 465 46 133 
Bin 57: 439 400 378 206 214 251 295 
Bin 58: 145 156 328 293 249 386 
Bin 59: 190 213 444 365 6 382 142 
Bin 60: 7 204 173 402 388 323 129 
Bin 61: 195 413 26 39 234 361 
Bin 62: 443 114 30 290 345 307 309 
Bin 63: 24 188 393 452 282 461 390 
Bin 64: 492 471 167 377 464 250 150 
Bin 65: 182 498 88 240 435 23 
Bin 66: 264 280 303 447 47 404 
Bin 67: 194 10 454 375 211 154 
Bin 68: 107 472 104 192 379 69 138 
Bin 69: 349 360 300 421 36 67 482 
Bin 70: 244 334 486 60 335 219 
Bin 71: 468 22 476 396 94 477 271 
Bin 72: 354 263 12 216 248 
Bin 73: 367 356 457 252 76 186 
Bin 74: 267 228 318 372 153 
Bin 75: 304 450 96 301 105 
