# Objective: 38
# Time: 6.4883
# Feasible: 1
# Solution:
Bin 0: 221 182 225 190 33 202 
Bin 1: 139 59 68 164 53 
Bin 2: 97 152 191 20 67 149 46 18 
Bin 3: 193 49 219 132 155 236 
Bin 4: 62 168 147 74 230 212 188 
Bin 5: 178 4 135 44 224 137 140 
Bin 6: 48 88 207 45 153 39 
Bin 7: 110 111 55 63 102 96 
Bin 8: 56 95 21 174 105 210 
Bin 9: 81 11 129 227 162 231 2 
Bin 10: 159 35 36 50 228 28 171 
Bin 11: 196 27 243 75 144 218 222 158 
Bin 12: 41 71 176 131 72 180 
Bin 13: 119 181 101 79 98 206 
Bin 14: 86 195 194 47 187 143 29 
Bin 15: 94 107 91 125 37 217 115 
Bin 16: 84 52 58 237 92 77 
Bin 17: 8 240 170 205 40 241 165 
Bin 18: 122 239 25 245 5 
Bin 19: 189 42 23 114 17 213 12 238 
Bin 20: 16 117 43 73 38 99 80 
Bin 21: 232 247 85 30 116 10 106 
Bin 22: 57 192 141 0 1 66 136 
Bin 23: 120 76 15 204 197 24 70 185 
Bin 24: 235 172 103 109 177 160 104 
Bin 25: 64 90 203 61 199 248 
Bin 26: 216 108 151 166 118 214 60 
Bin 27: 9 133 150 87 173 83 13 
Bin 28: 249 134 186 26 157 54 123 146 19 
Bin 29: 69 148 201 51 209 175 138 
Bin 30: 113 127 229 128 220 234 244 
Bin 31: 34 156 31 167 163 112 
Bin 32: 145 242 246 78 7 121 14 
Bin 33: 100 215 65 184 32 82 
Bin 34: 169 3 179 183 226 
Bin 35: 6 142 233 154 126 
Bin 36: 211 200 223 198 208 124 
Bin 37: 89 22 93 161 130 
