# Objective: 75
# Time: 39.9798
# Feasible: 1
# Solution:
Bin 0: 232 314 279 324 5 489 
Bin 1: 206 340 418 491 172 441 283 
Bin 2: 334 146 136 398 292 0 44 
Bin 3: 350 436 29 424 387 45 153 
Bin 4: 61 276 256 100 70 453 195 
Bin 5: 8 194 428 248 440 228 36 
Bin 6: 121 393 120 439 493 55 31 
Bin 7: 364 483 336 442 381 182 357 446 461 
Bin 8: 394 459 85 187 76 18 293 
Bin 9: 411 284 319 116 140 289 359 
Bin 10: 210 32 249 383 302 200 
Bin 11: 81 323 287 250 431 197 365 24 
Bin 12: 183 366 48 427 72 
Bin 13: 184 452 332 384 317 28 
Bin 14: 354 408 353 84 147 275 164 
Bin 15: 27 112 208 14 17 207 376 
Bin 16: 87 263 171 420 154 43 83 
Bin 17: 269 345 488 86 460 230 219 
Bin 18: 51 66 290 385 129 59 
Bin 19: 64 134 413 257 471 138 499 
Bin 20: 25 16 484 216 156 
Bin 21: 95 355 199 476 92 179 162 
Bin 22: 327 238 312 438 23 433 
Bin 23: 2 296 3 363 111 49 328 410 
Bin 24: 214 139 204 145 341 90 79 402 
Bin 25: 151 174 40 490 337 435 
Bin 26: 333 298 167 455 91 
Bin 27: 149 71 176 457 235 75 
Bin 28: 404 280 6 301 281 69 403 377 
Bin 29: 443 463 240 390 33 474 342 291 
Bin 30: 496 264 267 42 218 12 
Bin 31: 78 237 246 133 115 38 268 
Bin 32: 416 135 160 39 236 258 
Bin 33: 400 159 52 150 480 458 
Bin 34: 331 193 386 388 405 4 181 
Bin 35: 444 303 166 356 422 414 213 98 
Bin 36: 97 352 247 225 265 242 
Bin 37: 475 22 130 278 361 338 82 80 
Bin 38: 335 47 308 158 180 
Bin 39: 114 479 348 15 1 294 221 
Bin 40: 482 378 157 300 191 241 389 
Bin 41: 13 407 161 339 9 26 
Bin 42: 132 203 321 370 108 371 391 311 103 
Bin 43: 330 209 343 310 58 406 77 
Bin 44: 423 231 382 128 306 
Bin 45: 62 124 119 74 316 472 143 
Bin 46: 304 260 122 470 117 372 
Bin 47: 227 127 358 131 325 379 
Bin 48: 107 286 106 155 305 189 255 
Bin 49: 223 148 243 425 326 415 449 
Bin 50: 270 217 299 486 481 67 205 
Bin 51: 73 245 168 426 222 113 224 188 485 
Bin 52: 63 288 375 215 185 234 
Bin 53: 412 169 313 89 467 192 
Bin 54: 430 93 344 253 368 104 434 277 
Bin 55: 282 152 447 297 21 220 
Bin 56: 468 307 198 498 88 367 271 266 
Bin 57: 262 374 445 346 349 175 254 251 
Bin 58: 34 60 244 20 126 
Bin 59: 41 10 448 451 261 212 118 
Bin 60: 54 178 466 142 101 392 202 
Bin 61: 57 417 137 419 360 437 
Bin 62: 96 362 456 229 196 102 
Bin 63: 454 497 50 397 105 
Bin 64: 492 322 37 226 144 201 
Bin 65: 477 315 347 469 99 380 473 
Bin 66: 351 487 464 409 395 429 
Bin 67: 285 30 329 110 494 65 
Bin 68: 495 274 273 399 7 94 
Bin 69: 123 109 165 259 462 401 
Bin 70: 190 46 125 233 173 450 35 239 
Bin 71: 309 318 369 68 19 163 
Bin 72: 11 295 272 170 56 141 
Bin 73: 396 320 432 421 211 373 
Bin 74: 186 252 478 177 465 53 
