# Objective: 19
# Time: 2.86479
# Feasible: 1
# Solution:
Bin 0: 15 24 96 99 43 114 110 
Bin 1: 108 50 95 51 42 89 
Bin 2: 76 79 32 104 9 33 57 72 
Bin 3: 48 106 81 5 100 3 60 
Bin 4: 97 62 61 91 38 41 
Bin 5: 103 8 93 27 118 1 117 113 
Bin 6: 29 66 28 34 21 119 10 69 
Bin 7: 54 22 77 40 80 4 
Bin 8: 75 65 12 94 18 98 
Bin 9: 101 115 112 14 70 84 16 
Bin 10: 56 0 37 59 67 102 
Bin 11: 52 30 13 107 7 
Bin 12: 92 26 49 86 31 64 116 35 
Bin 13: 53 83 17 105 36 82 
Bin 14: 109 11 19 85 90 63 
Bin 15: 25 44 46 87 78 111 
Bin 16: 73 20 68 88 
Bin 17: 74 23 71 55 6 58 
Bin 18: 2 47 45 39 
