# Objective: 39
# Time: 4.93116
# Feasible: 1
# Solution:
Bin 0: 150 53 210 232 213 196 55 204 
Bin 1: 227 124 103 223 76 74 78 
Bin 2: 215 181 14 16 205 217 190 
Bin 3: 172 116 241 68 177 
Bin 4: 230 170 52 162 147 156 
Bin 5: 17 229 185 111 25 146 24 
Bin 6: 117 72 246 58 187 
Bin 7: 208 22 37 61 159 171 26 
Bin 8: 15 102 178 94 66 236 234 
Bin 9: 31 89 45 212 93 7 
Bin 10: 244 160 148 245 104 220 70 
Bin 11: 34 57 183 62 165 
Bin 12: 47 90 203 108 176 139 80 209 
Bin 13: 182 186 79 95 144 50 
Bin 14: 75 100 54 133 98 123 5 
Bin 15: 207 206 59 9 64 110 149 
Bin 16: 82 225 40 238 27 158 
Bin 17: 69 43 120 36 145 33 28 41 
Bin 18: 128 157 60 137 228 107 211 
Bin 19: 105 197 38 154 114 138 
Bin 20: 32 237 198 2 87 239 126 249 
Bin 21: 122 77 125 136 118 56 
Bin 22: 83 141 134 168 201 188 
Bin 23: 44 194 73 235 248 131 48 130 
Bin 24: 163 222 91 18 99 192 161 175 
Bin 25: 216 115 81 112 67 152 
Bin 26: 143 12 109 39 19 49 
Bin 27: 119 113 42 1 247 23 
Bin 28: 200 195 85 21 20 219 
Bin 29: 121 224 86 174 132 169 166 
Bin 30: 97 4 35 101 202 
Bin 31: 11 135 180 63 29 129 
Bin 32: 151 173 84 140 240 13 
Bin 33: 199 10 184 3 127 0 106 
Bin 34: 88 167 243 231 233 6 
Bin 35: 214 221 179 8 30 155 
Bin 36: 65 191 46 189 226 
Bin 37: 218 153 51 242 96 
Bin 38: 71 92 142 193 164 
