# Objective: 153
# Time: 346.618
# Feasible: 1
# Solution:
Bin 0: 854 361 799 0 674 270 233 719 
Bin 1: 823 956 427 908 20 737 
Bin 2: 308 793 468 646 721 863 43 406 
Bin 3: 171 764 810 564 313 860 680 471 
Bin 4: 370 691 331 503 981 119 585 939 
Bin 5: 142 78 659 453 195 
Bin 6: 91 246 848 559 772 460 166 
Bin 7: 838 562 504 84 457 459 807 480 
Bin 8: 154 961 432 492 191 664 12 46 
Bin 9: 920 327 140 869 368 921 
Bin 10: 340 433 198 736 16 408 26 
Bin 11: 151 678 377 786 83 787 
Bin 12: 111 689 974 134 682 159 584 
Bin 13: 467 825 349 495 428 607 
Bin 14: 972 590 643 541 663 236 518 582 526 
Bin 15: 92 964 443 774 305 800 
Bin 16: 903 378 179 321 740 914 
Bin 17: 330 804 90 996 676 380 
Bin 18: 628 145 176 242 341 192 
Bin 19: 586 544 173 861 711 107 267 
Bin 20: 610 81 831 339 57 
Bin 21: 476 566 498 188 811 217 116 
Bin 22: 805 54 248 991 395 163 989 
Bin 23: 153 424 808 749 306 821 402 
Bin 24: 553 716 550 602 537 947 
Bin 25: 177 824 426 747 814 650 603 
Bin 26: 508 160 281 371 66 259 251 
Bin 27: 292 215 133 456 232 24 375 631 
Bin 28: 11 943 830 295 79 770 226 255 
Bin 29: 845 391 464 316 876 392 268 889 
Bin 30: 490 30 190 942 2 511 625 
Bin 31: 430 67 364 491 115 322 
Bin 32: 924 250 795 193 978 451 
Bin 33: 393 700 919 580 56 748 
Bin 34: 698 422 847 220 181 136 768 71 
Bin 35: 933 399 17 729 999 477 
Bin 36: 872 782 941 96 488 374 653 
Bin 37: 138 244 796 902 421 950 162 58 
Bin 38: 751 405 890 879 946 535 958 
Bin 39: 512 342 27 252 726 397 
Bin 40: 501 513 418 979 960 257 343 
Bin 41: 139 300 141 63 383 208 
Bin 42: 51 110 734 506 356 828 
Bin 43: 516 440 599 528 884 832 307 64 
Bin 44: 500 149 373 102 639 970 213 224 
Bin 45: 836 917 86 873 783 130 984 
Bin 46: 291 951 534 596 126 930 
Bin 47: 438 510 417 170 899 336 310 
Bin 48: 271 864 384 245 445 928 
Bin 49: 822 953 125 182 14 
Bin 50: 662 862 62 549 489 178 
Bin 51: 325 258 673 48 881 447 983 502 
Bin 52: 784 742 328 529 222 
Bin 53: 976 401 247 465 296 332 
Bin 54: 532 971 352 262 442 891 234 622 859 
Bin 55: 61 28 484 286 437 479 
Bin 56: 937 348 150 781 657 474 
Bin 57: 955 817 155 912 165 486 275 
Bin 58: 167 779 473 570 907 147 290 353 
Bin 59: 935 411 949 99 254 379 
Bin 60: 801 557 35 813 619 986 572 
Bin 61: 365 363 578 127 59 962 515 
Bin 62: 386 183 932 878 369 243 
Bin 63: 802 614 409 679 922 746 382 461 
Bin 64: 39 812 852 278 897 530 735 794 284 
Bin 65: 444 324 704 931 389 776 
Bin 66: 901 993 656 205 597 289 
Bin 67: 638 871 301 485 122 977 
Bin 68: 623 635 272 571 792 199 
Bin 69: 19 230 8 739 274 152 
Bin 70: 844 32 789 337 994 42 975 
Bin 71: 588 551 114 606 132 969 
Bin 72: 280 827 123 276 320 834 407 
Bin 73: 347 670 658 482 256 206 372 
Bin 74: 866 699 688 311 661 577 441 
Bin 75: 816 555 211 533 449 685 
Bin 76: 803 712 692 22 302 521 
Bin 77: 923 85 13 778 587 156 966 
Bin 78: 235 573 266 745 696 355 
Bin 79: 326 641 431 496 660 229 
Bin 80: 450 36 636 45 973 697 875 
Bin 81: 997 560 135 985 906 540 
Bin 82: 988 645 576 829 497 400 277 
Bin 83: 883 616 642 963 732 95 708 
Bin 84: 731 647 771 128 18 265 769 
Bin 85: 717 693 416 762 174 231 
Bin 86: 987 189 833 788 388 288 
Bin 87: 892 70 948 517 362 990 216 
Bin 88: 710 4 568 483 554 519 
Bin 89: 855 649 225 648 694 887 
Bin 90: 410 50 957 624 982 
Bin 91: 47 630 761 357 1 839 874 
Bin 92: 575 905 561 684 52 618 214 543 
Bin 93: 992 938 376 531 158 818 
Bin 94: 187 77 720 3 294 6 9 
Bin 95: 556 552 870 894 109 815 80 
Bin 96: 334 118 68 677 315 101 909 
Bin 97: 527 333 565 304 223 523 197 
Bin 98: 470 298 180 97 980 666 
Bin 99: 463 137 952 777 228 967 
Bin 100: 415 75 478 644 733 744 667 
Bin 101: 959 627 522 738 536 439 608 
Bin 102: 705 423 7 297 612 672 293 
Bin 103: 583 436 448 841 867 759 
Bin 104: 93 690 681 319 5 
Bin 105: 730 995 69 548 702 344 775 
Bin 106: 790 314 927 965 249 826 
Bin 107: 462 545 317 200 888 669 
Bin 108: 563 944 911 600 494 936 
Bin 109: 757 849 695 260 287 615 
Bin 110: 598 175 754 103 129 743 
Bin 111: 651 88 458 29 626 837 765 
Bin 112: 121 579 413 574 998 806 
Bin 113: 509 753 105 98 634 303 
Bin 114: 221 435 809 632 240 593 718 
Bin 115: 100 387 752 629 425 285 592 
Bin 116: 798 168 893 23 851 727 41 
Bin 117: 507 725 929 161 157 329 358 
Bin 118: 840 44 707 882 569 264 
Bin 119: 201 429 797 714 945 780 21 
Bin 120: 40 351 728 640 668 723 
Bin 121: 916 204 609 558 926 112 
Bin 122: 686 31 546 33 594 
Bin 123: 346 475 785 722 10 850 
Bin 124: 913 117 487 671 282 
Bin 125: 756 113 940 239 218 767 
Bin 126: 412 617 207 904 581 
Bin 127: 918 394 683 53 414 868 350 385 
Bin 128: 396 934 621 885 49 547 755 
Bin 129: 741 345 877 538 760 
Bin 130: 843 514 539 842 381 542 
Bin 131: 703 131 819 323 227 367 
Bin 132: 185 209 202 60 318 715 283 
Bin 133: 309 237 633 263 880 
Bin 134: 143 338 194 76 398 120 
Bin 135: 366 335 895 55 525 620 954 261 
Bin 136: 312 89 390 25 241 299 
Bin 137: 253 359 94 106 915 434 186 
Bin 138: 925 38 675 82 846 72 
Bin 139: 87 210 687 203 172 108 279 
Bin 140: 865 567 481 184 896 
Bin 141: 724 835 900 472 524 74 
Bin 142: 104 857 15 968 164 763 
Bin 143: 446 591 886 505 273 73 654 
Bin 144: 604 499 269 858 493 354 
Bin 145: 611 655 452 758 605 910 637 
Bin 146: 701 238 709 469 420 520 466 
Bin 147: 613 34 773 454 601 
Bin 148: 853 419 196 589 146 403 
Bin 149: 219 455 665 898 750 
Bin 150: 595 37 144 652 856 212 
Bin 151: 169 360 766 404 820 65 
Bin 152: 791 124 706 148 713 
