# Objective: 19
# Time: 2.68658
# Feasible: 1
# Solution:
Bin 0: 96 51 11 43 19 
Bin 1: 95 18 34 99 84 5 114 
Bin 2: 23 73 0 71 39 37 3 7 
Bin 3: 112 87 70 16 76 45 
Bin 4: 67 79 53 54 24 92 
Bin 5: 32 89 93 64 6 2 36 72 
Bin 6: 85 38 78 28 61 63 86 
Bin 7: 111 35 1 59 65 106 
Bin 8: 108 103 119 101 15 30 4 
Bin 9: 102 81 82 88 58 
Bin 10: 97 56 77 25 13 31 52 
Bin 11: 50 60 105 83 62 
Bin 12: 27 98 115 42 55 
Bin 13: 29 48 44 117 10 104 40 
Bin 14: 113 8 91 110 20 94 
Bin 15: 26 74 69 17 107 49 47 
Bin 16: 41 90 57 22 116 21 75 
Bin 17: 68 33 12 100 14 66 
Bin 18: 9 118 46 80 109 
