# Objective: 74
# Time: 32.3222
# Feasible: 1
# Solution:
Bin 0: 229 123 206 18 255 450 468 
Bin 1: 283 203 402 120 418 438 207 282 
Bin 2: 126 250 146 427 426 198 
Bin 3: 475 35 305 133 350 157 
Bin 4: 451 210 269 284 355 145 
Bin 5: 107 458 278 382 101 415 485 354 
Bin 6: 239 311 330 321 483 9 
Bin 7: 351 370 363 56 432 453 180 
Bin 8: 77 185 258 353 404 225 493 324 
Bin 9: 78 178 179 26 381 75 491 293 
Bin 10: 243 433 69 108 27 358 
Bin 11: 238 19 340 379 167 390 442 
Bin 12: 231 205 68 216 46 202 96 
Bin 13: 319 21 313 456 445 153 
Bin 14: 183 411 473 241 492 419 155 277 
Bin 15: 88 333 224 118 499 287 474 
Bin 16: 125 142 482 109 489 61 10 
Bin 17: 246 17 211 323 343 80 
Bin 18: 175 41 159 461 297 87 393 66 
Bin 19: 407 359 498 361 143 227 397 
Bin 20: 232 53 38 320 33 334 300 
Bin 21: 54 192 406 413 423 314 328 
Bin 22: 366 248 394 103 247 72 147 
Bin 23: 377 170 39 478 265 131 28 
Bin 24: 171 295 245 15 342 
Bin 25: 137 490 384 428 25 
Bin 26: 399 315 97 403 48 5 236 233 462 
Bin 27: 6 337 193 464 43 221 434 
Bin 28: 122 204 152 110 290 488 476 168 
Bin 29: 189 93 331 463 465 349 217 
Bin 30: 322 92 186 197 188 309 272 74 135 194 
Bin 31: 420 144 62 81 374 2 386 182 
Bin 32: 335 40 154 47 410 256 63 
Bin 33: 29 329 111 89 95 209 181 
Bin 34: 106 303 22 57 237 
Bin 35: 230 49 104 368 70 408 291 
Bin 36: 11 387 497 367 443 226 
Bin 37: 412 385 161 327 140 383 
Bin 38: 285 446 34 214 477 71 
Bin 39: 421 270 317 31 174 234 
Bin 40: 261 294 222 172 8 380 64 
Bin 41: 424 7 264 138 184 276 391 
Bin 42: 357 378 470 73 213 190 292 
Bin 43: 352 345 37 162 338 58 298 
Bin 44: 156 196 348 112 215 425 398 
Bin 45: 479 240 212 376 36 435 91 
Bin 46: 454 267 16 392 439 
Bin 47: 50 195 466 288 299 169 165 
Bin 48: 437 128 84 151 481 346 24 
Bin 49: 395 281 417 362 341 114 
Bin 50: 187 484 431 301 332 262 
Bin 51: 30 223 201 20 44 134 
Bin 52: 105 304 467 253 177 0 
Bin 53: 388 306 127 55 486 136 242 
Bin 54: 364 86 94 218 444 273 
Bin 55: 472 274 32 260 129 310 452 65 
Bin 56: 280 98 60 166 307 148 42 
Bin 57: 396 141 164 100 266 4 200 344 
Bin 58: 90 83 286 469 244 
Bin 59: 455 220 275 117 441 121 
Bin 60: 268 67 480 336 496 163 375 
Bin 61: 459 249 52 59 414 373 
Bin 62: 85 12 448 252 400 173 
Bin 63: 372 369 251 130 132 199 
Bin 64: 487 401 460 494 422 191 
Bin 65: 150 45 360 449 271 339 
Bin 66: 279 1 139 99 113 409 
Bin 67: 160 308 289 124 405 447 371 
Bin 68: 296 219 389 176 115 347 365 79 263 
Bin 69: 149 312 208 416 471 119 316 
Bin 70: 356 457 436 102 254 326 259 158 
Bin 71: 318 82 76 228 13 257 
Bin 72: 302 235 495 325 14 430 
Bin 73: 3 116 23 51 440 429 
