# Objective: 48
# Time: 10.8597
# Feasible: 1
# Solution:
Bin 0: 191 138 72 92 6 233 
Bin 1: 157 34 7 205 206 
Bin 2: 52 155 215 231 62 178 
Bin 3: 5 63 107 208 17 46 
Bin 4: 21 36 111 70 26 
Bin 5: 25 156 76 183 144 
Bin 6: 19 182 152 167 8 
Bin 7: 134 214 50 199 56 
Bin 8: 125 123 18 184 68 23 
Bin 9: 29 81 73 77 174 168 
Bin 10: 127 116 158 96 89 
Bin 11: 218 150 128 41 185 65 
Bin 12: 210 114 217 87 164 9 
Bin 13: 249 221 59 139 38 
Bin 14: 149 141 1 27 131 
Bin 15: 48 97 230 194 110 57 
Bin 16: 71 84 104 147 
Bin 17: 212 88 0 112 120 
Bin 18: 90 198 118 10 
Bin 19: 175 53 165 132 228 
Bin 20: 143 244 115 148 86 190 
Bin 21: 102 85 242 145 197 
Bin 22: 180 237 105 91 179 14 
Bin 23: 3 2 248 146 
Bin 24: 121 35 181 75 173 108 
Bin 25: 151 130 234 4 200 
Bin 26: 177 186 126 113 171 209 
Bin 27: 11 61 166 78 133 
Bin 28: 169 45 153 109 80 137 
Bin 29: 238 74 136 187 49 
Bin 30: 240 243 16 13 103 124 
Bin 31: 47 247 213 201 54 
Bin 32: 223 60 224 39 64 
Bin 33: 40 12 162 32 226 140 
Bin 34: 195 203 93 66 192 229 
Bin 35: 30 51 95 99 142 135 
Bin 36: 176 160 220 37 28 
Bin 37: 82 235 159 33 83 
Bin 38: 129 100 222 69 44 
Bin 39: 188 15 246 55 
Bin 40: 196 43 98 232 189 
Bin 41: 241 94 225 58 170 
Bin 42: 227 117 24 172 245 
Bin 43: 219 202 207 20 67 
Bin 44: 193 163 42 119 239 
Bin 45: 106 154 236 216 31 
Bin 46: 211 122 22 161 
Bin 47: 101 79 204 
