# Objective: 19
# Time: 2.97346
# Feasible: 1
# Solution:
Bin 0: 75 19 24 49 28 116 43 
Bin 1: 111 15 82 81 103 21 
Bin 2: 88 97 98 2 57 51 
Bin 3: 60 71 62 91 95 77 40 
Bin 4: 117 72 68 106 23 6 
Bin 5: 59 37 22 29 90 47 79 
Bin 6: 26 63 100 89 39 58 
Bin 7: 84 93 32 17 27 65 48 3 
Bin 8: 5 104 41 16 119 
Bin 9: 0 69 115 70 110 
Bin 10: 99 50 105 7 11 36 
Bin 11: 13 74 102 30 14 34 
Bin 12: 80 73 118 38 94 56 
Bin 13: 46 55 9 66 31 76 12 
Bin 14: 109 44 54 101 18 114 8 
Bin 15: 85 42 45 25 35 53 
Bin 16: 4 113 52 112 61 83 67 
Bin 17: 10 92 20 64 108 33 
Bin 18: 78 96 87 107 86 1 
