# Objective: 83
# Time: 36.2009
# Feasible: 1
# Solution:
Bin 0: 43 388 380 320 302 483 
Bin 1: 359 415 458 340 406 195 196 
Bin 2: 134 389 183 413 191 
Bin 3: 347 464 167 19 12 312 
Bin 4: 85 288 36 354 223 112 463 
Bin 5: 466 204 425 293 254 475 
Bin 6: 449 245 73 115 440 407 
Bin 7: 281 495 339 295 247 258 408 
Bin 8: 474 279 123 498 158 437 206 
Bin 9: 3 241 401 399 21 
Bin 10: 465 108 125 202 348 193 270 346 
Bin 11: 360 283 477 200 485 71 
Bin 12: 222 34 403 154 335 92 
Bin 13: 66 382 361 376 64 337 
Bin 14: 55 29 109 81 384 482 
Bin 15: 121 28 189 14 251 
Bin 16: 322 316 275 431 74 411 
Bin 17: 69 212 296 325 486 488 387 
Bin 18: 97 269 70 289 479 176 33 
Bin 19: 157 397 300 461 248 138 428 
Bin 20: 371 481 87 285 276 350 438 
Bin 21: 448 368 303 493 496 188 374 
Bin 22: 278 208 432 135 227 38 435 
Bin 23: 410 50 404 124 267 128 
Bin 24: 61 173 47 52 41 326 243 
Bin 25: 497 205 20 292 492 179 226 
Bin 26: 127 15 489 24 264 131 416 
Bin 27: 358 343 163 436 230 304 
Bin 28: 314 65 456 147 16 83 
Bin 29: 341 229 385 367 246 291 143 
Bin 30: 5 197 394 307 366 107 
Bin 31: 88 460 68 198 244 
Bin 32: 150 182 187 54 357 262 
Bin 33: 221 490 199 2 98 57 
Bin 34: 142 101 89 122 160 
Bin 35: 67 315 434 25 170 383 
Bin 36: 424 452 37 72 216 414 177 
Bin 37: 172 42 342 429 130 48 
Bin 38: 306 418 370 104 311 268 162 
Bin 39: 260 155 93 377 4 213 
Bin 40: 318 0 7 272 46 363 
Bin 41: 105 444 362 468 417 166 
Bin 42: 192 447 225 110 453 323 445 
Bin 43: 441 118 113 327 469 22 
Bin 44: 321 237 146 141 10 94 253 
Bin 45: 114 156 26 17 23 184 309 
Bin 46: 96 84 86 239 175 233 
Bin 47: 422 250 238 467 224 9 
Bin 48: 420 161 257 273 174 210 
Bin 49: 27 396 443 298 148 144 284 
Bin 50: 484 457 299 478 53 
Bin 51: 252 471 8 168 75 82 228 
Bin 52: 6 395 217 153 117 78 
Bin 53: 111 364 263 426 218 
Bin 54: 470 331 45 381 185 355 
Bin 55: 419 149 60 58 400 18 
Bin 56: 282 476 286 328 336 
Bin 57: 454 462 255 100 287 310 178 
Bin 58: 378 391 44 398 421 
Bin 59: 487 169 266 95 301 
Bin 60: 11 334 139 203 373 242 
Bin 61: 319 232 427 151 349 219 433 
Bin 62: 49 140 249 132 332 
Bin 63: 62 137 63 181 211 338 
Bin 64: 271 375 90 409 494 
Bin 65: 294 40 99 106 215 297 
Bin 66: 473 240 344 79 393 379 
Bin 67: 116 136 201 102 13 207 
Bin 68: 330 59 390 442 472 313 190 
Bin 69: 256 220 120 30 35 
Bin 70: 290 412 446 165 152 459 
Bin 71: 324 51 129 32 56 
Bin 72: 1 265 369 423 209 126 
Bin 73: 171 274 329 353 451 345 
Bin 74: 164 491 180 392 365 145 
Bin 75: 119 194 305 133 234 
Bin 76: 317 277 480 333 439 
Bin 77: 31 259 352 430 231 76 
Bin 78: 372 236 159 386 280 
Bin 79: 214 39 351 91 77 
Bin 80: 308 186 499 402 450 
Bin 81: 356 235 103 405 
Bin 82: 261 455 80 
