# Objective: 98
# Time: 57.5733
# Feasible: 1
# Solution:
Bin 0: 321 86 310 236 
Bin 1: 484 218 296 228 435 
Bin 2: 300 68 272 133 196 
Bin 3: 454 5 9 195 72 377 
Bin 4: 131 277 323 115 47 
Bin 5: 14 173 167 309 238 164 
Bin 6: 372 91 247 314 30 396 
Bin 7: 462 98 181 175 469 53 
Bin 8: 223 26 394 297 457 
Bin 9: 356 59 481 491 128 
Bin 10: 79 246 466 126 349 
Bin 11: 432 116 471 357 
Bin 12: 25 266 37 439 453 333 
Bin 13: 288 258 229 248 241 497 
Bin 14: 51 57 451 82 34 
Bin 15: 52 410 337 232 148 
Bin 16: 99 308 239 107 80 206 
Bin 17: 10 326 45 348 342 
Bin 18: 345 490 376 0 306 
Bin 19: 485 13 290 434 317 18 
Bin 20: 298 231 402 56 389 273 
Bin 21: 169 438 74 450 21 
Bin 22: 270 35 281 328 60 
Bin 23: 335 48 387 197 90 
Bin 24: 470 237 44 227 180 135 494 
Bin 25: 250 492 27 132 368 
Bin 26: 386 184 426 202 339 
Bin 27: 416 448 65 70 
Bin 28: 473 351 256 355 467 
Bin 29: 463 407 282 12 476 417 
Bin 30: 36 158 161 50 313 
Bin 31: 360 139 375 489 97 442 
Bin 32: 425 371 330 151 312 54 
Bin 33: 381 468 427 329 29 293 
Bin 34: 378 182 301 137 322 160 
Bin 35: 361 58 186 252 
Bin 36: 130 284 117 383 365 
Bin 37: 170 315 269 292 412 
Bin 38: 459 15 33 483 276 
Bin 39: 262 106 243 362 190 
Bin 40: 285 495 23 219 183 41 
Bin 41: 147 240 327 24 28 
Bin 42: 156 259 129 165 475 
Bin 43: 42 77 220 444 162 472 
Bin 44: 379 146 211 465 192 393 
Bin 45: 488 168 149 346 441 
Bin 46: 208 324 274 100 287 
Bin 47: 359 251 498 254 354 
Bin 48: 401 188 260 411 343 118 
Bin 49: 55 370 242 123 397 
Bin 50: 213 200 104 456 
Bin 51: 92 391 487 108 255 
Bin 52: 253 69 245 64 234 
Bin 53: 119 449 201 19 
Bin 54: 154 404 244 136 
Bin 55: 2 179 3 138 125 
Bin 56: 144 340 316 102 76 257 
Bin 57: 406 499 203 295 291 
Bin 58: 230 423 31 307 140 414 
Bin 59: 388 124 166 121 479 
Bin 60: 185 419 431 420 96 
Bin 61: 447 415 390 303 364 
Bin 62: 233 215 460 433 7 
Bin 63: 178 496 8 157 122 
Bin 64: 392 85 409 143 88 
Bin 65: 207 424 263 221 71 114 11 
Bin 66: 32 61 193 275 226 403 
Bin 67: 294 302 437 367 198 
Bin 68: 204 176 103 289 
Bin 69: 318 421 83 89 189 
Bin 70: 418 279 87 486 428 
Bin 71: 249 105 235 482 422 
Bin 72: 299 395 344 63 46 
Bin 73: 493 374 286 81 110 
Bin 74: 265 352 445 191 458 
Bin 75: 336 62 369 338 399 
Bin 76: 477 304 353 84 430 
Bin 77: 16 268 187 153 141 320 
Bin 78: 95 75 142 271 
Bin 79: 214 66 332 38 225 
Bin 80: 311 278 452 398 366 
Bin 81: 363 20 380 39 199 
Bin 82: 331 347 171 480 
Bin 83: 373 112 111 222 
Bin 84: 152 405 172 267 113 
Bin 85: 17 264 120 334 194 
Bin 86: 4 40 429 205 382 209 
Bin 87: 436 325 384 464 78 
Bin 88: 443 1 210 49 6 
Bin 89: 150 93 461 446 
Bin 90: 413 145 94 216 283 319 
Bin 91: 261 474 212 134 159 
Bin 92: 177 109 400 217 358 
Bin 93: 163 174 127 385 224 
Bin 94: 101 43 73 305 155 408 
Bin 95: 478 280 341 
Bin 96: 440 350 67 22 
Bin 97: 455 
