# Objective: 162
# Time: 537.059
# Feasible: 1
# Solution:
Bin 0: 297 263 355 135 79 
Bin 1: 461 359 279 392 436 864 
Bin 2: 861 57 626 496 930 678 723 
Bin 3: 755 224 174 504 876 665 
Bin 4: 41 522 561 721 932 380 
Bin 5: 503 788 792 741 849 851 
Bin 6: 921 396 315 382 919 313 
Bin 7: 258 886 76 898 192 681 631 
Bin 8: 447 957 187 786 670 912 731 
Bin 9: 651 779 124 733 431 264 819 
Bin 10: 848 72 548 69 956 94 325 
Bin 11: 524 371 154 791 742 26 666 
Bin 12: 286 467 454 453 673 871 
Bin 13: 395 89 745 476 793 862 
Bin 14: 625 901 48 318 64 140 
Bin 15: 463 133 557 221 33 65 205 902 
Bin 16: 31 577 417 627 529 368 663 
Bin 17: 572 888 478 312 418 361 649 
Bin 18: 784 992 10 323 580 
Bin 19: 166 821 32 261 275 233 119 
Bin 20: 683 657 545 356 271 427 719 
Bin 21: 98 189 831 399 90 317 
Bin 22: 785 345 11 176 732 507 67 
Bin 23: 116 752 81 215 662 173 
Bin 24: 969 541 640 809 430 963 421 
Bin 25: 272 985 13 520 254 
Bin 26: 157 459 122 61 769 869 243 
Bin 27: 811 40 795 420 829 513 104 
Bin 28: 589 761 913 911 764 
Bin 29: 53 973 123 601 305 806 
Bin 30: 798 807 293 428 55 471 
Bin 31: 372 910 214 982 844 149 
Bin 32: 596 824 789 324 163 550 491 
Bin 33: 744 781 344 370 552 16 
Bin 34: 624 757 473 50 600 777 230 
Bin 35: 927 75 440 351 699 442 
Bin 36: 120 474 190 943 971 951 412 
Bin 37: 338 465 637 381 797 641 362 677 
Bin 38: 722 492 965 753 991 349 354 872 
Bin 39: 219 770 976 136 720 68 
Bin 40: 82 277 846 342 290 329 
Bin 41: 151 74 570 340 435 613 
Bin 42: 892 658 426 475 527 838 217 
Bin 43: 884 644 599 175 337 
Bin 44: 675 687 295 498 
Bin 45: 287 586 237 260 567 506 394 
Bin 46: 357 410 938 904 236 787 
Bin 47: 556 411 922 46 975 937 
Bin 48: 810 830 669 35 501 148 
Bin 49: 653 7 393 571 458 409 
Bin 50: 77 814 4 113 514 839 680 
Bin 51: 161 137 968 619 335 949 
Bin 52: 916 30 870 966 240 803 
Bin 53: 373 499 917 206 88 143 974 
Bin 54: 574 49 618 209 186 142 834 
Bin 55: 103 494 448 449 178 348 
Bin 56: 203 78 322 401 705 229 
Bin 57: 750 101 488 674 739 946 
Bin 58: 553 639 216 907 112 813 114 
Bin 59: 377 998 110 592 27 879 284 
Bin 60: 894 549 656 920 756 983 
Bin 61: 945 283 878 85 608 404 714 
Bin 62: 542 379 519 512 107 118 460 
Bin 63: 466 563 547 220 551 364 21 
Bin 64: 642 350 582 239 184 588 
Bin 65: 0 375 111 358 363 
Bin 66: 736 607 900 609 735 685 897 
Bin 67: 981 419 706 836 311 578 
Bin 68: 694 961 568 156 152 751 
Bin 69: 632 805 689 686 38 289 
Bin 70: 537 269 562 244 232 444 540 
Bin 71: 308 564 493 256 762 684 423 
Bin 72: 815 300 339 712 84 590 
Bin 73: 208 591 310 115 100 573 
Bin 74: 62 611 490 847 386 
Bin 75: 544 629 664 168 598 695 
Bin 76: 19 857 299 776 939 291 73 
Bin 77: 980 292 505 881 249 826 
Bin 78: 15 147 691 659 383 999 
Bin 79: 44 200 54 52 517 929 
Bin 80: 837 222 800 456 726 511 132 538 
Bin 81: 9 270 331 28 711 715 915 
Bin 82: 654 146 253 896 953 597 
Bin 83: 914 804 198 298 307 
Bin 84: 633 172 226 288 332 924 37 
Bin 85: 153 533 701 47 408 867 
Bin 86: 502 560 874 727 603 212 
Bin 87: 259 250 852 955 204 692 
Bin 88: 842 605 808 95 828 285 650 
Bin 89: 276 388 610 754 155 131 
Bin 90: 543 228 531 526 360 765 327 341 
Bin 91: 593 873 645 304 749 347 336 
Bin 92: 856 160 489 199 97 366 
Bin 93: 455 696 486 964 858 767 432 
Bin 94: 29 177 266 500 36 843 
Bin 95: 646 518 162 885 202 717 
Bin 96: 748 169 245 225 730 883 
Bin 97: 241 406 18 676 374 672 709 
Bin 98: 623 400 667 707 801 51 
Bin 99: 248 367 376 443 158 180 
Bin 100: 326 875 994 127 535 257 343 
Bin 101: 334 671 197 424 138 378 451 
Bin 102: 812 477 708 822 566 391 
Bin 103: 923 617 145 880 328 191 926 
Bin 104: 944 301 92 952 783 585 
Bin 105: 539 534 387 818 128 979 403 
Bin 106: 105 183 485 986 196 877 80 
Bin 107: 346 565 398 385 70 415 595 389 
Bin 108: 648 3 63 747 58 141 
Bin 109: 780 171 414 470 772 294 602 
Bin 110: 472 144 227 728 766 698 893 
Bin 111: 935 716 652 906 996 989 
Bin 112: 509 167 165 333 967 
Bin 113: 83 816 604 738 252 
Bin 114: 905 940 899 96 93 56 825 
Bin 115: 60 129 91 218 845 
Bin 116: 422 850 1 268 832 8 508 
Bin 117: 581 903 704 238 859 523 536 615 
Bin 118: 972 682 296 908 210 
Bin 119: 835 855 182 987 997 
Bin 120: 725 918 384 668 895 889 
Bin 121: 280 647 402 962 827 407 
Bin 122: 99 860 405 773 740 988 
Bin 123: 794 528 984 909 703 931 
Bin 124: 525 429 150 487 5 481 
Bin 125: 497 22 274 164 928 185 
Bin 126: 242 693 413 23 464 87 576 
Bin 127: 774 126 42 729 282 934 
Bin 128: 438 734 320 125 480 697 
Bin 129: 201 352 25 796 661 479 
Bin 130: 614 121 612 425 594 251 
Bin 131: 181 281 737 102 606 638 
Bin 132: 882 321 235 193 688 
Bin 133: 302 942 630 14 469 958 
Bin 134: 446 450 555 179 933 390 
Bin 135: 959 616 628 223 194 231 
Bin 136: 743 579 159 817 948 521 
Bin 137: 59 441 483 306 213 977 
Bin 138: 109 960 887 700 990 718 
Bin 139: 771 43 583 655 546 
Bin 140: 710 841 775 820 117 
Bin 141: 273 679 234 6 621 
Bin 142: 319 530 636 255 365 20 
Bin 143: 970 760 437 995 759 865 
Bin 144: 39 108 763 584 532 569 
Bin 145: 303 840 587 941 993 515 
Bin 146: 950 316 622 495 12 314 
Bin 147: 246 854 207 468 936 
Bin 148: 330 278 746 620 265 
Bin 149: 130 947 758 462 457 106 
Bin 150: 954 925 724 558 170 
Bin 151: 482 559 353 45 510 802 
Bin 152: 853 713 24 134 397 799 
Bin 153: 575 247 635 516 139 439 
Bin 154: 866 17 309 433 211 
Bin 155: 71 833 702 768 890 34 
Bin 156: 634 2 484 86 660 
Bin 157: 863 188 790 891 
Bin 158: 554 434 66 195 416 452 
Bin 159: 262 778 643 978 
Bin 160: 782 369 868 823 
Bin 161: 267 445 690 
