# Objective: 79
# Time: 40.0099
# Feasible: 1
# Solution:
Bin 0: 134 132 336 378 202 16 436 
Bin 1: 290 256 296 335 195 492 187 109 
Bin 2: 497 220 291 240 237 409 
Bin 3: 137 244 359 482 414 415 
Bin 4: 208 274 179 174 108 466 293 382 189 
Bin 5: 110 443 159 1 210 353 178 
Bin 6: 365 254 259 356 313 399 
Bin 7: 426 84 26 284 146 319 37 
Bin 8: 393 402 236 112 338 21 
Bin 9: 194 453 14 188 496 
Bin 10: 99 434 487 47 73 173 
Bin 11: 228 493 258 412 172 282 206 
Bin 12: 113 212 163 377 70 
Bin 13: 245 222 82 262 446 297 306 
Bin 14: 49 116 186 28 15 413 200 
Bin 15: 168 386 390 486 226 211 
Bin 16: 405 213 351 165 341 329 
Bin 17: 24 347 153 157 339 
Bin 18: 80 62 325 145 235 456 215 
Bin 19: 349 180 488 367 470 29 94 
Bin 20: 407 69 275 421 111 243 308 
Bin 21: 151 368 346 485 479 30 457 
Bin 22: 489 148 458 175 363 20 418 7 
Bin 23: 239 177 105 35 100 280 307 
Bin 24: 357 238 315 322 285 233 
Bin 25: 295 469 460 6 88 0 250 
Bin 26: 471 366 474 481 371 4 
Bin 27: 379 375 484 265 48 
Bin 28: 61 283 369 279 321 106 348 
Bin 29: 270 478 420 183 475 268 
Bin 30: 139 391 227 230 101 305 251 
Bin 31: 107 234 86 360 3 480 327 
Bin 32: 352 273 12 133 54 333 408 
Bin 33: 171 266 131 184 435 495 38 388 
Bin 34: 442 152 428 267 44 11 
Bin 35: 143 304 27 117 241 
Bin 36: 78 216 167 417 462 
Bin 37: 342 398 490 67 344 219 
Bin 38: 242 483 149 93 85 
Bin 39: 395 311 343 424 477 76 
Bin 40: 463 302 301 358 400 71 
Bin 41: 204 232 416 9 255 476 
Bin 42: 253 309 345 294 120 
Bin 43: 95 411 104 90 261 162 181 
Bin 44: 385 330 248 278 389 56 185 
Bin 45: 276 8 337 83 300 122 
Bin 46: 115 383 192 121 231 205 225 32 
Bin 47: 118 13 454 140 334 445 
Bin 48: 52 142 74 260 289 221 
Bin 49: 190 332 123 193 299 96 433 
Bin 50: 355 473 317 491 126 
Bin 51: 130 2 354 423 451 207 125 196 
Bin 52: 374 252 65 169 58 39 318 
Bin 53: 138 98 209 53 75 128 
Bin 54: 404 314 144 440 42 281 
Bin 55: 455 465 97 156 350 182 286 
Bin 56: 223 246 164 217 340 422 392 
Bin 57: 5 66 158 447 224 51 166 218 
Bin 58: 362 394 31 272 312 
Bin 59: 50 203 201 373 468 
Bin 60: 160 263 41 119 494 229 60 
Bin 61: 432 68 91 303 429 376 
Bin 62: 114 461 197 381 271 81 
Bin 63: 40 59 449 324 292 
Bin 64: 23 277 425 323 136 
Bin 65: 387 214 22 92 135 10 
Bin 66: 25 55 364 198 380 247 87 
Bin 67: 150 18 459 316 499 401 129 
Bin 68: 452 298 410 320 444 43 288 
Bin 69: 57 406 77 103 63 17 
Bin 70: 79 397 326 448 430 257 
Bin 71: 155 161 372 438 450 72 
Bin 72: 46 64 419 127 154 
Bin 73: 310 472 141 396 33 89 361 
Bin 74: 439 403 147 437 370 124 
Bin 75: 498 287 199 384 464 331 
Bin 76: 170 264 328 431 102 441 
Bin 77: 36 249 45 176 191 
Bin 78: 19 34 427 269 467 
