# Objective: 87
# Time: 68.7356
# Feasible: 1
# Solution:
Bin 0: 420 217 384 184 13 221 
Bin 1: 171 336 327 3 61 
Bin 2: 297 8 168 57 333 
Bin 3: 348 342 262 269 373 80 
Bin 4: 205 104 226 487 448 280 235 349 
Bin 5: 324 378 23 211 244 
Bin 6: 162 83 87 492 216 383 
Bin 7: 230 128 282 337 202 196 
Bin 8: 50 435 231 425 49 298 
Bin 9: 121 494 67 76 220 459 
Bin 10: 142 490 300 460 357 95 6 
Bin 11: 166 362 270 257 263 63 
Bin 12: 78 242 84 44 174 151 
Bin 13: 11 167 245 340 52 
Bin 14: 254 258 62 266 113 152 
Bin 15: 329 259 468 188 82 125 5 
Bin 16: 2 71 380 495 85 193 
Bin 17: 36 212 388 146 173 497 
Bin 18: 405 351 181 210 116 
Bin 19: 431 218 163 148 346 
Bin 20: 432 396 281 479 311 
Bin 21: 120 345 183 69 389 15 
Bin 22: 147 130 369 160 224 248 374 
Bin 23: 467 246 471 457 164 304 
Bin 24: 354 206 194 307 295 107 
Bin 25: 4 33 267 347 260 427 
Bin 26: 47 261 370 24 386 
Bin 27: 208 137 88 478 219 
Bin 28: 382 325 397 265 42 
Bin 29: 34 55 110 493 335 
Bin 30: 274 93 279 26 90 314 
Bin 31: 185 59 353 339 144 399 
Bin 32: 393 150 343 176 398 424 
Bin 33: 43 331 165 434 482 498 
Bin 34: 256 406 255 190 186 237 
Bin 35: 115 21 375 60 123 
Bin 36: 58 155 419 458 16 317 
Bin 37: 140 447 358 48 453 284 407 
Bin 38: 426 122 474 19 35 238 
Bin 39: 372 241 229 138 352 
Bin 40: 192 114 207 291 98 209 253 
Bin 41: 191 409 318 440 403 240 70 
Bin 42: 437 288 132 283 
Bin 43: 228 97 303 465 1 476 312 
Bin 44: 275 290 96 359 326 
Bin 45: 143 170 286 92 30 124 127 
Bin 46: 442 412 385 7 20 12 394 
Bin 47: 464 319 214 363 
Bin 48: 105 296 86 376 452 355 
Bin 49: 294 38 328 371 103 
Bin 50: 455 119 51 177 117 436 
Bin 51: 308 402 159 215 233 
Bin 52: 101 366 247 236 68 
Bin 53: 161 481 99 154 118 75 
Bin 54: 334 135 395 473 367 
Bin 55: 17 332 227 341 321 
Bin 56: 126 271 313 252 277 106 
Bin 57: 178 451 289 470 39 379 
Bin 58: 364 172 454 293 25 53 
Bin 59: 180 157 251 413 401 439 475 
Bin 60: 46 232 391 416 243 
Bin 61: 446 422 175 141 264 
Bin 62: 390 169 136 108 179 292 
Bin 63: 408 344 302 368 134 400 
Bin 64: 477 377 45 466 444 
Bin 65: 139 496 438 387 488 133 
Bin 66: 491 213 129 72 315 
Bin 67: 41 100 309 322 489 
Bin 68: 158 65 486 361 445 469 
Bin 69: 301 443 430 360 145 250 
Bin 70: 310 365 410 320 414 239 
Bin 71: 189 89 418 287 111 273 
Bin 72: 461 204 14 449 79 441 
Bin 73: 31 40 0 480 268 
Bin 74: 29 411 323 74 433 429 
Bin 75: 404 316 350 285 18 81 
Bin 76: 73 330 9 417 428 
Bin 77: 421 182 27 201 223 199 
Bin 78: 392 356 249 28 338 
Bin 79: 187 56 149 462 32 77 
Bin 80: 415 278 22 463 66 10 
Bin 81: 91 225 94 450 102 483 64 
Bin 82: 156 499 381 198 276 
Bin 83: 203 112 272 472 485 456 484 
Bin 84: 306 109 423 37 197 
Bin 85: 222 234 305 131 
Bin 86: 54 153 299 200 195 
