# Objective: 154
# Time: 226.188
# Feasible: 1
# Solution:
Bin 0: 197 112 935 963 198 683 560 
Bin 1: 25 113 301 124 102 600 587 
Bin 2: 433 232 206 542 981 311 748 
Bin 3: 222 251 742 636 728 59 420 
Bin 4: 758 432 163 825 971 991 
Bin 5: 55 718 454 617 364 424 13 
Bin 6: 238 510 480 223 436 189 192 284 
Bin 7: 545 487 993 903 863 719 
Bin 8: 401 862 476 693 641 407 
Bin 9: 533 831 224 512 278 
Bin 10: 116 517 63 783 279 530 
Bin 11: 136 637 466 290 808 926 813 567 
Bin 12: 144 847 357 78 577 932 952 565 809 
Bin 13: 177 855 165 221 857 69 
Bin 14: 252 156 799 973 603 65 876 
Bin 15: 158 98 687 190 732 610 
Bin 16: 328 282 67 666 663 296 
Bin 17: 342 566 858 596 15 890 
Bin 18: 126 138 521 334 508 152 489 
Bin 19: 470 461 120 234 131 920 607 
Bin 20: 422 836 769 398 928 800 139 
Bin 21: 767 319 87 770 117 669 692 
Bin 22: 558 948 556 676 242 837 
Bin 23: 430 891 757 306 292 509 834 594 
Bin 24: 338 309 842 332 654 672 550 703 
Bin 25: 151 997 300 254 786 
Bin 26: 48 870 827 564 39 76 293 
Bin 27: 941 734 591 763 909 907 166 
Bin 28: 500 207 415 429 274 665 
Bin 29: 729 647 840 298 159 708 
Bin 30: 316 992 580 43 721 77 731 
Bin 31: 80 194 806 361 838 8 497 
Bin 32: 713 959 438 689 765 722 133 
Bin 33: 394 179 5 670 61 0 
Bin 34: 469 851 856 114 685 369 
Bin 35: 554 187 944 305 850 791 329 615 
Bin 36: 153 782 201 869 137 445 6 
Bin 37: 747 860 405 995 606 723 861 
Bin 38: 29 41 546 795 294 810 
Bin 39: 169 125 390 127 129 743 373 
Bin 40: 235 205 649 199 383 727 
Bin 41: 922 419 802 44 109 191 706 
Bin 42: 885 873 605 322 441 527 
Bin 43: 89 24 481 37 987 531 805 551 
Bin 44: 538 901 803 602 682 759 
Bin 45: 68 736 671 846 797 524 
Bin 46: 938 982 106 626 275 204 549 
Bin 47: 506 19 411 314 739 889 
Bin 48: 781 391 895 135 752 674 902 
Bin 49: 471 273 250 892 115 664 750 
Bin 50: 228 315 381 673 835 331 
Bin 51: 225 707 421 490 247 7 186 
Bin 52: 894 749 924 330 95 884 
Bin 53: 681 370 942 667 774 243 453 
Bin 54: 955 599 859 425 854 130 896 
Bin 55: 904 575 343 333 812 570 400 
Bin 56: 625 149 42 148 161 996 657 
Bin 57: 623 568 906 833 526 494 
Bin 58: 171 792 96 624 380 327 
Bin 59: 943 385 181 295 372 399 92 
Bin 60: 785 50 715 794 979 590 821 
Bin 61: 661 643 105 950 240 714 872 
Bin 62: 30 255 270 326 787 737 
Bin 63: 176 188 378 320 817 557 
Bin 64: 779 740 675 104 81 677 537 
Bin 65: 456 91 236 618 413 915 360 79 845 
Bin 66: 801 451 645 819 36 308 118 563 
Bin 67: 883 699 375 584 66 318 
Bin 68: 762 180 986 209 27 853 
Bin 69: 53 790 503 933 100 865 145 
Bin 70: 964 83 874 317 994 612 40 
Bin 71: 583 14 931 777 262 341 
Bin 72: 56 404 32 507 258 54 775 168 
Bin 73: 35 678 974 493 155 
Bin 74: 535 313 444 621 472 629 911 
Bin 75: 321 93 644 940 954 
Bin 76: 437 473 277 167 94 465 830 
Bin 77: 183 519 3 337 210 811 230 
Bin 78: 475 496 547 498 639 382 
Bin 79: 312 182 939 985 609 878 285 85 
Bin 80: 897 923 540 516 4 253 908 
Bin 81: 245 231 365 354 439 172 
Bin 82: 71 868 90 525 730 796 
Bin 83: 887 912 185 389 388 988 559 
Bin 84: 261 353 263 784 268 347 
Bin 85: 976 450 249 947 741 288 
Bin 86: 212 426 12 38 937 23 746 
Bin 87: 11 653 344 141 701 215 579 656 
Bin 88: 449 241 265 914 965 367 
Bin 89: 822 414 720 541 22 611 789 
Bin 90: 648 446 745 945 272 553 
Bin 91: 72 336 259 561 427 359 
Bin 92: 99 877 958 477 695 350 
Bin 93: 423 989 121 839 227 761 248 18 
Bin 94: 443 668 351 929 170 435 
Bin 95: 694 726 598 502 491 970 
Bin 96: 619 219 581 384 614 544 916 
Bin 97: 548 460 593 505 582 
Bin 98: 755 257 882 595 888 953 
Bin 99: 630 28 396 826 642 468 
Bin 100: 368 696 832 492 601 464 
Bin 101: 880 513 686 452 968 700 208 
Bin 102: 20 585 467 778 918 905 
Bin 103: 604 289 824 64 196 408 2 
Bin 104: 871 202 934 392 478 864 362 
Bin 105: 751 660 620 339 773 49 716 157 
Bin 106: 132 348 841 576 260 495 
Bin 107: 442 462 358 972 16 
Bin 108: 402 828 927 73 552 881 
Bin 109: 266 229 788 960 574 975 97 
Bin 110: 226 376 753 269 395 613 455 
Bin 111: 458 88 164 680 646 815 
Bin 112: 416 925 659 578 345 
Bin 113: 655 457 698 539 543 174 
Bin 114: 143 917 990 651 946 377 200 
Bin 115: 710 10 220 101 969 899 562 
Bin 116: 110 532 214 984 738 349 52 
Bin 117: 910 60 555 631 589 193 486 
Bin 118: 571 756 780 346 627 
Bin 119: 479 633 134 691 529 725 142 
Bin 120: 919 967 616 956 217 766 
Bin 121: 150 999 393 764 634 216 
Bin 122: 406 140 160 264 843 640 
Bin 123: 237 898 690 936 814 849 310 173 
Bin 124: 9 233 418 70 652 1 
Bin 125: 474 793 998 366 484 84 
Bin 126: 823 75 658 662 58 867 518 
Bin 127: 34 246 403 592 804 638 798 
Bin 128: 283 21 304 122 514 569 
Bin 129: 323 711 511 387 983 371 
Bin 130: 286 852 776 712 409 
Bin 131: 951 900 807 482 697 744 
Bin 132: 244 175 536 417 203 291 213 
Bin 133: 930 733 26 307 459 428 
Bin 134: 218 51 267 440 628 635 
Bin 135: 335 82 949 195 702 297 
Bin 136: 772 154 276 499 103 
Bin 137: 771 302 386 74 515 447 886 
Bin 138: 355 957 966 913 588 829 
Bin 139: 47 33 324 271 352 62 17 
Bin 140: 410 586 760 978 650 597 754 
Bin 141: 379 705 239 178 86 844 
Bin 142: 111 622 704 184 211 
Bin 143: 962 431 146 528 434 488 
Bin 144: 303 522 356 848 717 45 287 
Bin 145: 866 123 31 483 162 448 
Bin 146: 893 463 875 523 879 688 
Bin 147: 57 818 961 679 374 816 
Bin 148: 820 46 504 977 147 684 
Bin 149: 768 735 921 980 412 501 
Bin 150: 534 299 107 608 485 363 
Bin 151: 520 280 340 128 325 
Bin 152: 709 573 281 397 
Bin 153: 119 632 108 724 256 572 
