# Objective: 155
# Time: 449.915
# Feasible: 1
# Solution:
Bin 0: 621 253 569 200 306 403 
Bin 1: 314 856 98 708 915 876 924 
Bin 2: 473 469 645 372 211 184 673 733 
Bin 3: 219 889 956 760 592 754 871 385 
Bin 4: 100 315 188 33 172 37 902 
Bin 5: 230 262 146 295 961 17 864 
Bin 6: 256 973 48 619 737 429 948 137 870 
Bin 7: 583 478 461 195 0 831 
Bin 8: 596 893 255 454 28 822 545 
Bin 9: 402 192 788 407 41 
Bin 10: 588 487 42 205 443 849 187 353 
Bin 11: 64 20 655 207 4 44 423 
Bin 12: 133 70 130 222 770 494 793 
Bin 13: 675 932 813 220 676 808 
Bin 14: 451 6 559 194 285 557 778 
Bin 15: 873 347 703 384 677 575 
Bin 16: 263 304 343 282 933 804 
Bin 17: 626 947 881 421 882 525 
Bin 18: 128 95 131 237 40 323 
Bin 19: 533 415 328 953 176 471 728 
Bin 20: 280 994 493 387 101 271 650 
Bin 21: 440 309 595 565 138 599 
Bin 22: 773 482 815 611 329 333 890 
Bin 23: 404 341 918 827 290 523 
Bin 24: 758 486 8 217 597 552 345 877 
Bin 25: 647 434 156 664 110 662 
Bin 26: 921 908 698 296 507 845 
Bin 27: 790 783 528 84 548 791 685 
Bin 28: 266 861 7 970 709 704 585 
Bin 29: 203 344 855 841 726 936 
Bin 30: 549 962 652 352 336 786 721 
Bin 31: 236 210 139 819 158 977 967 
Bin 32: 880 151 957 587 797 397 113 
Bin 33: 944 929 275 629 586 386 941 
Bin 34: 742 456 479 581 560 945 11 
Bin 35: 825 666 19 508 801 232 839 
Bin 36: 510 453 62 9 231 377 178 
Bin 37: 111 812 901 311 937 150 752 
Bin 38: 27 568 958 750 593 
Bin 39: 78 213 980 12 108 635 741 860 
Bin 40: 834 702 480 527 544 612 
Bin 41: 148 298 573 65 564 884 
Bin 42: 123 907 748 462 412 452 50 
Bin 43: 199 618 657 260 830 624 672 
Bin 44: 627 912 529 243 437 490 191 
Bin 45: 75 806 996 811 781 867 25 
Bin 46: 954 756 609 301 57 643 433 
Bin 47: 694 506 76 233 498 488 
Bin 48: 769 125 155 846 466 32 
Bin 49: 1 678 463 144 711 244 
Bin 50: 524 738 665 935 768 546 
Bin 51: 582 574 787 782 964 35 866 
Bin 52: 590 435 631 209 82 824 
Bin 53: 828 561 716 239 680 989 258 
Bin 54: 251 332 659 842 656 308 
Bin 55: 240 225 410 276 317 289 745 
Bin 56: 946 485 802 943 361 226 136 66 
Bin 57: 349 991 264 628 764 357 221 
Bin 58: 424 724 411 186 358 784 840 
Bin 59: 38 503 891 971 14 450 
Bin 60: 496 378 127 467 272 
Bin 61: 504 688 710 718 553 68 216 
Bin 62: 562 648 206 757 89 879 886 
Bin 63: 663 807 874 638 682 669 730 124 
Bin 64: 671 536 766 509 79 
Bin 65: 400 532 551 476 59 291 214 
Bin 66: 608 622 103 634 859 898 743 
Bin 67: 142 965 324 61 351 307 
Bin 68: 405 542 910 24 132 107 422 
Bin 69: 477 154 112 617 408 459 
Bin 70: 625 338 865 318 851 919 
Bin 71: 369 305 843 455 972 
Bin 72: 591 69 117 604 472 863 229 
Bin 73: 530 171 120 73 30 550 
Bin 74: 522 697 335 316 413 419 
Bin 75: 513 511 87 686 818 249 181 
Bin 76: 607 689 163 701 577 364 
Bin 77: 143 394 674 976 930 616 
Bin 78: 563 340 850 234 376 58 
Bin 79: 670 241 909 632 995 534 
Bin 80: 445 292 212 432 681 796 693 
Bin 81: 713 798 554 54 955 379 
Bin 82: 294 265 489 556 52 923 792 
Bin 83: 388 448 247 254 67 481 145 
Bin 84: 692 497 512 642 267 969 371 
Bin 85: 185 441 444 883 740 572 
Bin 86: 274 382 204 763 85 
Bin 87: 636 449 196 447 747 999 442 
Bin 88: 198 777 245 951 278 322 
Bin 89: 499 45 346 224 129 161 
Bin 90: 439 683 938 320 869 392 368 
Bin 91: 537 571 982 630 668 310 16 160 
Bin 92: 580 785 986 661 396 984 719 
Bin 93: 36 990 389 746 63 981 
Bin 94: 820 179 920 159 277 152 
Bin 95: 526 327 543 326 162 911 
Bin 96: 201 535 620 475 140 169 
Bin 97: 594 356 974 147 183 118 359 
Bin 98: 15 330 774 2 47 722 679 606 
Bin 99: 687 312 325 283 114 780 381 
Bin 100: 29 348 598 355 174 
Bin 101: 836 547 579 134 712 88 
Bin 102: 658 835 119 516 794 53 765 
Bin 103: 660 505 570 988 987 409 
Bin 104: 342 857 246 795 852 
Bin 105: 501 122 331 639 521 799 960 
Bin 106: 706 567 13 86 727 242 837 250 
Bin 107: 905 814 848 817 18 99 732 925 
Bin 108: 235 197 899 425 269 800 135 
Bin 109: 538 248 257 380 832 417 
Bin 110: 373 446 736 31 776 690 
Bin 111: 894 922 759 395 603 81 
Bin 112: 303 334 755 5 844 270 
Bin 113: 406 821 168 715 166 474 
Bin 114: 735 985 751 10 772 847 601 
Bin 115: 717 77 983 208 279 979 
Bin 116: 177 589 288 49 116 888 762 
Bin 117: 858 141 646 914 299 374 399 391 
Bin 118: 23 699 519 744 319 520 
Bin 119: 354 189 872 926 218 458 
Bin 120: 878 281 810 789 22 390 
Bin 121: 126 215 566 238 428 165 
Bin 122: 366 904 906 297 430 
Bin 123: 26 641 502 90 273 753 
Bin 124: 173 465 749 157 975 854 
Bin 125: 362 21 853 829 939 105 720 
Bin 126: 153 91 96 900 903 885 
Bin 127: 654 365 252 56 83 555 
Bin 128: 93 393 691 714 695 
Bin 129: 121 803 613 684 940 401 978 
Bin 130: 518 175 887 927 190 367 838 
Bin 131: 202 600 383 992 74 731 
Bin 132: 614 94 531 576 998 651 968 
Bin 133: 46 644 705 102 167 558 
Bin 134: 106 862 97 602 897 60 
Bin 135: 779 261 92 180 34 667 928 
Bin 136: 293 370 398 823 649 729 71 
Bin 137: 868 431 633 418 761 193 
Bin 138: 182 104 952 313 228 223 
Bin 139: 460 934 470 302 771 959 
Bin 140: 337 896 775 913 426 809 
Bin 141: 3 605 170 942 700 
Bin 142: 464 653 963 495 539 
Bin 143: 640 895 615 696 416 610 484 
Bin 144: 468 39 457 514 723 
Bin 145: 492 72 997 833 875 515 816 
Bin 146: 259 637 287 363 483 375 
Bin 147: 739 491 767 541 540 268 
Bin 148: 805 892 578 115 55 350 
Bin 149: 51 427 966 734 80 584 
Bin 150: 931 436 725 286 414 
Bin 151: 149 917 950 949 707 
Bin 152: 109 623 300 284 993 
Bin 153: 339 500 360 321 164 
Bin 154: 43 438 420 916 227 517 826 
