# Objective: 85
# Time: 96.5482
# Feasible: 1
# Solution:
Bin 0: 222 456 236 467 139 111 89 
Bin 1: 263 373 323 108 185 
Bin 2: 143 250 211 330 241 204 
Bin 3: 440 45 171 393 76 
Bin 4: 484 446 258 348 269 
Bin 5: 262 445 292 401 157 55 
Bin 6: 327 427 366 14 346 232 
Bin 7: 182 93 113 360 180 174 239 
Bin 8: 8 186 460 59 423 491 313 
Bin 9: 417 400 152 196 354 
Bin 10: 50 426 375 344 447 434 
Bin 11: 160 394 496 435 41 67 
Bin 12: 261 403 494 18 433 86 
Bin 13: 442 237 273 284 81 32 
Bin 14: 286 318 23 254 121 105 
Bin 15: 4 297 357 159 268 
Bin 16: 21 480 13 77 478 404 
Bin 17: 137 49 463 251 122 146 
Bin 18: 428 120 234 63 362 495 225 
Bin 19: 473 364 223 34 
Bin 20: 359 191 183 437 320 132 
Bin 21: 178 243 396 374 46 382 
Bin 22: 498 189 489 342 181 405 
Bin 23: 407 194 109 322 274 208 
Bin 24: 339 399 422 188 341 438 
Bin 25: 134 490 266 192 56 389 
Bin 26: 92 416 66 331 131 294 
Bin 27: 138 103 27 402 439 299 214 
Bin 28: 179 210 170 475 448 289 227 
Bin 29: 72 255 3 340 65 
Bin 30: 301 57 11 123 482 277 
Bin 31: 133 156 37 44 118 141 
Bin 32: 288 265 358 154 20 187 
Bin 33: 410 283 167 233 206 443 
Bin 34: 85 474 369 106 84 388 
Bin 35: 87 202 486 472 287 458 310 
Bin 36: 101 381 22 420 158 418 33 
Bin 37: 253 361 379 459 168 363 
Bin 38: 462 173 421 479 240 353 193 311 
Bin 39: 201 328 175 16 260 264 425 
Bin 40: 248 82 252 68 436 308 
Bin 41: 316 378 441 267 487 270 
Bin 42: 147 47 309 276 97 38 
Bin 43: 296 335 444 385 1 488 333 
Bin 44: 307 279 314 408 419 115 
Bin 45: 150 107 306 451 224 497 71 
Bin 46: 99 135 198 52 326 317 
Bin 47: 230 96 124 272 35 
Bin 48: 149 350 386 218 79 
Bin 49: 383 61 200 26 64 91 
Bin 50: 371 471 303 372 312 145 
Bin 51: 215 411 212 90 370 259 
Bin 52: 298 470 83 127 9 285 
Bin 53: 199 315 352 163 295 195 
Bin 54: 329 5 155 164 499 
Bin 55: 10 30 51 492 95 
Bin 56: 153 128 39 280 203 377 
Bin 57: 271 197 119 281 457 365 
Bin 58: 302 304 140 213 424 477 
Bin 59: 31 17 246 349 53 
Bin 60: 12 114 390 429 74 
Bin 61: 169 166 104 454 226 216 
Bin 62: 485 275 347 130 176 466 324 
Bin 63: 290 412 207 464 244 78 449 
Bin 64: 148 110 245 351 162 392 
Bin 65: 129 172 321 256 40 356 
Bin 66: 406 453 355 343 126 235 
Bin 67: 88 60 6 452 25 
Bin 68: 62 431 325 278 24 
Bin 69: 493 112 414 380 345 257 
Bin 70: 221 337 476 209 15 376 
Bin 71: 430 190 242 70 75 231 
Bin 72: 397 102 100 468 432 
Bin 73: 54 94 483 336 291 293 
Bin 74: 161 36 69 48 43 184 
Bin 75: 228 98 334 7 2 338 
Bin 76: 151 142 332 217 450 219 
Bin 77: 387 177 229 455 409 19 
Bin 78: 247 0 29 469 165 384 
Bin 79: 395 58 220 391 249 
Bin 80: 80 42 415 368 367 
Bin 81: 125 413 117 136 300 481 
Bin 82: 465 238 319 116 398 
Bin 83: 28 282 144 73 
Bin 84: 205 305 461 
