# Objective: 88
# Time: 58.4877
# Feasible: 1
# Solution:
Bin 0: 362 175 313 179 90 204 112 
Bin 1: 411 409 355 168 474 231 381 148 
Bin 2: 419 434 338 499 301 233 
Bin 3: 446 266 184 137 
Bin 4: 167 3 387 275 278 144 
Bin 5: 53 83 289 337 96 107 
Bin 6: 450 162 476 452 390 472 
Bin 7: 214 467 68 72 486 480 
Bin 8: 444 481 243 368 20 286 
Bin 9: 359 393 192 16 406 270 416 
Bin 10: 2 264 117 435 263 
Bin 11: 412 91 288 259 147 394 296 
Bin 12: 187 463 255 354 272 440 
Bin 13: 276 493 136 489 122 240 
Bin 14: 432 274 315 131 28 
Bin 15: 4 451 81 453 331 
Bin 16: 380 173 385 65 418 139 
Bin 17: 51 367 483 466 284 404 61 
Bin 18: 103 251 428 398 342 46 
Bin 19: 82 156 216 479 102 29 
Bin 20: 389 488 38 405 110 
Bin 21: 460 336 120 113 323 
Bin 22: 292 246 291 491 247 8 303 
Bin 23: 379 166 132 104 202 141 
Bin 24: 496 11 441 339 48 128 
Bin 25: 436 498 279 219 461 
Bin 26: 212 427 327 473 458 
Bin 27: 18 395 201 189 118 114 180 
Bin 28: 87 116 465 468 177 133 77 
Bin 29: 267 188 449 413 69 
Bin 30: 490 384 433 400 56 445 
Bin 31: 39 213 80 455 158 
Bin 32: 320 160 109 42 31 163 
Bin 33: 373 209 349 437 64 
Bin 34: 5 124 325 439 484 300 375 
Bin 35: 376 237 203 94 310 10 
Bin 36: 332 208 425 322 186 283 
Bin 37: 482 70 23 293 181 494 
Bin 38: 312 370 15 182 121 85 
Bin 39: 417 14 258 422 21 
Bin 40: 95 62 
Bin 41: 438 447 377 314 285 60 
Bin 42: 469 328 456 19 97 222 
Bin 43: 334 221 304 143 183 383 
Bin 44: 356 330 250 171 0 317 
Bin 45: 99 33 423 164 248 135 
Bin 46: 126 145 265 420 402 172 199 
Bin 47: 348 457 396 252 58 372 
Bin 48: 403 225 40 125 205 261 
Bin 49: 146 365 73 100 430 26 
Bin 50: 352 281 227 159 157 27 37 
Bin 51: 475 305 287 324 249 232 
Bin 52: 357 254 84 401 123 
Bin 53: 78 86 369 170 45 
Bin 54: 210 218 415 57 353 150 
Bin 55: 36 487 295 236 399 
Bin 56: 294 63 378 414 386 24 
Bin 57: 392 316 431 55 
Bin 58: 106 341 477 462 344 138 
Bin 59: 176 382 88 66 318 
Bin 60: 333 13 442 326 165 197 
Bin 61: 363 424 115 235 
Bin 62: 75 319 54 153 485 220 
Bin 63: 343 127 311 111 215 302 
Bin 64: 298 454 307 280 443 
Bin 65: 299 364 41 309 67 
Bin 66: 360 198 277 196 52 
Bin 67: 350 421 101 260 471 
Bin 68: 374 34 108 358 79 245 
Bin 69: 345 268 76 497 361 306 151 
Bin 70: 206 74 224 92 194 22 
Bin 71: 410 229 195 290 
Bin 72: 174 397 129 9 1 464 
Bin 73: 178 191 47 44 193 
Bin 74: 211 321 495 239 
Bin 75: 340 119 346 407 
Bin 76: 32 43 161 347 226 
Bin 77: 459 217 242 17 169 207 234 
Bin 78: 152 50 154 190 244 
Bin 79: 59 329 426 30 408 140 
Bin 80: 12 155 200 185 6 
Bin 81: 429 262 351 271 35 
Bin 82: 371 25 391 98 
Bin 83: 223 130 335 49 93 228 
Bin 84: 230 448 388 297 253 149 
Bin 85: 256 71 89 257 282 269 
Bin 86: 366 241 105 492 308 7 238 
Bin 87: 478 273 134 470 142 
