# Objective: 154
# Time: 388.313
# Feasible: 1
# Solution:
Bin 0: 662 81 526 979 317 325 369 
Bin 1: 311 881 495 801 855 147 570 
Bin 2: 550 139 162 140 165 637 213 676 
Bin 3: 800 563 693 612 254 433 677 
Bin 4: 818 593 830 685 798 
Bin 5: 74 739 295 521 659 524 9 
Bin 6: 707 953 362 867 3 456 732 
Bin 7: 359 768 895 811 711 236 427 761 
Bin 8: 890 91 584 184 56 577 103 
Bin 9: 12 64 902 819 852 901 
Bin 10: 425 966 997 921 713 55 
Bin 11: 988 235 724 635 619 245 
Bin 12: 689 712 450 502 310 743 285 
Bin 13: 771 346 983 289 934 905 
Bin 14: 497 849 585 277 858 104 857 494 
Bin 15: 48 121 681 648 674 992 
Bin 16: 181 177 972 664 793 
Bin 17: 480 110 832 441 625 484 
Bin 18: 260 203 366 107 634 483 406 
Bin 19: 971 344 51 408 607 141 316 
Bin 20: 108 119 848 378 400 996 1 436 
Bin 21: 714 26 933 956 960 159 963 82 
Bin 22: 417 449 201 125 2 472 785 
Bin 23: 970 558 516 980 232 642 5 
Bin 24: 694 348 405 382 633 430 829 
Bin 25: 240 861 599 924 603 265 
Bin 26: 272 473 42 298 505 556 
Bin 27: 76 238 671 287 68 172 
Bin 28: 193 643 657 261 360 790 
Bin 29: 129 961 534 783 875 145 
Bin 30: 994 320 291 323 321 457 
Bin 31: 314 296 487 846 150 721 511 
Bin 32: 803 638 851 869 92 391 926 
Bin 33: 168 347 429 454 442 816 198 414 
Bin 34: 264 777 424 385 339 70 486 
Bin 35: 840 377 555 696 930 451 581 548 
Bin 36: 428 936 79 504 838 135 
Bin 37: 477 189 900 23 273 294 
Bin 38: 152 88 932 106 820 525 527 
Bin 39: 229 421 999 6 46 686 
Bin 40: 208 554 716 998 105 33 976 
Bin 41: 566 234 128 750 183 155 221 
Bin 42: 698 733 41 86 148 522 920 
Bin 43: 463 600 226 665 170 919 222 
Bin 44: 836 156 946 393 636 969 831 
Bin 45: 610 131 767 870 418 29 
Bin 46: 329 703 908 519 915 59 582 
Bin 47: 244 0 948 216 935 250 
Bin 48: 62 270 112 641 789 922 
Bin 49: 242 792 533 958 38 212 
Bin 50: 85 392 453 44 731 90 672 
Bin 51: 313 452 929 262 708 909 514 
Bin 52: 899 174 987 251 887 766 
Bin 53: 822 169 61 683 579 176 
Bin 54: 590 65 415 303 371 850 120 398 
Bin 55: 194 324 916 286 701 
Bin 56: 269 655 109 630 938 464 631 
Bin 57: 813 968 349 50 736 375 580 
Bin 58: 230 543 187 910 190 278 
Bin 59: 687 357 199 576 444 691 345 605 
Bin 60: 281 89 308 679 22 13 917 
Bin 61: 275 228 705 7 149 814 545 
Bin 62: 4 573 873 15 715 699 195 
Bin 63: 863 49 794 876 40 337 205 
Bin 64: 53 239 419 231 802 434 
Bin 65: 523 21 897 719 404 684 
Bin 66: 355 844 880 943 854 
Bin 67: 354 535 171 596 491 826 341 422 
Bin 68: 889 661 967 675 786 164 
Bin 69: 931 34 136 977 223 380 911 627 
Bin 70: 485 43 490 652 690 628 
Bin 71: 530 290 332 817 808 327 200 
Bin 72: 866 196 57 544 723 241 
Bin 73: 757 243 613 361 654 28 413 
Bin 74: 372 604 592 75 379 973 319 
Bin 75: 204 343 778 45 440 330 499 
Bin 76: 318 143 292 115 215 702 834 
Bin 77: 536 644 39 859 481 
Bin 78: 729 27 651 280 426 
Bin 79: 658 751 874 734 904 835 
Bin 80: 153 114 914 116 111 227 
Bin 81: 338 574 122 518 673 127 727 845 
Bin 82: 365 432 882 309 517 466 
Bin 83: 649 611 102 669 467 416 373 
Bin 84: 403 606 692 759 532 587 396 765 
Bin 85: 399 923 588 717 302 233 25 
Bin 86: 209 255 704 568 962 764 
Bin 87: 626 879 474 84 182 220 769 
Bin 88: 616 237 18 653 276 173 133 
Bin 89: 443 700 97 805 132 827 459 
Bin 90: 217 409 609 96 219 964 36 883 
Bin 91: 622 24 812 335 142 618 
Bin 92: 912 784 795 913 541 471 791 
Bin 93: 640 564 461 947 720 990 99 
Bin 94: 646 567 358 688 837 621 745 
Bin 95: 253 780 955 559 753 402 
Bin 96: 975 903 740 650 60 458 617 
Bin 97: 639 383 706 206 224 331 252 
Bin 98: 248 297 334 824 439 326 561 
Bin 99: 775 160 266 877 737 293 
Bin 100: 98 384 754 598 180 94 697 
Bin 101: 218 438 247 762 73 
Bin 102: 862 376 927 100 167 878 
Bin 103: 645 728 478 267 709 589 
Bin 104: 351 656 888 447 560 283 756 
Bin 105: 210 137 615 885 304 191 
Bin 106: 506 469 949 407 192 833 71 
Bin 107: 825 578 37 69 815 941 
Bin 108: 19 747 809 78 760 489 985 
Bin 109: 647 507 284 680 772 668 
Bin 110: 307 952 395 138 660 540 
Bin 111: 72 718 974 306 594 
Bin 112: 954 839 547 299 945 
Bin 113: 63 8 482 185 186 601 
Bin 114: 93 944 828 738 123 991 886 
Bin 115: 773 752 774 749 748 663 
Bin 116: 804 744 872 66 860 448 
Bin 117: 755 928 678 468 939 420 
Bin 118: 986 412 779 462 95 951 
Bin 119: 842 868 894 305 742 54 188 787 
Bin 120: 263 572 501 315 47 989 
Bin 121: 410 166 614 623 823 465 35 
Bin 122: 531 583 67 11 710 806 
Bin 123: 83 492 608 557 431 
Bin 124: 562 498 537 17 77 940 
Bin 125: 175 925 629 460 381 158 853 
Bin 126: 246 821 864 161 455 552 479 
Bin 127: 101 214 569 288 488 898 782 
Bin 128: 151 758 982 130 841 322 722 
Bin 129: 666 907 763 117 353 118 781 
Bin 130: 575 14 350 312 126 301 300 
Bin 131: 959 509 515 918 202 387 
Bin 132: 435 364 336 476 367 510 411 620 
Bin 133: 52 884 445 31 597 
Bin 134: 730 146 124 632 856 423 695 
Bin 135: 725 746 950 893 386 512 
Bin 136: 667 207 87 134 496 374 225 
Bin 137: 144 388 896 370 542 865 
Bin 138: 356 257 352 810 843 586 178 
Bin 139: 390 163 602 595 32 271 157 
Bin 140: 796 256 470 363 942 30 
Bin 141: 475 726 565 154 995 546 965 
Bin 142: 981 891 984 788 528 368 
Bin 143: 735 249 624 539 770 807 
Bin 144: 10 797 571 446 282 
Bin 145: 179 211 113 538 274 520 
Bin 146: 437 333 993 937 342 401 
Bin 147: 892 16 978 957 197 553 
Bin 148: 529 80 394 20 682 328 
Bin 149: 268 871 389 549 799 508 
Bin 150: 847 259 670 741 
Bin 151: 551 258 500 503 397 
Bin 152: 906 493 591 776 
Bin 153: 279 513 58 340 
