# Objective: 152
# Time: 276.425
# Feasible: 1
# Solution:
Bin 0: 145 988 344 561 207 42 407 272 
Bin 1: 798 491 266 572 966 764 
Bin 2: 483 215 983 462 680 743 884 
Bin 3: 626 34 92 629 315 486 368 
Bin 4: 154 934 234 685 928 925 510 
Bin 5: 375 895 805 957 501 172 299 861 
Bin 6: 591 200 149 632 652 701 822 485 
Bin 7: 165 421 786 273 503 737 721 
Bin 8: 444 698 614 842 898 4 852 
Bin 9: 712 392 586 109 714 801 921 
Bin 10: 385 254 306 762 976 394 858 
Bin 11: 815 276 761 514 744 741 
Bin 12: 612 507 502 257 297 
Bin 13: 381 920 627 887 397 776 422 958 435 
Bin 14: 56 862 857 571 653 595 256 
Bin 15: 450 689 295 8 265 195 451 
Bin 16: 599 646 558 434 386 886 439 
Bin 17: 467 235 102 96 738 659 909 
Bin 18: 726 105 668 32 846 441 871 240 
Bin 19: 212 58 387 179 26 466 
Bin 20: 748 286 609 461 542 202 766 
Bin 21: 565 104 582 488 352 933 
Bin 22: 419 76 48 784 111 913 
Bin 23: 978 613 83 228 455 949 644 
Bin 24: 955 696 128 142 147 341 506 
Bin 25: 30 285 813 549 751 505 665 
Bin 26: 423 23 247 13 115 
Bin 27: 53 275 346 141 601 705 2 
Bin 28: 6 854 725 164 68 236 975 
Bin 29: 300 322 578 463 513 774 926 908 
Bin 30: 607 476 248 181 457 604 36 
Bin 31: 808 216 567 260 229 686 579 
Bin 32: 916 411 849 876 545 73 378 
Bin 33: 395 334 362 493 250 554 894 
Bin 34: 974 35 615 555 430 865 
Bin 35: 628 242 305 178 671 
Bin 36: 970 863 192 188 812 576 
Bin 37: 892 605 158 889 205 662 
Bin 38: 156 996 910 237 379 823 877 
Bin 39: 103 277 446 388 559 631 425 
Bin 40: 790 330 845 326 883 
Bin 41: 45 316 879 804 376 
Bin 42: 597 526 155 897 227 691 787 
Bin 43: 649 594 382 630 524 875 259 583 
Bin 44: 836 309 715 914 308 793 
Bin 45: 839 729 281 190 98 693 
Bin 46: 893 825 728 197 795 785 
Bin 47: 436 339 536 472 708 939 
Bin 48: 420 140 710 602 468 99 912 
Bin 49: 541 564 226 415 264 
Bin 50: 137 782 283 367 780 18 904 
Bin 51: 54 532 508 986 481 16 702 
Bin 52: 372 203 596 85 759 64 907 
Bin 53: 173 528 562 453 175 225 504 
Bin 54: 9 354 859 540 640 941 
Bin 55: 328 809 449 546 301 522 363 
Bin 56: 760 730 736 280 618 953 936 
Bin 57: 556 635 667 830 355 157 459 418 
Bin 58: 65 994 268 874 881 824 985 
Bin 59: 495 63 343 350 924 406 930 
Bin 60: 624 923 945 641 739 658 
Bin 61: 530 683 724 716 414 950 271 
Bin 62: 802 245 563 873 310 302 
Bin 63: 981 944 408 90 25 929 
Bin 64: 781 426 214 538 150 443 694 
Bin 65: 255 347 124 763 133 293 359 590 
Bin 66: 648 768 497 942 5 75 
Bin 67: 59 943 864 50 993 998 
Bin 68: 14 262 965 752 742 584 771 
Bin 69: 475 903 79 964 660 348 89 
Bin 70: 500 843 954 27 94 356 848 
Bin 71: 239 106 416 412 52 927 922 43 
Bin 72: 224 655 756 617 650 391 
Bin 73: 557 810 88 527 221 872 433 
Bin 74: 826 811 566 967 850 162 
Bin 75: 656 973 194 120 997 143 880 
Bin 76: 479 856 723 989 699 999 231 358 
Bin 77: 870 951 369 176 647 519 
Bin 78: 962 674 837 465 15 383 
Bin 79: 616 754 474 287 134 835 
Bin 80: 448 189 569 390 552 666 100 
Bin 81: 107 274 129 952 445 20 37 
Bin 82: 770 121 267 199 246 440 
Bin 83: 917 719 163 198 778 827 
Bin 84: 509 663 437 204 185 769 
Bin 85: 492 324 773 84 168 349 
Bin 86: 937 110 882 828 325 484 690 148 
Bin 87: 80 132 678 223 12 469 896 
Bin 88: 899 284 598 209 123 642 
Bin 89: 687 166 984 494 323 400 232 735 
Bin 90: 490 101 753 661 515 517 
Bin 91: 303 7 869 575 623 636 11 
Bin 92: 458 931 711 580 681 119 
Bin 93: 619 832 833 553 749 
Bin 94: 233 296 734 574 33 853 
Bin 95: 70 66 961 548 499 
Bin 96: 171 112 767 498 136 722 114 
Bin 97: 992 380 765 779 482 351 
Bin 98: 184 947 789 496 313 829 550 
Bin 99: 821 72 935 29 573 74 
Bin 100: 230 669 116 820 643 799 21 377 
Bin 101: 464 97 345 186 901 589 
Bin 102: 673 314 357 410 196 51 62 791 
Bin 103: 512 977 47 645 279 335 
Bin 104: 860 803 402 772 688 733 603 
Bin 105: 639 477 844 294 153 
Bin 106: 963 670 95 108 252 755 460 
Bin 107: 587 282 46 429 932 637 
Bin 108: 218 611 454 816 911 717 
Bin 109: 960 990 664 208 676 841 679 
Bin 110: 424 969 750 24 82 
Bin 111: 289 838 320 788 298 10 
Bin 112: 819 191 692 521 677 77 
Bin 113: 57 370 413 19 657 740 800 219 
Bin 114: 337 473 489 560 399 794 732 
Bin 115: 534 783 518 940 915 
Bin 116: 731 117 675 327 747 442 
Bin 117: 720 777 918 333 28 919 867 261 
Bin 118: 373 959 622 311 174 138 
Bin 119: 529 213 393 409 878 217 
Bin 120: 745 127 312 336 288 304 
Bin 121: 278 49 535 159 404 533 427 
Bin 122: 210 332 160 746 775 447 177 40 
Bin 123: 539 818 401 634 3 167 
Bin 124: 727 182 87 547 487 201 130 682 
Bin 125: 568 707 361 139 187 258 713 
Bin 126: 78 814 995 41 847 60 170 
Bin 127: 672 704 31 654 633 543 55 806 511 
Bin 128: 290 577 987 340 317 81 86 
Bin 129: 144 319 438 364 531 131 
Bin 130: 891 525 620 902 851 
Bin 131: 93 61 135 866 183 270 758 
Bin 132: 321 67 938 384 151 374 621 
Bin 133: 113 371 180 946 956 365 329 118 
Bin 134: 169 1 291 456 982 700 342 
Bin 135: 353 122 697 238 38 523 
Bin 136: 398 588 44 520 243 
Bin 137: 206 888 706 220 610 968 
Bin 138: 222 551 592 971 396 544 
Bin 139: 537 428 318 161 71 
Bin 140: 807 244 211 797 979 253 885 
Bin 141: 972 251 91 22 480 360 991 
Bin 142: 796 600 471 606 900 
Bin 143: 831 432 651 906 366 249 
Bin 144: 684 593 389 868 269 570 
Bin 145: 817 417 709 39 0 890 
Bin 146: 834 638 470 840 263 125 
Bin 147: 581 17 718 980 452 338 405 
Bin 148: 703 855 757 331 608 431 193 
Bin 149: 905 625 585 948 126 152 
Bin 150: 695 792 403 516 478 
Bin 151: 292 241 307 69 146 
