# Objective: 19
# Time: 2.54677
# Feasible: 1
# Solution:
Bin 0: 3 25 6 103 28 
Bin 1: 50 52 60 51 64 106 81 115 5 
Bin 2: 90 87 47 24 119 45 34 32 
Bin 3: 20 36 72 23 18 100 
Bin 4: 69 7 0 41 89 96 58 66 56 
Bin 5: 1 15 8 84 35 9 
Bin 6: 80 46 77 48 78 
Bin 7: 49 42 116 21 26 33 95 
Bin 8: 74 2 85 22 118 13 
Bin 9: 91 54 108 88 73 39 
Bin 10: 55 61 113 97 109 
Bin 11: 82 4 38 59 29 
Bin 12: 92 19 98 70 104 107 110 
Bin 13: 86 62 114 37 57 14 53 
Bin 14: 105 16 101 112 31 68 102 
Bin 15: 79 11 17 63 75 
Bin 16: 99 65 10 117 94 83 12 
Bin 17: 111 76 93 43 71 
Bin 18: 27 44 67 40 30 
