# Objective: 18
# Time: 2.91723
# Feasible: 1
# Solution:
Bin 0: 60 77 76 16 72 
Bin 1: 20 82 78 65 29 85 
Bin 2: 75 80 74 49 101 14 
Bin 3: 93 103 94 43 1 112 95 55 
Bin 4: 83 0 62 115 114 19 30 68 36 12 
Bin 5: 31 118 100 97 119 13 109 116 
Bin 6: 111 110 56 47 96 7 90 
Bin 7: 108 25 2 50 70 45 113 
Bin 8: 89 71 41 88 15 73 11 
Bin 9: 99 84 40 52 92 34 
Bin 10: 39 104 53 38 17 
Bin 11: 5 10 67 61 28 79 105 
Bin 12: 46 102 21 42 64 107 
Bin 13: 117 18 81 44 86 27 32 
Bin 14: 91 8 51 22 23 3 54 
Bin 15: 58 26 24 6 98 
Bin 16: 59 63 35 106 37 33 9 
Bin 17: 69 87 48 4 66 57 
