# Objective: 151
# Time: 436.37
# Feasible: 1
# Solution:
Bin 0: 976 393 354 895 800 941 546 
Bin 1: 766 960 526 558 999 624 933 
Bin 2: 391 724 136 464 29 549 916 125 21 304 
Bin 3: 100 884 905 74 324 
Bin 4: 264 407 346 774 33 34 461 723 
Bin 5: 650 598 170 213 982 525 609 
Bin 6: 536 996 381 113 415 145 434 965 
Bin 7: 427 599 814 717 248 
Bin 8: 9 689 563 780 423 644 
Bin 9: 554 530 69 64 149 625 205 225 
Bin 10: 200 319 833 781 617 873 245 
Bin 11: 388 727 826 874 904 180 318 528 
Bin 12: 618 130 42 764 442 277 
Bin 13: 168 73 696 54 10 409 
Bin 14: 835 61 880 956 578 900 429 652 
Bin 15: 641 612 222 451 447 41 
Bin 16: 855 577 636 116 834 623 
Bin 17: 739 687 147 18 615 987 
Bin 18: 90 720 383 786 749 395 473 627 456 137 
Bin 19: 993 435 930 257 784 
Bin 20: 614 154 841 296 81 500 11 534 
Bin 21: 721 872 679 412 70 736 
Bin 22: 401 44 362 171 490 191 868 934 
Bin 23: 557 35 741 481 368 861 287 
Bin 24: 977 568 709 229 314 737 112 
Bin 25: 799 680 773 988 548 832 586 923 
Bin 26: 187 936 684 178 828 150 
Bin 27: 50 503 53 267 345 350 
Bin 28: 653 95 731 752 365 298 292 
Bin 29: 908 697 239 511 370 770 
Bin 30: 480 769 600 394 363 358 360 
Bin 31: 541 672 918 155 466 661 437 
Bin 32: 349 290 869 218 418 
Bin 33: 633 445 102 622 12 371 
Bin 34: 420 635 40 256 422 629 
Bin 35: 460 922 52 765 403 718 824 514 
Bin 36: 639 231 590 138 301 238 
Bin 37: 84 309 959 342 585 889 186 725 
Bin 38: 22 134 176 258 951 779 935 
Bin 39: 948 775 144 7 286 
Bin 40: 114 439 468 596 971 
Bin 41: 192 519 224 807 747 448 
Bin 42: 498 196 552 86 572 
Bin 43: 477 389 156 811 846 151 
Bin 44: 980 185 323 13 640 
Bin 45: 413 165 416 99 797 91 
Bin 46: 62 306 364 110 82 758 
Bin 47: 513 681 300 785 262 152 523 
Bin 48: 985 674 607 553 430 877 816 551 
Bin 49: 701 204 326 214 915 253 
Bin 50: 132 93 666 883 688 380 730 142 
Bin 51: 80 589 810 831 620 405 
Bin 52: 844 909 101 17 79 470 669 
Bin 53: 75 305 452 443 182 5 564 848 
Bin 54: 903 852 703 990 571 
Bin 55: 837 651 172 992 851 215 115 
Bin 56: 408 692 791 698 485 535 263 308 
Bin 57: 604 421 693 201 771 518 475 236 
Bin 58: 103 742 249 220 280 313 592 28 
Bin 59: 966 603 963 796 234 57 
Bin 60: 626 332 647 507 46 268 
Bin 61: 449 783 108 243 227 163 129 
Bin 62: 510 637 76 436 385 657 750 
Bin 63: 940 575 379 208 344 454 761 712 
Bin 64: 410 972 794 431 886 920 559 
Bin 65: 122 631 899 244 823 390 
Bin 66: 735 508 502 743 583 539 131 505 
Bin 67: 957 148 484 343 663 605 842 104 
Bin 68: 359 706 273 98 206 610 462 197 
Bin 69: 671 465 392 512 991 433 159 
Bin 70: 14 792 715 734 989 667 914 
Bin 71: 424 931 891 533 83 402 654 
Bin 72: 36 801 469 763 878 986 
Bin 73: 521 767 374 66 51 760 295 
Bin 74: 223 803 471 947 67 20 538 896 
Bin 75: 665 893 398 862 47 683 58 
Bin 76: 713 711 279 662 16 140 962 808 
Bin 77: 945 63 455 573 483 85 
Bin 78: 670 133 806 753 847 726 906 369 
Bin 79: 276 929 453 366 677 
Bin 80: 819 312 613 226 169 648 926 
Bin 81: 289 153 247 804 984 141 973 
Bin 82: 260 738 795 658 198 202 
Bin 83: 275 955 925 840 328 787 272 
Bin 84: 106 135 25 297 643 
Bin 85: 995 882 3 294 333 979 829 
Bin 86: 160 790 555 230 118 496 576 858 974 
Bin 87: 2 330 254 291 474 311 
Bin 88: 746 250 755 579 630 60 
Bin 89: 762 492 777 23 565 879 283 183 
Bin 90: 542 646 361 396 329 690 642 
Bin 91: 888 94 994 89 164 953 902 
Bin 92: 157 167 675 702 566 938 
Bin 93: 274 211 357 321 910 865 864 
Bin 94: 376 961 440 621 49 347 
Bin 95: 540 194 351 162 48 
Bin 96: 158 949 748 517 432 299 387 404 
Bin 97: 520 707 574 278 373 494 
Bin 98: 307 656 913 964 495 476 
Bin 99: 611 37 515 705 109 489 
Bin 100: 425 870 924 181 235 203 887 836 950 
Bin 101: 939 591 632 821 45 745 
Bin 102: 372 649 377 0 815 499 
Bin 103: 228 793 509 497 493 594 708 
Bin 104: 932 216 336 581 341 768 595 
Bin 105: 601 529 210 111 788 562 270 
Bin 106: 606 849 527 269 776 179 217 
Bin 107: 173 946 419 740 325 782 634 
Bin 108: 545 944 759 569 830 556 969 
Bin 109: 426 863 221 560 859 798 
Bin 110: 967 478 628 78 26 55 459 59 
Bin 111: 567 921 317 845 190 8 
Bin 112: 414 714 537 645 543 751 
Bin 113: 756 384 732 161 695 853 143 
Bin 114: 584 544 733 184 854 897 189 
Bin 115: 685 450 87 96 501 
Bin 116: 660 195 998 856 812 547 
Bin 117: 174 597 659 550 885 588 337 
Bin 118: 638 261 242 127 177 691 212 
Bin 119: 65 582 315 146 246 97 825 678 
Bin 120: 561 117 121 486 120 444 958 
Bin 121: 506 386 911 43 32 320 
Bin 122: 446 839 271 4 719 488 375 
Bin 123: 907 458 866 655 316 71 
Bin 124: 6 68 890 570 942 
Bin 125: 876 827 15 105 193 710 
Bin 126: 952 504 265 822 302 27 
Bin 127: 199 255 327 397 428 
Bin 128: 335 838 88 241 438 901 259 
Bin 129: 778 871 805 772 322 128 
Bin 130: 378 686 881 39 479 30 
Bin 131: 867 348 722 728 516 400 
Bin 132: 894 857 809 334 587 
Bin 133: 975 92 968 919 355 467 
Bin 134: 237 166 531 954 983 892 399 288 
Bin 135: 240 860 676 970 843 457 
Bin 136: 38 331 818 175 593 266 754 
Bin 137: 463 72 917 716 619 310 
Bin 138: 820 757 789 700 303 284 
Bin 139: 352 338 682 123 664 
Bin 140: 704 699 608 943 802 928 
Bin 141: 875 207 340 124 817 532 
Bin 142: 602 981 233 441 77 
Bin 143: 107 219 668 367 912 
Bin 144: 382 293 406 417 188 24 
Bin 145: 927 281 937 353 209 119 
Bin 146: 580 524 56 850 411 
Bin 147: 673 339 978 694 251 482 1 
Bin 148: 744 997 356 898 472 139 
Bin 149: 285 252 31 126 282 729 
Bin 150: 232 491 813 616 487 19 522 
