# Objective: 19
# Time: 2.4792
# Feasible: 1
# Solution:
Bin 0: 73 77 102 41 89 10 113 
Bin 1: 53 70 52 60 37 98 
Bin 2: 101 42 83 69 1 78 90 
Bin 3: 84 25 19 35 112 103 
Bin 4: 32 114 110 59 118 14 
Bin 5: 76 107 80 81 39 16 23 31 
Bin 6: 62 95 82 119 86 116 27 
Bin 7: 61 109 20 58 28 8 4 
Bin 8: 68 91 99 44 33 46 29 
Bin 9: 54 21 51 3 0 64 71 
Bin 10: 13 48 11 57 74 
Bin 11: 50 66 63 93 45 94 24 
Bin 12: 17 2 96 108 100 104 56 
Bin 13: 106 65 9 49 92 
Bin 14: 67 97 12 22 36 
Bin 15: 79 30 34 72 40 43 
Bin 16: 87 47 18 75 6 
Bin 17: 38 5 26 15 117 88 
Bin 18: 85 111 55 115 105 7 
