# Objective: 77
# Time: 29.7516
# Feasible: 1
# Solution:
Bin 0: 339 86 381 231 48 176 121 346 
Bin 1: 7 407 278 355 430 426 286 
Bin 2: 15 51 244 304 163 443 383 419 
Bin 3: 220 109 474 166 390 150 
Bin 4: 473 412 452 345 23 493 221 499 
Bin 5: 99 440 5 487 195 130 117 
Bin 6: 229 47 154 199 252 491 
Bin 7: 201 307 211 425 80 58 
Bin 8: 295 484 82 388 343 184 194 236 
Bin 9: 162 367 454 257 28 274 172 226 
Bin 10: 16 495 210 8 308 0 22 37 
Bin 11: 96 140 351 85 394 468 
Bin 12: 282 161 375 104 88 
Bin 13: 313 334 198 478 359 49 
Bin 14: 30 158 325 133 350 
Bin 15: 136 354 436 450 469 294 
Bin 16: 341 191 292 422 177 181 378 
Bin 17: 363 56 204 289 87 111 
Bin 18: 449 116 348 128 433 214 293 
Bin 19: 437 156 223 170 234 392 489 35 
Bin 20: 347 497 59 485 2 
Bin 21: 222 79 144 42 41 410 
Bin 22: 389 34 273 408 125 301 453 208 
Bin 23: 180 424 467 405 100 108 
Bin 24: 101 188 333 318 127 358 174 
Bin 25: 11 268 357 164 159 70 395 319 
Bin 26: 238 352 267 298 124 251 
Bin 27: 329 131 142 65 447 330 465 4 
Bin 28: 296 233 342 369 314 402 
Bin 29: 371 259 52 66 387 44 276 138 
Bin 30: 192 9 74 302 414 326 73 
Bin 31: 212 444 288 428 356 241 448 155 
Bin 32: 382 67 305 398 160 182 126 57 
Bin 33: 311 173 246 40 464 69 283 317 
Bin 34: 380 77 368 421 459 266 54 
Bin 35: 472 280 386 445 435 306 
Bin 36: 106 486 328 98 494 477 
Bin 37: 61 496 19 148 240 312 
Bin 38: 263 115 420 215 93 
Bin 39: 137 482 53 498 26 360 377 
Bin 40: 438 135 406 483 417 243 
Bin 41: 404 132 309 316 20 262 
Bin 42: 24 335 219 224 277 237 256 490 
Bin 43: 175 203 123 193 43 442 145 
Bin 44: 384 323 92 153 299 331 
Bin 45: 429 202 291 303 94 102 413 
Bin 46: 456 385 196 225 353 
Bin 47: 475 60 441 337 362 253 
Bin 48: 235 143 112 250 455 206 213 
Bin 49: 110 1 270 185 254 33 
Bin 50: 411 284 227 379 129 290 
Bin 51: 416 373 68 6 481 340 
Bin 52: 141 178 207 197 146 
Bin 53: 409 113 149 81 3 89 
Bin 54: 205 365 187 275 434 183 271 
Bin 55: 84 258 366 255 78 
Bin 56: 462 461 260 297 393 50 261 168 186 
Bin 57: 134 38 118 76 457 29 374 
Bin 58: 232 165 95 97 189 245 157 
Bin 59: 64 492 171 397 361 
Bin 60: 13 349 83 230 460 12 344 
Bin 61: 315 90 463 300 476 480 
Bin 62: 336 269 45 119 46 39 458 
Bin 63: 247 320 17 279 415 
Bin 64: 310 466 147 322 285 403 216 
Bin 65: 399 470 27 10 370 139 190 
Bin 66: 114 55 431 239 151 
Bin 67: 400 401 218 71 439 72 
Bin 68: 179 209 167 14 249 396 423 
Bin 69: 152 364 479 376 321 281 
Bin 70: 248 62 107 75 105 
Bin 71: 18 488 451 200 169 
Bin 72: 25 120 217 432 36 332 
Bin 73: 427 391 265 327 32 21 
Bin 74: 287 63 272 122 103 
Bin 75: 471 418 338 31 264 324 
Bin 76: 91 446 372 228 242 
