# Objective: 38
# Time: 5.4469
# Feasible: 1
# Solution:
Bin 0: 201 14 40 170 186 
Bin 1: 78 230 39 120 87 16 84 10 
Bin 2: 100 94 1 35 46 141 
Bin 3: 17 113 98 248 187 50 209 
Bin 4: 143 160 200 204 62 20 151 
Bin 5: 124 243 183 32 33 149 19 
Bin 6: 126 150 57 220 47 245 107 
Bin 7: 164 79 11 110 147 218 128 
Bin 8: 38 153 180 58 28 199 86 
Bin 9: 65 21 233 77 182 76 59 
Bin 10: 171 112 174 115 221 131 190 
Bin 11: 161 212 8 176 91 
Bin 12: 168 185 172 231 165 154 
Bin 13: 70 227 63 215 133 162 24 
Bin 14: 66 217 175 222 138 7 
Bin 15: 114 173 73 191 117 132 225 
Bin 16: 80 82 61 177 75 31 
Bin 17: 53 30 193 232 12 45 71 
Bin 18: 246 29 127 122 96 60 3 
Bin 19: 92 26 189 9 247 
Bin 20: 42 136 236 213 137 146 197 181 
Bin 21: 97 95 121 169 152 108 
Bin 22: 25 192 55 207 140 211 119 
Bin 23: 184 43 109 123 229 129 83 
Bin 24: 195 198 206 156 56 37 
Bin 25: 241 167 93 208 23 6 
Bin 26: 219 104 54 102 68 158 159 179 
Bin 27: 214 237 5 18 111 41 
Bin 28: 226 196 34 210 101 13 178 
Bin 29: 116 239 15 216 223 49 118 
Bin 30: 163 90 166 2 155 144 
Bin 31: 130 238 36 205 22 51 235 
Bin 32: 142 228 67 85 244 103 134 
Bin 33: 48 148 69 64 81 202 74 135 
Bin 34: 139 242 72 125 27 0 
Bin 35: 194 88 145 89 249 
Bin 36: 4 105 44 224 157 52 
Bin 37: 188 99 240 234 203 106 
