# Objective: 149
# Time: 75.4486
# Feasible: 1
# Solution:
Bin 0: 504 111 565 912 218 377 938 
Bin 1: 496 586 660 741 301 466 951 490 
Bin 2: 725 225 165 758 298 22 708 
Bin 3: 915 399 561 735 395 670 507 692 770 
Bin 4: 423 843 55 868 135 288 
Bin 5: 258 993 64 363 589 652 587 
Bin 6: 396 845 317 544 943 
Bin 7: 924 93 0 190 878 213 
Bin 8: 521 973 36 201 75 365 667 253 
Bin 9: 905 170 664 571 37 977 
Bin 10: 206 469 85 516 349 919 
Bin 11: 717 926 807 119 934 538 
Bin 12: 737 333 277 103 836 410 931 
Bin 13: 262 226 505 88 563 243 948 
Bin 14: 974 187 41 539 100 179 
Bin 15: 653 60 427 875 273 432 553 
Bin 16: 597 302 769 676 79 
Bin 17: 797 156 790 639 47 962 
Bin 18: 560 113 647 251 514 917 841 827 916 
Bin 19: 789 748 772 200 955 669 
Bin 20: 610 638 992 348 927 941 118 510 694 
Bin 21: 501 215 438 276 373 229 
Bin 22: 712 989 455 546 685 533 869 
Bin 23: 241 39 147 219 568 74 
Bin 24: 123 999 209 744 275 923 
Bin 25: 32 773 457 405 641 928 569 28 750 
Bin 26: 421 5 890 312 891 621 594 
Bin 27: 132 436 337 112 755 104 674 500 
Bin 28: 254 762 309 403 929 
Bin 29: 944 743 542 271 499 
Bin 30: 453 408 265 612 696 799 304 
Bin 31: 94 686 136 212 446 656 778 815 
Bin 32: 787 821 495 343 991 330 486 
Bin 33: 175 818 508 70 871 701 846 
Bin 34: 18 350 398 889 230 29 675 881 425 
Bin 35: 738 947 158 375 78 335 
Bin 36: 742 482 637 747 290 581 
Bin 37: 328 68 682 316 609 416 
Bin 38: 700 796 984 956 109 554 13 
Bin 39: 324 515 33 151 92 834 87 
Bin 40: 703 272 420 143 488 633 
Bin 41: 182 835 856 954 746 164 217 331 
Bin 42: 506 518 706 646 629 320 
Bin 43: 58 48 573 479 117 388 
Bin 44: 531 412 855 945 369 168 133 193 
Bin 45: 54 809 662 126 577 50 
Bin 46: 192 180 171 814 370 528 460 
Bin 47: 913 988 792 159 572 698 
Bin 48: 593 392 781 644 287 549 
Bin 49: 519 34 619 340 903 220 228 122 
Bin 50: 310 472 859 414 830 222 
Bin 51: 578 877 822 632 863 907 131 896 
Bin 52: 596 139 883 803 643 188 683 695 731 
Bin 53: 576 575 418 471 1 732 382 
Bin 54: 240 130 736 146 105 195 794 
Bin 55: 24 154 391 114 493 153 
Bin 56: 380 625 688 995 56 978 157 
Bin 57: 406 824 532 910 718 40 166 
Bin 58: 726 250 558 433 49 860 314 
Bin 59: 299 173 210 38 900 640 
Bin 60: 779 704 645 441 937 264 322 
Bin 61: 129 892 227 598 361 766 967 
Bin 62: 169 966 163 574 384 57 
Bin 63: 721 214 279 208 965 306 870 
Bin 64: 167 284 336 930 983 805 550 
Bin 65: 63 121 804 387 545 671 43 
Bin 66: 880 925 567 922 529 879 607 
Bin 67: 739 300 124 904 435 402 
Bin 68: 59 754 705 346 946 449 
Bin 69: 437 283 483 266 138 255 862 231 525 
Bin 70: 866 579 259 865 305 497 295 
Bin 71: 81 470 161 248 672 80 393 
Bin 72: 72 448 503 590 711 765 107 
Bin 73: 592 536 795 767 196 800 478 
Bin 74: 313 16 631 185 207 888 893 473 630 
Bin 75: 204 181 474 274 263 101 771 
Bin 76: 379 9 971 663 99 260 247 
Bin 77: 183 699 485 197 728 492 
Bin 78: 733 108 906 520 319 559 768 933 
Bin 79: 424 234 635 555 526 145 344 842 
Bin 80: 17 296 534 415 894 734 
Bin 81: 626 614 697 14 961 294 244 
Bin 82: 833 806 622 76 467 887 987 
Bin 83: 452 293 385 211 477 618 909 
Bin 84: 125 680 882 198 484 523 
Bin 85: 854 355 588 268 953 216 
Bin 86: 851 367 591 932 342 
Bin 87: 666 720 677 445 77 45 419 
Bin 88: 782 511 828 763 318 10 257 447 780 
Bin 89: 148 540 537 52 174 562 657 
Bin 90: 280 940 426 439 364 
Bin 91: 353 308 389 729 535 
Bin 92: 35 908 867 155 885 20 
Bin 93: 71 468 837 613 727 858 
Bin 94: 400 84 524 530 26 
Bin 95: 715 636 142 942 351 144 21 
Bin 96: 413 651 4 969 998 
Bin 97: 994 759 362 570 952 661 
Bin 98: 341 502 12 623 689 358 752 793 
Bin 99: 282 972 90 339 691 345 810 
Bin 100: 642 89 176 184 67 958 
Bin 101: 512 681 986 238 232 950 
Bin 102: 459 464 480 985 62 25 
Bin 103: 428 547 654 149 949 709 
Bin 104: 128 970 386 326 980 832 783 527 
Bin 105: 849 604 19 407 760 823 
Bin 106: 291 30 761 874 852 
Bin 107: 394 96 716 409 707 476 757 
Bin 108: 236 461 378 404 876 285 
Bin 109: 98 628 356 580 186 
Bin 110: 816 819 624 786 267 848 321 325 
Bin 111: 261 53 606 42 160 451 3 713 
Bin 112: 97 861 178 820 844 788 884 
Bin 113: 583 2 997 134 491 278 141 465 
Bin 114: 6 494 595 584 812 323 
Bin 115: 327 801 354 918 203 338 655 679 
Bin 116: 564 329 44 616 15 372 
Bin 117: 462 194 458 957 292 152 
Bin 118: 239 627 603 242 390 690 83 872 
Bin 119: 749 401 785 463 7 826 454 150 456 
Bin 120: 665 939 775 808 475 481 
Bin 121: 719 605 205 976 857 557 751 847 
Bin 122: 82 585 357 311 245 982 137 
Bin 123: 658 281 374 95 177 65 648 838 
Bin 124: 444 784 189 417 191 901 
Bin 125: 914 920 430 764 979 552 825 
Bin 126: 935 634 359 498 902 233 
Bin 127: 23 360 127 963 429 
Bin 128: 224 839 886 522 543 297 
Bin 129: 895 249 223 61 551 724 673 
Bin 130: 517 899 51 106 541 246 
Bin 131: 442 289 599 831 162 850 315 
Bin 132: 798 368 487 199 383 714 
Bin 133: 73 434 722 286 774 811 422 115 
Bin 134: 120 829 840 600 611 
Bin 135: 46 740 687 960 352 371 
Bin 136: 650 776 702 303 509 86 617 
Bin 137: 102 975 366 556 440 981 
Bin 138: 756 582 347 813 513 116 411 
Bin 139: 221 996 334 684 489 898 
Bin 140: 332 873 31 620 710 8 723 
Bin 141: 172 270 853 968 615 745 
Bin 142: 397 548 959 990 307 
Bin 143: 601 936 140 27 777 235 649 
Bin 144: 269 431 450 921 381 
Bin 145: 668 376 730 659 110 252 
Bin 146: 897 911 964 693 91 602 
Bin 147: 802 608 443 817 566 237 753 66 
Bin 148: 11 256 69 678 864 791 202 
