# Objective: 100
# Time: 78.8437
# Feasible: 1
# Solution:
Bin 0: 11 187 312 257 130 366 
Bin 1: 220 252 217 85 335 332 
Bin 2: 144 388 419 432 114 
Bin 3: 405 2 495 142 
Bin 4: 254 253 375 201 162 
Bin 5: 90 318 231 460 134 294 
Bin 6: 353 384 309 62 29 
Bin 7: 215 37 168 118 423 18 
Bin 8: 403 420 46 204 57 399 
Bin 9: 121 357 363 273 282 
Bin 10: 333 412 464 10 0 371 
Bin 11: 264 27 64 139 42 
Bin 12: 206 193 107 311 140 
Bin 13: 196 288 147 70 34 
Bin 14: 96 411 466 111 94 
Bin 15: 315 267 438 55 378 
Bin 16: 467 414 275 484 223 
Bin 17: 355 492 256 66 87 394 
Bin 18: 60 255 427 329 346 277 
Bin 19: 113 385 393 39 361 493 
Bin 20: 65 297 78 106 
Bin 21: 364 195 100 89 376 
Bin 22: 127 17 33 338 20 
Bin 23: 225 320 161 72 186 
Bin 24: 199 445 153 146 97 
Bin 25: 304 218 8 14 185 290 
Bin 26: 93 102 327 6 54 396 
Bin 27: 103 469 443 362 1 
Bin 28: 406 305 430 408 165 
Bin 29: 232 109 101 156 370 
Bin 30: 51 74 372 278 12 
Bin 31: 343 163 429 344 441 
Bin 32: 292 191 395 418 472 
Bin 33: 52 164 392 213 
Bin 34: 322 238 15 166 498 
Bin 35: 246 454 105 263 
Bin 36: 248 137 81 450 
Bin 37: 468 182 286 44 132 
Bin 38: 16 428 431 21 359 
Bin 39: 173 150 453 368 306 
Bin 40: 241 122 115 339 279 
Bin 41: 3 299 386 40 330 
Bin 42: 265 236 224 149 496 336 
Bin 43: 271 35 145 291 212 
Bin 44: 13 28 71 188 104 
Bin 45: 159 281 352 99 272 390 
Bin 46: 110 141 402 61 457 
Bin 47: 426 151 486 314 397 
Bin 48: 239 86 179 192 455 
Bin 49: 313 421 331 197 243 
Bin 50: 45 221 326 373 205 
Bin 51: 172 98 481 442 131 
Bin 52: 488 200 452 413 148 249 
Bin 53: 82 77 47 4 
Bin 54: 184 435 494 497 476 
Bin 55: 214 345 210 129 23 
Bin 56: 41 289 360 276 
Bin 57: 181 482 474 48 25 
Bin 58: 341 285 76 425 307 
Bin 59: 440 68 437 284 434 
Bin 60: 175 369 293 480 133 471 
Bin 61: 433 230 487 490 244 
Bin 62: 485 298 473 449 219 444 
Bin 63: 31 43 83 250 30 
Bin 64: 258 303 32 337 
Bin 65: 108 112 63 117 387 
Bin 66: 377 143 379 365 417 436 
Bin 67: 240 222 53 367 
Bin 68: 416 227 5 342 167 
Bin 69: 170 269 95 237 310 
Bin 70: 321 169 324 174 67 
Bin 71: 116 198 211 477 
Bin 72: 350 216 176 328 9 
Bin 73: 349 422 235 19 407 447 
Bin 74: 334 374 73 351 287 7 
Bin 75: 154 381 478 400 
Bin 76: 383 126 178 138 268 49 
Bin 77: 158 233 274 135 301 
Bin 78: 489 323 283 261 189 
Bin 79: 75 463 325 119 270 
Bin 80: 475 456 36 380 58 24 
Bin 81: 190 84 207 415 226 
Bin 82: 391 465 259 382 88 
Bin 83: 245 389 251 462 160 
Bin 84: 401 358 194 262 356 398 
Bin 85: 80 451 347 234 499 
Bin 86: 308 340 128 300 317 
Bin 87: 125 354 470 183 242 
Bin 88: 348 316 295 266 
Bin 89: 120 461 152 404 208 
Bin 90: 228 92 155 202 56 
Bin 91: 38 280 177 123 136 
Bin 92: 69 171 124 79 
Bin 93: 459 157 491 479 91 
Bin 94: 448 424 229 439 
Bin 95: 296 446 319 180 
Bin 96: 302 59 22 
Bin 97: 483 26 458 
Bin 98: 410 260 203 
Bin 99: 409 209 50 247 
