# Objective: 79
# Time: 56.5733
# Feasible: 1
# Solution:
Bin 0: 414 378 3 307 191 88 303 
Bin 1: 201 325 74 295 68 417 175 
Bin 2: 119 233 495 350 89 345 416 27 
Bin 3: 254 215 30 430 151 497 463 
Bin 4: 429 359 314 447 290 205 
Bin 5: 75 419 403 286 454 20 
Bin 6: 407 83 460 171 461 109 
Bin 7: 193 147 474 139 202 138 
Bin 8: 227 235 457 105 114 52 402 
Bin 9: 448 368 484 29 126 326 
Bin 10: 358 317 257 385 292 349 
Bin 11: 93 162 312 405 404 376 
Bin 12: 250 401 97 198 247 214 487 217 
Bin 13: 116 252 189 236 148 200 122 440 
Bin 14: 240 243 107 302 38 268 61 279 
Bin 15: 308 5 132 394 137 134 
Bin 16: 341 424 334 49 480 43 47 319 
Bin 17: 354 206 136 188 291 
Bin 18: 339 406 301 165 59 40 343 
Bin 19: 271 477 499 98 253 39 
Bin 20: 237 331 289 276 273 486 186 
Bin 21: 241 92 164 489 16 408 485 
Bin 22: 76 434 15 265 220 183 
Bin 23: 99 239 14 315 360 262 
Bin 24: 287 432 369 433 488 158 
Bin 25: 467 437 436 196 1 212 
Bin 26: 306 46 338 352 421 60 153 
Bin 27: 82 141 275 70 266 238 
Bin 28: 263 323 299 78 439 197 
Bin 29: 142 0 216 476 195 382 450 
Bin 30: 491 456 465 226 441 462 
Bin 31: 318 458 67 224 392 
Bin 32: 270 438 123 21 135 179 
Bin 33: 45 356 399 172 36 383 54 
Bin 34: 329 377 260 473 372 418 
Bin 35: 181 255 344 470 58 166 435 
Bin 36: 31 374 234 225 176 342 129 
Bin 37: 174 322 297 478 373 155 63 
Bin 38: 347 469 42 361 256 96 284 
Bin 39: 335 391 64 293 264 209 
Bin 40: 249 444 94 17 494 23 348 
Bin 41: 124 397 102 65 7 133 363 
Bin 42: 100 218 56 211 259 498 
Bin 43: 146 381 231 409 304 81 128 
Bin 44: 451 34 66 371 199 288 130 48 
Bin 45: 400 320 210 278 332 464 
Bin 46: 127 232 41 178 493 
Bin 47: 163 170 333 222 472 
Bin 48: 73 104 51 479 388 
Bin 49: 336 309 246 143 150 481 
Bin 50: 300 305 87 428 282 9 
Bin 51: 357 423 410 387 362 
Bin 52: 449 6 213 396 330 230 
Bin 53: 251 157 277 154 280 446 118 316 
Bin 54: 321 184 445 57 364 72 
Bin 55: 355 471 496 69 161 208 11 
Bin 56: 370 12 483 168 426 
Bin 57: 482 145 411 244 50 103 425 204 
Bin 58: 422 267 113 274 25 173 
Bin 59: 44 223 427 466 156 152 245 
Bin 60: 167 393 367 187 185 
Bin 61: 194 86 310 353 398 379 
Bin 62: 351 110 177 140 390 90 
Bin 63: 169 115 269 159 420 121 
Bin 64: 62 415 490 340 95 190 
Bin 65: 229 459 111 203 182 452 
Bin 66: 2 117 35 84 443 412 
Bin 67: 324 365 384 10 328 144 413 
Bin 68: 26 468 258 380 296 
Bin 69: 131 55 101 313 248 13 
Bin 70: 261 311 285 431 386 442 
Bin 71: 37 120 453 294 327 85 
Bin 72: 455 346 28 19 33 
Bin 73: 77 221 112 108 71 228 8 
Bin 74: 375 32 283 80 24 18 
Bin 75: 219 125 272 4 22 192 
Bin 76: 106 79 337 207 180 492 
Bin 77: 91 389 366 149 242 
Bin 78: 475 281 298 53 395 160 
