# Objective: 86
# Time: 81.0884
# Feasible: 1
# Solution:
Bin 0: 140 416 309 263 243 
Bin 1: 184 63 322 312 499 
Bin 2: 86 95 22 404 18 487 
Bin 3: 194 150 225 395 32 224 
Bin 4: 240 369 124 237 195 163 
Bin 5: 50 108 99 354 284 396 
Bin 6: 149 456 492 408 218 
Bin 7: 310 370 401 329 254 347 365 
Bin 8: 146 180 178 413 402 129 
Bin 9: 36 64 367 39 131 422 
Bin 10: 300 390 392 443 31 216 441 
Bin 11: 447 352 144 336 238 33 0 
Bin 12: 342 439 23 378 265 135 
Bin 13: 375 389 79 94 301 246 
Bin 14: 202 168 484 337 282 366 145 
Bin 15: 109 5 90 189 454 448 
Bin 16: 400 286 331 497 82 482 
Bin 17: 353 26 280 223 462 288 
Bin 18: 371 105 172 233 19 143 
Bin 19: 445 196 308 103 155 185 311 
Bin 20: 200 417 421 53 261 
Bin 21: 467 182 208 142 70 
Bin 22: 81 114 206 380 62 166 
Bin 23: 424 256 453 101 89 327 
Bin 24: 335 164 391 442 478 
Bin 25: 374 399 84 429 273 231 
Bin 26: 409 290 38 264 418 468 
Bin 27: 437 364 287 183 304 67 
Bin 28: 157 432 188 298 121 187 
Bin 29: 411 132 382 91 40 107 
Bin 30: 496 236 181 169 483 356 
Bin 31: 136 393 426 269 315 247 
Bin 32: 139 262 116 83 127 209 
Bin 33: 112 361 440 362 384 45 
Bin 34: 415 321 43 160 120 
Bin 35: 427 133 295 16 4 87 
Bin 36: 175 372 221 435 8 212 
Bin 37: 341 491 420 176 190 451 
Bin 38: 434 98 472 137 80 77 449 
Bin 39: 292 191 249 252 481 2 
Bin 40: 430 348 318 344 227 328 
Bin 41: 410 494 266 215 320 319 297 
Bin 42: 28 457 403 7 207 203 
Bin 43: 291 407 85 473 285 115 
Bin 44: 314 113 118 34 333 419 
Bin 45: 130 66 73 138 20 480 
Bin 46: 271 339 171 368 438 423 
Bin 47: 174 242 490 205 241 461 
Bin 48: 1 303 219 293 495 220 25 
Bin 49: 192 47 93 334 123 355 21 
Bin 50: 428 15 253 68 230 44 148 
Bin 51: 381 75 476 119 405 250 
Bin 52: 455 151 323 156 379 259 358 
Bin 53: 446 363 388 386 37 173 
Bin 54: 222 11 165 283 313 197 
Bin 55: 251 235 397 245 159 57 
Bin 56: 210 248 56 88 10 147 
Bin 57: 493 14 122 257 324 
Bin 58: 414 258 470 126 
Bin 59: 9 277 460 110 193 153 167 
Bin 60: 351 475 431 229 
Bin 61: 78 198 471 332 345 
Bin 62: 125 199 398 276 141 
Bin 63: 299 12 186 74 479 
Bin 64: 100 106 226 104 459 350 
Bin 65: 128 54 373 69 406 267 
Bin 66: 97 177 6 436 270 71 
Bin 67: 179 394 346 412 485 201 
Bin 68: 228 306 60 232 214 464 
Bin 69: 42 29 317 49 425 296 
Bin 70: 326 281 154 383 161 349 
Bin 71: 463 325 61 465 58 48 
Bin 72: 387 134 360 444 469 357 
Bin 73: 152 17 13 268 52 
Bin 74: 76 452 275 3 289 
Bin 75: 24 307 72 274 59 170 
Bin 76: 278 217 213 260 466 433 
Bin 77: 65 330 239 338 
Bin 78: 376 316 117 102 343 41 
Bin 79: 27 377 302 46 488 498 
Bin 80: 162 204 234 96 
Bin 81: 255 474 35 51 55 30 
Bin 82: 111 340 359 305 477 244 
Bin 83: 211 458 450 385 
Bin 84: 92 294 279 486 
Bin 85: 489 158 272 
