# Objective: 159
# Time: 278.467
# Feasible: 1
# Solution:
Bin 0: 788 846 335 260 279 225 
Bin 1: 470 400 302 64 880 386 982 272 
Bin 2: 609 711 505 121 876 517 
Bin 3: 450 778 875 41 637 823 828 154 858 
Bin 4: 73 736 947 752 729 758 4 180 
Bin 5: 344 679 165 800 830 681 184 598 
Bin 6: 116 784 814 226 907 833 317 817 
Bin 7: 186 840 731 834 606 442 
Bin 8: 546 767 724 240 441 12 
Bin 9: 23 203 920 58 391 951 323 348 
Bin 10: 412 584 237 179 425 990 
Bin 11: 151 299 809 185 356 114 596 
Bin 12: 508 739 80 935 171 959 
Bin 13: 520 359 337 571 95 494 392 
Bin 14: 845 413 650 325 528 269 212 377 
Bin 15: 881 831 813 625 42 278 709 630 
Bin 16: 74 357 37 245 188 177 
Bin 17: 234 678 384 455 78 493 
Bin 18: 653 662 202 825 261 381 166 
Bin 19: 314 397 198 732 569 806 966 
Bin 20: 21 925 55 721 137 602 341 943 
Bin 21: 459 232 894 973 995 26 
Bin 22: 656 901 69 218 310 312 938 252 
Bin 23: 657 688 692 873 592 687 912 138 
Bin 24: 431 273 649 79 877 72 230 
Bin 25: 462 601 275 346 471 785 578 134 
Bin 26: 175 229 282 891 476 233 
Bin 27: 689 536 485 822 582 
Bin 28: 675 371 583 85 635 530 43 
Bin 29: 267 373 516 759 354 76 
Bin 30: 777 755 487 614 522 
Bin 31: 611 342 308 634 699 40 439 
Bin 32: 744 824 495 760 375 501 349 
Bin 33: 368 743 297 319 51 979 
Bin 34: 958 133 923 428 276 309 999 
Bin 35: 820 631 865 255 921 720 
Bin 36: 696 211 722 221 461 444 810 
Bin 37: 39 847 259 816 897 190 
Bin 38: 496 574 146 393 859 642 
Bin 39: 110 167 426 765 811 
Bin 40: 604 710 908 554 725 512 307 
Bin 41: 421 239 757 570 380 737 
Bin 42: 934 772 86 654 366 967 227 313 
Bin 43: 45 983 968 775 477 414 129 
Bin 44: 191 686 997 159 770 406 741 
Bin 45: 454 857 566 928 402 705 864 
Bin 46: 333 429 524 558 379 213 
Bin 47: 7 636 187 996 597 
Bin 48: 223 369 329 714 672 56 
Bin 49: 327 422 90 666 435 756 295 
Bin 50: 547 498 385 382 31 
Bin 51: 193 565 125 961 742 89 256 
Bin 52: 108 537 438 937 228 
Bin 53: 75 460 362 103 283 291 483 
Bin 54: 436 807 61 771 848 352 749 
Bin 55: 164 292 150 638 969 219 
Bin 56: 899 401 740 339 243 783 53 18 
Bin 57: 163 205 792 562 909 
Bin 58: 161 209 281 105 708 
Bin 59: 217 544 795 473 398 62 
Bin 60: 643 984 331 560 376 706 
Bin 61: 993 531 644 160 215 965 475 
Bin 62: 220 491 896 266 36 863 238 
Bin 63: 664 363 250 98 839 50 
Bin 64: 101 856 952 575 798 616 
Bin 65: 605 786 779 10 488 
Bin 66: 102 622 919 946 882 130 
Bin 67: 48 290 109 200 971 304 
Bin 68: 774 533 390 945 172 595 
Bin 69: 717 902 762 974 296 112 651 
Bin 70: 271 715 726 206 994 878 
Bin 71: 766 140 751 641 247 932 
Bin 72: 70 648 466 13 927 345 
Bin 73: 372 915 54 640 67 998 
Bin 74: 443 404 244 773 991 176 910 
Bin 75: 780 158 499 944 157 684 
Bin 76: 632 568 100 408 812 
Bin 77: 836 15 507 467 805 387 690 122 
Bin 78: 294 409 698 287 913 66 
Bin 79: 782 620 482 500 763 866 196 
Bin 80: 540 17 415 988 933 667 975 
Bin 81: 551 539 639 754 532 564 
Bin 82: 241 671 113 11 162 745 
Bin 83: 930 861 318 621 924 395 478 
Bin 84: 153 794 136 32 437 458 19 
Bin 85: 463 479 248 115 117 
Bin 86: 419 265 572 661 131 633 262 
Bin 87: 647 360 416 338 96 364 
Bin 88: 557 703 561 388 300 559 734 
Bin 89: 107 324 549 827 618 434 
Bin 90: 155 867 819 886 521 808 
Bin 91: 119 697 24 347 497 214 
Bin 92: 623 258 713 683 563 872 
Bin 93: 543 490 128 513 769 
Bin 94: 510 298 712 195 389 20 
Bin 95: 645 801 804 573 123 843 
Bin 96: 619 695 541 257 868 104 
Bin 97: 869 332 328 735 403 874 
Bin 98: 430 962 170 183 25 615 28 
Bin 99: 204 178 702 253 301 208 511 
Bin 100: 576 617 895 336 264 410 
Bin 101: 960 665 917 776 71 509 
Bin 102: 781 764 106 887 818 277 
Bin 103: 884 152 594 235 135 693 
Bin 104: 849 992 898 797 701 433 
Bin 105: 47 9 2 906 481 929 316 
Bin 106: 981 590 627 949 591 552 
Bin 107: 669 452 586 480 251 127 
Bin 108: 29 33 860 748 673 81 469 427 
Bin 109: 922 449 980 38 44 321 
Bin 110: 353 826 707 374 677 448 35 351 608 
Bin 111: 451 181 926 394 289 680 
Bin 112: 432 350 519 538 465 628 
Bin 113: 535 815 888 838 977 791 222 
Bin 114: 716 418 587 142 502 
Bin 115: 883 286 682 254 97 670 
Bin 116: 124 624 99 486 474 730 660 
Bin 117: 311 600 0 396 829 156 
Bin 118: 548 5 837 340 796 939 
Bin 119: 59 141 525 355 655 285 
Bin 120: 145 49 456 534 174 472 
Bin 121: 132 445 268 580 870 668 948 
Bin 122: 761 956 835 6 550 361 
Bin 123: 77 953 931 900 889 447 
Bin 124: 603 199 189 579 676 270 612 
Bin 125: 851 93 940 457 88 
Bin 126: 854 306 987 972 747 
Bin 127: 832 1 274 27 790 955 
Bin 128: 315 139 529 853 468 
Bin 129: 518 694 914 674 577 610 862 
Bin 130: 330 249 704 658 411 803 
Bin 131: 905 978 685 263 581 84 
Bin 132: 94 92 850 589 753 83 504 
Bin 133: 147 484 169 593 489 168 246 
Bin 134: 852 87 793 453 989 585 
Bin 135: 553 691 976 506 326 700 
Bin 136: 14 303 231 970 613 148 
Bin 137: 383 964 280 728 629 
Bin 138: 293 802 567 844 68 
Bin 139: 954 750 30 16 515 527 
Bin 140: 8 192 626 144 911 646 
Bin 141: 957 893 542 738 918 
Bin 142: 65 440 503 242 727 399 
Bin 143: 63 588 841 892 718 
Bin 144: 207 787 34 3 201 224 
Bin 145: 149 365 173 216 950 941 599 
Bin 146: 890 22 320 288 719 284 
Bin 147: 60 334 746 423 118 963 46 
Bin 148: 523 663 607 305 194 446 
Bin 149: 768 659 322 556 343 407 
Bin 150: 197 420 91 723 57 799 
Bin 151: 942 111 417 652 904 
Bin 152: 370 789 182 871 464 
Bin 153: 885 424 236 514 526 
Bin 154: 210 405 916 545 82 
Bin 155: 821 986 879 985 492 
Bin 156: 378 52 358 555 
Bin 157: 936 855 842 126 903 
Bin 158: 120 733 143 367 
