# Objective: 38
# Time: 9.91579
# Feasible: 1
# Solution:
Bin 0: 203 15 201 241 44 64 137 
Bin 1: 167 175 52 29 213 48 105 73 
Bin 2: 22 72 247 126 2 49 219 
Bin 3: 144 158 206 146 78 18 117 110 
Bin 4: 171 132 240 233 45 216 170 
Bin 5: 148 112 100 160 74 82 90 
Bin 6: 98 181 188 169 168 177 39 
Bin 7: 38 161 156 221 231 191 5 
Bin 8: 91 102 53 154 47 96 94 
Bin 9: 58 210 129 50 208 223 12 
Bin 10: 109 21 10 157 81 245 
Bin 11: 116 217 121 122 142 7 196 
Bin 12: 131 85 37 34 212 130 35 
Bin 13: 103 187 149 211 172 3 152 215 239 
Bin 14: 235 236 55 26 176 141 33 
Bin 15: 120 238 28 13 19 
Bin 16: 134 61 63 163 186 
Bin 17: 27 92 124 150 125 99 135 
Bin 18: 153 9 237 159 243 108 101 
Bin 19: 143 180 207 136 166 133 
Bin 20: 89 8 195 17 194 60 
Bin 21: 75 248 119 204 197 151 
Bin 22: 59 57 183 6 41 162 
Bin 23: 164 165 24 222 62 93 68 
Bin 24: 106 1 113 139 43 145 184 
Bin 25: 244 66 128 147 220 14 189 224 
Bin 26: 31 214 23 232 51 36 42 
Bin 27: 155 234 46 54 76 226 
Bin 28: 179 115 86 65 123 
Bin 29: 69 198 71 192 56 225 
Bin 30: 16 79 202 173 114 
Bin 31: 228 209 182 70 118 4 
Bin 32: 111 84 185 11 227 138 127 
Bin 33: 77 88 83 230 249 30 200 
Bin 34: 199 190 193 0 205 178 
Bin 35: 32 229 218 104 97 174 
Bin 36: 140 87 80 95 25 107 
Bin 37: 242 20 67 246 40 
