# Objective: 82
# Time: 29.1724
# Feasible: 1
# Solution:
Bin 0: 467 450 451 56 404 496 
Bin 1: 454 447 235 254 433 197 70 
Bin 2: 8 195 92 187 152 89 
Bin 3: 437 488 485 372 59 356 
Bin 4: 395 373 142 390 126 166 193 78 
Bin 5: 456 491 46 439 294 279 250 
Bin 6: 270 336 340 351 30 420 240 132 
Bin 7: 273 387 422 495 418 177 
Bin 8: 424 168 259 119 244 443 127 
Bin 9: 29 5 426 461 165 218 
Bin 10: 53 101 128 369 431 57 
Bin 11: 359 370 28 292 327 346 484 
Bin 12: 75 460 486 186 234 354 
Bin 13: 472 478 214 151 309 206 
Bin 14: 159 332 174 98 291 333 
Bin 15: 427 444 402 497 60 130 335 
Bin 16: 386 282 492 498 325 251 397 
Bin 17: 35 144 375 147 463 411 62 
Bin 18: 313 479 371 342 185 374 
Bin 19: 247 124 248 324 394 6 
Bin 20: 118 383 220 310 284 442 
Bin 21: 149 301 50 280 154 138 
Bin 22: 406 252 100 265 143 455 
Bin 23: 352 155 224 414 468 201 
Bin 24: 198 199 268 379 51 167 
Bin 25: 99 388 449 44 481 
Bin 26: 225 97 378 33 475 209 
Bin 27: 436 489 283 73 358 323 471 470 
Bin 28: 81 37 347 349 36 169 94 216 
Bin 29: 203 392 258 257 88 72 276 
Bin 30: 221 385 306 473 239 79 448 
Bin 31: 172 319 137 120 357 
Bin 32: 136 256 269 163 331 63 
Bin 33: 393 105 417 222 145 196 
Bin 34: 116 381 194 20 96 68 77 
Bin 35: 329 162 314 183 91 202 
Bin 36: 366 434 452 65 367 148 58 
Bin 37: 428 343 458 281 440 76 10 
Bin 38: 215 1 410 3 227 17 
Bin 39: 122 15 277 413 403 205 
Bin 40: 297 493 321 312 38 176 86 
Bin 41: 18 207 334 14 157 382 
Bin 42: 52 255 189 494 2 
Bin 43: 21 412 39 271 228 43 
Bin 44: 290 299 184 267 399 83 
Bin 45: 409 19 231 170 213 212 
Bin 46: 230 111 345 263 482 22 40 
Bin 47: 326 316 289 25 441 
Bin 48: 233 179 363 350 317 180 
Bin 49: 476 67 188 389 302 408 
Bin 50: 131 85 416 415 245 
Bin 51: 66 307 93 429 400 305 
Bin 52: 432 160 242 459 337 192 364 
Bin 53: 16 9 241 376 171 153 
Bin 54: 135 232 423 453 318 181 
Bin 55: 238 405 7 49 341 266 
Bin 56: 348 274 435 84 226 
Bin 57: 462 204 182 87 237 445 
Bin 58: 0 260 293 477 71 338 
Bin 59: 457 141 249 26 465 211 
Bin 60: 217 102 80 246 286 490 
Bin 61: 396 13 243 107 296 150 
Bin 62: 32 48 47 360 125 419 
Bin 63: 64 42 117 200 328 466 474 275 
Bin 64: 262 430 407 264 287 4 
Bin 65: 298 175 108 384 295 
Bin 66: 380 464 391 27 398 469 134 
Bin 67: 229 355 114 55 190 
Bin 68: 54 210 133 320 487 156 139 
Bin 69: 12 45 339 353 311 
Bin 70: 480 308 109 41 330 278 
Bin 71: 223 11 483 123 31 
Bin 72: 303 272 34 362 377 
Bin 73: 158 23 110 368 315 82 
Bin 74: 304 401 90 24 106 
Bin 75: 173 300 219 425 438 191 
Bin 76: 285 140 112 74 104 
Bin 77: 421 121 164 261 499 
Bin 78: 113 69 95 61 129 446 
Bin 79: 115 288 344 146 365 
Bin 80: 253 208 161 236 
Bin 81: 322 103 361 178 
