# Objective: 168
# Time: 188.449
# Feasible: 1
# Solution:
Bin 0: 706 995 264 439 966 386 
Bin 1: 614 474 448 678 726 137 
Bin 2: 950 193 401 952 58 
Bin 3: 574 42 888 855 991 314 
Bin 4: 471 793 304 600 30 1 
Bin 5: 327 542 434 464 789 527 636 
Bin 6: 532 791 24 65 396 980 
Bin 7: 983 425 49 529 554 868 
Bin 8: 383 267 883 325 102 504 
Bin 9: 142 656 932 247 620 362 
Bin 10: 98 525 578 377 852 
Bin 11: 830 89 622 684 977 
Bin 12: 128 687 702 720 463 398 
Bin 13: 97 841 333 144 261 169 
Bin 14: 562 183 437 120 945 342 
Bin 15: 246 514 508 70 539 981 
Bin 16: 167 445 699 540 992 424 
Bin 17: 913 788 397 206 668 
Bin 18: 140 227 696 498 700 
Bin 19: 486 280 449 394 322 715 
Bin 20: 129 305 430 839 846 329 
Bin 21: 583 198 278 929 324 730 
Bin 22: 283 746 599 873 32 
Bin 23: 737 113 547 235 797 303 
Bin 24: 496 208 645 842 794 
Bin 25: 799 806 410 882 313 95 
Bin 26: 226 436 147 688 244 654 
Bin 27: 805 760 890 343 166 786 
Bin 28: 661 99 651 584 534 860 621 
Bin 29: 444 704 713 385 
Bin 30: 659 576 580 790 548 50 674 
Bin 31: 537 145 773 520 747 340 
Bin 32: 563 582 47 33 391 
Bin 33: 753 787 259 976 127 
Bin 34: 510 617 331 344 290 870 
Bin 35: 735 18 319 300 48 375 
Bin 36: 996 823 5 682 512 566 
Bin 37: 263 925 662 986 28 594 712 
Bin 38: 393 252 143 968 88 217 
Bin 39: 100 683 844 611 784 254 
Bin 40: 138 22 67 503 489 203 
Bin 41: 228 152 944 403 293 820 279 
Bin 42: 676 10 388 926 337 843 
Bin 43: 535 590 581 849 727 531 
Bin 44: 845 775 470 965 586 979 
Bin 45: 348 376 350 185 834 14 
Bin 46: 607 219 39 804 911 657 187 
Bin 47: 553 601 816 732 189 931 
Bin 48: 225 560 133 879 555 214 
Bin 49: 312 197 738 345 402 31 872 714 
Bin 50: 371 181 709 360 953 174 288 984 
Bin 51: 909 399 356 836 853 
Bin 52: 832 864 429 742 524 780 
Bin 53: 779 452 298 34 291 101 
Bin 54: 827 131 559 940 276 
Bin 55: 761 119 162 997 123 8 
Bin 56: 382 677 934 194 807 
Bin 57: 46 546 286 757 978 859 
Bin 58: 898 13 450 776 618 616 
Bin 59: 961 431 297 729 522 441 389 103 
Bin 60: 326 165 792 943 543 75 
Bin 61: 245 26 373 884 935 538 
Bin 62: 69 423 536 156 
Bin 63: 854 822 40 881 302 785 937 
Bin 64: 196 224 908 473 899 307 
Bin 65: 481 796 887 265 972 
Bin 66: 507 817 521 16 579 
Bin 67: 568 413 56 421 29 149 
Bin 68: 163 311 769 829 379 432 
Bin 69: 260 155 811 57 358 
Bin 70: 967 615 491 68 409 812 
Bin 71: 637 182 941 561 999 6 
Bin 72: 701 982 210 856 949 893 
Bin 73: 164 118 707 646 567 593 
Bin 74: 211 847 577 703 338 
Bin 75: 462 708 295 80 608 221 487 
Bin 76: 422 204 192 927 115 357 
Bin 77: 262 176 160 121 748 110 
Bin 78: 595 610 76 51 647 64 
Bin 79: 815 400 867 151 609 332 
Bin 80: 862 309 157 45 895 
Bin 81: 956 904 813 134 483 745 
Bin 82: 272 606 4 339 241 365 477 485 
Bin 83: 159 900 179 634 328 457 
Bin 84: 351 878 871 178 43 171 
Bin 85: 456 234 632 660 292 865 
Bin 86: 759 199 963 903 798 
Bin 87: 905 670 387 874 875 59 404 
Bin 88: 310 346 347 763 433 
Bin 89: 663 336 229 848 824 919 705 
Bin 90: 223 955 772 689 658 809 604 
Bin 91: 625 482 515 73 416 12 460 
Bin 92: 642 148 743 323 497 526 
Bin 93: 318 556 392 15 135 186 
Bin 94: 408 269 795 412 626 459 106 
Bin 95: 284 921 502 513 306 
Bin 96: 480 44 130 589 440 207 315 
Bin 97: 897 613 901 361 93 877 
Bin 98: 771 414 828 629 783 188 
Bin 99: 54 733 354 947 988 
Bin 100: 218 640 467 407 202 
Bin 101: 341 492 243 751 240 528 
Bin 102: 835 765 374 266 505 924 
Bin 103: 669 951 475 840 764 
Bin 104: 915 667 906 550 781 237 
Bin 105: 598 638 494 205 87 215 490 
Bin 106: 366 453 731 623 863 472 
Bin 107: 725 545 74 672 458 741 
Bin 108: 427 596 851 222 417 132 
Bin 109: 86 994 175 273 20 257 21 
Bin 110: 443 724 766 191 653 282 91 
Bin 111: 749 466 814 308 201 
Bin 112: 736 173 461 998 739 938 
Bin 113: 569 81 549 109 655 
Bin 114: 762 112 268 369 220 
Bin 115: 957 930 671 141 891 72 
Bin 116: 985 66 644 500 572 692 564 
Bin 117: 253 778 236 405 316 79 
Bin 118: 38 455 691 587 493 975 
Bin 119: 750 552 368 605 664 
Bin 120: 84 230 936 36 248 896 
Bin 121: 420 928 974 349 270 
Bin 122: 52 11 35 90 258 857 
Bin 123: 517 501 523 251 378 575 184 
Bin 124: 61 411 718 680 675 139 
Bin 125: 105 454 558 802 698 419 200 
Bin 126: 238 969 428 920 334 
Bin 127: 922 177 650 23 213 233 
Bin 128: 78 426 0 447 627 918 
Bin 129: 111 907 630 694 406 641 695 
Bin 130: 825 533 697 359 104 585 
Bin 131: 7 317 837 518 352 964 
Bin 132: 755 833 271 639 
Bin 133: 364 519 125 819 161 
Bin 134: 603 592 55 643 803 275 
Bin 135: 37 962 892 108 818 544 
Bin 136: 740 511 320 686 116 
Bin 137: 335 281 591 370 41 869 716 
Bin 138: 506 886 649 296 126 
Bin 139: 754 353 774 2 910 914 
Bin 140: 619 821 728 62 321 435 597 
Bin 141: 468 685 719 808 107 916 53 
Bin 142: 679 530 94 993 249 418 
Bin 143: 722 168 631 277 717 285 
Bin 144: 866 942 734 541 27 274 465 
Bin 145: 170 363 9 150 216 973 
Bin 146: 469 711 380 372 231 367 
Bin 147: 384 923 85 948 442 242 
Bin 148: 573 612 239 723 770 858 
Bin 149: 946 478 850 912 557 
Bin 150: 971 63 633 172 446 
Bin 151: 917 499 415 484 395 190 
Bin 152: 673 299 958 255 117 180 92 
Bin 153: 294 571 509 876 880 838 
Bin 154: 551 381 146 756 570 690 648 
Bin 155: 826 355 987 289 777 989 60 
Bin 156: 801 782 889 301 652 
Bin 157: 250 71 768 721 17 
Bin 158: 82 212 330 122 3 565 
Bin 159: 114 19 25 810 628 954 
Bin 160: 752 232 479 83 710 885 933 894 
Bin 161: 158 902 495 256 124 
Bin 162: 767 287 666 990 154 960 
Bin 163: 390 693 488 451 959 800 
Bin 164: 516 744 77 970 861 
Bin 165: 588 476 136 939 665 758 209 
Bin 166: 153 831 624 602 438 681 
Bin 167: 635 96 195 
