# Objective: 46
# Time: 36.3195
# Feasible: 1
# Solution:
Bin 0: 168 146 114 243 233 34 
Bin 1: 87 129 149 181 119 26 
Bin 2: 238 24 140 217 234 68 
Bin 3: 163 226 80 77 94 
Bin 4: 63 152 154 112 156 11 
Bin 5: 47 124 184 219 62 145 
Bin 6: 235 172 157 33 160 
Bin 7: 52 30 20 65 14 197 
Bin 8: 35 229 133 215 18 
Bin 9: 249 205 101 173 165 46 
Bin 10: 13 221 21 58 207 43 
Bin 11: 246 242 3 148 178 
Bin 12: 150 189 147 228 141 139 
Bin 13: 195 231 56 16 211 143 
Bin 14: 166 31 204 23 50 
Bin 15: 162 70 126 193 182 
Bin 16: 64 113 32 28 132 
Bin 17: 170 240 107 117 69 
Bin 18: 104 100 116 54 60 180 
Bin 19: 72 82 125 83 127 
Bin 20: 19 40 191 4 99 
Bin 21: 91 179 218 90 75 153 
Bin 22: 53 196 225 48 42 67 
Bin 23: 136 185 36 241 1 106 
Bin 24: 192 206 123 190 227 155 
Bin 25: 247 222 0 118 171 115 
Bin 26: 96 93 25 9 85 73 
Bin 27: 88 200 120 212 201 44 
Bin 28: 202 51 230 194 95 142 
Bin 29: 137 97 55 244 111 208 
Bin 30: 164 210 98 176 159 
Bin 31: 131 248 213 108 22 209 
Bin 32: 187 110 198 59 57 
Bin 33: 122 245 232 109 216 2 
Bin 34: 188 27 128 174 167 144 
Bin 35: 10 49 17 237 76 
Bin 36: 61 7 138 29 224 
Bin 37: 66 12 239 161 
Bin 38: 103 186 214 105 223 79 
Bin 39: 38 8 89 203 71 41 
Bin 40: 84 220 135 37 102 
Bin 41: 5 199 81 86 158 
Bin 42: 175 78 236 121 
Bin 43: 151 92 134 15 
Bin 44: 45 177 74 183 130 
Bin 45: 39 169 6 
