# Objective: 161
# Time: 154.724
# Feasible: 1
# Solution:
Bin 0: 615 580 96 700 315 929 496 345 
Bin 1: 933 141 364 171 102 522 
Bin 2: 91 943 497 762 55 174 878 
Bin 3: 320 712 772 93 899 977 190 
Bin 4: 335 208 761 847 677 510 
Bin 5: 337 646 755 777 159 787 
Bin 6: 785 143 921 532 165 672 
Bin 7: 571 87 773 917 231 101 256 
Bin 8: 362 628 167 379 720 668 51 
Bin 9: 832 555 750 133 100 30 130 
Bin 10: 43 967 928 250 846 754 947 
Bin 11: 819 678 651 42 513 953 706 
Bin 12: 904 382 619 890 489 563 530 
Bin 13: 301 500 479 823 806 766 968 
Bin 14: 222 936 598 490 360 15 771 
Bin 15: 492 540 769 604 319 260 455 645 
Bin 16: 630 289 32 507 234 709 
Bin 17: 770 518 565 47 891 211 
Bin 18: 924 486 105 796 912 74 903 
Bin 19: 665 388 114 284 90 281 447 793 
Bin 20: 58 48 691 718 203 309 531 
Bin 21: 868 84 708 740 219 64 
Bin 22: 505 465 116 123 897 221 814 
Bin 23: 670 794 684 9 652 401 523 
Bin 24: 384 258 374 883 812 
Bin 25: 992 597 825 283 2 
Bin 26: 413 467 495 27 395 40 5 
Bin 27: 938 458 736 958 865 579 634 738 
Bin 28: 659 291 553 68 648 688 484 
Bin 29: 941 944 119 226 674 971 200 
Bin 30: 366 596 564 110 300 552 760 
Bin 31: 683 637 228 804 296 662 
Bin 32: 976 585 574 437 380 775 
Bin 33: 666 973 257 723 880 526 
Bin 34: 172 703 431 879 519 982 
Bin 35: 821 59 981 160 212 346 
Bin 36: 551 618 378 632 28 125 
Bin 37: 626 372 391 240 430 907 
Bin 38: 20 811 743 326 248 699 
Bin 39: 714 524 726 543 539 558 
Bin 40: 352 148 389 474 734 398 
Bin 41: 949 493 448 137 535 201 241 
Bin 42: 844 23 491 905 357 871 
Bin 43: 156 205 961 16 838 767 521 
Bin 44: 753 333 386 449 356 724 
Bin 45: 599 373 788 816 872 802 432 
Bin 46: 427 566 725 77 710 829 
Bin 47: 642 433 810 834 739 
Bin 48: 887 588 581 978 41 121 
Bin 49: 184 869 873 797 11 305 
Bin 50: 716 494 594 625 852 528 931 
Bin 51: 89 209 392 633 624 
Bin 52: 425 896 612 704 840 44 280 
Bin 53: 483 343 590 922 86 742 113 
Bin 54: 705 676 403 45 983 685 
Bin 55: 215 892 915 271 901 586 
Bin 56: 235 286 575 383 529 173 
Bin 57: 461 108 14 527 735 475 
Bin 58: 751 680 414 999 480 443 650 
Bin 59: 643 975 884 464 638 478 
Bin 60: 187 833 341 311 954 647 460 
Bin 61: 405 269 578 854 194 
Bin 62: 264 719 616 451 817 592 587 
Bin 63: 850 727 934 549 987 72 859 
Bin 64: 851 576 164 306 728 304 
Bin 65: 502 261 131 216 182 314 848 
Bin 66: 6 279 377 653 39 952 
Bin 67: 470 560 956 525 481 516 655 945 
Bin 68: 682 534 861 980 600 994 
Bin 69: 940 713 640 613 46 57 69 
Bin 70: 809 988 339 974 545 512 
Bin 71: 957 124 387 329 696 127 
Bin 72: 262 752 62 244 876 909 
Bin 73: 687 132 609 71 511 886 232 
Bin 74: 733 436 365 894 898 
Bin 75: 442 439 969 454 889 746 83 
Bin 76: 162 636 937 487 926 245 
Bin 77: 406 857 842 217 815 573 764 441 
Bin 78: 7 966 35 175 268 
Bin 79: 667 881 874 104 367 288 
Bin 80: 863 434 792 10 26 
Bin 81: 591 334 12 355 88 
Bin 82: 118 404 349 82 776 107 
Bin 83: 722 149 369 584 134 605 
Bin 84: 749 411 807 826 690 358 836 
Bin 85: 875 946 841 368 649 402 
Bin 86: 791 25 18 263 223 316 
Bin 87: 914 303 185 275 862 476 845 
Bin 88: 959 140 85 803 979 56 
Bin 89: 229 122 537 660 606 78 323 
Bin 90: 514 327 153 960 224 210 
Bin 91: 473 559 353 29 930 748 287 
Bin 92: 112 919 375 504 251 348 469 462 
Bin 93: 864 784 663 635 895 253 
Bin 94: 942 595 779 550 237 664 
Bin 95: 120 656 218 146 536 426 
Bin 96: 317 843 330 853 951 860 
Bin 97: 293 97 789 408 4 593 422 
Bin 98: 730 639 129 115 916 658 
Bin 99: 8 569 394 737 763 583 
Bin 100: 92 135 774 541 
Bin 101: 765 126 321 911 150 183 
Bin 102: 204 180 65 73 181 950 117 
Bin 103: 152 827 265 839 410 795 419 
Bin 104: 66 38 363 932 835 54 347 
Bin 105: 732 542 302 446 657 
Bin 106: 67 440 412 202 964 350 
Bin 107: 188 925 176 893 75 547 17 
Bin 108: 702 191 276 697 247 312 236 
Bin 109: 644 252 538 675 923 196 
Bin 110: 147 721 161 186 270 
Bin 111: 661 729 282 781 169 163 867 
Bin 112: 614 60 220 139 855 544 
Bin 113: 935 463 272 242 399 328 429 
Bin 114: 415 508 866 166 3 318 858 
Bin 115: 197 381 308 225 254 138 830 
Bin 116: 744 407 53 299 693 970 
Bin 117: 453 577 641 824 993 158 340 
Bin 118: 673 468 557 757 338 33 
Bin 119: 520 972 34 417 19 962 
Bin 120: 927 331 322 669 849 325 
Bin 121: 920 747 603 985 450 790 
Bin 122: 472 13 471 780 310 768 
Bin 123: 81 837 805 193 189 
Bin 124: 142 297 602 239 556 370 
Bin 125: 963 98 828 336 397 731 
Bin 126: 49 278 745 918 798 582 
Bin 127: 144 214 561 715 482 199 
Bin 128: 477 910 621 623 243 
Bin 129: 70 396 466 428 808 
Bin 130: 157 438 332 128 294 617 
Bin 131: 255 385 548 445 390 
Bin 132: 984 421 354 198 195 
Bin 133: 509 37 452 681 277 
Bin 134: 888 572 506 622 79 
Bin 135: 292 207 246 801 313 
Bin 136: 996 266 371 567 515 913 
Bin 137: 444 324 900 694 76 870 
Bin 138: 151 741 424 273 501 503 
Bin 139: 831 998 95 274 342 629 
Bin 140: 80 456 192 106 610 63 
Bin 141: 711 799 989 485 178 
Bin 142: 238 654 400 351 361 61 
Bin 143: 103 995 457 939 393 758 
Bin 144: 759 620 1 686 154 783 
Bin 145: 608 0 707 800 31 344 782 
Bin 146: 249 52 908 631 230 
Bin 147: 756 698 902 695 546 991 
Bin 148: 435 227 155 298 990 679 
Bin 149: 136 627 818 820 295 562 290 
Bin 150: 882 376 36 109 420 
Bin 151: 717 568 99 906 145 517 
Bin 152: 822 170 94 601 589 
Bin 153: 689 885 24 611 813 
Bin 154: 179 111 307 554 50 671 
Bin 155: 259 21 409 778 877 233 
Bin 156: 22 570 955 498 359 965 
Bin 157: 856 701 948 206 423 
Bin 158: 986 177 692 499 168 
Bin 159: 997 416 533 459 786 488 
Bin 160: 213 607 418 267 285 
