# Objective: 48
# Time: 13.638
# Feasible: 1
# Solution:
Bin 0: 100 105 110 48 102 
Bin 1: 4 197 128 70 93 246 
Bin 2: 245 215 198 53 188 56 
Bin 3: 108 176 184 36 239 248 
Bin 4: 23 170 104 203 157 200 
Bin 5: 79 223 182 94 142 107 111 
Bin 6: 206 174 30 209 51 
Bin 7: 149 42 229 183 148 162 
Bin 8: 172 135 124 96 41 
Bin 9: 175 44 195 57 46 226 
Bin 10: 84 67 243 159 
Bin 11: 166 1 80 22 191 
Bin 12: 86 222 55 112 225 
Bin 13: 163 116 37 155 218 
Bin 14: 199 13 173 29 132 196 
Bin 15: 231 150 130 62 63 
Bin 16: 35 103 167 72 18 
Bin 17: 151 33 208 85 133 
Bin 18: 224 58 20 92 144 
Bin 19: 238 165 91 50 28 241 
Bin 20: 179 7 40 76 17 
Bin 21: 66 201 210 25 125 
Bin 22: 129 11 171 219 9 98 
Bin 23: 186 127 160 211 192 
Bin 24: 34 145 115 45 
Bin 25: 61 60 19 202 117 
Bin 26: 64 77 236 213 233 
Bin 27: 220 97 89 49 126 
Bin 28: 140 240 121 152 169 
Bin 29: 136 181 12 189 242 
Bin 30: 8 204 221 216 194 131 
Bin 31: 168 10 156 14 15 
Bin 32: 69 190 47 88 178 164 
Bin 33: 113 244 71 134 90 
Bin 34: 52 38 59 234 3 247 
Bin 35: 217 123 153 139 
Bin 36: 138 109 32 24 249 
Bin 37: 119 5 74 6 212 
Bin 38: 95 237 180 27 230 31 
Bin 39: 137 0 78 205 
Bin 40: 120 122 185 146 114 81 
Bin 41: 26 158 235 177 99 
Bin 42: 75 82 187 39 65 
Bin 43: 83 54 147 193 232 
Bin 44: 73 43 228 
Bin 45: 161 118 141 
Bin 46: 154 143 227 2 87 214 101 
Bin 47: 106 21 207 68 16 
