# Objective: 81
# Time: 38.8971
# Feasible: 1
# Solution:
Bin 0: 229 339 151 323 223 
Bin 1: 214 79 354 31 200 328 
Bin 2: 434 266 479 493 343 40 
Bin 3: 404 252 179 277 15 389 
Bin 4: 235 94 453 6 371 105 202 324 
Bin 5: 392 347 68 217 492 139 57 
Bin 6: 243 11 456 181 495 195 
Bin 7: 441 457 326 382 376 344 
Bin 8: 241 222 81 212 215 
Bin 9: 251 130 234 373 93 127 25 
Bin 10: 312 113 178 264 411 101 95 356 
Bin 11: 54 221 188 3 227 108 173 
Bin 12: 423 42 342 213 37 311 426 
Bin 13: 424 420 398 170 472 366 450 
Bin 14: 288 239 463 314 185 
Bin 15: 177 387 335 263 377 359 460 88 
Bin 16: 489 162 419 358 414 144 
Bin 17: 89 168 100 405 83 269 
Bin 18: 496 17 126 297 111 385 164 
Bin 19: 430 301 332 153 276 209 33 
Bin 20: 228 20 116 206 341 337 117 169 
Bin 21: 388 465 132 372 307 35 
Bin 22: 52 305 440 331 39 400 
Bin 23: 393 309 259 23 487 207 469 
Bin 24: 486 98 403 41 322 381 
Bin 25: 0 257 260 313 102 318 50 
Bin 26: 128 345 71 348 274 124 
Bin 27: 325 160 408 192 174 13 
Bin 28: 73 72 92 467 238 137 473 
Bin 29: 458 250 203 253 197 165 
Bin 30: 379 236 115 298 436 
Bin 31: 201 32 406 125 360 
Bin 32: 445 285 24 152 56 
Bin 33: 80 482 12 247 268 110 
Bin 34: 59 490 357 184 488 422 
Bin 35: 49 141 237 320 166 282 
Bin 36: 475 77 292 46 443 14 310 69 
Bin 37: 64 294 86 442 478 401 8 
Bin 38: 351 272 290 53 187 383 
Bin 39: 232 131 245 498 255 370 
Bin 40: 249 167 278 302 367 147 306 
Bin 41: 219 352 291 283 220 85 29 
Bin 42: 163 299 208 428 134 109 
Bin 43: 123 480 84 244 391 
Bin 44: 476 368 329 380 338 375 
Bin 45: 156 172 193 319 118 459 
Bin 46: 87 158 437 446 149 
Bin 47: 316 78 395 194 363 384 327 
Bin 48: 65 58 452 261 16 
Bin 49: 284 265 333 231 182 122 483 
Bin 50: 133 353 10 140 143 
Bin 51: 34 394 350 30 336 240 
Bin 52: 27 464 129 429 365 47 
Bin 53: 62 369 346 44 494 176 
Bin 54: 444 300 330 317 451 225 
Bin 55: 19 28 114 447 4 70 104 
Bin 56: 267 138 218 281 142 99 
Bin 57: 210 275 361 136 171 474 63 
Bin 58: 135 199 427 198 226 66 
Bin 59: 121 433 2 74 413 
Bin 60: 321 270 154 462 180 120 55 349 
Bin 61: 397 499 51 205 9 191 
Bin 62: 484 216 421 183 75 471 
Bin 63: 175 230 412 304 107 448 
Bin 64: 106 48 43 159 280 67 402 
Bin 65: 439 407 76 296 396 7 
Bin 66: 38 61 246 415 161 90 340 
Bin 67: 279 233 449 190 454 438 
Bin 68: 256 36 455 286 60 
Bin 69: 112 303 410 386 308 
Bin 70: 315 224 155 334 22 
Bin 71: 461 287 148 477 485 295 
Bin 72: 390 435 273 146 119 
Bin 73: 378 145 186 364 432 418 91 362 
Bin 74: 497 242 21 466 211 409 
Bin 75: 254 1 481 204 293 271 262 
Bin 76: 82 45 470 431 5 150 
Bin 77: 374 97 248 18 103 157 
Bin 78: 468 425 189 416 399 26 
Bin 79: 491 289 258 96 
Bin 80: 196 417 355 
