# Objective: 74
# Time: 38.3615
# Feasible: 1
# Solution:
Bin 0: 71 307 327 463 21 323 299 
Bin 1: 219 399 390 440 4 13 328 208 
Bin 2: 226 345 155 116 70 495 229 100 113 
Bin 3: 483 112 351 431 317 409 
Bin 4: 359 246 201 232 419 2 428 
Bin 5: 285 66 273 89 210 497 196 
Bin 6: 192 159 336 366 157 384 268 
Bin 7: 368 242 335 81 443 458 305 
Bin 8: 191 415 418 393 31 174 
Bin 9: 129 27 55 44 138 80 
Bin 10: 360 383 171 334 391 184 25 169 354 
Bin 11: 330 74 77 160 7 
Bin 12: 282 357 452 35 269 266 213 356 
Bin 13: 332 424 45 234 413 407 326 
Bin 14: 252 134 107 316 477 
Bin 15: 427 275 11 103 329 101 235 
Bin 16: 104 146 181 205 321 344 
Bin 17: 230 69 423 378 398 430 30 392 
Bin 18: 479 471 447 92 341 442 216 377 
Bin 19: 39 228 182 333 421 91 
Bin 20: 233 325 36 165 490 76 61 244 238 179 188 
Bin 21: 353 177 306 261 190 251 
Bin 22: 117 209 386 448 79 293 114 14 
Bin 23: 441 186 318 284 339 23 161 
Bin 24: 315 475 148 65 154 
Bin 25: 262 99 422 42 90 237 
Bin 26: 231 416 374 403 152 388 
Bin 27: 75 283 135 15 337 223 
Bin 28: 187 473 96 433 291 296 487 481 
Bin 29: 193 348 394 319 217 73 
Bin 30: 402 382 62 197 130 28 454 
Bin 31: 200 376 295 168 314 429 494 
Bin 32: 491 183 141 34 1 214 331 
Bin 33: 49 425 355 153 218 110 189 158 
Bin 34: 0 265 375 243 499 496 126 
Bin 35: 450 20 464 143 118 271 85 224 
Bin 36: 170 82 349 311 352 488 
Bin 37: 207 253 211 108 166 111 457 350 
Bin 38: 466 172 102 241 17 303 68 147 408 
Bin 39: 163 468 474 52 144 206 
Bin 40: 301 250 370 369 257 18 
Bin 41: 498 240 164 185 397 176 
Bin 42: 276 97 385 259 361 162 478 
Bin 43: 310 124 396 10 342 278 435 
Bin 44: 470 453 239 456 309 58 128 
Bin 45: 482 365 41 145 178 439 150 
Bin 46: 362 281 367 461 277 485 6 
Bin 47: 412 312 410 371 263 
Bin 48: 373 50 445 300 105 95 288 
Bin 49: 87 395 364 19 472 48 
Bin 50: 24 292 462 248 72 
Bin 51: 260 84 60 411 489 484 
Bin 52: 258 389 203 57 340 8 313 
Bin 53: 460 459 286 236 32 492 
Bin 54: 379 38 346 434 56 444 
Bin 55: 139 40 414 3 486 9 
Bin 56: 53 131 94 16 254 221 227 426 
Bin 57: 280 22 151 493 455 420 
Bin 58: 297 480 88 86 381 380 212 26 
Bin 59: 437 467 37 267 132 194 67 
Bin 60: 465 136 109 476 64 29 
Bin 61: 204 222 198 322 140 279 405 
Bin 62: 98 451 43 137 401 387 298 264 287 
Bin 63: 54 125 289 123 120 175 122 
Bin 64: 294 12 400 59 417 406 446 
Bin 65: 142 167 199 202 404 
Bin 66: 338 436 225 324 358 290 
Bin 67: 180 51 33 372 195 5 63 
Bin 68: 469 220 304 93 115 249 
Bin 69: 449 156 83 245 320 106 127 
Bin 70: 363 173 215 308 272 302 
Bin 71: 274 438 46 133 47 
Bin 72: 255 247 149 343 347 
Bin 73: 270 119 256 432 78 121 
