# Objective: 90
# Time: 66.0145
# Feasible: 1
# Solution:
Bin 0: 137 303 485 31 396 447 
Bin 1: 439 250 52 420 283 95 248 
Bin 2: 338 39 285 493 26 296 
Bin 3: 168 8 45 14 61 
Bin 4: 359 432 280 63 159 
Bin 5: 121 350 122 392 331 
Bin 6: 181 140 202 163 87 
Bin 7: 421 58 20 84 55 146 
Bin 8: 445 211 245 193 294 
Bin 9: 53 158 459 51 275 73 197 
Bin 10: 455 309 206 271 151 57 
Bin 11: 209 360 147 301 276 
Bin 12: 407 457 265 344 368 
Bin 13: 329 49 464 397 93 
Bin 14: 174 326 339 182 
Bin 15: 103 497 475 178 156 
Bin 16: 120 365 43 113 371 
Bin 17: 490 412 311 38 175 97 
Bin 18: 205 373 281 184 353 94 
Bin 19: 361 469 172 129 
Bin 20: 467 203 56 90 317 380 
Bin 21: 290 240 68 488 
Bin 22: 226 33 340 3 357 259 
Bin 23: 134 452 66 198 260 
Bin 24: 221 438 91 398 223 
Bin 25: 379 109 0 188 48 419 
Bin 26: 42 376 92 255 34 
Bin 27: 268 189 314 100 343 307 
Bin 28: 21 448 491 320 313 316 
Bin 29: 362 405 126 388 302 372 430 
Bin 30: 460 98 110 426 77 231 
Bin 31: 253 105 471 62 358 334 
Bin 32: 40 35 164 6 418 143 
Bin 33: 1 441 423 461 18 
Bin 34: 263 462 270 19 335 382 
Bin 35: 383 79 363 456 
Bin 36: 83 227 390 391 148 
Bin 37: 384 435 16 44 210 305 
Bin 38: 354 177 157 200 187 241 
Bin 39: 149 228 291 131 217 
Bin 40: 224 434 96 257 262 315 
Bin 41: 80 24 324 341 153 427 
Bin 42: 389 2 242 72 318 424 
Bin 43: 89 472 64 310 272 274 
Bin 44: 306 352 104 195 256 213 207 
Bin 45: 254 481 99 351 5 
Bin 46: 22 145 71 212 266 17 385 
Bin 47: 27 112 454 323 496 
Bin 48: 366 482 258 330 46 28 
Bin 49: 292 492 133 422 345 239 
Bin 50: 106 322 194 416 220 
Bin 51: 478 132 107 413 
Bin 52: 208 288 355 440 489 
Bin 53: 124 451 191 332 32 75 82 
Bin 54: 369 444 152 119 128 160 
Bin 55: 173 36 264 289 101 216 
Bin 56: 142 287 498 342 179 
Bin 57: 7 387 67 436 437 25 74 
Bin 58: 114 411 37 30 348 269 
Bin 59: 395 347 127 370 325 319 
Bin 60: 470 374 282 13 400 60 
Bin 61: 171 81 433 404 346 
Bin 62: 116 468 237 381 431 199 54 
Bin 63: 409 415 252 219 204 
Bin 64: 401 115 76 402 29 
Bin 65: 196 417 394 170 300 23 
Bin 66: 442 235 117 349 333 246 
Bin 67: 130 78 487 297 192 
Bin 68: 410 190 286 337 476 185 
Bin 69: 298 59 463 299 154 
Bin 70: 377 230 150 453 495 
Bin 71: 484 474 414 477 399 243 88 
Bin 72: 167 135 304 308 218 
Bin 73: 86 408 483 169 403 327 
Bin 74: 312 139 229 249 273 166 
Bin 75: 244 278 10 328 378 236 
Bin 76: 277 234 406 375 41 50 
Bin 77: 162 284 165 201 144 232 
Bin 78: 295 428 466 11 15 
Bin 79: 155 125 180 69 222 183 
Bin 80: 141 499 233 486 247 
Bin 81: 293 138 425 9 449 479 
Bin 82: 443 85 386 279 356 
Bin 83: 251 136 393 473 65 480 
Bin 84: 215 364 321 108 123 47 
Bin 85: 261 111 336 102 429 161 
Bin 86: 186 446 70 494 
Bin 87: 214 176 12 267 
Bin 88: 238 367 4 225 118 
Bin 89: 450 465 458 
