# Objective: 48
# Time: 14.9426
# Feasible: 1
# Solution:
Bin 0: 58 14 137 12 62 203 
Bin 1: 38 246 229 94 121 
Bin 2: 174 223 123 242 95 
Bin 3: 172 51 8 180 42 
Bin 4: 145 211 65 26 
Bin 5: 104 164 222 182 18 52 
Bin 6: 194 97 106 155 98 66 
Bin 7: 225 169 81 53 170 
Bin 8: 90 99 133 82 49 
Bin 9: 59 243 147 127 209 157 
Bin 10: 244 150 184 103 190 
Bin 11: 146 183 91 96 105 
Bin 12: 179 41 208 205 5 228 249 
Bin 13: 149 13 102 232 233 
Bin 14: 75 178 171 197 
Bin 15: 165 10 217 235 
Bin 16: 162 33 78 57 73 241 
Bin 17: 69 88 151 37 236 
Bin 18: 21 30 43 32 20 7 
Bin 19: 221 50 63 204 72 
Bin 20: 181 6 17 134 140 
Bin 21: 109 35 138 219 85 176 
Bin 22: 64 86 56 199 48 125 
Bin 23: 116 191 218 40 166 
Bin 24: 239 131 60 226 163 187 
Bin 25: 100 16 3 153 118 
Bin 26: 101 108 173 245 202 
Bin 27: 114 24 200 141 113 
Bin 28: 120 0 71 9 240 
Bin 29: 201 213 206 84 
Bin 30: 54 22 11 68 23 128 
Bin 31: 36 161 132 2 29 
Bin 32: 152 148 196 92 19 207 
Bin 33: 112 144 193 175 15 
Bin 34: 154 55 156 76 215 
Bin 35: 27 177 47 34 234 39 
Bin 36: 67 107 70 74 117 231 
Bin 37: 89 188 115 87 77 158 
Bin 38: 44 45 212 93 192 
Bin 39: 110 79 139 46 167 224 
Bin 40: 238 111 136 220 214 
Bin 41: 230 1 248 160 216 
Bin 42: 227 80 135 185 130 
Bin 43: 186 122 83 31 198 
Bin 44: 189 143 142 126 
Bin 45: 195 129 28 25 237 4 
Bin 46: 210 159 119 168 
Bin 47: 61 247 124 
