# Objective: 73
# Time: 30.3632
# Feasible: 1
# Solution:
Bin 0: 76 402 126 91 382 442 
Bin 1: 270 365 247 337 345 427 176 
Bin 2: 178 155 277 197 419 4 98 377 292 278 
Bin 3: 476 372 241 66 261 250 284 
Bin 4: 350 351 132 217 493 40 326 
Bin 5: 371 316 366 237 42 168 356 492 
Bin 6: 0 264 333 213 298 158 404 
Bin 7: 222 243 401 63 393 310 417 
Bin 8: 96 445 432 412 437 
Bin 9: 232 29 360 121 352 362 
Bin 10: 210 87 251 376 173 172 338 245 
Bin 11: 451 285 236 498 494 94 289 313 
Bin 12: 280 248 425 343 389 56 375 186 
Bin 13: 291 134 5 71 215 446 408 3 
Bin 14: 441 152 452 20 83 383 67 44 
Bin 15: 50 85 69 322 395 303 380 341 
Bin 16: 9 468 225 323 160 411 203 443 
Bin 17: 436 387 196 209 414 329 
Bin 18: 416 23 193 424 231 
Bin 19: 65 138 482 391 475 150 
Bin 20: 199 415 224 273 27 355 49 
Bin 21: 212 1 309 320 256 239 139 
Bin 22: 302 453 206 263 330 465 282 
Bin 23: 276 385 287 342 68 25 165 311 
Bin 24: 312 486 175 358 60 118 
Bin 25: 182 116 255 479 143 129 223 190 157 
Bin 26: 95 15 367 317 53 148 433 107 
Bin 27: 268 189 297 214 473 131 
Bin 28: 262 113 321 14 181 
Bin 29: 450 407 423 103 449 38 
Bin 30: 45 77 59 353 191 332 
Bin 31: 102 480 127 101 397 48 325 
Bin 32: 265 489 146 37 381 73 324 
Bin 33: 399 459 461 318 161 455 405 
Bin 34: 307 153 123 109 211 221 
Bin 35: 195 36 246 170 259 244 299 
Bin 36: 258 447 431 82 400 22 386 233 348 
Bin 37: 124 117 112 140 306 349 227 
Bin 38: 347 481 72 462 410 151 
Bin 39: 448 269 92 409 456 497 
Bin 40: 167 80 295 169 89 
Bin 41: 331 51 183 64 334 162 47 420 
Bin 42: 288 70 467 205 439 142 359 34 
Bin 43: 471 418 466 61 163 62 339 
Bin 44: 200 39 272 7 111 180 327 
Bin 45: 488 406 254 33 434 24 86 
Bin 46: 75 184 286 363 208 156 308 218 
Bin 47: 6 130 46 487 444 97 472 
Bin 48: 79 90 483 16 294 296 
Bin 49: 374 428 392 499 421 
Bin 50: 220 55 235 52 260 26 58 
Bin 51: 159 119 253 440 234 293 128 267 
Bin 52: 495 135 388 219 35 266 
Bin 53: 238 122 141 283 204 
Bin 54: 201 13 335 422 179 174 
Bin 55: 429 463 474 464 477 198 257 
Bin 56: 301 177 104 314 281 32 
Bin 57: 99 171 460 230 202 315 
Bin 58: 485 226 384 31 435 81 470 133 
Bin 59: 54 149 228 491 390 
Bin 60: 2 137 252 194 398 21 271 8 
Bin 61: 41 454 78 469 88 216 
Bin 62: 84 110 154 496 361 373 430 336 
Bin 63: 207 403 136 394 229 319 166 
Bin 64: 279 187 344 147 164 115 
Bin 65: 340 300 478 368 370 144 108 328 114 
Bin 66: 484 188 242 379 249 93 28 
Bin 67: 185 274 10 364 426 192 
Bin 68: 438 378 490 106 346 290 30 
Bin 69: 11 120 240 354 304 125 
Bin 70: 74 357 458 305 100 19 
Bin 71: 105 369 18 145 413 17 43 
Bin 72: 457 57 275 12 396 
