# Objective: 18
# Time: 3.0063
# Feasible: 1
# Solution:
Bin 0: 7 59 1 12 90 
Bin 1: 99 74 50 38 65 41 
Bin 2: 66 10 108 8 14 79 
Bin 3: 97 27 23 4 94 60 
Bin 4: 57 68 78 96 102 62 98 
Bin 5: 105 100 69 116 56 52 
Bin 6: 104 25 84 35 91 24 
Bin 7: 103 46 15 51 44 112 76 
Bin 8: 30 101 45 81 5 88 
Bin 9: 54 83 61 33 19 115 106 86 43 
Bin 10: 89 118 29 22 82 0 58 
Bin 11: 40 70 26 6 36 93 32 18 75 
Bin 12: 42 28 21 3 71 64 110 53 
Bin 13: 48 49 109 107 95 92 
Bin 14: 39 9 114 34 2 13 117 
Bin 15: 72 119 17 77 31 55 
Bin 16: 16 113 73 87 67 85 20 
Bin 17: 47 63 111 80 11 37 
