# Objective: 22
# Time: 6.70729
# Feasible: 1
# Solution:
Bin 0: 32 108 17 59 107 79 
Bin 1: 98 12 100 3 93 57 
Bin 2: 36 62 37 103 102 
Bin 3: 24 53 28 48 30 35 
Bin 4: 39 64 43 71 87 
Bin 5: 26 10 29 117 56 46 
Bin 6: 63 19 68 9 70 
Bin 7: 2 6 50 111 45 77 
Bin 8: 85 52 65 1 38 
Bin 9: 25 104 20 40 89 16 
Bin 10: 105 69 42 97 86 
Bin 11: 0 109 83 21 115 116 
Bin 12: 34 13 44 49 47 112 94 
Bin 13: 58 72 41 114 15 
Bin 14: 11 74 5 106 78 4 
Bin 15: 101 60 99 23 8 
Bin 16: 119 61 22 88 18 
Bin 17: 31 90 84 14 96 75 
Bin 18: 92 33 27 95 51 110 
Bin 19: 73 113 118 91 81 
Bin 20: 82 76 54 67 55 
Bin 21: 7 80 66 
