# Objective: 42
# Time: 12.1693
# Feasible: 1
# Solution:
Bin 0: 37 63 141 29 219 32 
Bin 1: 28 30 13 42 24 
Bin 2: 166 91 50 107 160 18 89 
Bin 3: 185 45 122 236 159 197 21 
Bin 4: 248 161 100 102 182 56 9 
Bin 5: 118 129 130 232 150 186 
Bin 6: 83 55 11 104 25 17 
Bin 7: 178 126 81 73 106 
Bin 8: 190 113 223 202 179 60 
Bin 9: 222 59 183 8 26 39 
Bin 10: 127 173 200 167 68 108 
Bin 11: 215 101 75 174 144 123 239 
Bin 12: 119 48 233 165 53 234 168 
Bin 13: 163 140 195 192 204 3 7 51 
Bin 14: 12 224 120 213 142 151 216 
Bin 15: 78 66 86 155 221 226 
Bin 16: 187 189 201 148 6 117 
Bin 17: 10 235 247 237 249 231 
Bin 18: 84 93 210 246 244 98 
Bin 19: 61 116 74 
Bin 20: 82 27 80 94 137 147 
Bin 21: 134 85 64 199 169 115 
Bin 22: 4 125 47 139 95 33 227 
Bin 23: 35 152 49 145 23 
Bin 24: 128 198 54 209 220 109 
Bin 25: 156 79 36 67 0 
Bin 26: 5 57 143 207 133 203 111 
Bin 27: 131 92 103 110 15 175 
Bin 28: 88 211 58 77 20 193 
Bin 29: 170 87 146 97 214 105 
Bin 30: 171 52 72 238 176 132 
Bin 31: 38 69 225 205 96 206 
Bin 32: 212 34 218 19 31 154 
Bin 33: 121 135 90 177 228 
Bin 34: 2 138 71 191 184 70 
Bin 35: 124 180 208 76 44 
Bin 36: 157 241 99 114 164 22 172 
Bin 37: 158 112 245 162 229 
Bin 38: 181 240 14 65 196 
Bin 39: 136 242 40 188 1 153 
Bin 40: 243 149 217 46 16 230 
Bin 41: 62 41 194 43 
