# Objective: 180
# Time: 438.513
# Feasible: 1
# Solution:
Bin 0: 820 559 474 243 187 859 
Bin 1: 967 314 414 636 102 583 235 
Bin 2: 572 844 80 943 806 
Bin 3: 577 742 932 277 715 
Bin 4: 59 541 424 170 910 
Bin 5: 225 146 380 696 103 325 
Bin 6: 350 625 185 846 579 90 
Bin 7: 618 694 29 222 327 446 
Bin 8: 812 481 756 628 723 
Bin 9: 199 213 432 893 555 428 
Bin 10: 57 811 690 453 178 
Bin 11: 108 0 13 692 20 423 
Bin 12: 609 348 311 294 654 14 
Bin 13: 64 415 727 439 741 
Bin 14: 425 620 714 284 592 
Bin 15: 580 100 828 177 647 
Bin 16: 134 528 360 370 912 276 
Bin 17: 899 433 46 215 113 456 
Bin 18: 346 600 155 280 582 685 
Bin 19: 984 845 81 621 17 
Bin 20: 496 387 254 847 44 
Bin 21: 991 384 807 650 864 447 
Bin 22: 35 878 801 89 901 305 
Bin 23: 882 467 964 8 666 101 
Bin 24: 728 153 674 126 791 63 
Bin 25: 70 139 275 514 719 137 487 
Bin 26: 640 617 331 735 627 470 
Bin 27: 403 918 851 49 754 365 
Bin 28: 400 252 698 371 281 904 
Bin 29: 499 217 574 460 309 810 
Bin 30: 953 928 417 336 270 493 
Bin 31: 341 260 739 751 486 
Bin 32: 970 780 955 306 822 
Bin 33: 214 948 452 37 394 148 
Bin 34: 568 459 760 738 503 831 
Bin 35: 479 599 7 186 295 
Bin 36: 936 658 426 717 894 
Bin 37: 782 193 826 491 318 
Bin 38: 482 987 856 250 119 39 
Bin 39: 629 21 79 463 398 
Bin 40: 680 211 885 869 326 520 798 
Bin 41: 246 818 535 550 887 
Bin 42: 489 258 27 922 112 945 
Bin 43: 843 321 814 429 
Bin 44: 937 136 120 675 533 141 
Bin 45: 36 259 236 968 469 824 
Bin 46: 41 355 364 154 180 911 
Bin 47: 808 220 871 6 322 792 
Bin 48: 278 713 502 921 385 718 687 
Bin 49: 402 835 173 657 957 128 344 
Bin 50: 611 588 701 379 200 263 584 
Bin 51: 829 697 366 162 651 465 
Bin 52: 454 150 198 947 750 809 
Bin 53: 329 442 926 619 395 524 
Bin 54: 363 251 862 916 204 561 
Bin 55: 374 709 16 166 52 25 
Bin 56: 208 245 668 478 445 287 
Bin 57: 610 778 941 28 660 158 994 
Bin 58: 543 530 978 796 437 
Bin 59: 87 988 585 773 184 362 
Bin 60: 138 613 303 509 165 
Bin 61: 352 858 448 622 855 
Bin 62: 56 338 22 649 670 316 
Bin 63: 608 373 440 892 575 
Bin 64: 597 77 74 934 665 
Bin 65: 266 700 962 534 540 638 
Bin 66: 244 485 877 361 4 147 
Bin 67: 23 82 310 291 212 793 
Bin 68: 38 544 86 143 935 
Bin 69: 216 688 234 908 907 85 
Bin 70: 15 576 839 418 18 298 
Bin 71: 42 763 662 515 130 
Bin 72: 248 635 265 160 354 777 
Bin 73: 191 985 121 853 644 
Bin 74: 195 156 721 84 477 
Bin 75: 875 51 966 830 288 
Bin 76: 884 789 422 140 333 589 505 
Bin 77: 590 40 547 765 645 292 466 
Bin 78: 106 794 905 68 993 
Bin 79: 209 296 118 358 975 337 
Bin 80: 319 389 72 31 34 
Bin 81: 357 279 689 879 900 
Bin 82: 307 578 492 334 564 323 848 
Bin 83: 219 152 192 450 512 
Bin 84: 537 816 732 376 172 523 
Bin 85: 883 795 673 841 175 703 
Bin 86: 240 516 825 65 26 233 343 
Bin 87: 850 133 726 593 594 
Bin 88: 50 672 779 455 747 498 
Bin 89: 12 228 539 940 586 997 
Bin 90: 527 45 273 656 866 
Bin 91: 925 615 852 886 655 
Bin 92: 388 255 293 261 
Bin 93: 944 223 545 109 838 30 
Bin 94: 142 861 88 188 981 73 
Bin 95: 614 386 124 679 58 517 
Bin 96: 652 965 9 413 312 164 
Bin 97: 724 686 416 913 648 
Bin 98: 663 529 854 639 506 476 
Bin 99: 924 951 683 596 511 
Bin 100: 167 66 299 411 471 737 553 
Bin 101: 755 375 457 330 633 2 
Bin 102: 571 930 624 772 896 712 
Bin 103: 684 556 342 681 840 752 
Bin 104: 224 131 69 865 903 
Bin 105: 734 548 898 75 483 93 
Bin 106: 494 24 954 232 421 
Bin 107: 420 324 783 412 269 761 
Bin 108: 105 566 671 538 508 
Bin 109: 872 979 48 163 378 980 
Bin 110: 800 695 237 833 176 282 
Bin 111: 711 786 304 558 271 
Bin 112: 117 880 289 368 532 
Bin 113: 708 849 667 47 194 
Bin 114: 860 605 784 949 646 
Bin 115: 704 881 888 122 837 397 
Bin 116: 201 495 762 110 743 
Bin 117: 290 977 706 973 971 641 
Bin 118: 710 272 906 43 774 931 
Bin 119: 356 274 132 637 573 661 
Bin 120: 61 749 775 753 598 
Bin 121: 441 202 95 602 933 518 842 
Bin 122: 286 745 785 952 436 
Bin 123: 992 790 264 242 71 626 
Bin 124: 507 914 161 513 253 98 
Bin 125: 404 565 11 168 206 799 
Bin 126: 340 54 836 569 722 
Bin 127: 562 982 902 239 603 
Bin 128: 740 129 181 458 874 961 
Bin 129: 999 33 434 889 257 
Bin 130: 332 347 302 969 32 
Bin 131: 53 345 339 480 815 
Bin 132: 823 802 942 182 443 221 
Bin 133: 563 897 653 552 390 
Bin 134: 891 766 174 601 444 419 
Bin 135: 560 67 642 669 367 917 
Bin 136: 359 927 863 536 821 
Bin 137: 730 736 707 995 10 604 
Bin 138: 92 938 268 406 551 438 
Bin 139: 733 97 890 554 643 381 
Bin 140: 500 595 94 183 729 19 
Bin 141: 203 677 315 788 
Bin 142: 377 960 959 929 149 349 
Bin 143: 405 996 691 435 678 
Bin 144: 210 522 490 958 693 99 
Bin 145: 699 169 297 123 308 
Bin 146: 396 974 606 567 720 758 
Bin 147: 813 472 3 115 241 
Bin 148: 664 986 410 427 632 227 705 
Bin 149: 702 682 819 76 746 
Bin 150: 771 909 351 91 107 
Bin 151: 468 151 55 919 230 731 218 
Bin 152: 335 231 382 616 939 587 
Bin 153: 1 407 972 125 804 950 591 
Bin 154: 803 497 111 748 62 
Bin 155: 300 876 372 189 
Bin 156: 764 353 267 915 549 634 
Bin 157: 990 127 531 510 317 867 369 
Bin 158: 827 832 408 570 328 145 557 
Bin 159: 247 249 83 171 781 759 
Bin 160: 461 197 716 449 895 
Bin 161: 998 285 612 226 409 
Bin 162: 383 757 787 96 542 
Bin 163: 283 725 776 976 135 190 
Bin 164: 473 546 631 301 431 
Bin 165: 401 521 963 78 391 229 870 
Bin 166: 262 488 475 451 525 144 
Bin 167: 179 989 114 207 464 
Bin 168: 104 430 607 946 676 
Bin 169: 873 157 868 956 983 
Bin 170: 504 501 623 393 770 
Bin 171: 659 5 392 484 60 
Bin 172: 238 462 923 769 
Bin 173: 744 857 320 768 
Bin 174: 817 116 159 
Bin 175: 519 256 205 797 
Bin 176: 630 313 920 
Bin 177: 399 767 526 
Bin 178: 805 834 
Bin 179: 196 581 
