# Objective: 38
# Time: 5.169
# Feasible: 1
# Solution:
Bin 0: 161 10 58 189 97 
Bin 1: 235 21 192 38 223 1 95 230 
Bin 2: 5 56 46 82 148 212 15 33 83 
Bin 3: 32 201 111 103 199 75 
Bin 4: 141 51 187 194 24 29 
Bin 5: 88 132 72 206 171 130 55 23 
Bin 6: 159 3 246 101 45 193 208 
Bin 7: 174 117 2 76 204 
Bin 8: 99 185 243 249 228 153 
Bin 9: 43 227 14 68 123 234 
Bin 10: 6 35 218 78 242 79 114 94 
Bin 11: 59 220 216 27 184 167 
Bin 12: 236 245 22 98 135 13 90 31 
Bin 13: 178 41 36 150 86 155 
Bin 14: 197 109 214 229 172 84 164 
Bin 15: 205 89 233 73 244 158 200 
Bin 16: 128 34 0 170 52 196 
Bin 17: 142 156 44 26 71 20 
Bin 18: 248 100 182 179 81 198 108 102 
Bin 19: 80 154 49 157 116 121 70 
Bin 20: 238 119 106 240 219 190 
Bin 21: 91 40 8 183 67 163 42 
Bin 22: 92 65 77 12 25 
Bin 23: 144 215 53 54 152 213 237 
Bin 24: 105 138 63 176 166 149 137 18 191 
Bin 25: 207 28 9 61 221 57 
Bin 26: 16 131 232 239 146 50 
Bin 27: 87 175 37 210 195 39 
Bin 28: 4 147 93 168 64 
Bin 29: 165 120 160 177 48 74 
Bin 30: 143 162 226 136 126 181 224 222 
Bin 31: 17 133 139 140 217 
Bin 32: 11 180 62 203 134 118 
Bin 33: 173 225 211 151 169 96 47 
Bin 34: 19 122 188 60 7 124 115 
Bin 35: 129 85 209 186 104 110 
Bin 36: 247 66 113 125 127 241 
Bin 37: 30 112 69 202 145 107 231 
