# Objective: 75
# Time: 38.4568
# Feasible: 1
# Solution:
Bin 0: 131 15 461 207 212 324 345 496 
Bin 1: 88 116 18 209 278 420 363 
Bin 2: 41 335 65 471 294 11 
Bin 3: 34 485 283 5 20 58 286 
Bin 4: 63 429 285 296 234 177 288 26 
Bin 5: 109 398 459 264 141 368 372 4 
Bin 6: 279 189 354 119 37 
Bin 7: 117 382 182 269 159 21 40 
Bin 8: 146 336 400 143 474 133 113 28 
Bin 9: 383 317 277 484 190 
Bin 10: 217 39 148 118 422 443 238 
Bin 11: 395 487 247 199 315 2 267 
Bin 12: 150 492 151 77 9 231 
Bin 13: 17 226 201 244 362 105 158 
Bin 14: 187 54 334 68 51 
Bin 15: 220 467 405 154 33 145 202 
Bin 16: 323 52 488 36 44 399 66 
Bin 17: 313 124 268 64 185 356 
Bin 18: 297 191 215 161 481 463 305 
Bin 19: 346 410 49 60 265 412 
Bin 20: 435 237 232 13 214 31 
Bin 21: 139 475 255 166 253 424 498 
Bin 22: 32 176 472 491 121 342 250 
Bin 23: 396 453 56 409 104 175 490 
Bin 24: 203 257 224 465 378 433 322 
Bin 25: 318 430 69 170 476 449 415 401 
Bin 26: 291 134 219 246 43 55 348 
Bin 27: 221 457 74 89 414 163 
Bin 28: 173 197 259 308 327 330 157 
Bin 29: 374 156 186 195 35 281 329 
Bin 30: 480 45 436 360 262 208 
Bin 31: 331 160 165 196 251 326 
Bin 32: 152 111 376 341 194 407 12 454 
Bin 33: 242 353 82 72 76 106 
Bin 34: 377 404 309 439 370 365 91 239 
Bin 35: 344 359 263 14 320 347 
Bin 36: 83 230 85 421 46 137 358 61 
Bin 37: 276 184 423 125 169 102 
Bin 38: 270 384 456 316 446 450 418 
Bin 39: 222 300 94 403 298 225 227 107 438 
Bin 40: 499 299 432 452 53 
Bin 41: 417 120 479 406 261 192 211 
Bin 42: 408 402 136 171 371 385 
Bin 43: 303 97 307 390 240 364 340 
Bin 44: 310 258 391 274 87 70 427 
Bin 45: 233 425 284 96 216 338 153 
Bin 46: 431 311 366 8 397 393 138 
Bin 47: 50 110 10 440 375 477 24 
Bin 48: 349 352 228 282 205 290 
Bin 49: 469 210 103 73 249 79 
Bin 50: 411 486 126 380 62 98 389 
Bin 51: 19 272 478 115 434 333 280 254 
Bin 52: 306 295 451 351 466 392 123 
Bin 53: 369 426 75 312 200 
Bin 54: 357 93 343 132 386 30 92 
Bin 55: 198 442 188 218 140 155 
Bin 56: 178 81 84 394 101 162 47 
Bin 57: 458 183 483 497 193 314 470 
Bin 58: 462 16 100 213 127 273 128 
Bin 59: 441 381 419 144 112 494 266 
Bin 60: 256 367 3 473 0 
Bin 61: 319 437 260 464 180 413 149 29 
Bin 62: 114 245 142 493 164 129 236 
Bin 63: 379 174 468 321 80 248 
Bin 64: 179 23 27 48 25 59 
Bin 65: 172 252 223 373 168 
Bin 66: 147 181 1 328 355 448 302 
Bin 67: 482 301 86 325 339 292 
Bin 68: 388 135 78 271 22 289 293 
Bin 69: 90 122 416 95 361 455 
Bin 70: 38 428 108 229 387 67 447 
Bin 71: 304 444 204 332 6 495 
Bin 72: 243 130 489 99 71 275 445 
Bin 73: 206 57 350 42 460 235 
Bin 74: 7 241 287 337 167 
