# Objective: 78
# Time: 55.4636
# Feasible: 1
# Solution:
Bin 0: 239 120 250 454 436 435 
Bin 1: 161 383 16 475 230 296 225 
Bin 2: 83 267 100 114 414 
Bin 3: 380 481 347 105 118 185 68 
Bin 4: 152 280 317 27 323 
Bin 5: 392 327 96 305 192 431 320 451 
Bin 6: 165 54 24 145 304 52 375 82 
Bin 7: 326 286 180 432 398 169 214 13 
Bin 8: 23 453 158 396 488 415 212 210 
Bin 9: 254 135 258 355 405 371 
Bin 10: 291 85 473 38 26 271 447 
Bin 11: 231 461 177 153 388 110 
Bin 12: 433 367 53 213 237 65 379 
Bin 13: 276 337 30 74 232 318 
Bin 14: 121 138 189 133 187 263 92 
Bin 15: 106 440 334 15 228 385 
Bin 16: 295 90 241 499 134 297 348 
Bin 17: 373 5 227 163 142 179 
Bin 18: 160 411 469 220 273 101 424 
Bin 19: 259 78 199 274 144 107 108 359 
Bin 20: 449 9 455 127 43 25 272 
Bin 21: 141 450 294 300 207 17 306 
Bin 22: 366 428 482 62 32 299 
Bin 23: 386 335 278 321 336 349 
Bin 24: 410 209 150 407 498 208 111 
Bin 25: 339 362 103 343 45 353 
Bin 26: 216 487 378 401 446 404 
Bin 27: 281 219 76 370 223 491 
Bin 28: 218 102 139 361 423 49 
Bin 29: 224 245 166 484 173 200 493 55 
Bin 30: 98 288 364 243 229 368 
Bin 31: 71 77 131 357 57 290 
Bin 32: 422 262 434 37 307 381 
Bin 33: 444 387 402 255 201 41 346 
Bin 34: 3 186 374 452 117 330 
Bin 35: 240 116 342 47 324 471 183 
Bin 36: 338 287 58 226 93 406 439 
Bin 37: 112 70 269 369 400 391 345 408 
Bin 38: 350 21 465 196 242 393 
Bin 39: 168 157 448 7 137 99 56 284 
Bin 40: 8 176 87 298 409 463 360 494 
Bin 41: 310 182 162 20 124 
Bin 42: 79 236 329 384 155 
Bin 43: 10 430 282 123 301 389 
Bin 44: 40 39 419 477 289 249 
Bin 45: 478 88 372 128 456 490 
Bin 46: 466 420 472 331 313 11 
Bin 47: 425 125 252 265 341 416 
Bin 48: 460 94 244 80 308 
Bin 49: 340 6 217 261 143 50 72 
Bin 50: 283 126 132 204 167 
Bin 51: 75 247 12 319 129 315 
Bin 52: 36 95 130 418 149 303 
Bin 53: 146 191 2 19 29 309 399 
Bin 54: 175 195 67 458 69 104 492 
Bin 55: 311 221 151 215 115 246 358 
Bin 56: 314 154 316 89 257 171 489 
Bin 57: 22 18 234 203 427 
Bin 58: 328 264 190 63 312 
Bin 59: 470 332 268 497 4 429 495 351 
Bin 60: 464 170 363 356 136 496 
Bin 61: 159 140 256 33 462 
Bin 62: 403 322 66 376 235 156 59 
Bin 63: 292 238 14 333 395 279 
Bin 64: 251 394 266 194 354 437 
Bin 65: 147 184 113 188 417 28 
Bin 66: 206 46 467 260 476 480 
Bin 67: 275 97 197 479 42 148 202 
Bin 68: 277 438 365 302 486 413 
Bin 69: 445 91 421 382 34 457 248 
Bin 70: 164 442 468 198 0 211 
Bin 71: 222 84 64 60 86 390 285 
Bin 72: 270 459 44 61 31 483 
Bin 73: 397 205 325 412 233 193 178 
Bin 74: 172 174 1 51 443 441 
Bin 75: 352 35 485 73 181 
Bin 76: 253 377 426 293 122 
Bin 77: 109 81 119 344 474 48 
