# Objective: 20
# Time: 3.71708
# Feasible: 1
# Solution:
Bin 0: 10 12 0 96 53 5 
Bin 1: 77 8 65 69 37 59 
Bin 2: 40 112 52 67 26 85 104 
Bin 3: 103 111 66 88 68 32 
Bin 4: 62 4 118 1 17 101 
Bin 5: 27 117 43 78 49 105 
Bin 6: 19 60 76 51 84 70 
Bin 7: 95 75 80 3 114 82 
Bin 8: 31 46 61 9 119 18 94 
Bin 9: 29 11 38 110 83 56 
Bin 10: 44 28 63 35 22 
Bin 11: 47 64 16 100 116 
Bin 12: 108 72 87 2 73 
Bin 13: 24 81 23 55 89 57 90 
Bin 14: 34 93 41 106 109 20 
Bin 15: 33 36 74 99 86 91 113 
Bin 16: 39 6 79 92 50 54 
Bin 17: 102 97 115 107 15 48 
Bin 18: 30 42 13 58 
Bin 19: 71 14 98 25 45 21 7 
