# Objective: 43
# Time: 20.4494
# Feasible: 1
# Solution:
Bin 0: 20 160 37 13 188 
Bin 1: 16 203 112 134 139 153 
Bin 2: 83 33 55 4 200 46 
Bin 3: 90 30 56 41 82 238 
Bin 4: 138 213 245 231 88 208 
Bin 5: 174 191 49 180 19 66 
Bin 6: 215 32 144 158 73 85 
Bin 7: 197 76 40 118 185 205 
Bin 8: 92 60 227 79 23 148 
Bin 9: 198 126 135 71 11 7 
Bin 10: 75 211 137 145 101 223 18 
Bin 11: 103 5 248 183 122 45 
Bin 12: 31 26 239 246 8 21 154 
Bin 13: 224 189 173 142 59 58 
Bin 14: 193 168 165 214 39 
Bin 15: 229 249 43 206 81 
Bin 16: 202 104 24 130 53 
Bin 17: 61 69 48 209 176 
Bin 18: 2 181 247 128 217 161 
Bin 19: 17 207 171 151 163 220 221 
Bin 20: 95 167 65 107 50 63 
Bin 21: 0 169 108 116 80 
Bin 22: 47 186 156 172 218 57 
Bin 23: 241 212 133 89 175 194 
Bin 24: 182 77 120 109 201 100 110 
Bin 25: 195 233 67 129 166 
Bin 26: 113 131 94 149 119 124 
Bin 27: 184 1 97 62 210 219 
Bin 28: 178 232 127 125 105 54 140 
Bin 29: 74 68 22 179 132 78 
Bin 30: 3 152 159 242 6 
Bin 31: 147 196 190 38 236 157 204 
Bin 32: 15 177 226 244 51 
Bin 33: 52 98 228 146 114 192 
Bin 34: 170 27 12 36 35 
Bin 35: 141 187 84 70 111 230 
Bin 36: 86 14 162 222 9 216 
Bin 37: 123 155 243 96 225 
Bin 38: 143 240 91 42 234 87 
Bin 39: 44 25 102 72 99 
Bin 40: 117 93 164 150 64 
Bin 41: 115 199 34 121 10 29 
Bin 42: 106 237 136 235 28 
