# Objective: 150
# Time: 362.821
# Feasible: 1
# Solution:
Bin 0: 934 886 366 222 230 
Bin 1: 254 570 752 89 876 859 676 
Bin 2: 353 895 660 204 394 697 60 
Bin 3: 429 309 440 817 35 716 596 
Bin 4: 406 292 30 645 258 853 432 248 622 
Bin 5: 214 163 887 129 891 253 683 512 
Bin 6: 130 149 218 9 673 709 
Bin 7: 11 196 399 326 907 733 771 
Bin 8: 640 818 745 63 115 588 180 
Bin 9: 131 587 636 585 996 225 490 927 
Bin 10: 444 233 932 535 639 796 635 
Bin 11: 897 94 913 416 551 164 
Bin 12: 975 734 702 321 957 370 610 695 
Bin 13: 923 721 226 777 169 986 
Bin 14: 33 291 69 458 388 956 487 
Bin 15: 135 788 378 541 51 544 
Bin 16: 12 758 193 439 56 719 
Bin 17: 260 793 427 960 460 870 
Bin 18: 912 374 74 852 563 39 
Bin 19: 66 773 633 578 561 
Bin 20: 278 632 166 419 977 846 284 893 
Bin 21: 627 294 382 753 520 407 
Bin 22: 603 186 522 285 38 942 565 6 
Bin 23: 61 580 236 224 944 18 379 845 851 
Bin 24: 526 221 327 102 889 909 
Bin 25: 604 722 461 484 26 41 345 
Bin 26: 491 537 559 410 670 216 287 
Bin 27: 19 822 741 776 449 437 150 599 
Bin 28: 203 116 628 531 24 665 438 369 
Bin 29: 993 503 514 743 261 13 962 949 
Bin 30: 189 809 880 486 686 228 174 448 
Bin 31: 862 899 323 825 315 875 646 
Bin 32: 424 707 911 901 641 451 744 308 
Bin 33: 806 844 14 623 854 202 276 
Bin 34: 269 819 173 785 692 655 198 
Bin 35: 894 7 447 607 939 638 525 124 
Bin 36: 791 674 590 507 774 178 401 
Bin 37: 54 206 470 981 534 93 21 790 
Bin 38: 55 383 768 879 40 480 229 
Bin 39: 547 786 418 117 783 493 234 
Bin 40: 88 475 992 271 527 925 637 556 524 
Bin 41: 708 215 504 770 725 873 687 300 
Bin 42: 804 856 532 554 652 445 
Bin 43: 691 566 805 827 381 213 
Bin 44: 16 738 803 685 111 123 625 
Bin 45: 274 881 137 765 47 772 
Bin 46: 953 717 142 384 594 644 866 
Bin 47: 965 332 605 626 567 754 
Bin 48: 746 148 244 589 723 864 97 495 
Bin 49: 209 223 802 715 849 678 835 868 
Bin 50: 237 62 156 386 713 917 549 
Bin 51: 592 78 735 769 80 519 761 
Bin 52: 882 976 391 542 780 751 586 
Bin 53: 242 518 505 521 945 910 
Bin 54: 320 941 139 838 698 73 836 
Bin 55: 781 311 540 411 795 974 134 
Bin 56: 602 246 87 43 393 871 402 
Bin 57: 823 255 208 579 155 347 413 867 
Bin 58: 396 573 971 262 509 937 
Bin 59: 273 99 968 363 469 
Bin 60: 727 552 489 877 377 546 473 
Bin 61: 483 336 170 373 70 651 
Bin 62: 653 220 455 272 412 668 
Bin 63: 606 305 360 28 343 647 158 114 
Bin 64: 860 922 916 682 317 584 
Bin 65: 264 395 302 331 27 919 
Bin 66: 29 453 694 742 227 948 
Bin 67: 59 571 681 82 357 154 
Bin 68: 574 718 865 4 930 0 
Bin 69: 615 296 663 354 179 141 365 120 
Bin 70: 257 710 380 528 582 500 617 
Bin 71: 314 900 888 995 231 17 
Bin 72: 167 958 704 409 310 
Bin 73: 288 72 103 368 906 108 
Bin 74: 763 283 924 988 10 31 613 
Bin 75: 199 902 523 618 662 730 
Bin 76: 990 731 299 20 185 920 
Bin 77: 165 240 211 143 405 71 219 
Bin 78: 828 161 861 959 952 176 689 15 
Bin 79: 929 307 985 798 109 620 
Bin 80: 265 539 313 755 408 112 
Bin 81: 259 568 557 22 878 482 
Bin 82: 330 58 175 241 339 980 468 
Bin 83: 1 848 247 824 128 664 736 575 
Bin 84: 371 629 648 140 171 67 289 931 
Bin 85: 814 298 600 816 387 562 961 
Bin 86: 991 34 533 903 49 614 
Bin 87: 831 441 669 417 479 133 
Bin 88: 200 147 351 367 967 951 
Bin 89: 183 969 869 616 921 263 675 
Bin 90: 293 338 657 355 48 696 
Bin 91: 693 739 249 984 101 792 
Bin 92: 658 390 643 729 501 737 
Bin 93: 375 329 964 431 243 656 
Bin 94: 904 478 118 184 191 
Bin 95: 821 76 197 982 973 
Bin 96: 536 426 926 946 966 267 997 
Bin 97: 397 342 53 251 356 863 452 
Bin 98: 898 659 346 857 337 279 344 
Bin 99: 430 595 205 671 239 462 
Bin 100: 608 465 530 138 459 989 666 
Bin 101: 160 361 712 947 497 834 
Bin 102: 963 555 210 25 433 8 46 516 
Bin 103: 477 335 50 843 232 545 398 466 826 
Bin 104: 890 312 810 724 494 807 177 
Bin 105: 841 188 538 98 113 775 
Bin 106: 282 423 425 815 127 280 106 
Bin 107: 136 840 57 794 436 787 
Bin 108: 235 517 811 498 609 955 
Bin 109: 467 153 654 829 624 457 92 464 
Bin 110: 700 421 415 157 762 105 
Bin 111: 950 621 422 583 121 726 634 
Bin 112: 297 766 376 760 144 782 119 364 
Bin 113: 750 303 684 217 275 936 
Bin 114: 631 325 550 680 146 972 104 
Bin 115: 983 808 181 385 125 207 
Bin 116: 499 340 872 703 701 446 705 
Bin 117: 463 256 107 978 572 79 341 
Bin 118: 940 400 270 918 667 797 32 
Bin 119: 842 443 581 690 778 
Bin 120: 756 333 212 672 485 979 688 277 
Bin 121: 145 77 679 833 999 
Bin 122: 168 874 935 699 75 250 192 
Bin 123: 812 650 324 3 110 728 
Bin 124: 928 908 319 334 195 389 800 801 
Bin 125: 414 348 506 328 190 515 
Bin 126: 759 830 598 896 502 597 
Bin 127: 295 404 661 36 850 
Bin 128: 564 96 372 434 358 403 90 
Bin 129: 611 81 970 553 767 954 747 
Bin 130: 286 100 472 435 52 
Bin 131: 187 706 245 740 194 569 832 
Bin 132: 91 820 37 612 839 350 
Bin 133: 510 471 454 649 884 
Bin 134: 301 938 987 162 714 476 
Bin 135: 318 42 764 748 837 151 23 
Bin 136: 5 442 126 508 591 281 593 428 
Bin 137: 905 732 601 630 492 83 
Bin 138: 252 933 885 84 915 779 
Bin 139: 998 201 642 122 349 488 
Bin 140: 474 238 914 529 45 677 
Bin 141: 883 64 799 720 784 481 
Bin 142: 543 172 392 290 560 749 456 
Bin 143: 813 362 85 68 268 
Bin 144: 65 855 847 2 511 
Bin 145: 182 513 420 858 496 558 619 
Bin 146: 892 322 306 359 159 
Bin 147: 152 450 711 86 44 548 
Bin 148: 352 316 757 95 994 
Bin 149: 577 943 304 266 789 132 576 
