# Objective: 22
# Time: 2.93928
# Feasible: 1
# Solution:
Bin 0: 109 102 19 28 43 75 
Bin 1: 93 37 107 112 100 111 
Bin 2: 0 97 79 106 69 31 
Bin 3: 105 59 39 115 20 
Bin 4: 92 117 15 50 108 6 
Bin 5: 35 41 38 51 83 84 
Bin 6: 81 113 57 71 86 46 
Bin 7: 29 30 61 118 77 
Bin 8: 88 64 34 62 85 
Bin 9: 48 55 2 54 98 82 
Bin 10: 3 47 99 65 101 103 
Bin 11: 70 11 7 14 49 
Bin 12: 23 33 91 22 116 
Bin 13: 87 4 25 18 73 17 
Bin 14: 95 9 67 53 12 
Bin 15: 114 13 72 32 104 58 
Bin 16: 52 5 63 80 60 
Bin 17: 40 110 76 24 96 119 
Bin 18: 21 89 42 26 66 94 
Bin 19: 44 1 36 74 56 
Bin 20: 45 16 10 90 78 
Bin 21: 27 68 8 
