# Objective: 157
# Time: 529.666
# Feasible: 1
# Solution:
Bin 0: 223 324 446 147 636 973 
Bin 1: 650 734 185 44 677 237 882 
Bin 2: 692 701 111 179 819 559 
Bin 3: 8 930 250 309 108 987 
Bin 4: 58 118 584 52 671 990 17 
Bin 5: 548 515 710 757 588 887 722 
Bin 6: 537 461 570 425 733 45 591 
Bin 7: 872 920 66 946 341 11 541 936 
Bin 8: 281 663 483 415 376 
Bin 9: 88 54 420 283 366 191 670 
Bin 10: 709 442 940 1 731 23 
Bin 11: 462 221 184 397 717 712 904 
Bin 12: 277 299 506 953 942 676 
Bin 13: 406 335 753 61 494 503 60 
Bin 14: 115 571 109 975 749 470 399 
Bin 15: 941 134 465 573 194 218 106 71 
Bin 16: 894 454 961 177 545 384 
Bin 17: 840 905 762 79 779 453 362 
Bin 18: 64 334 955 996 336 519 607 
Bin 19: 682 558 219 529 648 967 231 
Bin 20: 112 130 674 534 928 486 
Bin 21: 190 244 761 93 332 848 396 
Bin 22: 357 473 594 627 326 168 
Bin 23: 897 843 631 637 387 852 
Bin 24: 737 822 533 370 145 101 286 368 
Bin 25: 293 236 647 505 769 408 566 
Bin 26: 614 910 156 606 900 457 234 
Bin 27: 791 666 839 460 469 834 393 294 
Bin 28: 560 746 40 398 278 208 543 
Bin 29: 35 970 836 877 160 263 943 
Bin 30: 641 451 412 995 85 432 
Bin 31: 794 555 255 976 27 169 448 535 
Bin 32: 126 756 18 388 578 603 587 
Bin 33: 694 632 383 873 531 354 
Bin 34: 511 698 445 604 268 509 458 
Bin 35: 681 582 599 303 790 933 
Bin 36: 735 369 375 261 353 4 
Bin 37: 656 845 377 653 696 342 
Bin 38: 921 456 784 787 489 704 267 743 
Bin 39: 870 815 209 478 31 866 
Bin 40: 706 391 988 820 159 484 290 
Bin 41: 63 765 3 348 421 414 810 
Bin 42: 964 881 575 813 691 972 178 
Bin 43: 569 321 980 752 198 105 427 
Bin 44: 135 84 170 163 868 302 
Bin 45: 140 34 154 713 487 401 625 
Bin 46: 847 444 715 259 549 601 459 
Bin 47: 39 727 2 526 968 418 
Bin 48: 568 363 252 891 97 725 320 
Bin 49: 225 759 849 463 215 298 
Bin 50: 807 14 356 947 9 580 513 
Bin 51: 693 924 72 744 304 616 94 
Bin 52: 28 540 809 273 422 265 
Bin 53: 416 260 452 499 379 776 75 
Bin 54: 404 22 826 829 245 
Bin 55: 855 346 590 668 21 530 863 
Bin 56: 47 500 20 754 644 24 957 
Bin 57: 989 266 913 751 329 339 
Bin 58: 938 778 141 786 15 662 
Bin 59: 922 652 853 719 220 241 474 
Bin 60: 434 977 7 188 227 517 574 
Bin 61: 381 37 655 512 107 
Bin 62: 481 824 823 403 623 552 
Bin 63: 773 551 705 447 871 959 
Bin 64: 914 426 289 431 33 212 
Bin 65: 65 57 831 280 477 285 
Bin 66: 783 886 561 161 585 73 572 
Bin 67: 856 430 100 502 373 
Bin 68: 837 251 562 596 222 211 504 498 374 
Bin 69: 146 875 0 330 229 143 153 
Bin 70: 137 199 888 200 438 986 952 
Bin 71: 279 716 688 99 730 254 679 
Bin 72: 711 903 53 271 196 880 867 
Bin 73: 923 297 825 542 861 291 
Bin 74: 319 150 12 337 516 554 966 
Bin 75: 971 979 428 30 232 563 
Bin 76: 926 48 801 480 797 
Bin 77: 793 385 651 583 951 419 
Bin 78: 899 689 394 380 949 355 
Bin 79: 550 117 661 192 253 755 
Bin 80: 780 726 372 256 114 802 
Bin 81: 172 605 468 524 246 466 893 
Bin 82: 994 589 862 678 282 621 745 821 
Bin 83: 827 128 122 974 669 124 901 
Bin 84: 664 307 640 695 340 313 
Bin 85: 764 741 982 310 800 440 
Bin 86: 697 224 173 846 389 609 638 
Bin 87: 969 350 333 895 91 149 
Bin 88: 576 708 496 395 984 301 275 
Bin 89: 257 557 932 203 382 378 
Bin 90: 817 758 89 405 152 96 
Bin 91: 992 597 25 902 157 435 
Bin 92: 630 287 361 639 718 359 292 916 
Bin 93: 175 833 958 183 981 270 411 
Bin 94: 935 795 612 187 41 90 
Bin 95: 838 213 909 464 767 686 467 
Bin 96: 131 634 792 600 98 240 
Bin 97: 918 896 424 770 788 121 
Bin 98: 806 567 62 962 155 
Bin 99: 123 892 349 927 132 
Bin 100: 805 527 700 611 344 110 
Bin 101: 81 485 917 747 983 206 657 
Bin 102: 841 771 642 760 620 55 409 
Bin 103: 835 76 525 479 514 633 
Bin 104: 673 577 392 667 449 174 
Bin 105: 707 864 318 295 883 660 
Bin 106: 885 643 929 347 201 
Bin 107: 315 785 248 729 32 276 
Bin 108: 364 618 74 151 629 138 768 
Bin 109: 296 443 911 269 472 69 879 
Bin 110: 104 189 624 699 721 687 
Bin 111: 520 628 36 954 16 690 680 
Bin 112: 832 176 536 87 410 564 
Bin 113: 869 247 884 77 167 
Bin 114: 113 803 158 544 70 56 
Bin 115: 844 738 851 351 960 724 450 
Bin 116: 782 300 934 963 181 471 
Bin 117: 522 814 646 818 217 
Bin 118: 714 617 83 242 264 830 42 
Bin 119: 532 999 284 808 216 742 
Bin 120: 739 127 59 493 180 860 144 
Bin 121: 171 82 308 931 685 312 
Bin 122: 228 186 912 732 998 288 
Bin 123: 956 622 441 193 684 258 
Bin 124: 915 327 243 133 508 352 842 142 
Bin 125: 262 626 654 475 546 857 
Bin 126: 878 490 423 997 702 437 
Bin 127: 119 49 774 491 553 125 
Bin 128: 985 38 274 772 501 482 233 
Bin 129: 510 874 92 586 539 608 
Bin 130: 906 683 249 226 598 907 
Bin 131: 182 371 507 343 317 796 890 
Bin 132: 728 993 789 358 
Bin 133: 495 804 528 581 492 195 
Bin 134: 10 311 781 43 703 6 
Bin 135: 675 720 102 925 812 476 
Bin 136: 50 80 197 665 68 
Bin 137: 740 205 103 649 521 13 
Bin 138: 613 610 116 400 944 811 
Bin 139: 565 316 645 948 165 162 
Bin 140: 325 556 386 488 436 965 
Bin 141: 547 272 991 210 345 939 
Bin 142: 592 850 635 166 306 777 
Bin 143: 402 523 417 854 78 120 204 
Bin 144: 798 429 5 919 407 799 
Bin 145: 46 439 314 239 331 
Bin 146: 67 723 367 497 136 238 
Bin 147: 898 659 748 207 672 
Bin 148: 595 538 859 323 816 390 
Bin 149: 164 129 736 950 945 763 828 
Bin 150: 360 658 455 202 775 365 518 
Bin 151: 433 766 338 413 322 750 235 
Bin 152: 214 305 615 593 29 865 
Bin 153: 889 26 95 328 86 
Bin 154: 51 937 579 619 908 
Bin 155: 858 230 19 978 139 
Bin 156: 876 602 148 
