# Objective: 40
# Time: 8.29775
# Feasible: 1
# Solution:
Bin 0: 48 219 41 211 199 
Bin 1: 183 206 129 228 89 
Bin 2: 90 74 103 242 192 234 
Bin 3: 137 75 37 233 236 125 196 
Bin 4: 88 126 68 184 63 24 
Bin 5: 150 53 30 179 246 82 9 
Bin 6: 106 176 107 231 100 35 
Bin 7: 187 109 60 58 181 197 96 229 
Bin 8: 190 225 232 110 189 131 180 
Bin 9: 36 139 116 69 154 127 62 
Bin 10: 79 71 31 87 158 135 
Bin 11: 130 28 21 29 55 54 214 
Bin 12: 165 83 195 97 19 111 235 
Bin 13: 217 226 241 201 50 172 51 
Bin 14: 159 122 80 10 98 213 5 
Bin 15: 178 114 156 239 210 76 65 
Bin 16: 167 64 115 6 8 208 20 
Bin 17: 188 220 136 59 2 149 204 
Bin 18: 0 113 205 207 85 25 171 
Bin 19: 249 77 143 185 163 123 
Bin 20: 169 182 138 157 44 
Bin 21: 18 175 17 146 3 141 162 161 
Bin 22: 104 72 14 26 22 174 
Bin 23: 227 173 92 33 133 86 
Bin 24: 198 151 42 7 45 218 
Bin 25: 13 203 140 15 32 40 
Bin 26: 1 128 186 193 118 120 34 119 
Bin 27: 248 94 84 95 121 247 
Bin 28: 244 99 101 102 168 160 16 
Bin 29: 243 223 23 191 212 153 
Bin 30: 142 215 39 108 112 43 
Bin 31: 66 91 148 12 245 209 
Bin 32: 145 57 56 224 124 78 
Bin 33: 70 67 47 144 52 73 
Bin 34: 61 216 194 4 222 38 
Bin 35: 27 152 230 155 237 93 
Bin 36: 221 49 105 202 147 134 
Bin 37: 177 200 81 170 132 117 
Bin 38: 46 240 166 238 164 
Bin 39: 11 
