# Objective: 20
# Time: 3.36183
# Feasible: 1
# Solution:
Bin 0: 61 11 29 69 0 106 78 
Bin 1: 15 109 52 9 25 118 
Bin 2: 4 65 71 38 116 50 
Bin 3: 92 53 31 48 30 67 
Bin 4: 47 43 54 19 76 49 91 
Bin 5: 93 33 97 89 51 36 
Bin 6: 14 119 114 55 34 44 12 
Bin 7: 56 57 99 115 1 37 
Bin 8: 58 46 96 107 101 81 
Bin 9: 26 66 10 32 45 
Bin 10: 117 68 6 111 103 80 87 
Bin 11: 94 108 16 86 75 2 
Bin 12: 17 73 5 90 28 59 
Bin 13: 70 60 83 23 40 84 
Bin 14: 62 112 85 72 3 13 
Bin 15: 110 63 8 24 20 100 95 
Bin 16: 77 105 74 113 21 
Bin 17: 18 27 98 41 64 79 
Bin 18: 7 42 82 102 22 88 
Bin 19: 39 104 35 
