# Objective: 47
# Time: 24.3886
# Feasible: 1
# Solution:
Bin 0: 188 172 166 6 210 36 
Bin 1: 165 157 223 171 246 186 
Bin 2: 124 81 138 87 12 61 
Bin 3: 76 10 102 201 189 
Bin 4: 106 37 115 49 101 114 
Bin 5: 215 242 109 44 133 24 
Bin 6: 32 182 191 93 193 169 
Bin 7: 126 236 70 145 120 197 
Bin 8: 204 235 202 56 107 
Bin 9: 192 78 123 187 46 
Bin 10: 233 85 247 15 71 
Bin 11: 158 55 122 226 175 
Bin 12: 208 141 217 51 160 
Bin 13: 110 243 113 230 9 31 
Bin 14: 142 17 58 206 232 
Bin 15: 170 207 84 194 147 
Bin 16: 34 184 29 4 40 
Bin 17: 95 30 153 178 19 65 159 
Bin 18: 14 140 152 137 3 7 
Bin 19: 63 161 180 216 174 
Bin 20: 241 98 28 62 52 
Bin 21: 139 221 96 168 121 
Bin 22: 218 57 134 72 224 
Bin 23: 245 151 94 103 68 143 
Bin 24: 149 16 195 200 155 99 
Bin 25: 173 220 209 156 112 
Bin 26: 130 53 100 227 244 213 
Bin 27: 86 228 64 128 91 127 
Bin 28: 125 164 82 67 203 35 
Bin 29: 119 225 229 117 190 211 
Bin 30: 47 238 104 8 131 
Bin 31: 205 185 132 196 118 39 
Bin 32: 237 199 45 105 69 92 
Bin 33: 0 97 23 20 89 
Bin 34: 74 90 148 13 88 
Bin 35: 41 239 11 163 231 
Bin 36: 77 83 176 108 183 
Bin 37: 21 54 43 146 248 
Bin 38: 179 222 144 167 79 27 
Bin 39: 42 249 1 129 
Bin 40: 177 219 25 18 
Bin 41: 116 73 66 214 26 
Bin 42: 150 48 38 75 181 
Bin 43: 2 136 33 22 240 
Bin 44: 162 50 59 234 80 198 
Bin 45: 60 154 5 
Bin 46: 212 111 135 
