# Objective: 41
# Time: 14.0023
# Feasible: 1
# Solution:
Bin 0: 72 88 31 227 50 53 116 
Bin 1: 197 203 45 80 165 28 77 
Bin 2: 160 16 193 64 142 62 96 
Bin 3: 125 169 68 145 123 
Bin 4: 213 24 222 114 22 13 139 
Bin 5: 243 140 25 187 155 191 14 
Bin 6: 214 6 175 38 184 
Bin 7: 223 97 244 20 173 
Bin 8: 74 43 12 154 194 157 93 
Bin 9: 1 245 30 147 60 87 79 
Bin 10: 166 199 65 99 102 249 42 
Bin 11: 233 167 185 27 126 124 94 
Bin 12: 57 19 135 192 132 149 174 
Bin 13: 56 246 90 84 108 179 
Bin 14: 129 112 83 178 109 151 
Bin 15: 228 7 146 248 204 221 110 
Bin 16: 235 162 172 226 37 40 209 
Bin 17: 98 69 207 238 183 
Bin 18: 44 189 225 217 23 215 9 
Bin 19: 141 148 11 131 21 237 
Bin 20: 10 163 205 76 115 85 
Bin 21: 188 4 118 241 128 100 58 
Bin 22: 52 159 212 113 63 5 130 
Bin 23: 134 202 117 89 32 210 
Bin 24: 236 171 136 105 2 33 
Bin 25: 224 152 158 49 133 
Bin 26: 200 61 229 78 104 156 
Bin 27: 75 216 101 170 164 95 
Bin 28: 111 41 242 177 103 186 
Bin 29: 218 201 127 54 8 66 168 
Bin 30: 240 138 144 51 219 211 
Bin 31: 176 34 150 81 195 36 
Bin 32: 71 39 35 91 190 196 
Bin 33: 232 120 153 26 231 
Bin 34: 67 230 107 121 122 92 
Bin 35: 234 239 46 180 119 
Bin 36: 59 161 17 3 106 
Bin 37: 29 73 48 18 70 
Bin 38: 86 0 143 137 55 181 
Bin 39: 220 182 47 247 82 
Bin 40: 208 198 206 15 
