# Objective: 153
# Time: 311.123
# Feasible: 1
# Solution:
Bin 0: 594 28 324 44 472 
Bin 1: 244 780 968 447 941 125 854 
Bin 2: 150 652 560 633 45 390 788 
Bin 3: 532 570 551 566 330 805 
Bin 4: 3 385 295 971 498 376 398 989 
Bin 5: 5 495 763 343 704 
Bin 6: 630 995 727 917 511 685 851 
Bin 7: 568 645 849 574 365 906 841 
Bin 8: 299 147 109 702 52 135 541 
Bin 9: 6 503 358 410 663 145 926 
Bin 10: 730 397 798 451 48 157 296 
Bin 11: 141 772 195 350 400 670 280 
Bin 12: 549 557 748 461 305 225 905 27 843 
Bin 13: 183 417 866 809 15 459 963 
Bin 14: 217 744 629 967 180 262 68 
Bin 15: 965 807 42 774 954 156 
Bin 16: 836 602 873 273 53 
Bin 17: 598 236 781 686 496 267 953 
Bin 18: 622 375 559 231 676 69 
Bin 19: 227 113 384 523 708 132 435 407 
Bin 20: 285 427 129 242 357 892 392 107 
Bin 21: 693 39 40 257 998 793 737 577 
Bin 22: 869 463 208 137 373 169 219 
Bin 23: 66 812 887 735 241 170 890 
Bin 24: 266 845 326 722 558 766 332 
Bin 25: 818 644 839 420 222 275 98 
Bin 26: 507 485 976 206 30 458 
Bin 27: 73 328 14 690 679 
Bin 28: 879 688 623 820 768 
Bin 29: 22 223 673 592 625 586 
Bin 30: 721 589 519 638 203 271 
Bin 31: 972 610 846 653 413 351 
Bin 32: 185 197 936 739 531 575 
Bin 33: 783 794 60 992 771 911 899 731 
Bin 34: 994 85 234 428 855 512 621 
Bin 35: 946 259 405 767 377 510 
Bin 36: 379 698 368 646 433 
Bin 37: 122 819 490 160 23 99 61 514 
Bin 38: 811 881 75 243 457 810 
Bin 39: 538 88 627 31 505 524 
Bin 40: 789 311 756 232 934 449 769 
Bin 41: 272 999 578 668 543 151 
Bin 42: 615 19 601 314 256 590 372 
Bin 43: 611 947 547 550 211 307 
Bin 44: 370 96 840 904 77 468 130 
Bin 45: 910 687 713 700 508 689 261 
Bin 46: 56 0 411 502 667 617 322 24 246 
Bin 47: 286 600 924 618 865 581 823 11 
Bin 48: 367 146 699 944 614 597 297 
Bin 49: 648 951 607 347 902 871 864 
Bin 50: 850 155 143 216 152 199 289 
Bin 51: 341 751 893 25 848 20 724 
Bin 52: 580 752 734 345 79 932 
Bin 53: 431 308 534 406 396 762 923 
Bin 54: 522 239 949 787 144 591 
Bin 55: 114 182 33 749 695 
Bin 56: 12 961 333 309 281 703 171 891 201 
Bin 57: 585 874 935 711 255 631 
Bin 58: 41 425 369 204 381 571 806 
Bin 59: 733 858 912 103 499 791 247 817 937 
Bin 60: 55 366 58 844 196 826 
Bin 61: 36 761 71 862 925 131 878 
Bin 62: 825 29 16 488 885 205 
Bin 63: 111 470 579 337 802 334 
Bin 64: 634 660 829 509 920 696 38 
Bin 65: 188 526 2 712 604 753 
Bin 66: 942 835 952 755 298 948 786 
Bin 67: 489 517 710 194 63 338 360 977 
Bin 68: 821 165 1 402 290 857 
Bin 69: 238 189 65 804 401 754 813 536 
Bin 70: 650 138 867 121 302 886 914 
Bin 71: 738 342 909 116 872 964 
Bin 72: 647 404 59 448 456 408 
Bin 73: 154 827 985 643 363 861 
Bin 74: 268 555 443 303 429 482 584 
Bin 75: 291 582 800 492 51 35 
Bin 76: 356 198 889 319 616 389 
Bin 77: 691 361 438 412 202 706 
Bin 78: 220 608 446 167 249 732 
Bin 79: 279 701 969 215 824 486 694 
Bin 80: 918 908 282 628 224 115 
Bin 81: 863 928 288 682 181 943 
Bin 82: 164 837 212 540 620 938 
Bin 83: 477 331 940 770 680 728 
Bin 84: 184 310 166 209 983 10 481 
Bin 85: 714 525 567 606 364 72 
Bin 86: 200 253 641 613 684 707 746 440 
Bin 87: 415 136 207 67 945 263 294 
Bin 88: 193 720 986 552 163 252 
Bin 89: 856 346 90 434 437 535 921 
Bin 90: 930 883 975 960 595 816 
Bin 91: 576 81 260 991 978 537 832 
Bin 92: 178 318 190 21 828 779 475 
Bin 93: 907 76 92 172 348 773 814 
Bin 94: 371 97 46 563 112 421 521 
Bin 95: 148 191 838 383 110 
Bin 96: 984 245 323 974 454 439 632 
Bin 97: 464 269 18 414 479 465 709 
Bin 98: 997 329 380 792 316 315 515 
Bin 99: 545 554 649 394 777 593 605 
Bin 100: 462 697 868 875 635 876 
Bin 101: 705 666 506 441 664 915 982 
Bin 102: 108 94 747 896 801 395 192 277 
Bin 103: 142 382 265 662 258 87 43 
Bin 104: 758 233 797 248 159 958 
Bin 105: 105 723 790 387 716 240 765 880 
Bin 106: 834 355 32 300 399 757 
Bin 107: 741 564 736 681 927 54 
Bin 108: 426 513 815 919 7 287 
Bin 109: 487 624 276 520 424 
Bin 110: 83 378 981 450 922 9 226 
Bin 111: 847 529 139 149 374 656 996 
Bin 112: 990 235 174 359 562 4 403 
Bin 113: 808 527 473 916 565 436 497 229 
Bin 114: 831 177 344 186 637 882 
Bin 115: 672 888 483 973 784 213 349 
Bin 116: 327 870 430 26 957 717 
Bin 117: 860 218 91 658 127 64 
Bin 118: 516 659 84 230 764 970 
Bin 119: 13 651 898 292 161 388 
Bin 120: 228 588 251 409 530 432 
Bin 121: 587 884 993 8 822 106 210 
Bin 122: 237 539 894 725 442 474 467 
Bin 123: 603 572 313 678 444 176 117 
Bin 124: 962 501 17 270 980 301 
Bin 125: 393 901 528 718 743 95 776 
Bin 126: 619 478 561 102 654 750 
Bin 127: 542 556 453 959 655 416 
Bin 128: 104 803 80 830 966 785 
Bin 129: 476 533 833 317 354 
Bin 130: 569 158 89 933 760 988 669 
Bin 131: 49 460 484 312 493 119 
Bin 132: 86 546 853 913 466 293 74 
Bin 133: 469 124 133 325 897 173 
Bin 134: 518 134 657 471 583 950 101 
Bin 135: 642 93 842 37 903 452 128 
Bin 136: 726 859 494 480 796 283 
Bin 137: 419 153 782 126 548 62 
Bin 138: 987 339 778 609 340 955 573 
Bin 139: 491 78 500 386 82 335 
Bin 140: 692 175 423 47 391 729 352 
Bin 141: 979 740 140 795 715 
Bin 142: 895 671 304 214 120 742 
Bin 143: 221 321 544 639 504 274 
Bin 144: 956 661 70 362 123 
Bin 145: 254 626 665 336 168 674 
Bin 146: 118 799 187 250 418 553 
Bin 147: 422 939 264 929 640 683 
Bin 148: 877 745 445 677 57 179 100 
Bin 149: 284 162 278 50 306 599 759 636 
Bin 150: 320 931 775 455 596 
Bin 151: 612 34 353 719 852 
Bin 152: 675 900 
