# Objective: 148
# Time: 309.526
# Feasible: 1
# Solution:
Bin 0: 506 497 692 77 493 800 650 
Bin 1: 249 792 711 41 214 796 
Bin 2: 578 525 400 447 308 490 377 
Bin 3: 53 263 34 420 241 927 206 
Bin 4: 772 116 611 433 282 142 981 
Bin 5: 120 709 546 580 817 215 460 818 
Bin 6: 437 237 256 947 458 
Bin 7: 207 307 415 701 349 430 882 
Bin 8: 841 17 471 87 284 764 
Bin 9: 501 358 121 562 429 302 
Bin 10: 745 576 83 858 96 427 
Bin 11: 479 994 571 221 137 332 251 
Bin 12: 680 436 790 585 491 786 570 
Bin 13: 819 276 857 548 636 627 443 996 
Bin 14: 155 791 405 72 851 
Bin 15: 825 775 724 315 660 649 737 
Bin 16: 574 598 774 633 179 587 494 
Bin 17: 361 213 412 250 71 620 28 300 
Bin 18: 588 426 829 181 461 836 647 
Bin 19: 465 934 49 40 846 803 
Bin 20: 901 150 277 270 22 681 689 
Bin 21: 798 2 295 550 240 64 265 182 
Bin 22: 38 806 594 60 42 356 915 124 
Bin 23: 746 217 808 967 543 845 127 
Bin 24: 751 322 728 267 871 132 313 76 
Bin 25: 252 938 593 395 979 399 334 
Bin 26: 999 776 753 812 105 212 545 
Bin 27: 727 259 243 673 664 
Bin 28: 907 93 440 89 6 123 
Bin 29: 970 289 568 163 678 509 368 
Bin 30: 397 94 838 738 867 385 847 348 
Bin 31: 293 789 551 877 134 223 269 
Bin 32: 394 535 931 204 337 275 
Bin 33: 512 631 413 747 370 801 527 
Bin 34: 287 406 602 626 946 750 
Bin 35: 485 333 639 144 47 464 407 881 
Bin 36: 159 864 281 423 787 909 
Bin 37: 203 387 198 409 696 
Bin 38: 154 653 980 255 793 68 
Bin 39: 683 15 266 736 807 624 809 
Bin 40: 69 408 492 913 187 621 500 421 
Bin 41: 940 982 869 861 900 23 549 
Bin 42: 693 347 514 850 688 1 903 
Bin 43: 228 148 870 885 644 721 613 556 
Bin 44: 226 765 716 866 224 560 475 
Bin 45: 272 883 117 541 54 840 
Bin 46: 43 484 972 403 311 668 46 135 
Bin 47: 599 852 466 449 749 44 496 
Bin 48: 233 949 939 785 904 707 
Bin 49: 168 416 248 975 837 231 672 
Bin 50: 65 974 601 197 731 376 638 305 424 
Bin 51: 824 90 965 839 202 199 
Bin 52: 563 442 741 312 914 328 930 
Bin 53: 317 517 630 715 296 575 815 739 
Bin 54: 115 511 331 375 579 339 280 
Bin 55: 906 725 534 805 816 932 103 
Bin 56: 98 130 905 451 898 235 958 
Bin 57: 732 326 586 694 655 561 951 
Bin 58: 760 452 473 687 521 676 917 
Bin 59: 165 425 357 827 314 717 
Bin 60: 446 962 729 10 969 718 886 
Bin 61: 441 822 632 710 558 708 
Bin 62: 703 418 229 172 4 487 887 
Bin 63: 584 102 893 567 844 183 
Bin 64: 161 286 3 950 518 247 29 
Bin 65: 382 897 279 227 856 417 
Bin 66: 794 106 804 899 522 344 884 
Bin 67: 79 984 119 834 364 762 888 483 
Bin 68: 232 891 448 821 868 
Bin 69: 948 5 330 539 381 157 242 189 
Bin 70: 538 592 61 652 73 
Bin 71: 714 944 954 469 346 629 503 
Bin 72: 342 111 734 528 48 384 
Bin 73: 666 51 19 540 959 674 481 
Bin 74: 685 192 244 997 113 390 
Bin 75: 414 515 495 743 992 622 
Bin 76: 848 455 942 835 193 27 892 988 
Bin 77: 769 513 600 31 849 402 62 
Bin 78: 258 219 14 699 608 516 260 
Bin 79: 434 9 532 70 985 264 335 
Bin 80: 472 623 617 85 971 147 
Bin 81: 188 146 362 26 95 230 
Bin 82: 920 722 505 262 740 910 341 428 480 
Bin 83: 388 612 236 254 607 640 118 
Bin 84: 957 222 327 779 190 66 
Bin 85: 239 589 544 813 690 520 457 
Bin 86: 531 591 771 114 122 989 488 
Bin 87: 139 669 510 309 329 88 360 371 987 
Bin 88: 628 306 354 318 742 698 
Bin 89: 200 143 350 486 911 704 922 273 
Bin 90: 12 730 84 670 8 196 
Bin 91: 508 393 194 463 682 109 
Bin 92: 398 773 125 422 301 998 748 11 184 205 
Bin 93: 654 238 0 268 648 658 
Bin 94: 619 175 126 964 823 359 489 
Bin 95: 519 173 365 141 36 530 581 
Bin 96: 783 614 937 873 569 755 733 355 
Bin 97: 583 993 21 634 912 101 
Bin 98: 782 39 577 208 799 955 177 45 
Bin 99: 225 811 643 597 929 831 
Bin 100: 474 564 404 374 941 960 968 735 
Bin 101: 810 641 713 37 686 651 454 
Bin 102: 754 983 82 456 401 832 
Bin 103: 781 953 379 185 695 218 
Bin 104: 30 152 554 596 605 697 
Bin 105: 860 50 432 642 759 16 
Bin 106: 536 865 820 352 766 81 170 
Bin 107: 533 369 872 291 719 604 923 
Bin 108: 986 961 391 875 777 343 
Bin 109: 933 553 526 894 128 
Bin 110: 855 174 67 100 646 
Bin 111: 763 92 450 325 35 438 
Bin 112: 925 299 499 383 504 80 603 879 
Bin 113: 63 55 876 843 444 410 618 
Bin 114: 138 880 353 677 928 453 
Bin 115: 389 752 712 854 720 99 547 
Bin 116: 963 797 271 283 435 557 663 529 
Bin 117: 679 780 345 507 572 595 
Bin 118: 952 32 977 24 372 555 477 210 
Bin 119: 756 609 675 990 86 462 744 
Bin 120: 366 129 616 768 921 830 566 498 
Bin 121: 167 180 842 916 758 320 
Bin 122: 445 298 216 131 253 778 257 
Bin 123: 991 158 439 637 935 757 338 537 
Bin 124: 133 956 140 178 166 
Bin 125: 770 58 336 321 319 936 
Bin 126: 896 171 645 788 973 169 
Bin 127: 156 582 340 702 945 833 
Bin 128: 802 726 573 700 684 285 468 380 
Bin 129: 467 104 278 261 13 895 
Bin 130: 396 290 859 918 107 523 
Bin 131: 723 316 662 78 195 559 524 476 542 
Bin 132: 565 153 606 552 245 706 862 795 74 
Bin 133: 145 705 97 890 784 351 470 
Bin 134: 889 20 136 767 220 657 
Bin 135: 874 57 691 25 386 294 667 
Bin 136: 863 246 292 33 234 209 
Bin 137: 367 671 459 659 162 661 
Bin 138: 828 392 176 201 164 
Bin 139: 853 419 411 625 995 378 303 
Bin 140: 908 52 91 482 186 
Bin 141: 919 478 323 656 665 
Bin 142: 976 761 288 18 924 635 
Bin 143: 878 191 7 274 110 75 590 
Bin 144: 149 56 978 310 814 615 
Bin 145: 826 59 966 297 431 108 902 
Bin 146: 304 363 610 324 926 502 
Bin 147: 112 160 211 151 373 943 
