# Objective: 151
# Time: 186.209
# Feasible: 1
# Solution:
Bin 0: 153 361 828 611 329 496 458 
Bin 1: 583 925 111 339 709 282 366 957 
Bin 2: 154 262 470 41 272 426 896 
Bin 3: 266 12 816 871 794 540 832 454 
Bin 4: 557 347 440 564 529 408 342 158 
Bin 5: 704 802 522 273 409 6 
Bin 6: 600 81 646 91 403 746 497 324 
Bin 7: 797 180 477 322 434 
Bin 8: 829 684 313 417 429 590 662 239 
Bin 9: 250 60 492 835 5 555 681 
Bin 10: 357 713 510 593 625 112 
Bin 11: 195 415 818 385 602 656 435 
Bin 12: 705 952 410 380 842 34 132 
Bin 13: 793 833 422 280 391 323 
Bin 14: 442 412 634 240 146 693 121 
Bin 15: 189 969 666 636 383 479 
Bin 16: 692 562 331 824 523 933 717 
Bin 17: 418 222 381 377 571 905 724 814 
Bin 18: 371 942 628 915 725 621 234 376 
Bin 19: 256 330 932 895 257 907 233 926 
Bin 20: 315 99 506 75 304 281 62 837 520 
Bin 21: 675 405 152 776 878 581 
Bin 22: 961 682 247 936 753 335 972 
Bin 23: 386 811 864 924 830 
Bin 24: 107 147 798 143 159 775 
Bin 25: 706 65 578 738 873 630 763 859 
Bin 26: 900 181 539 530 533 756 
Bin 27: 515 131 333 217 699 413 205 
Bin 28: 508 354 728 355 668 658 58 
Bin 29: 806 743 916 471 4 934 980 
Bin 30: 404 647 224 609 368 909 
Bin 31: 312 63 38 320 356 50 31 
Bin 32: 9 459 327 796 702 959 296 
Bin 33: 211 27 550 897 393 135 943 
Bin 34: 841 493 958 219 343 598 406 
Bin 35: 72 882 982 626 310 767 
Bin 36: 494 744 850 161 865 970 
Bin 37: 466 311 388 817 295 449 
Bin 38: 369 946 481 79 825 486 671 574 
Bin 39: 906 935 379 846 801 36 954 
Bin 40: 720 98 808 537 843 722 164 
Bin 41: 123 460 372 812 511 155 
Bin 42: 167 190 589 483 188 
Bin 43: 847 505 750 642 535 696 
Bin 44: 17 134 542 212 874 392 116 
Bin 45: 268 127 419 517 14 349 201 92 309 
Bin 46: 707 78 877 887 278 938 171 
Bin 47: 199 899 888 433 889 306 
Bin 48: 807 328 854 803 32 
Bin 49: 768 577 760 660 596 894 129 
Bin 50: 350 879 245 654 772 488 799 
Bin 51: 543 179 395 893 992 919 514 
Bin 52: 594 639 836 138 193 485 
Bin 53: 677 231 59 751 726 228 640 
Bin 54: 491 170 394 960 447 227 
Bin 55: 448 0 316 650 687 913 390 901 
Bin 56: 604 979 661 389 849 352 209 781 
Bin 57: 95 570 730 531 795 275 39 
Bin 58: 711 490 44 77 348 325 54 
Bin 59: 563 886 140 991 13 821 
Bin 60: 197 678 805 35 57 128 740 208 
Bin 61: 890 876 690 3 446 922 
Bin 62: 552 192 28 653 910 341 
Bin 63: 103 839 759 643 576 
Bin 64: 69 637 565 804 56 83 
Bin 65: 672 183 451 16 218 638 880 
Bin 66: 86 29 949 964 203 736 
Bin 67: 633 587 885 855 945 784 
Bin 68: 305 976 747 443 813 
Bin 69: 912 820 467 962 944 
Bin 70: 585 210 532 382 431 891 
Bin 71: 499 648 265 927 708 439 206 279 
Bin 72: 427 546 860 297 815 462 573 716 
Bin 73: 819 566 336 680 659 
Bin 74: 986 402 498 196 345 
Bin 75: 507 703 548 512 370 49 
Bin 76: 144 950 845 694 221 
Bin 77: 96 214 242 276 263 
Bin 78: 764 163 710 373 375 918 
Bin 79: 397 984 700 10 55 432 
Bin 80: 800 973 605 317 975 862 124 
Bin 81: 948 468 47 474 43 608 151 
Bin 82: 685 719 641 119 400 559 657 856 
Bin 83: 592 2 844 200 536 
Bin 84: 156 857 974 115 997 251 478 695 
Bin 85: 606 558 518 420 109 718 
Bin 86: 521 398 367 472 178 
Bin 87: 67 204 125 387 504 495 
Bin 88: 955 547 618 823 358 683 
Bin 89: 988 365 624 561 788 378 428 142 
Bin 90: 207 289 858 274 735 771 721 
Bin 91: 848 362 567 90 502 484 965 236 
Bin 92: 399 870 758 560 169 867 
Bin 93: 676 790 299 607 346 294 911 53 
Bin 94: 989 22 160 941 715 872 
Bin 95: 465 33 951 966 291 908 
Bin 96: 120 544 516 287 235 549 
Bin 97: 7 752 445 884 509 663 258 
Bin 98: 30 85 917 438 238 384 840 632 
Bin 99: 198 766 173 480 136 194 248 
Bin 100: 286 584 407 741 321 777 
Bin 101: 293 344 18 73 45 340 364 755 
Bin 102: 302 42 968 892 450 995 186 
Bin 103: 101 452 697 19 524 
Bin 104: 947 929 270 971 401 568 554 
Bin 105: 597 487 994 953 778 664 
Bin 106: 117 232 701 769 482 852 779 
Bin 107: 733 903 545 139 881 
Bin 108: 37 97 644 679 264 541 869 
Bin 109: 476 931 229 538 74 500 
Bin 110: 785 216 71 184 249 421 
Bin 111: 351 48 831 457 670 588 754 
Bin 112: 475 46 601 789 838 981 463 553 
Bin 113: 20 765 977 783 749 987 88 939 
Bin 114: 303 191 298 748 261 93 673 
Bin 115: 308 930 414 66 993 822 
Bin 116: 105 437 260 937 734 904 148 
Bin 117: 456 430 770 674 40 612 
Bin 118: 983 94 318 283 627 622 
Bin 119: 898 1 319 610 940 52 255 
Bin 120: 489 174 503 569 921 
Bin 121: 337 739 285 84 455 168 688 586 
Bin 122: 68 792 182 810 579 353 
Bin 123: 853 113 288 301 875 617 
Bin 124: 411 82 202 441 599 24 582 
Bin 125: 691 187 469 534 787 89 
Bin 126: 501 11 464 444 572 
Bin 127: 461 526 729 985 866 990 
Bin 128: 423 620 613 761 762 145 645 
Bin 129: 782 244 631 230 162 175 
Bin 130: 649 225 745 246 580 332 
Bin 131: 26 956 374 757 551 122 141 698 
Bin 132: 15 106 157 669 51 300 213 185 
Bin 133: 809 108 863 689 714 603 
Bin 134: 635 525 967 928 110 652 
Bin 135: 615 338 64 883 723 290 130 861 
Bin 136: 528 655 851 359 686 619 
Bin 137: 453 623 591 978 334 137 271 
Bin 138: 519 665 215 254 575 920 667 
Bin 139: 774 220 923 416 513 996 834 
Bin 140: 223 243 165 267 396 
Bin 141: 177 786 269 150 651 237 
Bin 142: 424 104 614 226 118 284 
Bin 143: 556 732 259 80 436 70 527 902 
Bin 144: 149 629 826 61 425 241 
Bin 145: 727 773 868 712 253 314 731 172 
Bin 146: 277 360 742 76 914 963 791 595 
Bin 147: 21 292 176 363 999 
Bin 148: 307 780 133 616 998 87 
Bin 149: 326 102 114 827 100 25 737 
Bin 150: 8 23 252 473 166 126 
