# Objective: 40
# Time: 9.14534
# Feasible: 1
# Solution:
Bin 0: 165 107 87 69 99 
Bin 1: 138 249 129 159 177 114 
Bin 2: 210 77 212 136 221 227 
Bin 3: 89 42 96 161 74 224 121 
Bin 4: 79 122 123 234 108 37 150 
Bin 5: 247 19 24 2 70 151 
Bin 6: 61 197 36 245 132 116 
Bin 7: 35 75 241 149 98 158 
Bin 8: 222 156 178 13 226 47 88 
Bin 9: 225 153 78 30 244 
Bin 10: 95 130 128 106 80 239 53 
Bin 11: 45 169 82 9 146 218 
Bin 12: 33 164 168 90 25 230 92 
Bin 13: 220 231 27 15 148 
Bin 14: 93 174 110 198 10 142 217 
Bin 15: 22 102 41 229 196 216 
Bin 16: 112 21 113 32 176 192 235 
Bin 17: 191 181 81 248 211 28 64 
Bin 18: 140 125 126 137 49 157 111 
Bin 19: 66 5 40 104 145 67 91 
Bin 20: 190 139 115 171 44 
Bin 21: 206 60 207 103 39 215 182 
Bin 22: 135 63 94 214 180 201 187 
Bin 23: 204 12 233 73 58 144 
Bin 24: 51 34 208 205 7 29 
Bin 25: 52 133 213 141 200 20 
Bin 26: 85 147 203 17 175 119 38 
Bin 27: 117 97 72 65 167 83 
Bin 28: 76 46 134 172 195 152 
Bin 29: 238 143 118 155 228 237 
Bin 30: 179 127 48 0 26 8 188 3 
Bin 31: 59 50 154 68 162 6 
Bin 32: 219 18 86 14 173 23 55 
Bin 33: 84 11 184 101 170 
Bin 34: 232 100 54 209 43 202 
Bin 35: 109 243 194 105 183 223 166 
Bin 36: 193 240 56 186 236 242 
Bin 37: 31 185 1 189 160 71 
Bin 38: 62 246 199 163 16 
Bin 39: 57 124 120 131 4 
