# Objective: 165
# Time: 203.613
# Feasible: 1
# Solution:
Bin 0: 955 562 827 572 484 899 
Bin 1: 381 519 980 135 437 817 
Bin 2: 862 808 886 977 770 613 
Bin 3: 100 709 923 655 
Bin 4: 0 461 433 710 479 976 142 903 65 
Bin 5: 38 919 489 5 477 772 592 
Bin 6: 914 898 525 407 143 756 
Bin 7: 900 114 697 368 132 468 
Bin 8: 473 485 389 905 409 34 995 
Bin 9: 421 625 722 741 251 542 
Bin 10: 334 474 674 911 807 294 
Bin 11: 785 513 520 681 67 892 989 
Bin 12: 598 605 565 921 335 594 496 
Bin 13: 195 442 835 332 982 323 353 
Bin 14: 32 637 510 205 367 349 
Bin 15: 59 387 532 569 988 
Bin 16: 178 271 521 206 531 166 
Bin 17: 472 739 141 150 635 13 822 
Bin 18: 502 203 969 884 725 
Bin 19: 103 96 22 459 90 812 237 
Bin 20: 685 292 805 180 285 226 408 
Bin 21: 303 392 802 530 157 429 302 
Bin 22: 462 546 426 300 263 
Bin 23: 188 333 867 339 499 388 
Bin 24: 125 444 218 535 654 169 948 
Bin 25: 71 406 962 268 109 193 322 
Bin 26: 581 763 748 765 411 274 985 82 
Bin 27: 41 937 128 979 162 36 
Bin 28: 621 545 185 377 671 
Bin 29: 145 707 58 908 819 400 518 
Bin 30: 816 110 902 336 457 928 762 
Bin 31: 840 641 715 242 794 888 254 
Bin 32: 221 117 482 720 29 574 
Bin 33: 790 549 228 107 547 266 
Bin 34: 640 781 660 350 415 623 
Bin 35: 972 186 66 449 497 476 556 
Bin 36: 713 682 138 947 815 938 746 
Bin 37: 95 537 736 435 56 171 314 
Bin 38: 584 619 604 108 912 
Bin 39: 366 124 259 478 126 20 
Bin 40: 651 718 666 913 410 
Bin 41: 809 773 571 895 924 711 
Bin 42: 225 706 870 436 509 958 632 787 
Bin 43: 342 105 241 173 54 583 563 
Bin 44: 633 320 458 122 871 68 
Bin 45: 445 164 49 379 690 540 
Bin 46: 751 39 331 869 931 291 966 876 
Bin 47: 735 555 52 894 971 212 
Bin 48: 927 172 170 774 83 356 
Bin 49: 523 758 909 376 630 695 
Bin 50: 935 324 183 448 708 648 
Bin 51: 354 669 963 978 891 829 582 
Bin 52: 369 155 661 833 236 14 
Bin 53: 347 779 837 847 684 17 
Bin 54: 182 293 197 524 37 879 701 
Bin 55: 6 612 341 575 615 658 
Bin 56: 801 120 375 673 645 864 
Bin 57: 50 235 868 232 78 917 494 
Bin 58: 527 273 643 591 943 45 
Bin 59: 35 101 264 999 61 181 
Bin 60: 258 313 12 825 167 
Bin 61: 243 647 257 603 561 657 
Bin 62: 134 970 327 997 357 4 
Bin 63: 158 256 81 139 866 601 
Bin 64: 544 33 89 609 480 
Bin 65: 885 123 602 786 714 882 
Bin 66: 204 792 148 506 175 230 
Bin 67: 700 777 745 18 340 996 111 
Bin 68: 394 189 678 10 451 861 
Bin 69: 960 51 731 587 953 
Bin 70: 403 443 219 668 662 
Bin 71: 611 308 136 691 729 703 
Bin 72: 28 967 717 384 961 127 
Bin 73: 512 498 828 305 528 782 
Bin 74: 454 260 698 424 74 
Bin 75: 247 395 277 200 749 46 301 881 
Bin 76: 566 930 62 636 796 780 
Bin 77: 359 295 788 198 343 764 383 311 
Bin 78: 752 934 656 231 933 631 
Bin 79: 460 712 318 687 382 19 
Bin 80: 16 262 586 811 211 577 163 
Bin 81: 852 639 940 664 918 396 
Bin 82: 420 755 463 728 471 844 738 
Bin 83: 239 559 855 628 550 
Bin 84: 365 567 131 76 830 121 
Bin 85: 929 543 77 317 614 358 740 
Bin 86: 250 910 328 48 165 299 
Bin 87: 734 267 72 374 936 154 
Bin 88: 906 149 184 650 663 791 
Bin 89: 694 620 616 201 208 
Bin 90: 665 106 627 810 558 554 
Bin 91: 553 823 875 84 860 202 
Bin 92: 834 872 97 676 493 560 514 
Bin 93: 686 9 428 245 69 803 156 
Bin 94: 481 196 187 634 2 896 399 
Bin 95: 27 297 325 290 820 511 
Bin 96: 887 298 447 716 778 289 
Bin 97: 838 486 466 576 86 94 321 
Bin 98: 7 63 344 950 179 873 
Bin 99: 529 769 500 469 338 874 352 
Bin 100: 3 391 346 129 227 599 
Bin 101: 491 79 402 104 427 907 
Bin 102: 848 845 373 362 649 130 
Bin 103: 579 538 945 434 843 719 
Bin 104: 194 363 452 696 646 689 
Bin 105: 865 670 981 883 957 423 607 
Bin 106: 70 841 723 776 839 118 
Bin 107: 821 307 504 483 281 954 
Bin 108: 174 590 797 240 606 475 568 
Bin 109: 760 726 984 859 422 851 800 
Bin 110: 441 507 404 956 453 159 939 
Bin 111: 306 994 600 768 432 853 
Bin 112: 80 467 757 597 414 209 
Bin 113: 986 413 398 702 430 846 
Bin 114: 44 140 316 993 732 915 
Bin 115: 533 610 438 53 224 932 
Bin 116: 351 973 733 360 608 589 
Bin 117: 508 213 215 464 659 573 
Bin 118: 348 730 652 672 516 152 
Bin 119: 326 85 112 102 144 922 
Bin 120: 192 490 737 385 679 160 
Bin 121: 677 858 153 284 177 692 278 
Bin 122: 974 564 11 624 43 8 
Bin 123: 133 23 626 775 617 397 
Bin 124: 31 223 137 275 191 57 
Bin 125: 217 15 824 968 42 98 
Bin 126: 799 337 920 683 60 229 941 
Bin 127: 439 536 330 570 541 
Bin 128: 889 585 783 804 234 
Bin 129: 618 116 857 147 699 798 
Bin 130: 246 401 355 417 296 
Bin 131: 30 64 795 280 287 
Bin 132: 456 315 721 784 207 151 
Bin 133: 416 893 964 345 495 
Bin 134: 252 253 319 470 270 667 
Bin 135: 190 854 249 168 951 91 750 
Bin 136: 255 952 282 849 638 856 
Bin 137: 863 877 959 115 596 
Bin 138: 766 47 548 688 704 75 
Bin 139: 965 99 743 378 26 40 
Bin 140: 503 269 283 761 361 87 904 
Bin 141: 25 465 146 288 990 222 
Bin 142: 789 279 119 487 310 771 
Bin 143: 216 552 842 942 286 992 
Bin 144: 693 446 405 371 261 
Bin 145: 312 916 680 975 238 92 642 
Bin 146: 526 705 276 998 832 
Bin 147: 220 831 309 450 522 754 
Bin 148: 418 515 578 653 806 
Bin 149: 93 88 386 588 431 
Bin 150: 304 724 644 21 455 
Bin 151: 244 814 949 878 214 
Bin 152: 372 390 880 551 818 
Bin 153: 622 419 265 412 747 742 
Bin 154: 850 517 675 727 210 
Bin 155: 890 991 113 24 393 
Bin 156: 73 593 557 983 926 
Bin 157: 380 753 248 987 176 
Bin 158: 534 901 161 944 629 
Bin 159: 364 492 329 925 897 813 767 
Bin 160: 199 826 440 425 
Bin 161: 488 272 744 793 
Bin 162: 370 501 580 539 1 
Bin 163: 946 55 595 836 
Bin 164: 759 233 505 
