# Objective: 19
# Time: 2.89758
# Feasible: 1
# Solution:
Bin 0: 104 105 7 46 12 116 
Bin 1: 93 100 60 31 72 29 
Bin 2: 61 39 96 28 49 20 87 
Bin 3: 102 57 67 8 4 
Bin 4: 43 11 21 6 85 81 77 
Bin 5: 18 38 101 26 80 13 22 
Bin 6: 55 33 27 47 86 
Bin 7: 83 59 113 95 42 45 99 
Bin 8: 34 112 91 89 64 41 117 
Bin 9: 108 0 78 23 15 76 94 118 
Bin 10: 14 70 119 75 66 2 
Bin 11: 110 56 10 74 58 114 
Bin 12: 50 63 25 53 48 37 107 
Bin 13: 36 68 19 9 82 84 
Bin 14: 115 5 88 3 16 44 
Bin 15: 62 35 65 40 90 52 
Bin 16: 111 79 51 103 1 97 
Bin 17: 73 98 30 24 106 32 
Bin 18: 17 71 109 92 69 54 
