# Objective: 38
# Time: 18.0594
# Feasible: 1
# Solution:
Bin 0: 93 220 189 126 41 178 13 
Bin 1: 110 224 68 145 156 235 0 
Bin 2: 180 238 26 136 9 61 171 
Bin 3: 8 3 229 89 88 48 19 
Bin 4: 117 143 64 108 65 25 
Bin 5: 42 163 53 227 155 151 
Bin 6: 242 18 111 17 124 
Bin 7: 39 91 146 55 32 200 127 
Bin 8: 177 23 215 37 149 134 
Bin 9: 57 246 87 142 100 36 128 
Bin 10: 74 20 184 197 206 157 213 
Bin 11: 12 63 95 31 176 223 123 28 
Bin 12: 119 174 54 170 240 6 104 
Bin 13: 158 147 132 148 34 103 38 
Bin 14: 212 84 186 234 193 121 
Bin 15: 106 72 230 188 92 144 
Bin 16: 187 164 5 214 208 73 105 71 
Bin 17: 45 86 50 211 46 85 
Bin 18: 29 241 181 24 40 236 
Bin 19: 245 21 249 150 113 98 198 
Bin 20: 202 141 78 58 207 94 
Bin 21: 233 118 175 62 101 169 67 
Bin 22: 159 247 140 120 1 232 138 
Bin 23: 203 239 96 216 179 194 
Bin 24: 154 205 129 51 166 11 76 
Bin 25: 182 10 83 165 221 75 
Bin 26: 173 195 112 77 79 49 209 131 
Bin 27: 190 161 219 114 30 15 185 
Bin 28: 22 109 4 248 199 133 82 
Bin 29: 16 210 44 225 69 226 47 
Bin 30: 237 97 135 7 107 196 
Bin 31: 201 116 14 99 102 137 183 
Bin 32: 222 228 172 70 125 90 
Bin 33: 139 231 52 122 244 43 
Bin 34: 60 153 33 217 152 218 204 
Bin 35: 191 162 115 80 59 
Bin 36: 168 66 160 35 243 192 167 27 
Bin 37: 130 81 56 2 
