# Objective: 19
# Time: 2.87107
# Feasible: 1
# Solution:
Bin 0: 109 88 50 35 108 4 
Bin 1: 61 47 9 79 8 22 14 
Bin 2: 32 90 23 115 91 70 
Bin 3: 1 114 111 82 15 28 12 51 
Bin 4: 58 24 112 73 66 92 26 
Bin 5: 0 67 52 54 49 117 
Bin 6: 78 33 21 87 75 34 62 
Bin 7: 11 7 17 85 3 71 
Bin 8: 44 18 30 40 118 57 106 107 
Bin 9: 100 36 5 42 13 80 65 74 72 
Bin 10: 102 116 96 41 76 77 64 
Bin 11: 99 29 19 104 110 
Bin 12: 2 16 93 101 63 
Bin 13: 97 39 10 31 46 95 
Bin 14: 20 53 37 103 27 
Bin 15: 81 56 105 6 25 60 
Bin 16: 55 48 113 89 94 68 
Bin 17: 69 45 119 43 59 
Bin 18: 83 38 98 84 86 
