# Objective: 76
# Time: 16.7096
# Feasible: 1
# Solution:
Bin 0: 211 355 412 230 228 460 270 
Bin 1: 94 340 238 95 493 345 
Bin 2: 365 466 103 71 157 249 
Bin 3: 206 423 335 130 57 485 306 
Bin 4: 134 465 38 312 31 404 474 
Bin 5: 416 246 303 376 146 482 170 
Bin 6: 50 316 101 402 467 394 
Bin 7: 406 446 397 338 497 201 2 
Bin 8: 28 107 13 115 331 274 136 282 456 
Bin 9: 368 287 476 143 21 224 209 15 
Bin 10: 44 174 85 124 225 216 
Bin 11: 452 387 66 348 5 411 155 
Bin 12: 131 186 251 133 351 384 320 455 
Bin 13: 339 491 481 434 413 190 52 
Bin 14: 391 314 244 92 99 84 326 
Bin 15: 268 36 379 187 139 410 96 
Bin 16: 430 360 298 489 417 123 
Bin 17: 158 279 487 151 254 22 330 
Bin 18: 371 324 495 259 370 262 
Bin 19: 464 373 490 258 81 492 144 344 
Bin 20: 263 69 361 457 55 350 
Bin 21: 488 277 215 167 337 16 302 
Bin 22: 440 381 445 200 291 194 
Bin 23: 420 444 210 255 75 271 453 
Bin 24: 285 247 257 325 147 
Bin 25: 389 54 395 73 366 20 398 
Bin 26: 431 486 46 12 176 226 104 25 
Bin 27: 359 468 354 256 385 435 439 41 
Bin 28: 388 208 0 140 18 295 218 419 
Bin 29: 327 415 319 248 112 313 
Bin 30: 233 396 148 105 284 89 
Bin 31: 227 264 232 24 307 400 403 
Bin 32: 281 266 182 362 7 150 
Bin 33: 429 65 484 195 458 154 59 
Bin 34: 90 220 346 374 308 343 177 
Bin 35: 261 6 149 17 205 437 438 237 
Bin 36: 283 286 311 164 43 122 342 86 
Bin 37: 322 329 480 315 127 223 
Bin 38: 222 386 409 129 390 352 
Bin 39: 97 309 72 172 175 364 442 
Bin 40: 243 4 245 290 138 173 
Bin 41: 40 168 126 369 470 23 
Bin 42: 42 19 37 496 79 199 
Bin 43: 253 111 229 27 265 118 1 
Bin 44: 51 83 49 47 414 301 425 
Bin 45: 242 197 473 178 132 267 
Bin 46: 88 161 451 441 142 353 120 
Bin 47: 179 288 82 61 334 100 68 
Bin 48: 463 53 341 141 60 477 432 
Bin 49: 159 98 204 333 70 250 117 418 
Bin 50: 135 93 424 289 11 280 
Bin 51: 193 14 241 239 10 145 32 
Bin 52: 171 318 192 77 299 367 
Bin 53: 357 29 152 332 62 231 317 
Bin 54: 214 494 443 185 236 323 347 
Bin 55: 188 8 109 162 234 56 363 
Bin 56: 198 483 64 235 471 189 
Bin 57: 356 58 408 9 479 422 
Bin 58: 30 219 450 383 401 448 
Bin 59: 392 393 294 321 377 
Bin 60: 202 276 33 78 217 275 
Bin 61: 74 45 336 278 328 87 421 137 
Bin 62: 48 207 184 378 273 
Bin 63: 436 116 106 91 102 
Bin 64: 181 183 426 35 240 196 212 
Bin 65: 26 160 428 180 469 191 
Bin 66: 113 304 221 300 163 475 
Bin 67: 405 461 472 3 76 213 
Bin 68: 260 310 407 375 252 449 459 
Bin 69: 433 114 269 169 272 
Bin 70: 427 165 119 108 454 203 
Bin 71: 166 121 39 349 80 358 372 
Bin 72: 67 478 153 292 447 297 63 
Bin 73: 156 296 498 399 382 125 
Bin 74: 34 305 110 462 128 499 293 
Bin 75: 380 
