# Objective: 86
# Time: 82.2561
# Feasible: 1
# Solution:
Bin 0: 129 467 480 392 258 174 
Bin 1: 399 390 218 28 61 50 
Bin 2: 187 10 58 434 494 309 115 
Bin 3: 211 294 126 402 396 
Bin 4: 301 237 42 361 117 448 
Bin 5: 161 226 311 274 202 400 
Bin 6: 167 51 322 482 381 
Bin 7: 297 473 259 41 132 8 
Bin 8: 227 110 45 56 377 26 
Bin 9: 476 67 447 52 62 85 
Bin 10: 39 382 289 64 90 
Bin 11: 394 306 221 430 421 
Bin 12: 243 94 141 232 139 307 
Bin 13: 254 304 431 460 81 
Bin 14: 374 33 391 148 285 239 
Bin 15: 333 182 291 236 300 101 
Bin 16: 252 120 350 208 290 207 
Bin 17: 353 107 303 295 418 193 201 
Bin 18: 276 22 428 136 397 44 
Bin 19: 185 172 359 334 192 80 407 
Bin 20: 16 157 215 96 70 475 345 
Bin 21: 74 457 163 386 181 489 337 
Bin 22: 326 445 426 251 327 121 
Bin 23: 262 4 441 209 264 30 
Bin 24: 433 173 298 439 2 389 
Bin 25: 36 79 118 200 210 442 
Bin 26: 12 288 479 71 108 338 
Bin 27: 69 292 272 145 314 
Bin 28: 321 458 18 37 263 153 
Bin 29: 358 367 138 34 224 147 
Bin 30: 170 463 137 469 455 184 
Bin 31: 250 213 1 375 492 3 
Bin 32: 438 197 360 323 92 
Bin 33: 43 21 266 225 267 20 
Bin 34: 93 76 268 410 474 408 
Bin 35: 401 318 68 19 124 340 146 166 
Bin 36: 91 135 198 246 7 436 
Bin 37: 429 355 348 383 456 48 
Bin 38: 140 398 158 142 315 486 281 
Bin 39: 191 269 466 416 481 104 
Bin 40: 485 471 379 233 103 165 
Bin 41: 435 364 341 369 472 
Bin 42: 493 354 415 128 102 
Bin 43: 450 72 106 116 234 
Bin 44: 371 113 387 13 454 122 
Bin 45: 46 385 313 368 477 335 
Bin 46: 365 324 280 89 154 144 
Bin 47: 88 395 178 84 437 
Bin 48: 188 347 372 308 325 320 
Bin 49: 216 425 305 419 261 
Bin 50: 378 112 498 235 302 238 
Bin 51: 256 15 468 453 63 159 
Bin 52: 424 310 241 366 317 195 
Bin 53: 247 160 59 86 373 60 
Bin 54: 97 180 411 127 131 
Bin 55: 283 330 349 357 336 
Bin 56: 123 319 0 370 282 27 
Bin 57: 53 316 265 23 470 
Bin 58: 275 214 119 17 6 363 54 
Bin 59: 461 83 496 230 465 352 
Bin 60: 420 446 111 40 5 
Bin 61: 499 66 329 164 109 219 
Bin 62: 220 168 451 362 98 31 
Bin 63: 487 332 490 105 155 
Bin 64: 186 422 240 483 183 339 150 
Bin 65: 99 412 255 143 293 
Bin 66: 77 47 403 82 32 229 393 
Bin 67: 231 87 199 462 380 328 
Bin 68: 29 11 270 125 152 245 228 
Bin 69: 484 133 356 279 75 
Bin 70: 171 95 478 344 443 343 177 
Bin 71: 257 244 25 212 417 
Bin 72: 204 190 196 423 464 78 
Bin 73: 351 273 175 488 130 
Bin 74: 169 151 9 260 491 156 
Bin 75: 449 134 409 432 495 
Bin 76: 149 65 38 452 299 203 388 
Bin 77: 271 497 404 253 286 24 
Bin 78: 427 49 73 278 14 162 
Bin 79: 205 179 176 346 248 114 
Bin 80: 206 223 100 194 189 35 
Bin 81: 55 331 222 277 249 
Bin 82: 284 444 440 242 405 384 
Bin 83: 459 342 406 57 217 312 
Bin 84: 413 376 414 
Bin 85: 287 296 
