# Objective: 100
# Time: 86.0781
# Feasible: 1
# Solution:
Bin 0: 225 244 128 34 397 247 
Bin 1: 98 412 118 490 44 273 
Bin 2: 253 483 49 309 79 
Bin 3: 232 266 179 141 409 
Bin 4: 65 415 439 67 379 
Bin 5: 279 260 148 36 190 
Bin 6: 102 189 161 107 454 461 
Bin 7: 202 420 80 206 378 
Bin 8: 270 199 57 256 156 
Bin 9: 300 5 298 221 7 356 
Bin 10: 120 11 480 104 
Bin 11: 392 124 111 163 314 317 
Bin 12: 62 52 303 178 275 140 
Bin 13: 277 249 101 333 
Bin 14: 177 335 444 474 60 19 
Bin 15: 393 131 103 465 37 
Bin 16: 411 158 408 414 145 
Bin 17: 481 138 346 86 180 198 
Bin 18: 203 59 121 281 54 
Bin 19: 385 376 160 442 
Bin 20: 29 246 271 115 51 13 
Bin 21: 304 339 331 97 72 
Bin 22: 410 170 236 475 
Bin 23: 380 341 159 334 205 
Bin 24: 272 473 137 357 466 318 
Bin 25: 428 219 395 230 192 
Bin 26: 313 391 142 422 429 
Bin 27: 403 35 174 323 42 
Bin 28: 345 64 322 445 58 
Bin 29: 209 106 342 404 349 263 
Bin 30: 401 55 328 92 16 
Bin 31: 430 242 30 38 
Bin 32: 33 2 90 136 285 169 295 
Bin 33: 93 450 386 233 469 
Bin 34: 286 290 462 0 358 354 
Bin 35: 211 336 389 164 
Bin 36: 32 186 482 28 108 
Bin 37: 436 327 374 458 
Bin 38: 109 264 123 362 359 
Bin 39: 262 94 176 69 
Bin 40: 1 400 45 416 
Bin 41: 398 399 126 361 347 216 
Bin 42: 217 76 493 197 387 
Bin 43: 181 301 364 114 
Bin 44: 472 259 175 486 226 
Bin 45: 494 116 340 88 
Bin 46: 204 448 245 241 66 
Bin 47: 46 425 488 201 153 
Bin 48: 117 476 105 276 292 
Bin 49: 372 421 146 47 471 402 
Bin 50: 243 319 18 149 237 
Bin 51: 147 499 291 95 484 
Bin 52: 426 324 305 330 214 
Bin 53: 360 257 70 235 
Bin 54: 223 139 299 446 20 
Bin 55: 10 307 348 68 
Bin 56: 150 185 207 125 485 464 
Bin 57: 184 191 85 418 53 
Bin 58: 258 308 215 200 460 
Bin 59: 183 193 212 267 91 234 
Bin 60: 413 143 316 122 255 
Bin 61: 83 452 127 496 
Bin 62: 61 296 343 289 133 
Bin 63: 41 213 283 344 468 
Bin 64: 40 248 27 463 113 
Bin 65: 208 489 373 388 449 
Bin 66: 407 254 265 325 
Bin 67: 222 495 110 351 
Bin 68: 269 112 383 130 
Bin 69: 220 82 155 87 337 
Bin 70: 320 427 435 321 
Bin 71: 487 210 441 432 363 
Bin 72: 73 311 406 278 433 
Bin 73: 227 250 377 381 280 470 
Bin 74: 239 74 431 492 288 
Bin 75: 119 302 240 274 
Bin 76: 50 438 459 297 365 229 
Bin 77: 25 368 231 144 306 350 
Bin 78: 367 440 165 157 100 251 
Bin 79: 390 417 491 498 329 
Bin 80: 287 132 187 456 
Bin 81: 96 99 447 261 284 
Bin 82: 129 218 457 151 419 17 
Bin 83: 338 162 56 31 437 252 6 
Bin 84: 168 315 228 152 405 352 39 
Bin 85: 24 443 23 171 26 
Bin 86: 89 382 355 154 172 8 293 
Bin 87: 9 238 78 326 
Bin 88: 196 22 182 371 497 
Bin 89: 479 224 167 4 
Bin 90: 268 396 194 63 
Bin 91: 312 478 14 455 71 
Bin 92: 423 188 75 434 453 135 
Bin 93: 294 173 332 394 451 
Bin 94: 3 134 21 195 
Bin 95: 12 369 366 424 
Bin 96: 166 353 310 81 
Bin 97: 84 375 77 
Bin 98: 467 15 43 370 
Bin 99: 48 282 384 477 
