# Objective: 77
# Time: 31.1132
# Feasible: 1
# Solution:
Bin 0: 85 488 210 7 282 
Bin 1: 341 407 205 325 275 307 
Bin 2: 331 297 4 335 311 476 403 339 
Bin 3: 248 317 489 386 374 322 433 
Bin 4: 133 428 377 314 342 118 251 
Bin 5: 418 269 336 206 231 
Bin 6: 13 65 446 252 329 483 
Bin 7: 268 156 376 266 250 390 
Bin 8: 146 431 445 319 187 426 495 
Bin 9: 82 345 183 52 264 419 423 273 249 
Bin 10: 135 136 107 274 101 229 
Bin 11: 186 140 477 189 259 124 223 208 
Bin 12: 397 295 184 461 89 396 
Bin 13: 272 471 34 142 215 92 
Bin 14: 283 287 162 66 33 95 93 
Bin 15: 177 240 306 365 276 481 
Bin 16: 217 344 121 180 401 94 308 
Bin 17: 492 38 409 354 84 
Bin 18: 482 113 424 494 155 465 353 
Bin 19: 14 280 388 361 258 
Bin 20: 410 364 211 469 55 244 41 
Bin 21: 11 242 358 30 232 379 
Bin 22: 0 120 402 22 406 194 160 
Bin 23: 263 127 200 51 383 457 468 
Bin 24: 239 12 389 151 456 
Bin 25: 296 438 74 143 453 97 443 69 
Bin 26: 182 170 246 479 134 310 54 
Bin 27: 234 29 203 378 91 309 
Bin 28: 257 80 18 131 130 448 449 
Bin 29: 83 337 490 241 166 10 
Bin 30: 123 175 405 318 115 
Bin 31: 138 159 1 152 425 262 
Bin 32: 228 176 112 373 32 343 391 
Bin 33: 278 267 164 148 454 460 
Bin 34: 204 360 17 42 24 76 256 
Bin 35: 64 254 44 114 313 348 
Bin 36: 209 480 147 60 245 167 255 
Bin 37: 49 303 384 414 381 305 193 
Bin 38: 8 6 23 284 439 451 100 
Bin 39: 366 225 68 496 253 185 324 
Bin 40: 110 16 459 128 26 316 171 172 
Bin 41: 19 441 197 298 413 493 181 
Bin 42: 79 31 173 363 99 35 39 3 
Bin 43: 404 472 28 78 192 87 
Bin 44: 191 218 61 430 20 71 195 346 
Bin 45: 338 380 300 21 174 122 
Bin 46: 334 292 238 247 474 40 281 
Bin 47: 196 330 357 447 109 382 5 
Bin 48: 53 153 463 46 385 387 467 
Bin 49: 455 132 328 261 270 320 
Bin 50: 212 435 372 104 321 220 
Bin 51: 105 299 487 149 301 294 416 
Bin 52: 73 340 271 236 312 161 
Bin 53: 103 106 117 351 243 168 421 
Bin 54: 178 498 169 119 470 141 
Bin 55: 201 235 395 88 139 478 315 
Bin 56: 108 165 47 290 367 
Bin 57: 286 371 129 72 394 36 
Bin 58: 45 59 370 25 158 
Bin 59: 265 291 327 9 213 70 62 
Bin 60: 347 279 98 436 411 434 
Bin 61: 408 458 288 190 233 400 
Bin 62: 219 207 214 81 323 221 
Bin 63: 304 302 437 202 375 293 199 137 
Bin 64: 230 15 352 422 368 369 
Bin 65: 224 289 464 450 27 333 
Bin 66: 277 491 362 50 126 96 63 145 
Bin 67: 452 427 393 116 417 111 163 
Bin 68: 399 444 473 67 432 75 
Bin 69: 58 150 350 332 486 
Bin 70: 440 2 188 157 485 
Bin 71: 237 90 222 497 415 
Bin 72: 420 398 125 349 57 359 48 
Bin 73: 179 216 43 499 260 102 412 326 
Bin 74: 466 475 198 37 356 462 
Bin 75: 154 86 56 226 285 484 
Bin 76: 77 442 144 429 392 355 227 
