# Objective: 39
# Time: 15.0002
# Feasible: 1
# Solution:
Bin 0: 37 213 31 68 169 126 29 138 
Bin 1: 28 90 146 105 229 191 
Bin 2: 186 16 74 40 139 50 228 
Bin 3: 23 243 97 77 166 156 155 218 
Bin 4: 3 123 148 149 100 247 184 
Bin 5: 144 47 150 210 64 21 109 
Bin 6: 82 88 240 192 245 204 
Bin 7: 235 140 73 75 206 121 180 
Bin 8: 41 80 118 244 76 38 
Bin 9: 170 58 221 246 127 48 99 
Bin 10: 11 27 171 1 54 133 59 
Bin 11: 89 154 143 201 113 93 
Bin 12: 34 106 173 157 207 219 
Bin 13: 214 111 142 227 120 234 152 197 
Bin 14: 199 104 83 241 22 211 
Bin 15: 179 33 230 112 13 196 
Bin 16: 35 66 102 225 187 79 
Bin 17: 195 189 95 87 163 57 108 
Bin 18: 36 153 130 20 15 51 
Bin 19: 45 44 200 69 159 165 185 
Bin 20: 231 12 160 63 151 46 98 
Bin 21: 55 43 78 161 25 
Bin 22: 8 226 56 174 147 14 
Bin 23: 248 10 183 205 85 223 
Bin 24: 114 135 70 9 18 182 32 
Bin 25: 188 62 7 129 103 2 122 
Bin 26: 119 96 193 6 0 
Bin 27: 67 115 172 178 61 216 
Bin 28: 134 91 117 52 176 17 
Bin 29: 72 39 124 236 209 49 158 92 
Bin 30: 42 202 145 167 194 131 
Bin 31: 168 5 217 242 175 198 
Bin 32: 116 94 107 19 208 4 
Bin 33: 128 181 26 132 162 60 
Bin 34: 84 136 238 249 125 222 
Bin 35: 237 215 141 110 101 86 239 
Bin 36: 30 212 164 190 220 137 233 
Bin 37: 53 224 81 177 203 
Bin 38: 232 24 71 65 
