# Objective: 99
# Time: 80.0096
# Feasible: 1
# Solution:
Bin 0: 44 129 138 404 403 
Bin 1: 114 88 224 411 45 
Bin 2: 219 4 239 119 101 
Bin 3: 175 94 421 434 
Bin 4: 174 489 331 336 288 135 
Bin 5: 80 85 409 431 17 
Bin 6: 228 294 30 417 375 82 
Bin 7: 290 71 317 419 
Bin 8: 189 15 291 449 344 8 278 
Bin 9: 97 10 326 199 108 478 
Bin 10: 187 427 389 74 486 
Bin 11: 334 84 214 420 246 400 
Bin 12: 64 272 273 367 240 254 
Bin 13: 236 201 196 130 
Bin 14: 266 41 275 482 173 229 
Bin 15: 165 313 413 429 
Bin 16: 33 333 424 363 274 
Bin 17: 206 19 125 25 390 
Bin 18: 414 296 373 143 
Bin 19: 335 128 86 152 118 
Bin 20: 92 109 218 415 70 379 
Bin 21: 24 23 117 439 126 
Bin 22: 209 416 316 136 
Bin 23: 321 470 139 485 91 490 
Bin 24: 202 369 16 371 276 318 
Bin 25: 279 132 292 354 
Bin 26: 474 487 47 461 
Bin 27: 151 154 395 492 396 
Bin 28: 496 422 22 68 32 281 
Bin 29: 304 451 376 124 330 454 
Bin 30: 372 342 267 14 
Bin 31: 248 446 176 283 50 
Bin 32: 325 59 445 356 160 
Bin 33: 36 258 104 43 231 
Bin 34: 81 72 350 269 230 
Bin 35: 464 233 423 62 301 75 
Bin 36: 67 388 177 433 121 310 
Bin 37: 393 20 349 172 392 212 
Bin 38: 181 359 150 241 57 
Bin 39: 282 360 90 314 
Bin 40: 73 471 289 
Bin 41: 9 111 140 329 412 345 
Bin 42: 194 351 472 34 463 
Bin 43: 207 462 484 493 473 
Bin 44: 237 3 402 432 362 167 
Bin 45: 7 466 499 105 
Bin 46: 297 116 1 
Bin 47: 285 26 339 69 37 
Bin 48: 215 468 460 227 448 226 
Bin 49: 365 386 410 159 63 
Bin 50: 203 141 498 458 383 
Bin 51: 107 438 198 170 436 407 
Bin 52: 453 217 148 29 355 
Bin 53: 96 399 332 153 287 
Bin 54: 58 327 374 469 
Bin 55: 262 188 380 100 443 
Bin 56: 450 208 405 221 21 
Bin 57: 110 293 430 324 213 
Bin 58: 428 366 205 178 35 
Bin 59: 311 87 56 378 77 
Bin 60: 442 368 210 
Bin 61: 103 193 112 216 251 
Bin 62: 54 168 382 131 192 147 
Bin 63: 305 425 338 467 
Bin 64: 120 89 306 238 66 298 
Bin 65: 348 235 387 223 488 255 
Bin 66: 195 253 480 232 
Bin 67: 204 133 186 418 13 394 320 
Bin 68: 11 179 440 99 308 
Bin 69: 475 477 491 441 479 
Bin 70: 40 263 447 497 190 309 
Bin 71: 397 48 243 134 95 113 
Bin 72: 76 18 200 142 249 180 
Bin 73: 42 299 145 234 27 
Bin 74: 123 49 5 364 
Bin 75: 244 260 341 61 
Bin 76: 46 185 259 303 78 343 
Bin 77: 161 51 256 250 377 
Bin 78: 483 465 357 401 79 
Bin 79: 182 312 12 300 406 
Bin 80: 191 358 322 155 164 2 
Bin 81: 28 122 481 286 370 
Bin 82: 222 328 127 83 158 455 
Bin 83: 144 184 157 39 
Bin 84: 452 435 456 495 
Bin 85: 340 457 102 261 
Bin 86: 398 245 437 31 
Bin 87: 38 6 257 315 408 270 
Bin 88: 381 337 361 264 268 
Bin 89: 384 93 53 55 242 60 
Bin 90: 277 284 252 
Bin 91: 494 391 137 220 295 
Bin 92: 163 183 171 225 
Bin 93: 146 247 346 476 115 271 
Bin 94: 352 98 444 307 156 197 
Bin 95: 319 0 347 211 65 149 
Bin 96: 302 265 459 169 
Bin 97: 162 106 323 166 280 
Bin 98: 52 353 385 426 
