# Objective: 83
# Time: 46.4059
# Feasible: 1
# Solution:
Bin 0: 332 94 351 451 125 90 
Bin 1: 95 492 169 444 49 383 223 
Bin 2: 109 6 212 328 19 36 
Bin 3: 51 360 391 135 363 348 
Bin 4: 446 186 417 287 406 442 
Bin 5: 102 148 311 344 459 156 46 
Bin 6: 419 192 206 243 495 210 
Bin 7: 64 154 306 435 376 
Bin 8: 320 237 418 134 166 268 
Bin 9: 292 460 29 207 146 175 
Bin 10: 473 307 394 302 143 167 
Bin 11: 283 246 50 472 0 342 265 323 
Bin 12: 490 403 21 353 355 262 83 
Bin 13: 22 41 35 402 409 259 
Bin 14: 205 172 92 389 157 121 18 329 
Bin 15: 79 225 44 338 374 361 13 
Bin 16: 387 191 136 404 2 
Bin 17: 377 466 55 52 188 263 471 
Bin 18: 91 385 325 496 39 291 
Bin 19: 420 245 227 58 176 
Bin 20: 128 294 193 40 106 331 132 
Bin 21: 434 256 453 247 258 
Bin 22: 437 474 71 334 190 85 375 
Bin 23: 299 155 321 145 89 
Bin 24: 422 33 43 250 356 78 
Bin 25: 244 381 424 296 129 304 
Bin 26: 201 399 150 463 416 158 380 
Bin 27: 428 233 359 214 456 458 177 
Bin 28: 202 488 118 98 113 386 
Bin 29: 462 48 180 392 433 84 86 
Bin 30: 318 57 178 26 114 339 93 
Bin 31: 239 499 199 140 226 115 
Bin 32: 139 204 401 117 267 
Bin 33: 497 443 371 42 14 133 
Bin 34: 390 378 10 3 63 431 
Bin 35: 183 368 122 12 270 
Bin 36: 216 211 162 398 337 330 231 
Bin 37: 165 261 468 284 152 
Bin 38: 313 160 221 182 144 
Bin 39: 69 170 343 47 412 215 
Bin 40: 489 407 124 229 286 
Bin 41: 159 457 130 80 65 38 272 
Bin 42: 101 430 11 464 194 326 
Bin 43: 97 275 198 491 76 327 
Bin 44: 149 421 32 81 271 209 
Bin 45: 467 111 61 8 324 257 
Bin 46: 252 498 232 260 441 427 
Bin 47: 266 436 470 281 163 322 
Bin 48: 142 415 195 494 340 449 
Bin 49: 189 369 285 278 335 445 
Bin 50: 479 70 45 487 218 127 37 
Bin 51: 103 426 429 28 248 315 
Bin 52: 388 185 230 220 164 
Bin 53: 289 493 234 249 347 153 
Bin 54: 486 288 303 137 197 481 
Bin 55: 7 480 310 482 23 1 373 
Bin 56: 161 110 440 151 282 196 123 
Bin 57: 274 228 24 141 336 279 73 
Bin 58: 213 405 116 77 354 
Bin 59: 485 452 379 107 314 126 366 
Bin 60: 238 105 352 341 87 131 
Bin 61: 478 298 317 448 168 72 
Bin 62: 280 372 179 112 236 4 
Bin 63: 305 414 277 60 31 219 
Bin 64: 476 269 293 408 15 450 120 
Bin 65: 235 438 400 410 5 99 
Bin 66: 439 333 208 483 382 217 
Bin 67: 138 413 461 276 290 
Bin 68: 16 454 181 222 475 447 
Bin 69: 297 240 345 187 30 75 350 
Bin 70: 469 203 200 54 174 397 395 
Bin 71: 66 367 17 224 365 273 
Bin 72: 173 100 74 316 82 
Bin 73: 346 465 300 104 319 108 
Bin 74: 255 53 370 242 384 88 
Bin 75: 364 96 455 119 393 
Bin 76: 56 254 62 477 147 396 
Bin 77: 59 251 358 362 9 264 
Bin 78: 425 349 184 20 67 
Bin 79: 301 432 171 27 241 
Bin 80: 68 484 312 253 
Bin 81: 309 295 357 423 
Bin 82: 34 411 25 308 
