# Objective: 78
# Time: 44.03
# Feasible: 1
# Solution:
Bin 0: 309 215 157 396 385 370 406 418 
Bin 1: 482 27 28 186 44 71 294 
Bin 2: 422 97 84 452 165 352 146 
Bin 3: 35 436 321 299 268 127 274 290 
Bin 4: 273 454 143 457 206 481 199 
Bin 5: 488 437 248 387 243 469 390 
Bin 6: 59 420 423 305 205 446 307 57 
Bin 7: 270 484 405 33 374 54 207 202 
Bin 8: 462 389 267 175 341 297 
Bin 9: 280 382 121 104 152 254 
Bin 10: 238 345 74 475 329 148 455 
Bin 11: 204 300 401 65 90 380 260 
Bin 12: 384 125 132 292 129 
Bin 13: 424 325 490 196 134 296 167 
Bin 14: 120 119 68 6 409 425 497 
Bin 15: 5 464 288 102 443 2 88 
Bin 16: 398 184 171 103 110 331 
Bin 17: 494 278 275 486 182 383 
Bin 18: 168 250 333 347 158 203 
Bin 19: 174 314 24 445 461 353 295 
Bin 20: 181 82 323 122 252 180 107 
Bin 21: 281 272 303 154 231 96 261 
Bin 22: 403 378 195 479 342 78 170 
Bin 23: 210 430 413 496 55 47 22 
Bin 24: 87 235 72 470 449 434 176 
Bin 25: 404 245 38 431 221 392 
Bin 26: 95 187 26 140 334 61 46 
Bin 27: 32 491 359 91 209 41 
Bin 28: 200 34 83 220 344 108 
Bin 29: 324 230 56 447 21 485 228 
Bin 30: 53 63 360 105 355 313 435 16 
Bin 31: 156 173 393 73 363 114 179 
Bin 32: 408 399 466 386 417 153 
Bin 33: 478 142 8 271 371 185 
Bin 34: 315 407 306 350 217 402 
Bin 35: 92 201 93 459 236 161 
Bin 36: 42 419 9 304 269 495 
Bin 37: 136 234 43 36 318 
Bin 38: 367 169 265 77 18 193 
Bin 39: 113 460 256 259 151 246 483 
Bin 40: 198 338 80 354 233 86 308 
Bin 41: 224 395 456 226 163 191 
Bin 42: 164 15 223 441 23 29 335 
Bin 43: 60 116 166 79 162 188 138 
Bin 44: 414 361 52 62 320 328 
Bin 45: 322 177 137 400 476 432 
Bin 46: 1 312 7 493 101 145 279 
Bin 47: 64 277 222 468 10 284 
Bin 48: 330 81 428 410 465 351 
Bin 49: 357 99 317 283 394 365 366 
Bin 50: 40 139 444 369 214 
Bin 51: 58 255 49 356 262 149 
Bin 52: 276 258 25 39 218 388 372 
Bin 53: 106 316 190 241 373 
Bin 54: 499 70 229 286 397 336 
Bin 55: 426 489 141 237 498 247 227 
Bin 56: 263 192 232 327 319 264 20 69 
Bin 57: 326 89 75 487 310 343 
Bin 58: 471 249 13 311 225 439 
Bin 59: 376 85 244 118 48 362 
Bin 60: 51 30 31 135 242 126 67 
Bin 61: 3 492 433 427 301 111 
Bin 62: 123 480 155 438 411 212 
Bin 63: 289 197 391 219 251 448 
Bin 64: 160 332 14 349 285 12 
Bin 65: 450 194 76 0 358 440 
Bin 66: 45 50 117 211 339 128 
Bin 67: 100 381 144 98 4 109 
Bin 68: 19 377 421 213 183 453 124 
Bin 69: 375 216 17 348 467 
Bin 70: 458 472 253 340 133 346 
Bin 71: 474 172 130 147 66 257 
Bin 72: 337 379 287 442 11 
Bin 73: 412 266 112 189 473 368 
Bin 74: 298 94 451 364 37 131 
Bin 75: 239 178 429 159 282 
Bin 76: 150 240 302 477 415 
Bin 77: 416 463 291 115 293 208 
