# Objective: 18
# Time: 2.42699
# Feasible: 1
# Solution:
Bin 0: 68 29 39 26 104 
Bin 1: 44 113 73 59 13 10 87 35 
Bin 2: 2 92 83 42 109 66 52 77 
Bin 3: 38 41 63 101 106 1 
Bin 4: 6 3 60 20 47 118 14 
Bin 5: 11 95 115 19 98 111 48 
Bin 6: 36 5 30 100 54 32 64 
Bin 7: 67 0 45 23 96 8 53 
Bin 8: 80 71 117 116 97 79 
Bin 9: 112 90 21 86 78 4 
Bin 10: 33 89 88 70 74 114 57 28 
Bin 11: 51 25 76 17 102 65 82 40 
Bin 12: 50 12 22 56 110 62 24 
Bin 13: 81 107 119 108 49 43 
Bin 14: 94 34 85 18 93 91 
Bin 15: 9 15 16 61 37 99 
Bin 16: 72 103 55 105 84 
Bin 17: 46 31 69 27 75 58 7 
