# Objective: 19
# Time: 2.59465
# Feasible: 1
# Solution:
Bin 0: 91 111 58 94 69 96 
Bin 1: 38 108 62 72 40 95 
Bin 2: 3 109 107 103 2 50 
Bin 3: 33 27 83 57 53 116 76 24 
Bin 4: 105 102 73 64 23 29 
Bin 5: 49 20 89 35 12 61 112 
Bin 6: 34 5 80 21 67 36 
Bin 7: 45 66 6 84 100 115 
Bin 8: 85 19 25 81 110 54 
Bin 9: 9 16 1 17 117 46 22 
Bin 10: 28 88 14 104 15 13 
Bin 11: 99 51 65 32 52 119 114 113 
Bin 12: 0 97 43 87 31 86 
Bin 13: 101 48 77 39 8 79 93 
Bin 14: 26 30 42 75 90 11 70 
Bin 15: 63 56 44 98 71 74 92 
Bin 16: 4 118 7 60 82 
Bin 17: 47 10 78 18 
Bin 18: 41 106 55 68 37 59 
