# Objective: 19
# Time: 3.28644
# Feasible: 1
# Solution:
Bin 0: 59 119 106 45 8 34 60 
Bin 1: 67 56 22 66 36 11 
Bin 2: 76 14 48 85 57 31 12 
Bin 3: 108 10 114 117 3 16 29 
Bin 4: 73 98 102 110 100 78 74 15 
Bin 5: 4 50 101 5 26 105 
Bin 6: 47 35 97 63 94 41 
Bin 7: 27 24 81 95 42 
Bin 8: 109 89 51 30 107 
Bin 9: 111 25 88 82 91 64 
Bin 10: 38 53 23 62 103 7 
Bin 11: 72 80 40 92 32 71 2 
Bin 12: 96 9 55 18 13 115 17 
Bin 13: 118 58 0 52 83 44 79 68 
Bin 14: 69 84 54 6 33 
Bin 15: 116 1 99 104 112 75 
Bin 16: 77 49 113 93 86 90 
Bin 17: 37 65 61 87 43 39 
Bin 18: 20 46 28 70 19 21 
