# Objective: 148
# Time: 298.726
# Feasible: 1
# Solution:
Bin 0: 820 117 118 302 507 158 13 
Bin 1: 785 134 48 300 721 7 753 
Bin 2: 60 247 702 707 747 105 51 
Bin 3: 694 131 486 478 265 554 680 963 
Bin 4: 264 998 126 428 275 564 127 540 34 733 
Bin 5: 549 826 55 342 80 778 514 
Bin 6: 993 829 726 812 298 197 687 
Bin 7: 479 665 467 419 868 
Bin 8: 220 676 299 842 746 974 498 
Bin 9: 204 959 111 722 613 972 543 88 
Bin 10: 30 494 799 804 981 940 
Bin 11: 65 464 312 749 578 458 
Bin 12: 110 685 794 627 44 582 633 
Bin 13: 516 427 238 885 798 404 528 
Bin 14: 720 227 393 402 566 889 
Bin 15: 191 38 418 200 525 879 278 668 
Bin 16: 435 209 601 789 764 821 
Bin 17: 163 593 767 104 266 850 815 
Bin 18: 372 792 615 415 817 801 979 
Bin 19: 783 591 414 24 316 908 16 689 
Bin 20: 359 991 779 186 226 869 
Bin 21: 823 854 424 924 466 913 407 378 
Bin 22: 586 550 391 708 897 184 
Bin 23: 26 381 848 232 178 416 
Bin 24: 354 246 168 960 285 4 
Bin 25: 501 907 513 962 670 729 
Bin 26: 862 67 777 851 417 754 
Bin 27: 447 723 727 396 289 11 958 
Bin 28: 675 609 149 651 948 813 790 
Bin 29: 453 135 273 992 219 203 617 643 390 
Bin 30: 786 374 332 475 159 523 662 294 
Bin 31: 965 172 145 808 185 579 
Bin 32: 520 259 333 714 718 902 
Bin 33: 666 816 386 762 518 448 693 
Bin 34: 130 355 757 1 740 978 
Bin 35: 45 84 606 859 171 201 365 343 
Bin 36: 492 844 788 611 573 442 715 595 
Bin 37: 995 142 270 874 20 
Bin 38: 175 761 33 140 445 
Bin 39: 115 260 293 999 277 214 444 
Bin 40: 796 928 296 966 326 843 189 
Bin 41: 831 905 827 947 493 449 89 
Bin 42: 254 538 880 939 837 510 
Bin 43: 994 98 619 426 769 
Bin 44: 81 691 819 969 388 944 49 408 
Bin 45: 261 370 833 385 923 545 383 
Bin 46: 562 457 218 731 152 318 856 638 758 878 
Bin 47: 76 490 59 310 967 10 116 
Bin 48: 202 229 350 870 272 805 903 
Bin 49: 138 243 921 331 688 322 847 
Bin 50: 912 155 429 37 451 69 337 840 
Bin 51: 349 257 654 276 574 
Bin 52: 245 818 703 541 640 782 132 
Bin 53: 346 884 6 437 776 915 
Bin 54: 150 810 192 716 632 422 876 
Bin 55: 397 608 291 216 207 931 583 
Bin 56: 167 946 700 0 743 771 413 
Bin 57: 970 964 630 64 973 90 15 
Bin 58: 770 92 211 717 335 936 508 887 
Bin 59: 953 287 527 468 239 41 916 
Bin 60: 154 454 72 881 281 63 234 
Bin 61: 509 626 664 165 860 563 351 
Bin 62: 641 482 914 488 735 409 557 977 
Bin 63: 807 379 650 927 984 195 
Bin 64: 975 719 713 986 745 738 587 
Bin 65: 795 334 763 256 8 825 565 
Bin 66: 443 177 952 730 423 474 263 
Bin 67: 512 406 95 865 53 236 752 394 
Bin 68: 43 164 911 157 656 910 759 
Bin 69: 526 657 125 584 309 898 552 
Bin 70: 734 93 357 280 529 329 756 802 
Bin 71: 990 765 855 71 524 781 
Bin 72: 841 673 123 66 555 107 
Bin 73: 28 373 194 567 839 556 989 
Bin 74: 502 942 450 495 304 180 
Bin 75: 780 471 412 635 920 603 29 
Bin 76: 425 891 230 485 124 695 836 
Bin 77: 943 968 539 262 23 237 205 
Bin 78: 328 106 875 405 469 888 103 410 
Bin 79: 926 387 438 487 709 971 
Bin 80: 137 462 642 544 288 286 
Bin 81: 338 639 906 592 244 
Bin 82: 834 822 345 631 21 830 
Bin 83: 395 472 82 421 85 504 
Bin 84: 900 480 340 496 861 36 440 
Bin 85: 929 589 228 572 269 724 
Bin 86: 336 461 655 17 787 932 
Bin 87: 325 647 344 686 616 500 536 319 
Bin 88: 800 548 320 858 54 258 515 32 
Bin 89: 809 99 339 222 955 271 
Bin 90: 476 91 661 491 824 100 
Bin 91: 225 452 537 956 308 748 
Bin 92: 658 403 420 814 985 925 2 987 
Bin 93: 83 109 806 305 267 35 
Bin 94: 636 604 706 169 459 384 317 652 
Bin 95: 934 173 153 313 430 46 852 
Bin 96: 463 47 659 568 873 481 136 
Bin 97: 602 941 206 356 996 121 
Bin 98: 705 96 760 560 119 811 712 
Bin 99: 558 439 224 292 838 997 
Bin 100: 376 533 75 594 791 170 
Bin 101: 871 87 896 434 86 360 400 
Bin 102: 890 725 846 961 61 933 284 
Bin 103: 645 321 679 784 682 
Bin 104: 835 571 701 768 22 951 625 517 
Bin 105: 620 97 62 161 436 19 27 
Bin 106: 241 742 750 867 9 361 901 
Bin 107: 667 213 375 347 25 938 
Bin 108: 677 446 399 5 465 40 930 
Bin 109: 146 832 144 522 3 553 441 
Bin 110: 77 577 484 535 599 570 235 
Bin 111: 576 112 188 698 663 113 
Bin 112: 648 199 697 728 710 988 341 
Bin 113: 176 893 181 363 327 460 
Bin 114: 950 704 380 949 614 766 
Bin 115: 699 505 692 954 282 307 401 
Bin 116: 772 432 957 497 147 295 621 
Bin 117: 580 511 330 14 358 629 628 
Bin 118: 612 133 696 741 503 290 
Bin 119: 101 231 877 863 18 585 
Bin 120: 377 883 303 530 521 542 
Bin 121: 531 283 922 353 151 411 
Bin 122: 596 866 183 78 129 853 547 
Bin 123: 899 301 279 215 79 56 982 
Bin 124: 744 311 483 561 864 198 755 
Bin 125: 73 918 945 120 774 348 
Bin 126: 315 506 904 473 575 217 
Bin 127: 976 751 546 179 607 240 
Bin 128: 251 70 94 894 433 306 489 
Bin 129: 369 274 12 148 193 182 624 
Bin 130: 252 398 143 681 477 590 674 
Bin 131: 605 242 68 156 919 499 
Bin 132: 233 141 208 108 366 
Bin 133: 581 362 196 382 162 793 58 
Bin 134: 737 551 74 935 210 683 872 732 559 114 
Bin 135: 253 937 323 248 845 637 297 532 
Bin 136: 389 139 622 634 588 895 122 
Bin 137: 600 392 352 314 892 367 212 534 
Bin 138: 644 610 660 456 187 828 773 
Bin 139: 160 268 669 597 249 739 
Bin 140: 52 623 797 470 886 678 
Bin 141: 849 324 174 519 857 455 
Bin 142: 166 128 250 598 223 
Bin 143: 649 882 653 980 57 909 
Bin 144: 736 672 221 671 646 39 
Bin 145: 917 684 431 31 803 690 
Bin 146: 190 255 50 42 569 775 371 
Bin 147: 368 364 102 618 983 711 
