# Objective: 42
# Time: 16.9782
# Feasible: 1
# Solution:
Bin 0: 232 14 158 94 219 190 44 
Bin 1: 198 91 28 95 233 212 
Bin 2: 238 63 150 172 130 115 163 
Bin 3: 199 160 218 54 183 34 
Bin 4: 137 171 143 93 168 1 
Bin 5: 102 217 121 82 187 104 222 
Bin 6: 221 231 107 176 49 240 
Bin 7: 241 127 32 162 157 216 
Bin 8: 47 174 40 173 128 48 196 
Bin 9: 132 29 188 248 3 9 12 
Bin 10: 170 79 56 10 39 
Bin 11: 112 88 27 81 62 30 
Bin 12: 189 138 146 125 167 193 109 
Bin 13: 4 76 92 123 78 23 
Bin 14: 96 108 225 60 99 
Bin 15: 33 159 16 206 15 116 
Bin 16: 197 46 24 87 144 
Bin 17: 100 185 18 51 57 224 
Bin 18: 67 59 74 234 134 53 6 
Bin 19: 207 73 182 133 75 90 
Bin 20: 177 208 52 142 110 153 
Bin 21: 117 242 169 165 119 220 103 
Bin 22: 227 20 58 19 181 151 
Bin 23: 113 155 8 35 237 136 21 
Bin 24: 215 114 161 239 50 
Bin 25: 43 69 129 66 64 209 
Bin 26: 200 226 84 186 26 31 
Bin 27: 203 70 243 5 124 55 
Bin 28: 36 71 223 89 105 
Bin 29: 101 37 214 122 45 
Bin 30: 194 0 230 80 164 147 
Bin 31: 210 245 235 179 145 140 42 
Bin 32: 7 141 211 13 180 247 
Bin 33: 17 149 175 41 246 38 
Bin 34: 98 195 86 204 25 
Bin 35: 2 11 154 97 205 
Bin 36: 244 83 166 249 106 148 
Bin 37: 178 156 184 61 131 77 
Bin 38: 120 228 229 192 72 
Bin 39: 85 213 126 152 236 118 
Bin 40: 139 135 202 22 201 
Bin 41: 191 111 65 68 
