# Objective: 19
# Time: 4.04704
# Feasible: 1
# Solution:
Bin 0: 29 46 27 83 78 70 
Bin 1: 45 3 19 10 84 108 
Bin 2: 44 69 86 12 93 90 4 
Bin 3: 68 77 37 109 52 65 5 
Bin 4: 9 63 32 25 82 7 96 
Bin 5: 13 103 43 61 17 113 
Bin 6: 18 88 107 53 89 49 
Bin 7: 41 8 33 1 73 14 
Bin 8: 98 11 81 110 0 34 106 15 
Bin 9: 114 24 40 95 16 51 
Bin 10: 31 22 21 115 92 42 
Bin 11: 60 23 105 30 64 54 59 
Bin 12: 35 87 55 47 100 66 
Bin 13: 38 119 56 50 57 112 102 101 
Bin 14: 2 99 58 39 72 62 85 
Bin 15: 20 117 26 36 97 
Bin 16: 76 116 48 6 104 
Bin 17: 67 94 28 118 111 
Bin 18: 74 71 75 79 80 91 
