# Objective: 39
# Time: 5.53748
# Feasible: 1
# Solution:
Bin 0: 244 221 229 237 134 249 36 
Bin 1: 230 215 145 117 201 
Bin 2: 30 177 130 2 62 3 
Bin 3: 144 190 45 102 68 
Bin 4: 66 6 146 33 70 13 
Bin 5: 89 228 90 240 99 114 
Bin 6: 39 200 86 209 128 222 
Bin 7: 175 239 173 113 88 212 248 
Bin 8: 123 125 87 25 174 189 213 
Bin 9: 118 111 57 98 208 219 163 
Bin 10: 247 167 160 43 34 21 241 
Bin 11: 202 227 71 243 235 8 115 
Bin 12: 225 166 218 187 131 64 181 101 
Bin 13: 10 49 192 7 17 16 35 
Bin 14: 120 79 75 217 91 82 37 
Bin 15: 12 168 183 169 158 52 
Bin 16: 148 129 93 242 19 
Bin 17: 83 150 1 46 232 14 
Bin 18: 95 216 40 165 245 
Bin 19: 220 205 97 170 238 138 
Bin 20: 58 184 159 18 23 119 193 124 
Bin 21: 0 74 9 210 178 142 41 157 
Bin 22: 226 80 234 172 20 44 
Bin 23: 51 207 151 24 149 54 116 
Bin 24: 56 26 152 206 96 121 
Bin 25: 153 63 11 92 223 246 42 
Bin 26: 48 135 126 185 136 27 106 
Bin 27: 122 156 103 38 5 214 
Bin 28: 47 53 236 112 65 162 231 
Bin 29: 143 94 198 133 109 4 
Bin 30: 55 61 179 31 139 204 60 
Bin 31: 195 73 191 110 186 188 
Bin 32: 180 182 105 100 197 85 196 
Bin 33: 147 77 132 28 224 78 
Bin 34: 211 72 164 137 81 
Bin 35: 29 127 76 22 140 233 84 69 
Bin 36: 50 199 155 59 107 
Bin 37: 176 161 15 104 194 171 
Bin 38: 203 141 67 154 108 32 
