# Objective: 88
# Time: 65.5505
# Feasible: 1
# Solution:
Bin 0: 410 384 26 110 397 443 469 
Bin 1: 295 436 35 231 179 
Bin 2: 425 197 428 211 1 365 11 
Bin 3: 359 271 46 313 89 284 0 
Bin 4: 381 393 24 308 246 434 
Bin 5: 166 371 98 483 390 
Bin 6: 404 472 10 17 290 267 
Bin 7: 273 210 191 256 315 418 96 
Bin 8: 30 41 378 127 496 330 
Bin 9: 339 298 130 58 416 317 
Bin 10: 57 488 353 329 402 
Bin 11: 241 115 121 73 13 232 392 
Bin 12: 49 205 108 20 444 
Bin 13: 190 88 62 221 151 487 
Bin 14: 358 332 75 189 69 314 
Bin 15: 401 208 357 266 355 
Bin 16: 204 351 101 455 302 116 
Bin 17: 233 150 143 206 
Bin 18: 33 310 268 468 343 25 
Bin 19: 484 40 39 129 389 361 
Bin 20: 479 494 474 309 449 161 
Bin 21: 3 257 305 429 334 174 
Bin 22: 12 21 133 213 164 202 
Bin 23: 327 452 184 66 91 226 
Bin 24: 34 119 42 495 466 366 
Bin 25: 118 169 240 199 181 
Bin 26: 136 447 276 323 458 
Bin 27: 490 318 158 167 422 83 
Bin 28: 244 252 209 47 95 
Bin 29: 462 224 139 431 111 352 
Bin 30: 262 412 253 94 135 373 105 
Bin 31: 175 173 275 63 312 140 459 
Bin 32: 145 337 420 132 385 61 482 
Bin 33: 106 270 8 264 54 23 
Bin 34: 406 120 142 333 22 176 
Bin 35: 278 409 300 196 375 5 
Bin 36: 421 122 263 2 481 
Bin 37: 102 470 437 229 219 451 
Bin 38: 15 117 27 183 456 
Bin 39: 386 207 461 419 114 228 37 
Bin 40: 141 155 234 414 245 
Bin 41: 377 322 301 344 432 247 
Bin 42: 200 163 265 407 424 99 
Bin 43: 293 4 489 52 125 325 
Bin 44: 64 67 350 7 311 356 
Bin 45: 138 340 321 55 177 250 
Bin 46: 77 235 448 218 475 131 
Bin 47: 168 283 347 216 423 
Bin 48: 277 388 362 372 126 82 
Bin 49: 485 342 345 292 59 341 38 
Bin 50: 294 171 109 188 465 
Bin 51: 124 335 427 148 19 
Bin 52: 144 492 32 326 
Bin 53: 497 87 383 29 405 
Bin 54: 260 178 85 45 320 
Bin 55: 9 354 230 123 289 157 
Bin 56: 454 182 93 453 
Bin 57: 214 498 113 370 285 50 
Bin 58: 100 338 417 79 415 
Bin 59: 237 156 319 222 251 394 
Bin 60: 255 399 14 81 379 
Bin 61: 336 433 281 44 170 74 
Bin 62: 306 236 239 391 349 442 160 
Bin 63: 369 56 153 441 203 
Bin 64: 84 249 51 194 387 331 
Bin 65: 376 180 440 18 
Bin 66: 78 68 60 172 152 364 
Bin 67: 288 446 316 212 408 403 
Bin 68: 149 134 220 107 463 
Bin 69: 223 493 104 165 70 279 
Bin 70: 477 430 186 439 287 225 
Bin 71: 187 291 324 360 438 
Bin 72: 254 261 147 480 71 374 
Bin 73: 80 90 103 464 36 280 
Bin 74: 195 65 460 307 398 395 159 
Bin 75: 242 201 400 286 491 
Bin 76: 227 363 304 296 346 413 
Bin 77: 457 328 238 274 382 
Bin 78: 411 499 471 217 
Bin 79: 258 162 435 128 215 
Bin 80: 48 198 76 272 53 112 
Bin 81: 297 192 348 97 473 
Bin 82: 146 486 467 248 269 
Bin 83: 426 92 185 303 476 
Bin 84: 72 243 282 299 396 
Bin 85: 16 6 28 367 31 154 
Bin 86: 86 445 137 193 259 
Bin 87: 368 380 450 478 43 
