# Objective: 38
# Time: 5.12127
# Feasible: 1
# Solution:
Bin 0: 217 158 62 207 136 
Bin 1: 12 202 177 51 21 161 
Bin 2: 63 135 125 113 122 90 75 126 
Bin 3: 85 148 173 209 164 214 
Bin 4: 204 91 79 176 216 101 156 
Bin 5: 227 229 239 69 117 
Bin 6: 141 244 6 78 106 187 10 
Bin 7: 127 234 183 33 16 191 98 138 32 
Bin 8: 128 27 73 155 185 72 151 219 
Bin 9: 86 174 25 39 118 168 
Bin 10: 228 222 1 130 132 64 
Bin 11: 92 215 201 15 123 238 
Bin 12: 226 5 189 140 104 23 110 
Bin 13: 190 232 24 129 249 223 
Bin 14: 206 137 171 20 94 245 41 
Bin 15: 157 102 31 112 103 
Bin 16: 29 147 179 166 172 44 60 
Bin 17: 167 88 48 178 175 50 
Bin 18: 218 124 46 99 93 
Bin 19: 42 2 192 248 59 150 37 
Bin 20: 74 200 119 116 70 212 220 
Bin 21: 205 230 188 96 198 68 159 243 
Bin 22: 66 19 26 71 111 67 
Bin 23: 17 242 120 142 82 95 89 186 105 
Bin 24: 100 237 180 194 184 80 76 
Bin 25: 225 153 52 231 169 14 55 11 
Bin 26: 0 49 36 203 56 30 149 
Bin 27: 7 13 43 144 221 211 
Bin 28: 162 38 213 8 121 4 
Bin 29: 143 133 195 163 224 193 54 
Bin 30: 40 47 77 240 61 115 247 
Bin 31: 197 53 210 170 199 58 28 
Bin 32: 18 233 134 196 241 108 107 
Bin 33: 139 87 65 97 236 
Bin 34: 22 81 34 57 181 146 
Bin 35: 83 160 109 35 131 246 
Bin 36: 9 84 165 182 3 
Bin 37: 45 154 208 152 145 114 235 
