# Objective: 18
# Time: 4.27456
# Feasible: 1
# Solution:
Bin 0: 98 52 53 26 112 105 
Bin 1: 113 25 109 59 91 118 
Bin 2: 33 101 81 89 58 
Bin 3: 78 38 119 39 96 40 22 3 
Bin 4: 107 103 20 12 99 44 
Bin 5: 62 36 61 82 47 116 54 
Bin 6: 11 65 15 24 93 75 41 
Bin 7: 35 104 74 84 83 90 80 18 73 
Bin 8: 57 16 42 70 56 86 30 
Bin 9: 46 85 32 87 114 77 
Bin 10: 27 9 10 0 88 100 
Bin 11: 51 34 108 4 48 60 45 
Bin 12: 95 13 92 71 17 102 117 79 
Bin 13: 8 76 106 68 6 31 37 115 
Bin 14: 64 94 29 7 110 49 
Bin 15: 23 2 19 97 43 67 69 
Bin 16: 63 50 5 55 66 28 
Bin 17: 21 72 1 111 14 
