# Objective: 82
# Time: 52.421
# Feasible: 1
# Solution:
Bin 0: 266 174 493 211 12 386 
Bin 1: 232 464 290 129 208 63 14 
Bin 2: 20 74 360 83 0 449 374 
Bin 3: 393 475 251 172 220 260 199 131 
Bin 4: 279 261 78 239 297 303 
Bin 5: 390 80 304 146 359 143 301 
Bin 6: 432 467 411 72 498 38 
Bin 7: 385 445 45 424 363 409 
Bin 8: 218 128 46 370 180 461 154 
Bin 9: 212 440 98 201 121 96 
Bin 10: 42 396 240 217 148 246 241 
Bin 11: 178 480 371 387 247 37 366 
Bin 12: 171 340 415 6 118 491 
Bin 13: 439 485 375 53 140 188 410 119 
Bin 14: 372 9 482 315 381 478 
Bin 15: 3 324 130 132 21 339 106 
Bin 16: 472 89 394 210 147 66 
Bin 17: 109 157 116 196 400 320 269 295 
Bin 18: 13 462 437 123 319 92 
Bin 19: 144 289 173 463 152 233 
Bin 20: 170 403 272 125 56 408 193 
Bin 21: 95 364 338 142 489 345 62 
Bin 22: 194 401 231 90 257 84 100 222 
Bin 23: 54 67 97 82 250 471 316 
Bin 24: 329 362 229 36 479 488 
Bin 25: 141 158 310 302 65 
Bin 26: 308 271 427 470 335 162 
Bin 27: 384 322 213 103 47 
Bin 28: 226 60 34 244 10 102 
Bin 29: 334 69 159 473 395 
Bin 30: 355 292 11 28 337 156 
Bin 31: 458 283 342 296 243 287 168 
Bin 32: 114 249 356 343 87 352 
Bin 33: 465 397 332 419 430 447 
Bin 34: 476 344 225 236 164 268 
Bin 35: 309 61 39 453 166 
Bin 36: 448 91 495 420 392 
Bin 37: 496 398 436 224 278 317 167 41 
Bin 38: 189 52 404 19 484 383 
Bin 39: 112 122 477 443 165 277 
Bin 40: 365 207 285 26 407 
Bin 41: 104 444 179 454 406 331 
Bin 42: 357 76 228 86 73 127 
Bin 43: 177 255 25 182 270 
Bin 44: 380 237 169 138 460 230 
Bin 45: 405 306 486 487 369 423 
Bin 46: 348 133 253 115 499 175 
Bin 47: 18 275 382 284 492 99 
Bin 48: 274 190 276 55 350 238 483 
Bin 49: 64 327 150 22 349 202 451 
Bin 50: 29 79 51 402 206 32 71 
Bin 51: 50 264 414 299 185 2 
Bin 52: 192 259 17 490 294 221 
Bin 53: 219 358 163 313 286 
Bin 54: 459 321 23 5 195 
Bin 55: 428 155 254 336 49 227 
Bin 56: 111 450 149 137 347 8 
Bin 57: 456 124 16 117 197 288 
Bin 58: 300 30 273 307 81 
Bin 59: 134 325 455 70 107 57 248 
Bin 60: 258 191 312 214 323 256 367 
Bin 61: 481 330 311 31 235 75 
Bin 62: 198 205 105 1 135 417 
Bin 63: 418 425 151 234 265 378 
Bin 64: 389 113 93 126 139 40 187 
Bin 65: 181 497 291 160 391 379 
Bin 66: 466 333 59 48 413 377 
Bin 67: 267 438 35 421 4 452 
Bin 68: 161 346 281 203 209 
Bin 69: 242 262 412 186 215 
Bin 70: 341 298 435 223 110 
Bin 71: 252 204 416 33 326 494 
Bin 72: 457 353 85 136 263 120 
Bin 73: 388 68 216 469 429 431 
Bin 74: 108 433 351 200 373 
Bin 75: 376 7 58 27 328 43 
Bin 76: 184 442 314 293 183 468 
Bin 77: 145 153 282 176 434 
Bin 78: 15 426 77 305 441 
Bin 79: 24 101 245 446 88 361 368 
Bin 80: 399 318 44 280 
Bin 81: 422 474 354 94 
