# Objective: 99
# Time: 125.019
# Feasible: 1
# Solution:
Bin 0: 27 167 341 437 203 
Bin 1: 347 147 329 158 
Bin 2: 151 395 361 276 75 47 
Bin 3: 398 195 414 496 
Bin 4: 338 70 73 107 478 269 
Bin 5: 494 378 122 333 3 
Bin 6: 393 335 172 67 411 15 
Bin 7: 253 81 382 388 309 261 
Bin 8: 250 238 119 491 448 20 
Bin 9: 156 88 310 211 296 
Bin 10: 6 61 14 96 
Bin 11: 455 325 169 469 39 
Bin 12: 362 127 130 89 313 
Bin 13: 384 342 180 321 499 90 
Bin 14: 441 271 181 464 48 
Bin 15: 399 144 359 232 247 
Bin 16: 161 118 243 208 
Bin 17: 212 408 415 262 22 128 
Bin 18: 244 92 174 468 
Bin 19: 145 115 295 153 45 
Bin 20: 426 259 481 82 184 
Bin 21: 190 322 123 52 99 
Bin 22: 111 1 412 471 34 
Bin 23: 475 358 220 436 240 
Bin 24: 135 198 287 307 483 467 
Bin 25: 189 369 97 93 215 258 
Bin 26: 49 285 274 470 497 
Bin 27: 348 498 355 460 35 
Bin 28: 178 249 357 185 197 138 
Bin 29: 74 454 375 345 391 376 
Bin 30: 410 229 266 401 
Bin 31: 142 434 495 150 
Bin 32: 423 233 425 139 346 154 
Bin 33: 449 344 409 176 444 
Bin 34: 265 257 219 328 117 
Bin 35: 473 260 396 24 456 
Bin 36: 400 152 417 424 155 
Bin 37: 5 280 200 192 366 
Bin 38: 71 68 370 334 283 227 
Bin 39: 237 404 451 242 429 
Bin 40: 202 380 365 
Bin 41: 368 234 79 427 421 
Bin 42: 63 297 80 337 113 
Bin 43: 210 33 402 373 493 389 
Bin 44: 193 256 221 171 134 485 
Bin 45: 312 188 492 381 216 457 
Bin 46: 440 166 281 383 462 
Bin 47: 479 148 465 100 137 
Bin 48: 484 0 305 405 339 326 
Bin 49: 463 207 352 149 264 58 
Bin 50: 173 132 23 278 133 
Bin 51: 422 294 87 104 
Bin 52: 29 466 489 204 228 314 
Bin 53: 450 263 64 
Bin 54: 275 66 25 293 16 
Bin 55: 38 443 7 160 201 
Bin 56: 235 292 288 318 
Bin 57: 272 386 50 487 
Bin 58: 273 108 245 255 103 446 
Bin 59: 320 490 136 187 477 
Bin 60: 304 91 371 291 303 432 486 
Bin 61: 363 301 53 248 31 
Bin 62: 284 191 21 286 433 
Bin 63: 179 354 126 2 
Bin 64: 116 51 332 459 
Bin 65: 246 343 406 308 364 
Bin 66: 114 268 394 110 306 
Bin 67: 183 196 442 367 44 
Bin 68: 353 95 252 
Bin 69: 159 360 254 69 330 
Bin 70: 377 267 428 336 223 
Bin 71: 164 36 76 323 350 
Bin 72: 65 445 300 282 430 
Bin 73: 224 356 319 290 289 
Bin 74: 452 84 140 488 62 
Bin 75: 407 28 419 177 165 
Bin 76: 418 299 77 162 59 13 
Bin 77: 143 302 279 351 175 
Bin 78: 205 392 57 214 157 
Bin 79: 222 420 85 231 109 458 
Bin 80: 60 385 102 403 19 194 
Bin 81: 182 472 379 121 
Bin 82: 217 105 11 374 206 
Bin 83: 218 146 324 170 43 86 
Bin 84: 327 37 239 439 
Bin 85: 42 78 315 277 209 331 46 
Bin 86: 431 226 4 163 56 
Bin 87: 101 40 461 298 
Bin 88: 10 316 168 186 251 
Bin 89: 230 199 131 125 124 9 
Bin 90: 416 474 390 17 397 
Bin 91: 340 311 12 141 
Bin 92: 482 41 55 83 270 
Bin 93: 372 349 236 438 241 
Bin 94: 317 480 129 30 112 
Bin 95: 98 18 413 387 32 
Bin 96: 447 8 476 106 453 
Bin 97: 72 120 26 94 225 
Bin 98: 213 54 435 
