# Objective: 75
# Time: 26.042
# Feasible: 1
# Solution:
Bin 0: 334 149 419 449 112 242 327 
Bin 1: 0 171 438 433 413 455 363 186 
Bin 2: 470 492 8 260 78 417 
Bin 3: 113 493 214 272 477 178 280 157 
Bin 4: 89 211 63 325 43 3 353 
Bin 5: 238 289 385 276 172 448 
Bin 6: 273 124 31 217 371 
Bin 7: 253 400 344 185 414 215 
Bin 8: 323 77 7 469 349 407 
Bin 9: 355 498 336 481 2 377 6 
Bin 10: 401 447 68 435 99 153 69 49 
Bin 11: 46 98 9 152 244 418 26 
Bin 12: 490 369 182 159 270 20 
Bin 13: 60 322 340 15 461 310 5 
Bin 14: 17 230 18 379 439 40 383 475 144 
Bin 15: 140 35 139 452 268 252 278 102 
Bin 16: 201 141 85 105 406 88 
Bin 17: 338 342 146 187 243 61 
Bin 18: 209 87 154 57 279 
Bin 19: 309 220 450 48 405 317 
Bin 20: 188 70 488 50 482 108 
Bin 21: 378 380 73 372 194 25 110 
Bin 22: 446 487 147 402 122 267 22 
Bin 23: 288 301 415 373 329 59 10 
Bin 24: 356 27 287 486 294 332 167 164 283 205 
Bin 25: 354 352 175 495 499 135 
Bin 26: 177 91 228 304 179 
Bin 27: 81 408 293 348 476 134 
Bin 28: 285 127 109 460 168 347 45 420 
Bin 29: 397 358 474 136 115 472 
Bin 30: 445 222 480 306 83 162 
Bin 31: 76 161 24 158 66 111 
Bin 32: 311 123 64 41 456 202 156 
Bin 33: 44 387 366 23 192 298 120 132 
Bin 34: 281 216 478 117 362 364 54 
Bin 35: 1 376 75 432 331 316 343 
Bin 36: 295 125 479 208 318 483 431 
Bin 37: 169 246 444 36 95 425 
Bin 38: 97 241 257 457 143 282 
Bin 39: 259 264 430 361 237 459 
Bin 40: 126 184 485 34 103 399 
Bin 41: 247 229 249 72 195 312 86 263 
Bin 42: 416 404 254 313 130 360 206 
Bin 43: 473 275 266 409 55 80 
Bin 44: 421 434 290 47 121 28 4 
Bin 45: 166 114 453 190 251 148 234 90 
Bin 46: 299 429 484 92 412 335 320 219 160 52 37 
Bin 47: 442 388 284 256 286 428 
Bin 48: 198 218 107 271 393 441 389 128 
Bin 49: 138 337 118 274 468 315 53 
Bin 50: 180 497 174 58 367 245 
Bin 51: 191 277 302 199 381 
Bin 52: 250 303 328 382 231 346 32 326 
Bin 53: 30 176 465 94 321 210 173 74 
Bin 54: 56 308 384 265 374 200 67 96 
Bin 55: 424 496 79 330 225 155 165 
Bin 56: 454 324 19 181 133 261 
Bin 57: 458 42 339 189 368 436 84 
Bin 58: 62 300 21 12 255 422 
Bin 59: 197 38 359 410 427 
Bin 60: 314 395 29 333 226 
Bin 61: 196 239 116 462 232 296 345 
Bin 62: 350 170 466 203 183 163 394 403 
Bin 63: 464 292 440 51 443 489 
Bin 64: 471 240 451 426 391 131 365 65 
Bin 65: 305 223 100 221 233 
Bin 66: 106 137 151 370 398 93 
Bin 67: 145 494 71 467 248 396 207 
Bin 68: 227 119 357 39 291 82 
Bin 69: 269 423 351 262 236 11 
Bin 70: 142 213 319 193 307 204 16 
Bin 71: 392 375 297 33 341 224 
Bin 72: 13 212 411 491 390 
Bin 73: 463 104 258 235 150 
Bin 74: 14 129 386 101 437 
