# Objective: 80
# Time: 33.1035
# Feasible: 1
# Solution:
Bin 0: 1 253 445 356 480 331 75 15 
Bin 1: 114 293 174 11 387 230 78 
Bin 2: 323 259 488 384 6 451 149 416 
Bin 3: 441 63 121 319 189 436 109 
Bin 4: 482 224 313 127 374 420 
Bin 5: 2 478 210 394 403 133 421 
Bin 6: 396 334 415 215 283 153 275 
Bin 7: 496 234 301 226 466 430 
Bin 8: 477 247 44 423 346 80 
Bin 9: 460 264 373 154 71 146 
Bin 10: 360 244 371 382 243 20 380 
Bin 11: 487 332 90 104 337 111 
Bin 12: 157 84 206 70 428 489 
Bin 13: 99 256 113 25 38 65 288 255 
Bin 14: 28 352 412 383 231 483 123 407 
Bin 15: 461 318 170 36 467 236 
Bin 16: 251 481 42 437 368 195 314 474 
Bin 17: 418 453 156 40 160 450 277 
Bin 18: 379 272 309 199 310 427 414 
Bin 19: 249 5 308 393 470 
Bin 20: 292 388 405 202 320 348 
Bin 21: 492 112 443 364 191 485 
Bin 22: 115 16 79 137 345 287 32 
Bin 23: 77 246 361 144 398 410 131 
Bin 24: 289 324 9 458 401 217 
Bin 25: 98 390 119 214 431 406 
Bin 26: 335 327 315 177 372 281 
Bin 27: 265 126 166 122 268 465 344 
Bin 28: 117 155 138 62 378 102 493 
Bin 29: 151 228 64 91 135 438 
Bin 30: 340 81 455 118 263 200 197 
Bin 31: 479 341 497 53 76 353 
Bin 32: 369 330 402 367 270 491 74 
Bin 33: 271 152 33 454 490 449 
Bin 34: 208 242 486 55 468 22 3 
Bin 35: 258 37 312 87 464 159 181 
Bin 36: 339 35 106 58 213 295 
Bin 37: 223 409 342 333 376 463 363 
Bin 38: 180 424 12 41 198 
Bin 39: 192 116 422 499 291 343 
Bin 40: 196 107 201 446 130 252 
Bin 41: 404 280 211 229 433 325 
Bin 42: 386 456 184 476 302 261 
Bin 43: 495 59 51 254 10 434 
Bin 44: 248 92 94 417 56 105 
Bin 45: 472 54 462 45 274 193 
Bin 46: 475 385 266 13 29 391 
Bin 47: 354 225 408 297 190 
Bin 48: 411 307 235 425 351 
Bin 49: 300 498 357 167 432 279 
Bin 50: 168 18 39 362 278 
Bin 51: 101 89 95 69 209 298 
Bin 52: 305 161 322 128 21 31 
Bin 53: 316 282 222 52 171 
Bin 54: 306 459 238 389 426 172 86 19 
Bin 55: 207 448 82 88 311 110 
Bin 56: 329 233 67 419 269 85 
Bin 57: 365 400 108 169 237 262 484 
Bin 58: 221 245 338 294 317 304 
Bin 59: 145 173 103 8 132 
Bin 60: 375 183 204 442 140 23 
Bin 61: 17 471 220 413 260 
Bin 62: 350 194 186 150 34 0 
Bin 63: 469 142 50 164 355 285 
Bin 64: 100 147 399 349 290 72 
Bin 65: 435 97 24 273 326 359 129 452 
Bin 66: 148 276 47 66 27 49 30 
Bin 67: 494 457 14 392 7 178 
Bin 68: 143 182 347 239 176 241 139 
Bin 69: 212 162 444 216 257 203 
Bin 70: 429 439 377 440 205 60 
Bin 71: 284 358 328 175 179 83 
Bin 72: 57 26 321 185 218 299 
Bin 73: 473 96 219 163 447 370 
Bin 74: 165 296 46 68 240 227 
Bin 75: 366 267 336 397 
Bin 76: 232 136 125 120 286 381 
Bin 77: 93 188 303 61 134 
Bin 78: 124 158 395 141 250 
Bin 79: 187 73 4 48 43 
