# Objective: 18
# Time: 3.0767
# Feasible: 1
# Solution:
Bin 0: 62 47 71 64 42 116 87 
Bin 1: 27 63 97 45 50 11 12 81 
Bin 2: 59 117 78 44 18 107 86 
Bin 3: 109 19 115 114 49 68 53 98 
Bin 4: 101 34 5 73 118 61 32 
Bin 5: 20 15 22 96 1 43 51 
Bin 6: 56 108 92 93 21 31 79 112 
Bin 7: 90 7 37 58 0 103 104 110 
Bin 8: 100 25 82 6 89 66 
Bin 9: 9 91 77 94 38 65 
Bin 10: 60 83 41 28 14 80 
Bin 11: 88 4 26 54 48 102 57 
Bin 12: 85 55 113 35 52 
Bin 13: 75 23 8 2 30 3 
Bin 14: 40 105 17 106 70 33 
Bin 15: 29 69 72 119 13 67 
Bin 16: 95 111 39 24 36 10 
Bin 17: 76 84 16 99 74 46 
