# Objective: 19
# Time: 2.68761
# Feasible: 1
# Solution:
Bin 0: 21 12 100 49 101 84 68 110 
Bin 1: 41 86 16 2 0 8 
Bin 2: 9 66 37 47 45 36 54 
Bin 3: 117 31 32 56 96 
Bin 4: 15 62 76 13 105 74 
Bin 5: 87 34 94 40 57 92 
Bin 6: 22 82 75 33 112 44 97 24 116 
Bin 7: 77 69 78 7 93 79 
Bin 8: 115 58 59 38 26 107 
Bin 9: 39 119 3 52 6 109 91 
Bin 10: 103 83 55 35 85 
Bin 11: 19 53 64 43 90 72 
Bin 12: 50 106 30 114 23 48 
Bin 13: 67 14 89 118 70 98 81 
Bin 14: 5 63 88 17 113 29 
Bin 15: 71 11 60 1 42 10 102 
Bin 16: 73 28 111 51 80 18 
Bin 17: 99 95 20 27 108 25 
Bin 18: 4 46 104 65 61 
