# Objective: 38
# Time: 5.36397
# Feasible: 1
# Solution:
Bin 0: 86 104 71 117 3 10 62 214 
Bin 1: 85 24 89 155 203 161 68 
Bin 2: 18 168 56 247 238 4 162 
Bin 3: 190 1 139 13 182 170 
Bin 4: 230 152 72 150 70 45 202 
Bin 5: 42 39 15 66 186 248 220 81 
Bin 6: 11 54 149 146 131 215 73 185 97 28 
Bin 7: 16 165 225 106 74 243 17 
Bin 8: 158 180 140 105 67 209 207 
Bin 9: 218 12 184 122 43 197 
Bin 10: 157 99 174 102 212 
Bin 11: 240 175 231 64 36 115 50 
Bin 12: 6 204 110 187 148 163 
Bin 13: 159 216 107 195 87 
Bin 14: 221 113 153 112 199 
Bin 15: 126 58 103 137 29 46 
Bin 16: 61 40 65 191 100 173 
Bin 17: 127 219 114 125 172 111 181 
Bin 18: 119 229 154 211 208 178 
Bin 19: 192 80 19 9 183 245 
Bin 20: 128 57 233 138 93 145 120 
Bin 21: 83 76 237 242 217 0 41 179 
Bin 22: 48 246 101 205 53 35 
Bin 23: 75 143 95 25 32 177 59 
Bin 24: 8 226 109 133 21 7 227 167 5 
Bin 25: 188 37 38 164 241 96 156 
Bin 26: 69 90 200 194 235 88 
Bin 27: 30 224 210 91 169 
Bin 28: 244 239 141 33 77 
Bin 29: 26 82 84 124 20 
Bin 30: 49 108 206 160 34 132 116 60 
Bin 31: 232 52 44 51 2 27 
Bin 32: 228 31 23 193 166 47 136 151 
Bin 33: 171 196 198 98 78 94 
Bin 34: 236 134 144 213 142 118 223 121 
Bin 35: 63 22 130 249 129 189 
Bin 36: 176 147 123 55 14 
Bin 37: 79 222 234 135 201 92 
