# Objective: 185
# Time: 233.987
# Feasible: 1
# Solution:
Bin 0: 218 620 844 97 443 902 
Bin 1: 229 299 924 138 849 
Bin 2: 363 574 279 432 731 
Bin 3: 881 373 724 741 369 160 
Bin 4: 438 698 141 652 395 
Bin 5: 651 246 330 644 557 909 
Bin 6: 318 680 585 15 642 
Bin 7: 190 208 433 951 422 511 
Bin 8: 789 18 305 48 412 2 801 
Bin 9: 857 870 639 236 449 
Bin 10: 558 606 310 831 935 
Bin 11: 27 539 488 400 166 63 510 
Bin 12: 418 282 619 351 343 
Bin 13: 99 825 392 586 454 960 
Bin 14: 159 781 934 215 154 559 
Bin 15: 635 57 319 189 187 
Bin 16: 176 193 805 446 341 576 
Bin 17: 674 223 882 656 46 
Bin 18: 565 582 865 507 944 
Bin 19: 505 326 859 761 
Bin 20: 920 769 217 161 192 
Bin 21: 518 915 348 759 293 
Bin 22: 312 980 812 766 397 212 
Bin 23: 861 705 195 494 55 291 
Bin 24: 813 743 379 862 253 10 
Bin 25: 630 648 93 922 840 
Bin 26: 17 389 475 199 877 597 
Bin 27: 378 901 875 701 321 420 
Bin 28: 626 107 111 121 39 
Bin 29: 112 12 757 194 657 
Bin 30: 931 997 366 247 990 
Bin 31: 996 906 260 670 646 910 
Bin 32: 155 851 264 795 359 268 
Bin 33: 967 550 991 969 35 37 
Bin 34: 149 572 899 297 106 
Bin 35: 49 775 601 948 164 
Bin 36: 929 142 716 693 419 110 
Bin 37: 135 526 485 497 728 
Bin 38: 872 536 13 65 285 353 
Bin 39: 313 733 823 873 923 
Bin 40: 298 542 103 325 784 451 
Bin 41: 20 88 222 104 
Bin 42: 672 807 659 636 676 876 
Bin 43: 183 294 603 687 740 758 
Bin 44: 480 573 726 978 403 329 227 
Bin 45: 9 427 739 998 808 765 
Bin 46: 776 633 523 270 592 
Bin 47: 947 322 143 824 579 954 
Bin 48: 62 137 588 732 479 
Bin 49: 207 625 338 72 736 
Bin 50: 671 521 700 966 679 788 
Bin 51: 848 61 487 444 211 
Bin 52: 530 908 810 7 150 234 
Bin 53: 617 119 186 879 168 640 
Bin 54: 809 94 79 514 256 416 
Bin 55: 165 611 836 714 853 239 
Bin 56: 100 790 512 791 602 70 
Bin 57: 982 631 372 634 334 336 
Bin 58: 696 158 663 760 245 232 
Bin 59: 470 16 985 710 376 398 
Bin 60: 45 816 337 786 396 683 
Bin 61: 309 957 200 607 283 241 
Bin 62: 897 90 838 288 
Bin 63: 56 804 484 828 230 
Bin 64: 38 317 98 177 391 128 
Bin 65: 170 917 303 243 832 
Bin 66: 577 524 566 308 856 
Bin 67: 921 649 800 115 864 
Bin 68: 339 249 751 277 553 
Bin 69: 5 258 551 109 692 835 
Bin 70: 83 425 653 371 174 506 
Bin 71: 364 499 961 599 402 793 
Bin 72: 201 845 452 719 583 608 
Bin 73: 437 67 290 493 756 380 
Bin 74: 242 981 116 963 571 
Bin 75: 591 768 730 414 706 120 
Bin 76: 946 641 561 197 428 
Bin 77: 151 289 595 216 782 460 
Bin 78: 892 533 547 669 255 496 
Bin 79: 995 82 940 907 717 267 
Bin 80: 673 368 136 580 53 519 
Bin 81: 114 251 500 87 254 
Bin 82: 814 846 830 175 203 829 
Bin 83: 287 886 145 167 60 
Bin 84: 263 939 478 295 624 
Bin 85: 448 439 684 316 658 
Bin 86: 618 905 140 504 958 220 
Bin 87: 668 964 637 911 992 
Bin 88: 340 913 704 327 226 11 
Bin 89: 827 252 928 720 770 
Bin 90: 887 461 575 405 434 
Bin 91: 678 871 614 777 95 188 
Bin 92: 233 860 89 473 19 180 
Bin 93: 4 146 81 320 77 
Bin 94: 713 113 888 44 817 
Bin 95: 179 259 772 976 660 
Bin 96: 86 92 955 712 949 
Bin 97: 6 715 589 202 
Bin 98: 250 54 102 14 423 
Bin 99: 357 508 682 424 417 926 
Bin 100: 383 117 69 632 323 
Bin 101: 686 570 878 930 238 792 
Bin 102: 132 638 900 520 552 358 
Bin 103: 616 821 891 725 970 
Bin 104: 613 139 148 1 681 962 
Bin 105: 300 157 578 144 269 
Bin 106: 73 896 697 627 41 
Bin 107: 173 85 265 818 868 764 
Bin 108: 895 393 25 735 204 
Bin 109: 822 598 464 36 904 
Bin 110: 945 181 413 462 721 163 
Bin 111: 531 549 271 375 346 989 
Bin 112: 884 133 581 441 349 171 
Bin 113: 734 257 703 936 702 
Bin 114: 411 796 564 654 975 
Bin 115: 23 866 426 916 476 
Bin 116: 554 593 152 406 362 974 
Bin 117: 938 590 661 885 522 666 
Bin 118: 532 645 281 483 407 516 
Bin 119: 355 987 482 24 74 
Bin 120: 847 623 986 467 953 
Bin 121: 785 919 43 453 850 525 
Bin 122: 205 331 306 284 474 248 206 
Bin 123: 925 612 22 880 773 
Bin 124: 459 983 999 806 754 
Bin 125: 544 515 34 124 979 
Bin 126: 472 302 738 747 408 
Bin 127: 729 798 855 58 278 622 
Bin 128: 344 562 972 471 834 28 
Bin 129: 965 156 889 394 47 594 134 
Bin 130: 131 415 153 296 709 335 
Bin 131: 605 527 51 127 546 
Bin 132: 563 29 567 468 275 399 
Bin 133: 431 231 214 262 350 
Bin 134: 667 833 370 377 172 
Bin 135: 122 421 555 457 314 912 
Bin 136: 513 742 780 445 610 228 
Bin 137: 545 771 977 629 560 
Bin 138: 84 42 643 749 609 744 
Bin 139: 950 466 261 384 280 587 
Bin 140: 66 292 811 688 755 699 
Bin 141: 797 803 694 80 994 662 
Bin 142: 450 517 600 621 695 723 
Bin 143: 932 628 537 50 
Bin 144: 356 30 130 219 240 235 
Bin 145: 596 893 169 942 993 933 
Bin 146: 0 469 436 458 867 162 
Bin 147: 655 541 858 604 213 435 
Bin 148: 778 837 894 677 465 
Bin 149: 481 615 783 767 33 
Bin 150: 429 802 664 
Bin 151: 409 943 123 185 
Bin 152: 799 352 178 78 952 
Bin 153: 854 727 852 722 105 
Bin 154: 941 763 501 367 333 
Bin 155: 509 535 883 956 746 76 
Bin 156: 650 787 973 388 647 
Bin 157: 737 361 75 304 927 842 184 
Bin 158: 385 489 819 347 
Bin 159: 390 529 675 903 
Bin 160: 404 863 147 311 126 442 
Bin 161: 752 221 937 52 118 
Bin 162: 196 538 748 959 91 
Bin 163: 381 718 569 665 815 
Bin 164: 491 584 209 210 274 
Bin 165: 382 794 774 129 374 689 
Bin 166: 486 707 685 59 430 
Bin 167: 365 543 548 225 984 
Bin 168: 266 32 31 534 440 
Bin 169: 410 691 874 26 540 
Bin 170: 360 342 708 198 
Bin 171: 528 503 988 914 968 386 
Bin 172: 332 8 498 556 
Bin 173: 182 820 307 401 108 
Bin 174: 843 690 244 224 
Bin 175: 40 315 492 237 568 96 745 
Bin 176: 354 711 273 447 68 
Bin 177: 328 898 753 3 276 345 
Bin 178: 272 495 21 387 71 
Bin 179: 839 890 869 477 
Bin 180: 191 125 101 918 
Bin 181: 324 762 455 286 456 
Bin 182: 826 64 971 
Bin 183: 463 301 841 
Bin 184: 779 490 750 502 
