# Objective: 19
# Time: 3.19108
# Feasible: 1
# Solution:
Bin 0: 108 73 31 30 78 81 51 
Bin 1: 101 58 116 12 53 20 36 7 5 
Bin 2: 17 80 60 6 2 44 
Bin 3: 48 34 15 1 3 68 
Bin 4: 64 32 94 79 109 45 105 
Bin 5: 103 61 41 113 76 28 
Bin 6: 63 39 42 11 23 
Bin 7: 8 99 21 118 87 95 88 74 
Bin 8: 97 119 93 100 107 72 
Bin 9: 70 0 47 40 62 65 
Bin 10: 69 26 111 29 92 102 82 
Bin 11: 35 55 67 98 13 18 
Bin 12: 86 49 19 106 90 117 50 22 77 
Bin 13: 56 84 16 59 89 
Bin 14: 110 115 57 43 52 
Bin 15: 96 114 71 14 112 
Bin 16: 33 37 66 104 38 
Bin 17: 25 46 91 24 85 83 4 
Bin 18: 27 75 10 54 9 
