# Objective: 157
# Time: 221.654
# Feasible: 1
# Solution:
Bin 0: 172 990 483 759 316 372 583 
Bin 1: 25 850 514 671 785 101 234 78 
Bin 2: 797 217 57 745 968 8 
Bin 3: 947 277 863 849 354 721 507 959 
Bin 4: 327 1 230 349 112 309 163 
Bin 5: 681 388 798 891 406 486 842 
Bin 6: 657 197 569 182 274 322 21 
Bin 7: 439 97 238 740 218 854 
Bin 8: 294 874 677 870 61 661 950 12 
Bin 9: 932 922 936 656 707 155 
Bin 10: 283 202 299 223 312 493 
Bin 11: 276 621 871 868 502 720 
Bin 12: 422 775 549 783 727 221 424 
Bin 13: 87 320 885 117 261 494 620 
Bin 14: 629 896 359 463 927 243 809 
Bin 15: 410 562 605 571 981 165 390 396 
Bin 16: 485 403 226 737 988 233 175 
Bin 17: 33 34 355 851 495 613 51 
Bin 18: 826 860 41 480 268 371 432 73 
Bin 19: 64 295 674 683 951 658 133 263 
Bin 20: 365 525 877 207 907 
Bin 21: 735 429 374 70 302 662 911 445 
Bin 22: 272 808 857 730 15 
Bin 23: 303 878 756 908 819 726 823 
Bin 24: 818 627 106 669 744 765 
Bin 25: 693 774 111 792 431 540 168 
Bin 26: 926 675 411 444 200 170 518 
Bin 27: 971 53 771 19 0 847 27 
Bin 28: 478 917 339 563 899 
Bin 29: 845 420 732 614 753 825 
Bin 30: 875 245 376 800 632 995 
Bin 31: 731 137 301 815 352 999 381 
Bin 32: 453 568 13 921 63 913 
Bin 33: 560 119 184 867 195 49 616 
Bin 34: 510 704 749 900 305 449 
Bin 35: 488 331 567 83 224 952 967 
Bin 36: 447 284 464 211 637 479 577 524 
Bin 37: 769 624 470 68 3 561 
Bin 38: 18 308 942 772 521 246 550 
Bin 39: 652 450 747 541 402 377 80 
Bin 40: 558 448 319 333 697 953 
Bin 41: 433 965 948 506 407 138 
Bin 42: 786 149 364 773 976 435 
Bin 43: 723 337 237 66 399 581 
Bin 44: 42 412 778 519 206 750 10 
Bin 45: 174 152 265 945 318 259 
Bin 46: 828 380 584 236 594 115 
Bin 47: 939 626 151 839 481 146 
Bin 48: 716 961 134 144 363 729 199 865 
Bin 49: 264 85 844 906 340 79 982 679 
Bin 50: 748 334 346 647 795 
Bin 51: 895 604 205 676 358 979 920 881 
Bin 52: 317 761 790 426 228 684 104 
Bin 53: 499 886 827 820 853 585 
Bin 54: 511 405 255 287 508 356 912 
Bin 55: 905 11 512 777 139 62 
Bin 56: 353 490 641 665 385 332 
Bin 57: 582 278 980 357 28 102 
Bin 58: 7 831 427 26 187 232 22 587 
Bin 59: 603 397 829 75 330 
Bin 60: 940 247 465 47 307 96 
Bin 61: 71 625 638 81 161 
Bin 62: 811 746 91 986 160 285 
Bin 63: 755 192 148 40 147 125 
Bin 64: 451 201 743 271 458 997 598 
Bin 65: 787 687 437 153 963 114 
Bin 66: 794 121 387 191 65 760 
Bin 67: 876 591 848 361 770 960 
Bin 68: 728 835 415 89 186 370 962 
Bin 69: 873 664 131 736 290 998 
Bin 70: 501 531 58 918 692 436 
Bin 71: 32 136 590 86 492 214 166 
Bin 72: 476 344 292 841 430 39 38 
Bin 73: 802 471 258 622 554 443 993 235 
Bin 74: 944 816 434 799 173 342 935 
Bin 75: 504 522 893 653 766 314 
Bin 76: 183 597 824 715 178 530 
Bin 77: 503 5 978 118 496 43 
Bin 78: 559 958 813 924 789 92 328 776 
Bin 79: 351 696 686 55 578 250 718 
Bin 80: 123 943 666 16 423 991 706 
Bin 81: 711 472 520 176 383 925 734 
Bin 82: 634 763 898 438 171 
Bin 83: 384 59 837 869 651 689 
Bin 84: 635 251 806 409 644 954 
Bin 85: 742 154 2 904 672 159 596 688 
Bin 86: 459 135 640 311 367 791 
Bin 87: 204 103 788 834 82 
Bin 88: 310 23 914 607 460 37 
Bin 89: 586 724 609 408 282 593 108 
Bin 90: 768 579 552 903 240 909 
Bin 91: 6 213 248 650 807 517 919 
Bin 92: 74 394 547 269 209 239 
Bin 93: 539 536 570 628 54 611 781 
Bin 94: 454 181 741 404 923 116 985 
Bin 95: 700 529 852 487 467 938 
Bin 96: 389 933 401 659 694 132 300 382 
Bin 97: 782 805 996 325 462 699 
Bin 98: 338 304 446 452 822 709 
Bin 99: 916 513 469 649 556 606 889 24 
Bin 100: 315 705 872 257 321 738 612 
Bin 101: 838 648 897 142 158 231 576 
Bin 102: 846 281 545 883 803 660 267 
Bin 103: 94 130 639 713 555 296 69 
Bin 104: 543 180 107 198 654 573 
Bin 105: 779 253 46 983 680 169 
Bin 106: 141 685 289 280 599 929 210 293 
Bin 107: 946 428 830 719 466 580 
Bin 108: 695 623 526 326 417 164 30 
Bin 109: 440 4 856 347 557 793 
Bin 110: 360 156 196 84 668 100 
Bin 111: 701 949 242 890 930 565 
Bin 112: 678 821 698 542 527 969 
Bin 113: 368 379 336 110 442 836 208 667 
Bin 114: 710 413 915 500 475 457 
Bin 115: 391 20 369 56 189 414 
Bin 116: 398 937 663 758 546 589 882 
Bin 117: 566 618 523 324 262 
Bin 118: 473 179 193 762 600 
Bin 119: 767 733 109 509 703 455 
Bin 120: 190 984 528 52 752 764 
Bin 121: 862 17 717 751 88 127 313 
Bin 122: 682 608 386 249 270 796 691 
Bin 123: 972 203 690 516 343 185 252 
Bin 124: 461 722 477 167 350 35 
Bin 125: 964 220 855 902 392 702 
Bin 126: 884 858 225 595 515 955 
Bin 127: 879 812 113 216 843 
Bin 128: 592 128 941 966 615 
Bin 129: 297 425 126 256 215 901 291 
Bin 130: 864 631 757 362 994 482 
Bin 131: 646 931 535 124 725 244 
Bin 132: 712 419 642 76 474 378 67 421 
Bin 133: 260 601 323 880 266 375 
Bin 134: 395 150 212 241 298 
Bin 135: 286 588 780 655 989 
Bin 136: 892 145 177 393 534 574 
Bin 137: 44 341 468 120 833 548 
Bin 138: 194 630 400 497 887 
Bin 139: 974 537 143 533 575 93 
Bin 140: 888 50 188 275 810 
Bin 141: 227 840 538 366 564 
Bin 142: 551 636 532 505 162 928 
Bin 143: 31 977 219 72 29 
Bin 144: 373 708 14 739 754 
Bin 145: 861 784 832 222 140 
Bin 146: 273 553 544 99 416 418 
Bin 147: 45 98 801 714 894 95 
Bin 148: 866 973 673 456 129 602 
Bin 149: 934 77 491 254 957 617 
Bin 150: 633 90 306 122 975 
Bin 151: 498 572 288 910 956 645 
Bin 152: 670 441 105 345 335 
Bin 153: 817 60 484 992 643 804 
Bin 154: 36 987 619 348 489 
Bin 155: 9 329 970 229 48 157 
Bin 156: 279 859 610 814 
