# Objective: 155
# Time: 518.532
# Feasible: 1
# Solution:
Bin 0: 317 726 166 450 832 
Bin 1: 960 527 258 262 448 757 
Bin 2: 275 648 938 478 466 331 172 
Bin 3: 493 401 100 430 896 
Bin 4: 350 353 196 367 115 429 384 
Bin 5: 99 605 655 613 794 900 182 
Bin 6: 64 422 980 237 741 407 578 
Bin 7: 79 825 619 785 703 113 644 
Bin 8: 102 977 552 126 412 4 
Bin 9: 238 607 959 568 389 434 
Bin 10: 305 638 80 709 848 178 289 
Bin 11: 560 897 602 773 571 816 515 540 
Bin 12: 284 859 360 271 622 657 968 
Bin 13: 112 777 494 928 337 699 
Bin 14: 260 348 725 689 512 532 
Bin 15: 27 397 186 891 680 547 
Bin 16: 920 806 520 470 716 440 
Bin 17: 521 990 782 759 15 55 867 562 
Bin 18: 455 789 996 90 972 519 
Bin 19: 202 460 366 315 992 870 
Bin 20: 208 670 808 982 162 
Bin 21: 764 110 388 812 927 824 964 66 
Bin 22: 304 998 329 575 906 
Bin 23: 746 756 879 459 276 107 
Bin 24: 815 239 44 144 156 711 
Bin 25: 482 611 385 836 310 53 78 
Bin 26: 643 273 16 268 141 132 810 435 
Bin 27: 907 610 69 152 865 949 
Bin 28: 845 802 696 660 744 630 
Bin 29: 561 406 975 14 347 
Bin 30: 813 123 869 220 179 
Bin 31: 201 151 666 539 205 71 
Bin 32: 18 608 786 215 679 2 883 993 
Bin 33: 61 336 538 58 372 145 198 
Bin 34: 577 378 210 997 842 646 734 
Bin 35: 803 612 394 704 784 589 878 
Bin 36: 300 502 503 173 481 451 
Bin 37: 788 555 236 356 642 357 17 
Bin 38: 957 747 31 495 901 469 618 
Bin 39: 599 432 321 961 953 624 952 
Bin 40: 93 621 286 509 994 765 855 498 
Bin 41: 809 146 647 852 596 637 
Bin 42: 714 135 46 678 398 576 
Bin 43: 428 839 111 437 101 837 309 
Bin 44: 439 164 477 988 858 
Bin 45: 320 828 0 283 91 550 
Bin 46: 826 413 41 626 177 763 
Bin 47: 903 939 496 203 225 333 710 
Bin 48: 817 910 857 227 841 518 553 499 
Bin 49: 474 505 876 157 456 652 583 118 
Bin 50: 601 940 981 479 49 989 180 
Bin 51: 194 792 598 701 768 340 902 
Bin 52: 277 684 554 633 661 204 70 
Bin 53: 51 9 727 183 446 974 
Bin 54: 706 332 667 84 1 985 780 
Bin 55: 702 774 476 877 364 659 
Bin 56: 211 442 134 390 371 39 
Bin 57: 281 533 42 325 754 418 718 
Bin 58: 343 796 290 669 526 909 
Bin 59: 74 881 572 860 408 40 565 
Bin 60: 402 772 724 12 675 170 
Bin 61: 303 890 87 769 873 161 
Bin 62: 731 771 760 551 73 557 508 121 
Bin 63: 874 651 973 193 717 249 339 875 
Bin 64: 82 67 567 632 733 13 11 
Bin 65: 424 382 244 713 240 712 358 
Bin 66: 426 736 131 833 947 531 941 
Bin 67: 120 729 213 28 912 296 
Bin 68: 620 128 59 346 313 814 966 
Bin 69: 174 295 835 895 625 926 762 
Bin 70: 447 139 934 887 486 464 
Bin 71: 861 259 449 338 641 497 
Bin 72: 241 676 616 617 441 264 86 96 
Bin 73: 776 594 847 921 681 581 944 
Bin 74: 195 104 707 563 136 501 
Bin 75: 200 868 414 89 963 514 
Bin 76: 23 8 405 798 54 911 254 
Bin 77: 154 923 37 461 674 943 314 
Bin 78: 285 697 265 853 863 917 823 
Bin 79: 955 537 899 573 742 308 721 
Bin 80: 898 603 181 793 705 864 536 
Bin 81: 544 330 999 922 75 766 92 
Bin 82: 287 438 307 893 849 834 
Bin 83: 937 318 462 109 475 570 480 
Bin 84: 311 396 752 352 420 43 606 463 
Bin 85: 381 592 492 345 34 137 
Bin 86: 395 948 522 801 351 569 
Bin 87: 986 10 127 133 142 328 748 
Bin 88: 457 487 76 914 97 368 799 
Bin 89: 783 369 730 513 231 871 761 
Bin 90: 987 30 807 471 958 866 
Bin 91: 226 165 797 529 187 322 668 
Bin 92: 302 517 933 88 579 278 48 
Bin 93: 971 846 534 983 242 206 
Bin 94: 119 228 155 163 467 723 185 
Bin 95: 465 629 843 81 312 664 
Bin 96: 7 488 124 995 171 854 416 
Bin 97: 682 542 634 950 672 
Bin 98: 892 379 255 221 829 411 
Bin 99: 673 232 230 663 373 745 719 687 
Bin 100: 586 954 148 962 250 545 
Bin 101: 698 167 811 140 21 247 
Bin 102: 355 108 525 888 235 692 
Bin 103: 257 153 490 631 266 894 
Bin 104: 383 168 399 245 62 214 224 
Bin 105: 640 327 755 243 804 840 905 
Bin 106: 850 628 341 549 614 535 
Bin 107: 787 886 33 597 410 190 19 
Bin 108: 106 212 454 189 158 976 693 
Bin 109: 827 991 52 649 138 889 636 
Bin 110: 301 489 473 695 423 253 
Bin 111: 24 967 951 528 117 83 188 656 
Bin 112: 677 365 297 294 377 
Bin 113: 738 758 935 291 908 546 590 
Bin 114: 246 209 293 36 443 272 
Bin 115: 184 5 386 884 380 851 361 
Bin 116: 548 391 945 393 342 
Bin 117: 267 623 686 50 946 970 
Bin 118: 767 77 150 925 969 510 
Bin 119: 160 22 584 57 94 653 
Bin 120: 191 564 216 658 299 685 654 
Bin 121: 805 105 506 444 722 523 
Bin 122: 344 233 556 207 511 580 
Bin 123: 288 376 326 737 885 588 
Bin 124: 279 149 433 585 942 956 
Bin 125: 176 600 147 862 427 458 425 
Bin 126: 452 306 735 822 363 913 431 
Bin 127: 831 403 219 627 485 904 
Bin 128: 491 591 323 818 781 282 732 
Bin 129: 409 856 421 32 6 60 
Bin 130: 541 615 984 468 931 
Bin 131: 483 95 880 751 838 45 269 197 
Bin 132: 918 665 63 335 392 175 
Bin 133: 915 778 790 251 587 38 35 965 
Bin 134: 319 650 635 574 504 125 
Bin 135: 316 419 199 683 595 507 
Bin 136: 218 770 728 252 400 
Bin 137: 270 349 844 234 217 
Bin 138: 114 924 436 72 530 830 
Bin 139: 688 690 263 68 47 
Bin 140: 691 404 359 936 753 387 
Bin 141: 417 143 445 821 130 169 
Bin 142: 292 872 775 280 708 453 671 
Bin 143: 229 298 645 820 566 
Bin 144: 3 743 700 558 129 56 
Bin 145: 26 919 582 324 415 
Bin 146: 223 749 159 103 791 375 
Bin 147: 740 20 29 795 979 334 222 
Bin 148: 694 98 500 516 354 
Bin 149: 750 248 720 192 362 65 
Bin 150: 524 930 85 25 374 932 
Bin 151: 116 639 819 593 261 800 
Bin 152: 882 978 929 543 609 559 472 
Bin 153: 256 662 122 370 604 484 
Bin 154: 779 916 715 739 274 
