# Objective: 43
# Time: 8.9674
# Feasible: 1
# Solution:
Bin 0: 92 158 190 91 146 102 
Bin 1: 117 134 86 163 19 118 179 
Bin 2: 4 173 156 230 47 220 172 
Bin 3: 181 96 143 41 237 149 
Bin 4: 217 206 72 229 33 127 
Bin 5: 210 176 30 10 20 14 75 
Bin 6: 136 166 109 153 93 
Bin 7: 44 17 226 160 151 142 94 
Bin 8: 13 165 50 57 98 175 
Bin 9: 140 185 2 21 240 188 
Bin 10: 108 249 204 28 7 8 
Bin 11: 152 238 89 83 122 80 
Bin 12: 155 236 215 25 68 
Bin 13: 60 84 104 213 198 24 
Bin 14: 205 69 191 224 219 
Bin 15: 227 242 247 34 114 132 
Bin 16: 137 222 130 223 197 248 82 
Bin 17: 128 32 112 174 70 111 
Bin 18: 148 135 233 105 64 119 73 
Bin 19: 243 116 48 45 182 
Bin 20: 12 74 212 138 129 100 
Bin 21: 5 139 184 178 39 56 
Bin 22: 115 95 107 40 194 
Bin 23: 79 186 214 123 61 52 
Bin 24: 232 170 121 67 126 196 
Bin 25: 131 241 31 63 110 
Bin 26: 66 203 211 62 202 
Bin 27: 171 9 221 183 113 234 
Bin 28: 180 16 235 157 169 59 76 
Bin 29: 54 187 58 81 43 
Bin 30: 0 167 3 18 77 200 
Bin 31: 162 23 46 177 106 218 
Bin 32: 216 225 125 120 168 103 
Bin 33: 38 244 88 97 239 
Bin 34: 154 15 207 36 192 55 
Bin 35: 37 208 49 145 195 35 
Bin 36: 199 27 90 42 209 
Bin 37: 65 85 29 150 161 124 
Bin 38: 87 246 71 141 189 
Bin 39: 231 245 1 228 144 
Bin 40: 51 6 101 11 193 159 
Bin 41: 201 99 22 133 164 
Bin 42: 26 53 78 147 
