# Objective: 176
# Time: 3658.25
# Feasible: 1
# Solution:
Bin 0: 275 973 420 978 58 
Bin 1: 738 892 176 603 231 
Bin 2: 447 909 93 627 345 873 460 
Bin 3: 945 131 446 514 529 382 377 
Bin 4: 789 832 96 241 311 634 
Bin 5: 951 454 566 97 221 
Bin 6: 804 455 890 
Bin 7: 495 711 893 659 805 730 
Bin 8: 224 6 421 167 39 
Bin 9: 561 83 496 918 736 263 95 
Bin 10: 962 107 112 334 857 685 
Bin 11: 965 968 698 86 727 943 
Bin 12: 948 900 717 364 427 849 470 
Bin 13: 818 704 503 914 588 
Bin 14: 358 796 254 151 428 
Bin 15: 719 728 582 274 590 639 70 
Bin 16: 883 103 29 201 894 
Bin 17: 257 227 383 262 732 
Bin 18: 878 276 278 133 946 605 643 
Bin 19: 852 690 407 110 905 
Bin 20: 604 880 862 91 497 
Bin 21: 682 104 843 607 370 387 
Bin 22: 443 679 787 177 75 
Bin 23: 598 921 366 106 178 156 
Bin 24: 240 301 525 0 373 
Bin 25: 518 229 869 474 745 
Bin 26: 834 471 390 802 233 867 
Bin 27: 148 677 662 183 164 752 
Bin 28: 731 725 260 87 371 79 
Bin 29: 998 322 228 413 795 
Bin 30: 466 959 715 562 341 77 
Bin 31: 40 967 294 833 477 
Bin 32: 782 739 971 120 317 206 
Bin 33: 487 24 569 940 469 528 
Bin 34: 908 100 807 773 162 958 
Bin 35: 303 175 735 286 62 
Bin 36: 811 291 708 941 92 595 
Bin 37: 808 899 348 449 82 836 
Bin 38: 186 658 136 632 468 
Bin 39: 313 138 381 859 664 436 
Bin 40: 242 619 924 538 791 
Bin 41: 289 824 374 851 445 
Bin 42: 33 368 636 587 957 613 
Bin 43: 907 726 363 705 191 222 
Bin 44: 393 794 820 855 665 230 
Bin 45: 635 761 710 976 531 691 526 
Bin 46: 608 646 424 810 157 885 
Bin 47: 888 119 838 765 733 331 
Bin 48: 781 329 266 793 580 517 
Bin 49: 398 675 774 522 359 827 
Bin 50: 149 170 969 846 902 25 
Bin 51: 207 434 937 258 19 
Bin 52: 534 740 709 865 823 
Bin 53: 220 42 550 891 134 84 
Bin 54: 234 154 396 85 462 667 
Bin 55: 384 355 473 404 840 181 
Bin 56: 74 911 123 437 267 
Bin 57: 585 179 10 141 78 305 
Bin 58: 498 977 49 586 23 247 
Bin 59: 743 251 674 212 310 
Bin 60: 592 188 281 16 8 
Bin 61: 11 788 385 235 897 411 
Bin 62: 333 328 847 401 184 987 
Bin 63: 616 848 772 554 325 901 
Bin 64: 298 321 34 510 194 
Bin 65: 115 243 320 219 779 309 168 
Bin 66: 250 650 903 660 132 63 524 
Bin 67: 963 985 831 649 37 
Bin 68: 875 22 830 351 180 596 356 
Bin 69: 904 556 55 354 417 
Bin 70: 724 979 483 435 614 923 
Bin 71: 50 209 492 246 336 
Bin 72: 512 484 159 917 615 
Bin 73: 402 583 189 380 287 117 
Bin 74: 932 656 747 927 245 204 754 
Bin 75: 671 439 315 527 568 
Bin 76: 216 506 930 543 273 
Bin 77: 872 408 239 571 532 490 
Bin 78: 190 60 195 606 652 284 296 
Bin 79: 17 866 342 67 700 800 
Bin 80: 703 814 150 256 939 453 
Bin 81: 130 825 964 551 815 751 
Bin 82: 244 778 684 494 856 792 
Bin 83: 73 140 581 163 105 160 
Bin 84: 166 986 701 173 386 707 
Bin 85: 835 332 922 451 248 713 
Bin 86: 766 759 989 89 523 
Bin 87: 456 415 318 218 546 935 
Bin 88: 499 237 858 388 182 
Bin 89: 353 326 928 821 994 
Bin 90: 952 640 680 895 776 279 
Bin 91: 122 915 775 972 
Bin 92: 594 491 59 999 392 68 
Bin 93: 378 611 755 676 57 644 129 
Bin 94: 960 114 505 540 480 360 
Bin 95: 681 653 139 135 889 798 638 
Bin 96: 631 292 578 670 3 295 
Bin 97: 425 864 389 669 612 990 
Bin 98: 203 513 621 472 293 991 
Bin 99: 887 666 871 502 955 
Bin 100: 101 625 879 71 746 712 
Bin 101: 573 165 347 369 509 80 
Bin 102: 13 448 622 533 535 511 
Bin 103: 308 236 197 53 338 
Bin 104: 94 343 699 633 574 
Bin 105: 214 737 768 51 475 4 
Bin 106: 18 403 43 868 714 944 
Bin 107: 35 102 591 828 259 
Bin 108: 155 693 504 624 721 426 
Bin 109: 270 489 654 72 913 749 
Bin 110: 801 145 896 552 898 261 238 
Bin 111: 81 99 153 694 688 686 
Bin 112: 817 128 910 127 457 576 
Bin 113: 109 375 617 111 196 46 
Bin 114: 217 938 602 48 
Bin 115: 757 285 803 405 465 742 
Bin 116: 14 687 458 557 
Bin 117: 410 429 863 692 406 
Bin 118: 548 563 215 783 648 
Bin 119: 926 423 508 312 961 970 
Bin 120: 767 741 769 519 143 
Bin 121: 501 422 988 997 152 397 126 
Bin 122: 549 618 337 600 199 
Bin 123: 609 723 929 124 553 837 
Bin 124: 626 992 146 213 854 500 
Bin 125: 515 307 169 980 763 12 
Bin 126: 461 784 268 482 467 137 
Bin 127: 288 673 395 623 663 706 
Bin 128: 200 655 577 147 400 54 
Bin 129: 521 942 842 264 953 
Bin 130: 76 756 771 211 290 441 
Bin 131: 822 812 452 399 
Bin 132: 750 431 144 367 357 
Bin 133: 299 984 839 597 5 850 
Bin 134: 36 950 172 344 956 877 
Bin 135: 433 734 7 304 349 361 
Bin 136: 882 324 323 479 280 651 
Bin 137: 2 995 26 758 545 993 
Bin 138: 630 88 544 32 541 
Bin 139: 265 629 637 547 158 934 
Bin 140: 414 982 161 116 45 861 
Bin 141: 488 464 716 647 113 
Bin 142: 350 493 564 376 205 
Bin 143: 819 327 41 316 283 
Bin 144: 672 365 478 593 537 391 
Bin 145: 876 816 486 589 641 844 
Bin 146: 981 463 252 906 419 720 
Bin 147: 47 20 485 30 845 
Bin 148: 520 253 610 539 372 66 
Bin 149: 516 874 790 44 
Bin 150: 860 642 697 912 916 108 
Bin 151: 770 418 689 601 947 722 
Bin 152: 450 269 620 996 69 
Bin 153: 881 729 555 560 340 
Bin 154: 565 232 198 931 744 657 
Bin 155: 226 61 933 125 121 
Bin 156: 1 760 192 542 412 
Bin 157: 966 748 530 306 919 271 
Bin 158: 572 65 187 15 297 536 
Bin 159: 202 249 314 335 628 
Bin 160: 920 481 797 277 28 
Bin 161: 599 567 476 764 416 98 
Bin 162: 64 936 339 430 346 255 
Bin 163: 718 925 806 330 210 27 
Bin 164: 809 225 90 645 21 
Bin 165: 52 193 282 118 786 
Bin 166: 362 678 379 884 185 409 459 
Bin 167: 558 974 668 300 954 142 
Bin 168: 174 272 696 975 695 438 
Bin 169: 171 949 683 208 575 799 
Bin 170: 38 9 841 570 442 302 
Bin 171: 319 813 753 223 444 432 
Bin 172: 394 579 352 785 853 
Bin 173: 559 661 507 584 762 
Bin 174: 777 870 829 31 826 886 
Bin 175: 780 440 702 56 983 
