# Objective: 154
# Time: 409.831
# Feasible: 1
# Solution:
Bin 0: 300 123 264 57 630 892 562 
Bin 1: 641 471 939 946 718 551 685 
Bin 2: 602 736 615 144 392 340 479 652 
Bin 3: 10 154 874 58 68 373 498 545 
Bin 4: 216 974 37 954 361 255 
Bin 5: 14 180 922 133 86 577 837 
Bin 6: 408 597 729 614 145 310 30 949 
Bin 7: 71 617 201 384 82 594 
Bin 8: 285 195 741 275 50 964 758 
Bin 9: 421 371 803 810 657 588 
Bin 10: 525 880 348 816 711 165 353 67 
Bin 11: 447 582 126 431 231 733 
Bin 12: 251 185 301 606 407 343 233 
Bin 13: 107 22 363 496 354 804 235 
Bin 14: 573 787 374 913 321 857 
Bin 15: 149 468 369 894 977 
Bin 16: 152 705 637 772 238 5 
Bin 17: 21 27 390 527 701 952 840 135 
Bin 18: 306 79 604 215 220 34 
Bin 19: 855 204 59 277 999 905 284 783 
Bin 20: 895 971 601 465 712 448 969 
Bin 21: 44 391 511 720 92 89 222 
Bin 22: 654 83 382 961 591 782 608 
Bin 23: 291 143 854 603 621 265 
Bin 24: 12 125 106 75 918 579 
Bin 25: 464 365 827 280 122 979 
Bin 26: 563 744 682 831 784 402 
Bin 27: 805 15 670 243 728 900 
Bin 28: 915 101 495 574 990 94 491 
Bin 29: 198 535 823 629 544 755 234 
Bin 30: 899 303 175 846 399 923 849 
Bin 31: 940 380 751 568 970 696 941 625 
Bin 32: 661 869 338 553 888 510 311 
Bin 33: 246 242 528 610 134 538 673 
Bin 34: 148 66 932 3 174 1 
Bin 35: 514 507 102 934 368 113 
Bin 36: 121 878 193 432 779 225 197 
Bin 37: 686 957 973 735 916 843 460 
Bin 38: 192 307 877 596 499 420 928 
Bin 39: 205 935 131 203 873 239 
Bin 40: 642 668 318 97 433 98 139 
Bin 41: 500 730 209 274 356 
Bin 42: 172 664 750 477 607 170 505 
Bin 43: 29 976 540 820 862 575 771 
Bin 44: 982 956 678 278 822 734 196 
Bin 45: 478 191 722 598 444 522 884 
Bin 46: 473 51 519 931 520 
Bin 47: 651 439 249 95 889 547 634 
Bin 48: 296 807 385 332 138 533 
Bin 49: 458 186 290 777 960 967 128 
Bin 50: 188 626 109 695 912 440 
Bin 51: 472 645 677 763 933 199 875 
Bin 52: 739 515 556 36 542 45 
Bin 53: 91 469 781 224 644 
Bin 54: 345 687 681 281 386 715 619 
Bin 55: 32 623 331 455 190 
Bin 56: 799 376 462 184 887 835 370 
Bin 57: 342 688 229 592 841 212 
Bin 58: 247 273 88 287 636 742 320 
Bin 59: 200 256 780 69 983 210 453 907 
Bin 60: 9 213 461 839 262 774 
Bin 61: 717 560 160 665 881 159 
Bin 62: 257 948 793 571 240 
Bin 63: 217 437 745 569 920 842 359 349 
Bin 64: 452 476 564 972 337 848 667 219 173 
Bin 65: 917 406 951 706 78 2 512 955 
Bin 66: 486 631 339 53 416 921 
Bin 67: 565 409 622 968 858 690 683 
Bin 68: 283 456 552 649 766 791 724 
Bin 69: 72 227 164 699 762 347 237 867 
Bin 70: 824 666 315 838 422 426 
Bin 71: 537 0 56 141 886 261 155 
Bin 72: 509 317 885 470 897 713 309 
Bin 73: 987 110 176 312 244 958 
Bin 74: 388 876 305 333 35 656 600 
Bin 75: 684 151 906 655 926 989 
Bin 76: 115 859 850 178 691 554 352 
Bin 77: 748 162 693 585 146 
Bin 78: 567 669 675 124 624 518 
Bin 79: 183 377 248 445 335 627 
Bin 80: 401 583 506 890 236 413 325 
Bin 81: 660 77 663 584 909 489 31 73 
Bin 82: 26 995 226 870 46 727 
Bin 83: 752 288 206 891 99 832 788 
Bin 84: 635 418 400 62 925 429 
Bin 85: 187 80 704 587 868 902 38 334 
Bin 86: 120 411 260 628 55 
Bin 87: 308 638 548 659 485 294 228 
Bin 88: 647 329 723 679 410 543 
Bin 89: 786 936 811 930 618 581 161 
Bin 90: 740 789 914 7 166 513 
Bin 91: 980 611 726 130 725 
Bin 92: 254 355 497 911 167 559 
Bin 93: 676 773 521 662 760 481 985 
Bin 94: 770 266 716 942 20 157 
Bin 95: 414 609 286 775 767 919 981 
Bin 96: 297 616 423 853 105 28 
Bin 97: 241 650 501 924 87 
Bin 98: 100 435 393 757 549 438 
Bin 99: 459 258 158 96 189 965 
Bin 100: 327 218 988 383 487 484 572 516 
Bin 101: 898 446 595 764 694 488 
Bin 102: 953 230 357 372 819 776 632 
Bin 103: 276 561 817 966 984 
Bin 104: 539 324 49 404 815 994 451 
Bin 105: 313 358 65 33 731 350 60 
Bin 106: 208 24 883 103 168 112 
Bin 107: 613 531 864 490 806 753 947 747 
Bin 108: 271 394 503 754 785 830 
Bin 109: 177 557 90 996 132 405 
Bin 110: 558 454 975 279 48 845 493 
Bin 111: 993 412 389 578 8 42 
Bin 112: 550 16 794 221 381 825 
Bin 113: 111 299 475 341 826 304 
Bin 114: 896 328 85 482 943 778 812 
Bin 115: 156 800 19 108 790 81 344 796 
Bin 116: 702 743 901 872 480 129 
Bin 117: 866 576 207 316 593 
Bin 118: 759 534 351 483 893 463 
Bin 119: 546 270 245 39 586 360 428 
Bin 120: 768 4 861 605 904 336 
Bin 121: 366 541 814 692 991 140 415 646 442 
Bin 122: 18 169 719 532 397 
Bin 123: 367 714 23 398 214 580 
Bin 124: 997 76 950 672 517 524 64 
Bin 125: 13 116 536 998 63 419 
Bin 126: 658 40 749 449 648 
Bin 127: 945 908 114 211 436 263 403 746 
Bin 128: 566 492 818 395 118 797 
Bin 129: 150 640 709 250 674 959 529 732 
Bin 130: 836 833 710 289 104 
Bin 131: 801 17 302 322 127 457 
Bin 132: 259 61 798 523 620 293 
Bin 133: 153 761 927 530 599 844 
Bin 134: 269 508 323 633 47 882 
Bin 135: 298 502 698 756 282 232 863 
Bin 136: 879 813 765 84 828 986 
Bin 137: 364 330 865 346 700 136 
Bin 138: 852 903 314 117 737 
Bin 139: 267 504 430 268 802 
Bin 140: 526 142 272 978 378 396 
Bin 141: 25 379 194 769 441 417 450 
Bin 142: 52 202 910 938 708 639 147 
Bin 143: 570 689 795 792 643 295 612 
Bin 144: 6 466 834 703 70 319 119 
Bin 145: 424 11 555 829 809 721 
Bin 146: 992 375 467 707 181 74 427 
Bin 147: 851 326 171 434 137 697 653 
Bin 148: 680 387 93 963 821 179 
Bin 149: 929 944 252 362 494 937 
Bin 150: 253 847 589 443 41 
Bin 151: 738 43 54 425 671 474 
Bin 152: 590 163 962 856 808 
Bin 153: 223 182 871 860 292 
