# Objective: 41
# Time: 23.3344
# Feasible: 1
# Solution:
Bin 0: 32 158 111 193 186 131 
Bin 1: 219 16 242 226 5 128 84 
Bin 2: 49 178 217 50 4 120 81 200 
Bin 3: 47 66 151 240 64 1 
Bin 4: 218 68 140 163 134 199 60 
Bin 5: 19 208 12 157 65 202 
Bin 6: 165 99 201 112 95 113 
Bin 7: 225 82 150 107 41 
Bin 8: 87 234 182 0 98 124 91 
Bin 9: 189 246 213 108 207 143 29 
Bin 10: 236 125 39 31 54 89 
Bin 11: 61 26 148 244 
Bin 12: 127 238 170 164 211 149 245 
Bin 13: 179 55 83 33 198 23 
Bin 14: 62 142 73 9 206 8 48 
Bin 15: 110 96 173 141 229 74 156 
Bin 16: 42 115 27 101 221 72 
Bin 17: 188 176 135 212 248 224 197 
Bin 18: 121 71 187 155 7 126 223 
Bin 19: 100 154 162 195 177 43 
Bin 20: 88 123 13 196 161 70 2 37 
Bin 21: 215 92 86 185 232 80 
Bin 22: 133 153 192 167 152 171 
Bin 23: 222 69 30 77 220 3 227 
Bin 24: 160 132 28 116 203 106 105 
Bin 25: 183 249 205 10 52 228 
Bin 26: 35 117 21 36 57 97 191 
Bin 27: 18 114 168 175 209 94 
Bin 28: 109 181 56 45 136 144 
Bin 29: 233 119 51 46 44 103 147 
Bin 30: 17 75 216 231 34 93 
Bin 31: 40 78 20 239 129 166 
Bin 32: 53 90 104 25 138 174 
Bin 33: 6 235 247 210 243 
Bin 34: 38 24 118 180 139 
Bin 35: 15 190 59 76 11 
Bin 36: 14 137 85 204 169 194 
Bin 37: 58 237 145 130 146 
Bin 38: 241 63 184 67 122 
Bin 39: 172 102 22 214 79 
Bin 40: 230 159 
