# Objective: 149
# Time: 153.751
# Feasible: 1
# Solution:
Bin 0: 999 966 56 258 742 304 193 
Bin 1: 880 567 63 497 836 882 106 486 
Bin 2: 520 225 992 547 766 58 
Bin 3: 260 336 519 606 841 360 121 
Bin 4: 859 565 903 169 278 384 237 781 
Bin 5: 454 43 351 725 183 674 855 
Bin 6: 720 387 327 4 617 397 875 
Bin 7: 59 597 47 929 452 722 753 203 
Bin 8: 419 690 448 994 277 716 
Bin 9: 279 767 666 128 985 930 954 
Bin 10: 343 591 649 184 949 812 883 118 
Bin 11: 541 588 245 261 469 264 369 
Bin 12: 294 863 586 850 222 132 310 307 
Bin 13: 46 226 991 970 159 834 
Bin 14: 661 626 455 276 945 33 655 
Bin 15: 561 899 89 507 124 160 439 432 
Bin 16: 250 188 97 724 475 688 
Bin 17: 554 955 163 319 36 376 440 
Bin 18: 919 19 923 717 228 111 158 315 
Bin 19: 421 973 601 232 130 350 672 
Bin 20: 612 362 525 194 243 844 
Bin 21: 846 174 749 412 52 120 144 
Bin 22: 516 563 229 314 354 401 147 
Bin 23: 936 287 803 694 676 178 605 
Bin 24: 787 414 370 44 208 78 931 
Bin 25: 819 581 909 696 604 791 149 
Bin 26: 185 731 775 122 477 479 
Bin 27: 879 801 763 214 107 522 316 
Bin 28: 219 289 627 494 262 168 288 
Bin 29: 2 736 824 551 70 778 
Bin 30: 61 515 471 404 42 386 
Bin 31: 556 548 891 678 451 593 811 
Bin 32: 167 218 11 98 462 950 558 
Bin 33: 247 750 283 166 239 770 
Bin 34: 306 572 324 908 727 99 13 
Bin 35: 510 959 338 831 848 215 
Bin 36: 568 677 890 870 347 947 
Bin 37: 435 680 580 0 756 227 
Bin 38: 501 252 499 614 492 154 364 
Bin 39: 579 946 979 862 133 240 328 
Bin 40: 621 639 463 441 546 807 
Bin 41: 733 974 366 795 119 380 
Bin 42: 398 418 771 517 381 466 
Bin 43: 616 375 470 967 108 110 
Bin 44: 224 910 30 709 640 
Bin 45: 980 659 575 983 832 927 747 
Bin 46: 198 810 210 851 934 
Bin 47: 545 998 682 962 584 322 
Bin 48: 648 447 799 367 388 704 103 
Bin 49: 707 884 291 964 326 996 675 
Bin 50: 857 741 10 284 138 993 852 982 
Bin 51: 700 200 989 312 79 988 
Bin 52: 902 987 115 738 9 509 543 
Bin 53: 268 82 853 123 760 190 
Bin 54: 230 176 976 654 12 431 496 
Bin 55: 630 186 217 202 265 861 23 797 
Bin 56: 739 887 506 894 355 275 
Bin 57: 35 774 392 379 901 476 
Bin 58: 699 650 809 960 434 662 83 
Bin 59: 995 459 76 730 828 719 
Bin 60: 352 81 450 3 524 87 
Bin 61: 818 90 536 932 685 445 359 
Bin 62: 24 7 270 290 684 598 96 15 
Bin 63: 85 865 150 303 361 345 378 
Bin 64: 62 957 196 191 644 663 
Bin 65: 802 179 498 458 474 817 518 529 
Bin 66: 8 433 599 473 595 69 129 
Bin 67: 502 337 417 786 54 
Bin 68: 535 990 269 394 299 
Bin 69: 573 256 86 530 50 285 
Bin 70: 634 943 695 652 339 40 
Bin 71: 395 164 590 311 751 918 942 814 495 
Bin 72: 713 437 220 924 833 981 80 
Bin 73: 456 867 55 335 235 925 
Bin 74: 935 274 406 295 602 948 629 642 673 490 
Bin 75: 922 349 729 845 92 
Bin 76: 609 897 246 171 566 895 
Bin 77: 267 464 73 374 346 95 913 
Bin 78: 357 481 457 340 871 333 272 
Bin 79: 286 823 953 876 472 528 
Bin 80: 620 743 344 27 480 706 
Bin 81: 257 465 877 933 944 231 
Bin 82: 914 721 363 755 785 607 
Bin 83: 438 14 332 329 552 972 323 740 
Bin 84: 854 153 422 821 881 651 
Bin 85: 416 68 792 408 780 41 769 
Bin 86: 318 628 693 667 409 425 
Bin 87: 104 281 779 638 67 266 302 51 
Bin 88: 888 175 600 539 428 493 
Bin 89: 17 664 937 686 805 
Bin 90: 618 117 148 900 512 151 710 
Bin 91: 984 582 623 646 180 701 622 624 
Bin 92: 508 783 72 504 940 603 436 
Bin 93: 916 105 838 898 197 273 
Bin 94: 856 468 534 849 532 348 140 758 
Bin 95: 94 368 365 790 615 233 467 
Bin 96: 420 325 410 444 29 205 671 917 373 
Bin 97: 912 238 978 157 806 596 
Bin 98: 827 804 405 64 391 28 
Bin 99: 687 896 263 426 320 997 126 
Bin 100: 632 765 864 521 298 
Bin 101: 665 488 938 837 182 
Bin 102: 613 764 538 564 356 489 415 
Bin 103: 656 544 223 20 939 889 
Bin 104: 958 423 858 813 74 971 353 
Bin 105: 127 297 136 583 321 403 647 
Bin 106: 173 635 453 559 920 
Bin 107: 570 965 878 244 212 211 714 
Bin 108: 57 794 872 112 759 689 358 
Bin 109: 777 941 746 109 241 491 
Bin 110: 259 48 708 784 505 1 
Bin 111: 16 271 825 526 282 542 161 
Bin 112: 389 610 808 141 657 585 
Bin 113: 187 549 443 691 424 172 754 
Bin 114: 734 752 484 177 611 189 207 
Bin 115: 313 905 886 830 744 587 562 342 
Bin 116: 221 293 800 961 399 926 
Bin 117: 49 309 317 181 31 371 100 
Bin 118: 137 643 523 139 578 249 
Bin 119: 574 768 683 300 142 557 822 
Bin 120: 711 569 835 782 772 653 
Bin 121: 911 798 513 868 503 396 407 511 843 39 571 18 
Bin 122: 660 308 703 155 199 71 
Bin 123: 789 874 37 633 816 152 
Bin 124: 793 478 402 21 192 331 631 
Bin 125: 206 553 860 715 248 840 514 143 893 487 
Bin 126: 209 341 53 907 658 892 
Bin 127: 45 619 170 242 668 60 
Bin 128: 645 22 377 146 594 280 952 255 
Bin 129: 735 537 162 292 681 116 134 483 
Bin 130: 906 5 692 234 34 560 485 
Bin 131: 592 670 411 131 718 38 
Bin 132: 430 712 429 637 6 669 
Bin 133: 679 636 826 698 842 461 213 
Bin 134: 969 589 986 101 113 93 
Bin 135: 915 65 869 531 253 442 91 
Bin 136: 726 135 102 26 88 400 84 
Bin 137: 114 393 301 796 540 723 390 500 
Bin 138: 296 66 788 839 145 748 776 
Bin 139: 757 75 555 236 201 
Bin 140: 829 533 382 25 921 427 
Bin 141: 372 156 977 334 702 305 
Bin 142: 251 956 761 446 697 125 
Bin 143: 460 847 705 254 577 216 
Bin 144: 165 773 449 608 873 
Bin 145: 866 482 413 625 576 762 527 
Bin 146: 732 737 195 975 641 32 951 
Bin 147: 330 550 928 204 383 77 815 904 968 
Bin 148: 820 963 385 745 728 885 
