# Objective: 36
# Time: 5.32411
# Feasible: 1
# Solution:
Bin 0: 169 4 234 246 102 63 133 
Bin 1: 30 132 82 60 237 187 53 
Bin 2: 197 6 215 222 7 141 18 75 
Bin 3: 159 117 113 24 9 
Bin 4: 88 155 22 91 230 221 29 188 
Bin 5: 19 210 202 229 204 45 
Bin 6: 52 189 23 131 214 58 158 57 140 
Bin 7: 13 244 139 157 226 207 114 166 
Bin 8: 223 99 93 174 242 79 136 108 
Bin 9: 209 97 173 112 25 43 115 
Bin 10: 61 31 149 84 199 178 
Bin 11: 85 10 105 135 233 167 62 
Bin 12: 240 47 51 243 21 194 80 
Bin 13: 35 160 50 170 212 49 39 217 
Bin 14: 156 151 191 107 90 196 182 0 144 
Bin 15: 192 3 205 177 1 153 40 
Bin 16: 110 120 232 76 124 100 55 
Bin 17: 175 98 180 11 104 208 
Bin 18: 48 211 34 73 92 86 
Bin 19: 224 168 122 228 163 44 231 172 
Bin 20: 201 77 171 126 225 
Bin 21: 119 38 193 46 67 218 138 
Bin 22: 142 41 152 129 219 241 
Bin 23: 165 54 106 198 101 123 
Bin 24: 94 26 81 162 150 
Bin 25: 247 213 116 15 42 5 220 89 
Bin 26: 146 185 59 78 68 71 
Bin 27: 16 248 95 20 87 148 8 
Bin 28: 154 64 130 17 164 36 181 249 235 
Bin 29: 227 72 145 56 127 245 161 
Bin 30: 74 33 65 184 103 186 
Bin 31: 27 203 2 14 216 12 147 
Bin 32: 32 206 143 66 183 83 179 111 
Bin 33: 118 200 37 70 69 236 109 238 
Bin 34: 125 96 134 190 176 
Bin 35: 128 137 195 121 28 239 
