# Objective: 200
# Time: 1221.2
# Feasible: 1
# Solution:
Bin 0: 923 906 327 359 571 
Bin 1: 367 682 98 632 245 364 
Bin 2: 527 538 685 623 425 741 
Bin 3: 46 895 266 347 233 
Bin 4: 452 609 267 495 331 
Bin 5: 207 108 82 292 966 980 
Bin 6: 873 102 457 783 453 
Bin 7: 414 151 274 915 547 401 
Bin 8: 183 894 559 965 91 
Bin 9: 34 711 490 755 983 316 
Bin 10: 427 930 769 399 137 228 
Bin 11: 307 218 622 439 360 570 
Bin 12: 924 627 114 576 882 
Bin 13: 634 176 949 415 600 259 
Bin 14: 56 229 258 35 262 217 
Bin 15: 465 24 526 419 693 
Bin 16: 264 110 726 612 398 
Bin 17: 730 787 313 451 103 702 182 
Bin 18: 357 824 866 518 681 657 
Bin 19: 305 463 984 271 472 
Bin 20: 263 707 661 780 
Bin 21: 871 169 837 90 574 
Bin 22: 765 633 840 441 509 694 
Bin 23: 549 876 975 716 971 
Bin 24: 637 939 734 236 423 
Bin 25: 758 921 517 381 157 147 
Bin 26: 162 19 635 994 2 
Bin 27: 977 67 751 619 684 
Bin 28: 68 629 111 244 772 
Bin 29: 87 781 455 602 89 
Bin 30: 133 389 26 995 
Bin 31: 178 29 775 500 705 
Bin 32: 504 53 721 828 54 84 
Bin 33: 252 146 703 345 897 
Bin 34: 847 123 116 754 355 
Bin 35: 288 394 44 71 728 
Bin 36: 958 135 553 285 573 
Bin 37: 770 548 206 736 489 
Bin 38: 273 807 750 793 743 
Bin 39: 284 95 96 295 365 
Bin 40: 809 564 404 802 729 
Bin 41: 192 585 523 341 105 
Bin 42: 659 645 670 978 376 887 
Bin 43: 621 468 405 141 862 624 
Bin 44: 60 625 155 378 454 
Bin 45: 763 66 680 92 173 
Bin 46: 119 499 172 761 902 
Bin 47: 180 460 241 374 497 283 
Bin 48: 149 301 566 720 77 945 948 
Bin 49: 100 160 79 37 272 
Bin 50: 4 23 579 963 487 
Bin 51: 379 816 817 344 311 
Bin 52: 371 519 387 335 106 709 
Bin 53: 309 669 878 529 891 
Bin 54: 254 61 31 406 907 792 
Bin 55: 699 521 38 222 483 
Bin 56: 970 289 186 941 210 664 
Bin 57: 565 127 343 896 791 586 
Bin 58: 581 852 510 247 391 
Bin 59: 486 373 513 122 200 
Bin 60: 605 886 582 286 898 
Bin 61: 784 723 819 587 279 
Bin 62: 541 124 879 304 
Bin 63: 181 444 678 658 671 
Bin 64: 903 786 469 318 798 223 
Bin 65: 333 962 158 608 
Bin 66: 194 175 555 558 
Bin 67: 588 698 774 310 261 
Bin 68: 476 857 662 28 937 
Bin 69: 322 522 991 641 859 
Bin 70: 830 737 842 999 954 
Bin 71: 628 544 839 113 
Bin 72: 557 649 974 69 366 
Bin 73: 872 470 138 911 484 388 
Bin 74: 650 150 782 390 990 689 
Bin 75: 584 640 838 675 324 
Bin 76: 677 356 55 368 449 
Bin 77: 336 654 303 583 153 339 
Bin 78: 803 883 773 93 167 491 
Bin 79: 626 136 232 74 156 
Bin 80: 276 805 354 131 656 152 
Bin 81: 197 845 213 506 221 
Bin 82: 118 877 134 337 731 
Bin 83: 655 815 397 556 794 
Bin 84: 392 956 265 281 534 
Bin 85: 979 536 493 710 665 
Bin 86: 179 417 130 746 916 560 
Bin 87: 651 942 442 777 927 
Bin 88: 812 62 496 719 615 
Bin 89: 992 402 298 385 808 
Bin 90: 881 821 739 22 674 796 
Bin 91: 438 492 17 165 
Bin 92: 683 187 976 340 291 
Bin 93: 64 766 426 280 687 
Bin 94: 42 528 407 849 868 
Bin 95: 613 125 212 43 700 
Bin 96: 889 932 413 532 
Bin 97: 660 107 768 922 533 993 
Bin 98: 205 854 72 925 475 
Bin 99: 834 121 293 569 190 
Bin 100: 668 348 776 294 369 
Bin 101: 598 691 238 45 482 
Bin 102: 597 592 943 362 
Bin 103: 361 718 57 630 
Bin 104: 363 396 502 
Bin 105: 841 988 429 59 380 
Bin 106: 552 242 51 908 
Bin 107: 652 545 440 168 562 
Bin 108: 864 36 47 968 70 
Bin 109: 899 676 823 375 996 
Bin 110: 913 7 370 610 329 290 
Bin 111: 917 706 537 844 
Bin 112: 411 638 352 226 319 
Bin 113: 237 473 997 810 458 
Bin 114: 208 888 109 464 
Bin 115: 422 848 1 41 
Bin 116: 481 421 960 
Bin 117: 479 760 875 836 617 
Bin 118: 795 188 596 779 0 
Bin 119: 202 539 673 14 865 
Bin 120: 940 117 611 961 511 
Bin 121: 275 239 642 409 351 
Bin 122: 998 63 748 260 
Bin 123: 377 296 701 531 485 
Bin 124: 516 461 692 166 308 
Bin 125: 230 905 591 543 806 853 
Bin 126: 546 435 332 811 
Bin 127: 15 115 6 771 198 
Bin 128: 99 759 972 501 8 
Bin 129: 508 32 170 951 813 
Bin 130: 870 227 725 790 216 
Bin 131: 424 788 929 321 
Bin 132: 724 884 713 164 
Bin 133: 695 240 418 631 33 
Bin 134: 145 144 920 800 985 
Bin 135: 554 432 346 667 174 789 
Bin 136: 163 715 128 27 
Bin 137: 73 955 880 950 120 717 
Bin 138: 328 801 826 778 269 833 
Bin 139: 21 738 383 679 249 
Bin 140: 97 799 744 474 535 767 
Bin 141: 256 323 953 193 567 647 
Bin 142: 471 863 431 616 16 
Bin 143: 420 607 430 524 270 81 
Bin 144: 563 317 982 277 818 
Bin 145: 177 278 94 302 946 
Bin 146: 672 65 9 161 403 
Bin 147: 142 764 986 30 
Bin 148: 445 900 735 104 708 
Bin 149: 456 325 514 733 577 
Bin 150: 825 666 822 85 395 
Bin 151: 437 797 952 540 224 
Bin 152: 246 299 890 967 
Bin 153: 448 594 268 856 620 
Bin 154: 981 40 575 433 214 
Bin 155: 25 561 112 234 530 
Bin 156: 86 909 18 201 578 931 
Bin 157: 753 140 466 384 969 820 
Bin 158: 39 353 648 745 893 
Bin 159: 12 714 462 434 
Bin 160: 300 933 386 959 606 
Bin 161: 255 349 686 393 88 
Bin 162: 910 171 287 964 315 78 
Bin 163: 829 688 646 
Bin 164: 704 447 306 211 372 
Bin 165: 459 408 338 75 
Bin 166: 752 860 196 58 189 
Bin 167: 143 257 814 52 869 
Bin 168: 851 938 712 850 858 
Bin 169: 885 696 742 358 
Bin 170: 503 551 250 416 
Bin 171: 926 663 835 762 
Bin 172: 488 215 297 749 
Bin 173: 912 855 947 350 936 
Bin 174: 987 732 185 282 843 
Bin 175: 101 599 139 892 314 
Bin 176: 220 467 450 618 13 129 
Bin 177: 643 639 251 231 
Bin 178: 10 757 334 225 342 
Bin 179: 644 446 690 568 330 
Bin 180: 3 478 542 505 580 
Bin 181: 126 603 80 595 589 512 
Bin 182: 901 831 204 326 243 480 
Bin 183: 827 312 973 507 
Bin 184: 601 209 11 
Bin 185: 867 436 5 248 498 
Bin 186: 49 410 590 
Bin 187: 914 944 48 904 184 219 
Bin 188: 520 50 195 846 861 
Bin 189: 76 83 756 443 
Bin 190: 593 832 132 199 
Bin 191: 874 740 191 989 
Bin 192: 653 253 235 428 935 
Bin 193: 525 636 412 934 
Bin 194: 614 154 785 148 
Bin 195: 494 804 697 203 515 
Bin 196: 400 928 477 918 
Bin 197: 919 572 159 747 604 
Bin 198: 727 722 957 
Bin 199: 550 382 20 320 
