# Objective: 170
# Time: 3620.46
# Feasible: 1
# Solution:
Bin 0: 510 588 698 780 264 543 556 
Bin 1: 642 202 41 418 305 
Bin 2: 62 468 323 474 902 220 
Bin 3: 355 610 664 318 970 85 915 
Bin 4: 909 525 170 93 483 605 
Bin 5: 955 192 320 619 757 647 
Bin 6: 89 519 480 844 110 485 
Bin 7: 137 620 914 863 758 448 
Bin 8: 507 943 437 312 415 585 
Bin 9: 73 562 920 487 876 783 364 
Bin 10: 705 962 379 212 761 736 625 
Bin 11: 776 571 692 998 747 23 
Bin 12: 551 840 951 508 748 359 97 
Bin 13: 800 454 496 108 923 653 
Bin 14: 88 660 200 940 114 172 
Bin 15: 983 611 896 683 781 74 710 
Bin 16: 687 482 584 784 238 581 
Bin 17: 372 600 848 802 401 467 
Bin 18: 116 358 759 208 979 880 
Bin 19: 408 196 522 463 326 373 
Bin 20: 24 925 833 505 941 515 
Bin 21: 438 787 884 938 524 18 
Bin 22: 105 771 929 9 538 366 
Bin 23: 142 204 282 429 973 
Bin 24: 484 230 583 919 386 33 
Bin 25: 402 917 995 64 218 971 
Bin 26: 419 291 566 887 44 
Bin 27: 577 249 892 778 112 153 
Bin 28: 86 740 926 934 903 558 
Bin 29: 952 45 959 623 
Bin 30: 21 768 893 115 226 
Bin 31: 993 839 770 921 121 368 
Bin 32: 679 91 547 118 845 414 
Bin 33: 339 133 691 22 661 423 
Bin 34: 58 754 459 560 440 856 
Bin 35: 371 716 214 301 495 881 99 
Bin 36: 168 908 299 689 52 545 701 
Bin 37: 444 271 452 265 677 
Bin 38: 80 475 913 319 813 
Bin 39: 674 161 743 385 936 399 
Bin 40: 252 818 886 175 6 815 
Bin 41: 443 65 340 824 894 
Bin 42: 400 942 272 928 709 720 219 
Bin 43: 958 225 597 224 961 
Bin 44: 42 984 655 737 593 262 
Bin 45: 745 734 256 927 63 247 864 
Bin 46: 55 933 350 795 711 632 
Bin 47: 540 280 361 935 808 
Bin 48: 20 240 819 517 715 657 
Bin 49: 190 749 842 236 831 
Bin 50: 582 96 822 189 411 916 
Bin 51: 735 651 690 428 489 573 287 
Bin 52: 158 608 877 542 
Bin 53: 895 861 930 563 3 187 
Bin 54: 753 276 688 488 944 773 343 
Bin 55: 131 478 874 205 234 406 351 
Bin 56: 706 434 450 937 663 456 
Bin 57: 49 847 964 377 32 649 217 
Bin 58: 982 178 43 61 629 130 
Bin 59: 54 71 447 10 325 541 
Bin 60: 518 288 602 722 723 950 
Bin 61: 548 181 72 329 160 639 383 
Bin 62: 244 173 695 696 449 775 669 
Bin 63: 313 12 426 191 296 51 
Bin 64: 865 472 875 164 242 570 
Bin 65: 686 70 284 470 693 529 132 
Bin 66: 332 809 128 336 616 
Bin 67: 976 179 83 248 867 899 8 
Bin 68: 994 801 890 782 721 
Bin 69: 732 712 575 274 330 233 
Bin 70: 257 823 157 985 987 229 
Bin 71: 270 275 152 554 719 
Bin 72: 988 751 772 47 227 490 
Bin 73: 850 534 596 685 533 315 
Bin 74: 889 707 322 606 243 357 
Bin 75: 901 261 56 675 550 830 
Bin 76: 672 35 766 11 656 297 
Bin 77: 188 587 738 134 827 349 
Bin 78: 553 129 567 295 479 245 
Bin 79: 676 222 511 126 956 255 
Bin 80: 304 151 215 335 527 
Bin 81: 384 662 523 599 852 
Bin 82: 565 870 165 621 156 609 
Bin 83: 334 807 193 258 786 
Bin 84: 739 445 513 412 14 231 184 
Bin 85: 237 552 17 932 491 
Bin 86: 820 578 989 598 659 561 281 
Bin 87: 869 526 635 627 289 
Bin 88: 348 149 145 430 167 855 
Bin 89: 68 405 360 150 717 804 
Bin 90: 789 298 703 413 531 365 
Bin 91: 966 67 897 622 269 28 
Bin 92: 404 324 835 945 806 314 499 
Bin 93: 631 871 838 535 370 122 82 
Bin 94: 394 628 15 124 277 471 
Bin 95: 76 392 5 724 888 990 
Bin 96: 398 306 75 612 803 638 
Bin 97: 79 922 643 94 613 680 
Bin 98: 821 203 742 119 341 
Bin 99: 477 66 345 756 246 708 
Bin 100: 811 574 592 307 81 183 
Bin 101: 38 799 718 498 814 
Bin 102: 975 169 665 603 948 912 117 
Bin 103: 872 180 2 177 407 906 
Bin 104: 403 84 397 576 946 798 
Bin 105: 516 207 342 458 37 461 
Bin 106: 273 991 790 633 730 442 
Bin 107: 860 997 684 292 40 924 
Bin 108: 469 109 476 741 682 347 
Bin 109: 792 279 898 996 828 972 
Bin 110: 557 965 481 310 263 
Bin 111: 409 873 199 308 201 
Bin 112: 389 978 374 954 25 
Bin 113: 947 607 4 13 317 375 39 
Bin 114: 19 501 794 198 309 
Bin 115: 650 604 797 125 427 
Bin 116: 104 564 788 949 834 395 497 
Bin 117: 195 907 849 455 462 727 595 
Bin 118: 746 393 155 630 493 53 
Bin 119: 98 146 539 637 816 636 
Bin 120: 858 862 521 316 957 
Bin 121: 755 494 337 176 185 986 162 
Bin 122: 154 977 832 285 836 530 
Bin 123: 568 435 50 681 107 777 
Bin 124: 147 939 159 618 143 904 
Bin 125: 300 805 969 591 626 
Bin 126: 652 163 460 321 328 
Bin 127: 186 974 138 981 135 228 
Bin 128: 644 36 911 825 829 136 905 
Bin 129: 338 194 589 216 380 376 
Bin 130: 837 431 793 396 87 549 
Bin 131: 586 532 502 78 843 
Bin 132: 697 678 774 390 278 221 
Bin 133: 594 235 785 60 77 980 
Bin 134: 796 931 290 369 0 569 
Bin 135: 433 464 699 457 451 432 851 
Bin 136: 891 854 601 90 344 410 
Bin 137: 367 615 120 388 
Bin 138: 504 127 520 26 760 424 302 
Bin 139: 617 362 580 251 486 
Bin 140: 725 27 713 640 436 254 
Bin 141: 446 1 95 439 765 387 
Bin 142: 882 910 266 283 206 
Bin 143: 144 769 846 528 537 853 
Bin 144: 728 729 878 812 327 
Bin 145: 590 441 331 960 500 744 
Bin 146: 354 544 654 303 232 857 420 
Bin 147: 123 425 883 791 311 658 
Bin 148: 670 141 293 700 31 
Bin 149: 211 260 7 503 286 
Bin 150: 509 514 166 826 421 139 363 
Bin 151: 171 102 953 113 648 213 
Bin 152: 763 885 624 634 267 999 
Bin 153: 810 59 241 111 
Bin 154: 473 868 57 694 841 
Bin 155: 250 148 422 764 506 572 46 
Bin 156: 356 779 546 512 668 
Bin 157: 333 555 641 29 103 
Bin 158: 646 106 381 673 671 416 
Bin 159: 223 382 536 92 714 210 
Bin 160: 69 378 101 239 30 
Bin 161: 268 704 492 391 466 
Bin 162: 992 645 453 559 417 726 666 
Bin 163: 879 16 197 762 34 
Bin 164: 294 465 353 579 174 182 
Bin 165: 253 752 900 731 767 
Bin 166: 733 140 750 
Bin 167: 968 702 209 918 346 963 
Bin 168: 866 100 817 859 667 
Bin 169: 48 352 967 259 614 
