# Objective: 18
# Time: 2.49436
# Feasible: 1
# Solution:
Bin 0: 25 35 87 106 119 51 75 60 
Bin 1: 23 94 62 38 102 27 
Bin 2: 71 18 48 6 115 114 54 9 
Bin 3: 116 61 30 93 81 101 
Bin 4: 55 110 67 80 85 
Bin 5: 92 8 4 76 31 86 72 7 
Bin 6: 111 41 15 26 45 90 
Bin 7: 34 37 52 84 11 108 46 105 113 
Bin 8: 16 28 43 79 14 98 13 
Bin 9: 24 74 96 2 70 117 42 
Bin 10: 40 29 59 10 12 33 
Bin 11: 22 109 69 82 95 
Bin 12: 97 57 20 89 78 
Bin 13: 50 58 56 99 73 47 53 
Bin 14: 103 17 66 118 3 83 91 
Bin 15: 19 32 21 39 88 63 77 
Bin 16: 112 36 5 100 1 44 
Bin 17: 107 65 64 49 0 104 68 
