# Objective: 78
# Time: 23.7853
# Feasible: 1
# Solution:
Bin 0: 206 219 70 33 133 448 402 
Bin 1: 317 461 496 260 185 145 354 
Bin 2: 20 455 436 356 154 193 
Bin 3: 141 95 191 323 198 29 465 
Bin 4: 360 110 87 345 204 326 
Bin 5: 349 483 113 327 92 478 242 
Bin 6: 296 45 59 192 386 
Bin 7: 230 207 44 385 492 203 300 328 
Bin 8: 269 226 13 150 398 370 399 
Bin 9: 217 471 75 476 227 351 275 
Bin 10: 318 445 302 121 175 387 
Bin 11: 337 89 35 344 286 331 324 109 
Bin 12: 167 218 375 494 232 30 
Bin 13: 306 347 216 447 231 119 452 189 7 
Bin 14: 475 487 210 165 315 
Bin 15: 417 78 120 474 127 
Bin 16: 463 336 435 473 105 111 274 
Bin 17: 197 114 209 215 403 281 238 
Bin 18: 26 284 444 3 267 438 224 
Bin 19: 56 467 6 479 28 106 334 166 
Bin 20: 195 283 163 468 67 24 
Bin 21: 148 338 88 413 427 431 138 
Bin 22: 329 425 394 36 458 
Bin 23: 489 80 339 126 173 301 
Bin 24: 382 188 424 299 25 419 177 
Bin 25: 287 390 400 443 137 
Bin 26: 391 169 305 9 264 243 143 
Bin 27: 104 440 61 73 357 466 97 94 
Bin 28: 130 453 101 415 270 172 297 
Bin 29: 353 359 428 377 362 
Bin 30: 488 493 401 293 182 252 46 380 
Bin 31: 37 312 139 340 186 249 
Bin 32: 85 343 21 298 51 31 132 
Bin 33: 409 48 244 174 316 214 
Bin 34: 66 32 60 8 434 433 168 158 
Bin 35: 74 199 376 211 71 
Bin 36: 152 486 379 410 237 212 
Bin 37: 86 161 499 396 439 
Bin 38: 225 107 149 319 276 181 
Bin 39: 240 239 220 383 289 43 350 
Bin 40: 241 495 420 176 129 416 
Bin 41: 1 91 311 248 69 205 162 
Bin 42: 115 259 308 482 99 
Bin 43: 223 23 282 54 418 63 16 355 
Bin 44: 134 58 184 407 309 
Bin 45: 178 278 229 81 128 254 
Bin 46: 68 140 98 451 17 
Bin 47: 291 102 294 348 208 490 321 
Bin 48: 389 484 53 372 392 235 
Bin 49: 135 5 262 397 76 288 116 
Bin 50: 100 164 142 292 12 234 
Bin 51: 472 202 367 384 82 314 
Bin 52: 480 49 27 454 273 103 
Bin 53: 190 246 144 11 263 257 40 180 
Bin 54: 477 233 41 449 38 2 4 
Bin 55: 93 346 369 437 253 
Bin 56: 124 156 236 222 55 
Bin 57: 406 117 491 251 155 213 423 
Bin 58: 265 118 457 160 429 10 414 34 
Bin 59: 157 194 221 365 426 405 
Bin 60: 290 255 83 147 250 280 245 
Bin 61: 404 481 469 18 47 313 
Bin 62: 307 361 459 90 153 
Bin 63: 373 446 72 271 200 358 
Bin 64: 159 388 422 256 322 460 19 179 
Bin 65: 136 330 441 14 64 374 485 272 39 
Bin 66: 77 381 304 320 366 498 
Bin 67: 363 303 430 378 112 
Bin 68: 266 125 395 450 432 295 
Bin 69: 470 171 497 393 456 368 
Bin 70: 411 325 228 96 65 421 408 442 
Bin 71: 371 196 52 108 187 
Bin 72: 201 333 342 285 62 412 
Bin 73: 277 247 57 464 261 183 
Bin 74: 122 79 42 341 352 15 151 
Bin 75: 364 335 22 279 50 
Bin 76: 462 310 268 84 258 131 
Bin 77: 170 332 0 123 146 
