# Objective: 22
# Time: 4.17687
# Feasible: 1
# Solution:
Bin 0: 12 91 20 90 110 39 
Bin 1: 18 72 5 6 10 
Bin 2: 104 59 9 67 73 13 
Bin 3: 89 107 50 46 2 24 36 
Bin 4: 71 93 100 43 34 
Bin 5: 108 101 111 65 44 118 
Bin 6: 112 88 8 79 51 
Bin 7: 53 75 81 94 77 
Bin 8: 87 116 4 21 95 30 115 
Bin 9: 117 78 80 99 98 102 
Bin 10: 109 58 1 47 16 
Bin 11: 103 33 83 42 19 
Bin 12: 28 74 82 92 61 
Bin 13: 0 31 52 35 15 113 
Bin 14: 25 119 41 70 105 17 
Bin 15: 48 63 56 85 64 84 
Bin 16: 76 62 86 45 55 
Bin 17: 69 114 11 14 106 
Bin 18: 37 57 7 60 3 
Bin 19: 66 54 32 22 97 
Bin 20: 40 27 29 23 96 38 
Bin 21: 68 26 49 
