# Objective: 18
# Time: 2.80694
# Feasible: 1
# Solution:
Bin 0: 27 29 64 33 100 26 4 21 
Bin 1: 57 91 111 96 2 55 62 
Bin 2: 76 17 8 63 118 35 81 
Bin 3: 59 97 10 38 84 5 
Bin 4: 7 85 71 28 44 3 
Bin 5: 16 89 95 94 37 46 70 107 
Bin 6: 32 116 87 109 22 40 80 117 11 
Bin 7: 112 0 82 88 12 53 90 
Bin 8: 47 24 36 103 101 9 
Bin 9: 113 48 115 108 86 79 34 
Bin 10: 102 18 41 25 66 
Bin 11: 56 99 65 58 30 75 
Bin 12: 60 51 20 77 54 15 
Bin 13: 61 50 92 6 106 119 
Bin 14: 42 49 93 105 83 98 43 73 
Bin 15: 13 69 104 110 14 39 
Bin 16: 1 74 52 23 31 
Bin 17: 72 45 68 114 78 19 67 
