# Objective: 38
# Time: 6.27531
# Feasible: 1
# Solution:
Bin 0: 118 50 47 62 65 46 43 
Bin 1: 178 160 34 121 158 81 
Bin 2: 227 18 143 56 239 148 
Bin 3: 52 238 133 190 141 216 206 210 
Bin 4: 176 44 68 95 3 245 124 212 
Bin 5: 75 207 150 224 0 222 135 94 
Bin 6: 26 157 53 51 78 200 174 
Bin 7: 208 12 66 205 116 196 
Bin 8: 63 83 231 188 204 226 59 29 
Bin 9: 182 104 16 146 107 64 193 
Bin 10: 232 7 136 125 132 6 19 
Bin 11: 147 74 88 112 129 
Bin 12: 55 32 11 145 215 36 71 237 
Bin 13: 246 30 45 27 90 164 180 167 
Bin 14: 37 130 181 120 198 
Bin 15: 114 5 49 73 31 209 70 
Bin 16: 179 25 9 113 102 86 
Bin 17: 87 156 57 229 163 165 
Bin 18: 61 243 240 183 123 60 
Bin 19: 105 172 134 79 98 80 84 38 
Bin 20: 195 20 115 110 69 108 
Bin 21: 149 187 155 82 202 117 
Bin 22: 159 211 41 169 72 
Bin 23: 76 22 218 93 151 4 219 
Bin 24: 220 168 171 137 28 128 189 77 
Bin 25: 24 185 23 126 249 184 97 
Bin 26: 192 13 223 14 236 177 100 
Bin 27: 166 234 191 221 203 230 244 
Bin 28: 217 2 21 153 194 89 10 
Bin 29: 233 142 48 33 39 54 197 
Bin 30: 201 35 247 175 1 161 
Bin 31: 42 40 101 17 15 
Bin 32: 241 85 235 103 99 138 
Bin 33: 214 127 67 152 162 
Bin 34: 58 228 122 186 139 199 131 
Bin 35: 170 225 213 140 119 173 
Bin 36: 91 242 144 154 96 
Bin 37: 92 8 106 111 248 109 
