# Objective: 19
# Time: 2.73544
# Feasible: 1
# Solution:
Bin 0: 19 110 26 108 64 93 9 
Bin 1: 20 51 16 7 65 111 
Bin 2: 33 49 92 87 32 30 
Bin 3: 38 47 113 91 104 
Bin 4: 103 100 52 114 115 66 44 109 28 
Bin 5: 80 58 13 55 12 76 
Bin 6: 40 0 37 107 98 67 
Bin 7: 24 96 60 85 6 101 63 
Bin 8: 17 31 118 56 46 105 
Bin 9: 77 8 116 5 11 102 42 
Bin 10: 3 68 10 106 83 62 
Bin 11: 57 48 4 70 61 1 78 
Bin 12: 53 50 2 21 89 
Bin 13: 14 73 112 18 22 119 35 
Bin 14: 39 69 75 34 90 72 
Bin 15: 79 59 94 27 23 41 84 
Bin 16: 99 15 43 117 71 36 74 
Bin 17: 88 45 82 86 97 
Bin 18: 25 95 54 81 29 
