# Objective: 37
# Time: 14.7246
# Feasible: 1
# Solution:
Bin 0: 107 192 238 18 139 114 13 
Bin 1: 48 227 177 41 244 79 76 
Bin 2: 103 162 154 194 89 64 168 
Bin 3: 34 233 17 35 45 55 199 
Bin 4: 2 88 211 185 42 49 
Bin 5: 221 108 213 111 176 229 
Bin 6: 241 131 210 122 197 37 243 
Bin 7: 72 109 115 174 220 21 
Bin 8: 200 232 46 196 14 4 106 
Bin 9: 5 157 150 160 0 217 
Bin 10: 161 183 102 33 146 188 212 236 
Bin 11: 19 3 53 140 234 60 28 124 
Bin 12: 246 169 175 10 240 127 121 
Bin 13: 224 129 118 165 80 235 120 
Bin 14: 173 132 99 40 90 98 208 
Bin 15: 128 63 167 189 81 
Bin 16: 163 237 136 86 138 104 155 
Bin 17: 142 43 242 56 119 223 143 
Bin 18: 95 24 68 92 93 39 22 198 
Bin 19: 130 214 158 245 202 87 147 195 83 
Bin 20: 47 248 126 20 62 216 
Bin 21: 71 57 73 97 144 145 110 
Bin 22: 105 225 179 8 181 231 239 
Bin 23: 218 15 125 7 149 190 191 
Bin 24: 94 101 78 77 180 151 152 226 
Bin 25: 247 170 134 61 82 32 
Bin 26: 209 184 133 44 38 12 
Bin 27: 135 230 36 85 219 207 186 
Bin 28: 206 215 204 65 193 159 
Bin 29: 84 164 116 27 23 172 
Bin 30: 74 249 1 31 171 100 
Bin 31: 178 51 25 137 182 141 
Bin 32: 91 69 9 67 187 75 
Bin 33: 203 52 6 58 113 123 
Bin 34: 166 222 59 96 201 66 156 
Bin 35: 16 29 117 153 70 205 112 
Bin 36: 54 148 50 228 11 26 30 
