# Objective: 100
# Time: 75.4794
# Feasible: 1
# Solution:
Bin 0: 16 273 72 371 363 
Bin 1: 447 178 168 332 235 
Bin 2: 45 226 443 140 179 156 
Bin 3: 87 385 113 112 388 
Bin 4: 131 8 290 229 489 319 
Bin 5: 487 390 261 132 306 
Bin 6: 105 163 49 498 
Bin 7: 259 481 130 18 451 
Bin 8: 471 67 154 351 
Bin 9: 30 110 171 292 202 
Bin 10: 418 339 366 26 12 
Bin 11: 336 57 427 256 118 
Bin 12: 488 365 119 206 79 338 
Bin 13: 268 445 146 406 398 
Bin 14: 210 125 271 426 382 
Bin 15: 413 335 42 107 428 291 
Bin 16: 377 408 56 258 
Bin 17: 38 14 333 497 147 431 
Bin 18: 367 472 233 157 372 
Bin 19: 438 244 199 134 193 
Bin 20: 340 461 3 104 492 
Bin 21: 27 312 425 122 230 322 
Bin 22: 358 181 208 357 117 439 7 
Bin 23: 1 149 272 128 430 
Bin 24: 191 15 32 172 450 
Bin 25: 74 441 486 260 135 
Bin 26: 348 374 350 485 
Bin 27: 466 152 83 239 
Bin 28: 432 173 465 434 356 62 
Bin 29: 308 96 234 395 246 
Bin 30: 480 39 457 255 394 
Bin 31: 262 213 86 228 0 
Bin 32: 460 462 212 265 123 
Bin 33: 323 380 325 201 174 442 
Bin 34: 249 400 389 496 166 
Bin 35: 248 9 252 48 458 286 
Bin 36: 189 109 379 464 177 415 
Bin 37: 245 41 375 440 267 
Bin 38: 167 334 417 251 316 
Bin 39: 93 456 467 162 
Bin 40: 97 183 4 401 284 
Bin 41: 106 63 364 85 196 
Bin 42: 209 36 353 29 238 
Bin 43: 203 298 50 33 305 
Bin 44: 22 10 302 277 139 
Bin 45: 197 158 294 304 
Bin 46: 491 476 420 165 433 
Bin 47: 368 355 383 424 
Bin 48: 449 186 223 274 276 
Bin 49: 317 392 176 100 314 
Bin 50: 99 360 303 108 195 310 
Bin 51: 20 60 387 224 91 454 
Bin 52: 300 482 155 192 
Bin 53: 211 218 136 200 299 2 
Bin 54: 285 280 54 475 311 194 
Bin 55: 283 479 436 354 151 217 495 
Bin 56: 82 315 429 320 391 
Bin 57: 44 301 410 278 
Bin 58: 78 43 142 437 478 421 
Bin 59: 423 453 126 376 270 
Bin 60: 396 59 293 281 141 
Bin 61: 232 297 73 169 90 397 
Bin 62: 6 318 419 452 64 
Bin 63: 288 362 328 359 23 
Bin 64: 160 222 324 138 94 
Bin 65: 412 143 37 
Bin 66: 494 185 215 474 264 490 
Bin 67: 345 361 307 184 81 71 
Bin 68: 287 470 66 52 381 
Bin 69: 403 111 61 326 198 337 95 
Bin 70: 35 407 468 129 422 137 
Bin 71: 58 463 170 175 266 
Bin 72: 237 51 5 330 393 
Bin 73: 187 161 55 103 
Bin 74: 92 435 242 101 263 346 
Bin 75: 241 446 46 483 77 
Bin 76: 279 416 343 144 254 
Bin 77: 253 188 145 455 
Bin 78: 240 409 309 133 214 
Bin 79: 269 448 150 13 31 
Bin 80: 344 321 25 275 115 153 
Bin 81: 121 370 53 347 405 
Bin 82: 24 404 190 159 349 65 
Bin 83: 236 221 21 378 225 
Bin 84: 17 444 411 76 
Bin 85: 47 68 243 289 40 
Bin 86: 34 250 28 473 341 75 
Bin 87: 342 469 329 148 
Bin 88: 247 313 98 384 
Bin 89: 11 114 84 296 120 
Bin 90: 205 257 331 414 
Bin 91: 204 88 373 499 369 
Bin 92: 477 352 282 
Bin 93: 124 295 402 399 127 484 
Bin 94: 227 80 180 220 
Bin 95: 219 386 
Bin 96: 116 19 70 69 
Bin 97: 182 231 89 
Bin 98: 327 164 493 216 102 
Bin 99: 459 207 
