# Objective: 40
# Time: 8.44513
# Feasible: 1
# Solution:
Bin 0: 8 134 234 66 185 114 233 
Bin 1: 9 222 11 54 102 44 
Bin 2: 159 121 129 67 203 205 196 
Bin 3: 247 150 143 215 180 39 
Bin 4: 221 105 236 88 181 212 
Bin 5: 195 225 217 15 156 107 0 
Bin 6: 174 193 235 137 142 59 246 
Bin 7: 191 117 242 14 155 57 58 76 
Bin 8: 85 214 71 86 62 228 
Bin 9: 135 245 99 162 1 231 
Bin 10: 229 24 49 82 226 
Bin 11: 115 43 243 96 16 219 
Bin 12: 154 139 189 63 47 163 126 10 
Bin 13: 138 42 61 171 241 93 176 
Bin 14: 98 244 213 5 116 186 
Bin 15: 110 248 178 78 89 151 
Bin 16: 65 87 3 216 224 198 
Bin 17: 123 165 188 70 37 232 
Bin 18: 136 104 220 4 120 177 199 
Bin 19: 223 84 202 157 20 55 52 
Bin 20: 128 97 119 91 53 
Bin 21: 201 34 149 230 118 101 23 
Bin 22: 166 148 46 74 140 
Bin 23: 124 81 239 68 131 45 40 
Bin 24: 72 158 161 182 160 80 
Bin 25: 179 168 175 26 183 31 238 
Bin 26: 77 190 147 125 153 111 
Bin 27: 21 113 94 144 2 
Bin 28: 208 122 48 50 170 32 
Bin 29: 184 112 109 240 79 12 
Bin 30: 133 169 13 164 204 127 200 210 
Bin 31: 27 141 35 103 51 36 
Bin 32: 249 7 18 90 130 
Bin 33: 75 30 237 6 100 173 
Bin 34: 209 33 187 64 38 
Bin 35: 218 95 146 227 19 207 
Bin 36: 152 172 194 25 17 192 73 
Bin 37: 167 69 92 106 41 
Bin 38: 56 22 28 108 83 60 
Bin 39: 211 145 132 197 206 29 
