# Objective: 165
# Time: 152.369
# Feasible: 1
# Solution:
Bin 0: 559 389 870 304 289 909 
Bin 1: 884 59 164 489 229 286 
Bin 2: 140 478 773 117 365 735 
Bin 3: 875 486 826 94 21 86 
Bin 4: 879 484 746 987 262 432 
Bin 5: 868 271 894 315 223 799 
Bin 6: 33 931 285 807 195 595 
Bin 7: 188 915 301 601 31 499 
Bin 8: 209 453 90 792 982 
Bin 9: 775 537 699 109 656 247 0 
Bin 10: 684 474 605 704 401 671 654 
Bin 11: 586 202 107 113 303 
Bin 12: 87 220 279 462 423 830 
Bin 13: 452 593 506 35 465 761 
Bin 14: 458 167 641 518 609 819 14 
Bin 15: 6 317 967 584 694 56 
Bin 16: 529 998 25 557 134 
Bin 17: 217 226 415 986 846 887 186 
Bin 18: 946 72 41 173 273 933 
Bin 19: 234 813 860 214 491 569 
Bin 20: 614 5 283 534 70 37 
Bin 21: 866 434 80 753 293 297 
Bin 22: 26 142 876 781 104 657 
Bin 23: 571 645 607 667 585 332 
Bin 24: 669 953 100 770 330 717 523 
Bin 25: 179 238 447 621 221 917 
Bin 26: 958 338 346 191 419 127 386 
Bin 27: 658 575 712 199 44 287 540 
Bin 28: 148 328 216 425 178 685 
Bin 29: 881 633 583 454 265 51 
Bin 30: 838 481 755 20 535 971 546 
Bin 31: 530 637 397 73 993 68 636 433 
Bin 32: 411 941 12 119 793 816 
Bin 33: 864 722 115 256 208 488 
Bin 34: 75 509 886 677 947 13 691 
Bin 35: 533 451 430 197 847 
Bin 36: 566 210 582 114 683 166 
Bin 37: 997 659 642 131 528 60 828 
Bin 38: 573 737 177 361 410 551 
Bin 39: 92 747 690 135 329 128 
Bin 40: 294 203 800 215 194 391 
Bin 41: 163 190 604 379 138 789 
Bin 42: 308 776 728 281 873 815 
Bin 43: 578 320 183 428 245 655 
Bin 44: 617 805 278 541 991 625 316 
Bin 45: 85 748 240 352 970 438 
Bin 46: 324 929 83 856 527 558 693 384 
Bin 47: 143 442 146 610 48 627 
Bin 48: 282 421 525 785 904 937 431 543 
Bin 49: 385 496 624 93 460 836 
Bin 50: 905 754 973 682 552 731 
Bin 51: 640 766 526 407 439 292 
Bin 52: 205 241 399 965 788 185 
Bin 53: 64 553 364 664 898 721 787 
Bin 54: 326 237 628 978 516 984 
Bin 55: 990 707 623 992 310 260 
Bin 56: 652 150 863 844 841 
Bin 57: 327 730 994 638 444 883 539 
Bin 58: 101 334 972 91 762 372 689 
Bin 59: 660 564 549 95 351 477 772 
Bin 60: 858 794 7 812 661 649 
Bin 61: 920 939 796 78 170 449 
Bin 62: 154 155 456 924 945 732 923 
Bin 63: 629 911 914 756 686 3 383 
Bin 64: 108 504 118 597 977 43 
Bin 65: 835 376 561 555 936 
Bin 66: 252 255 872 662 176 133 612 
Bin 67: 66 565 340 922 305 878 
Bin 68: 567 507 880 446 62 437 
Bin 69: 339 233 613 124 53 89 
Bin 70: 511 4 250 394 390 675 
Bin 71: 74 818 219 758 253 
Bin 72: 378 363 676 681 519 50 
Bin 73: 611 803 204 302 979 727 
Bin 74: 151 480 17 319 711 550 
Bin 75: 512 184 483 719 592 791 976 
Bin 76: 235 938 380 599 248 201 
Bin 77: 651 157 921 908 111 
Bin 78: 568 144 893 832 482 343 
Bin 79: 901 347 198 843 27 141 387 
Bin 80: 38 16 809 934 743 218 169 
Bin 81: 357 182 180 395 821 767 806 
Bin 82: 224 63 940 313 106 522 
Bin 83: 589 750 702 606 900 370 
Bin 84: 123 36 510 851 587 284 264 493 
Bin 85: 373 630 545 429 251 335 257 956 
Bin 86: 349 129 187 954 544 259 
Bin 87: 542 849 333 336 420 
Bin 88: 424 470 697 783 975 596 
Bin 89: 132 594 342 620 231 700 
Bin 90: 414 121 19 350 632 
Bin 91: 663 290 175 580 172 396 
Bin 92: 588 708 514 903 47 232 
Bin 93: 718 949 162 740 825 165 
Bin 94: 102 88 274 116 619 322 
Bin 95: 436 822 500 926 275 963 
Bin 96: 961 321 678 409 11 
Bin 97: 966 897 670 400 212 869 615 
Bin 98: 802 392 189 983 988 774 995 
Bin 99: 577 765 249 272 300 
Bin 100: 122 854 913 831 312 15 
Bin 101: 479 532 412 919 804 40 441 
Bin 102: 531 890 739 646 440 
Bin 103: 28 769 784 222 81 985 
Bin 104: 907 882 277 475 602 457 650 
Bin 105: 388 910 579 853 299 323 859 
Bin 106: 472 325 572 356 39 408 
Bin 107: 307 538 360 263 837 757 
Bin 108: 928 156 34 744 318 406 
Bin 109: 710 520 889 344 366 490 
Bin 110: 314 797 65 139 943 29 492 
Bin 111: 207 311 403 790 10 
Bin 112: 666 9 79 393 84 715 
Bin 113: 603 647 30 505 560 353 
Bin 114: 46 405 952 679 193 741 
Bin 115: 925 574 103 759 455 
Bin 116: 608 752 467 616 899 536 
Bin 117: 362 930 368 738 8 374 576 
Bin 118: 827 126 236 497 473 548 
Bin 119: 570 808 502 112 857 466 
Bin 120: 445 714 464 680 668 145 
Bin 121: 674 771 32 230 71 515 
Bin 122: 341 968 42 345 763 
Bin 123: 626 591 634 521 476 777 
Bin 124: 288 227 692 24 581 653 137 
Bin 125: 749 734 964 723 120 377 
Bin 126: 834 110 888 782 962 842 402 
Bin 127: 852 644 989 695 417 99 
Bin 128: 824 77 23 225 160 228 
Bin 129: 105 622 153 598 52 69 501 
Bin 130: 999 355 840 413 22 867 
Bin 131: 130 795 398 745 331 158 
Bin 132: 845 957 760 556 895 
Bin 133: 309 57 306 18 935 742 
Bin 134: 706 503 418 918 498 716 
Bin 135: 348 298 974 254 960 709 513 
Bin 136: 688 955 61 618 996 696 
Bin 137: 892 159 76 865 1 891 404 
Bin 138: 168 665 517 885 786 959 
Bin 139: 382 833 639 902 270 295 
Bin 140: 375 862 733 49 829 
Bin 141: 181 267 508 906 276 631 
Bin 142: 443 369 280 932 381 524 
Bin 143: 948 648 811 877 171 
Bin 144: 725 358 161 192 673 96 
Bin 145: 174 468 269 590 239 912 291 
Bin 146: 554 55 981 855 672 359 
Bin 147: 705 268 67 951 814 
Bin 148: 703 896 944 136 950 687 
Bin 149: 563 801 780 736 149 
Bin 150: 296 213 469 244 426 820 
Bin 151: 643 242 448 487 450 
Bin 152: 435 798 720 494 266 246 
Bin 153: 367 495 817 54 258 211 
Bin 154: 547 337 196 58 871 779 
Bin 155: 422 97 98 751 463 874 
Bin 156: 778 562 600 200 206 243 
Bin 157: 82 459 2 427 698 
Bin 158: 354 729 927 635 471 
Bin 159: 416 701 724 713 45 
Bin 160: 768 916 125 461 261 371 
Bin 161: 147 152 764 980 
Bin 162: 850 485 823 861 726 
Bin 163: 942 839 848 969 
Bin 164: 810 
