# Objective: 19
# Time: 2.5259
# Feasible: 1
# Solution:
Bin 0: 68 82 105 46 5 47 104 
Bin 1: 21 77 30 13 22 26 81 99 
Bin 2: 23 70 19 49 110 8 107 
Bin 3: 15 106 98 20 29 
Bin 4: 112 74 89 44 108 45 35 
Bin 5: 39 78 73 9 27 
Bin 6: 69 95 50 41 92 4 100 86 
Bin 7: 88 94 34 57 75 14 
Bin 8: 54 17 84 61 117 
Bin 9: 43 53 10 115 87 55 
Bin 10: 33 85 66 101 58 65 60 
Bin 11: 32 90 109 83 119 51 31 56 
Bin 12: 48 3 103 97 62 42 
Bin 13: 79 38 37 12 16 114 63 
Bin 14: 59 0 40 64 71 72 7 
Bin 15: 96 24 91 25 28 
Bin 16: 11 102 67 52 2 118 
Bin 17: 6 36 111 1 80 
Bin 18: 18 116 93 76 113 
