# Objective: 75
# Time: 52.7985
# Feasible: 1
# Solution:
Bin 0: 429 175 328 193 130 377 227 499 
Bin 1: 56 166 367 211 245 289 
Bin 2: 378 337 435 105 108 438 63 326 
Bin 3: 165 353 339 182 252 91 260 
Bin 4: 229 267 43 382 374 258 
Bin 5: 99 310 264 9 399 
Bin 6: 183 452 78 243 397 262 
Bin 7: 221 244 31 460 197 301 201 475 
Bin 8: 433 322 268 471 246 388 
Bin 9: 159 401 373 194 462 187 277 
Bin 10: 110 487 446 16 239 36 224 
Bin 11: 313 160 24 473 486 282 256 
Bin 12: 143 107 28 134 370 431 321 
Bin 13: 461 459 319 15 233 92 458 
Bin 14: 2 365 495 314 93 316 281 
Bin 15: 404 118 55 18 59 331 48 447 
Bin 16: 116 335 357 47 158 338 222 
Bin 17: 50 101 237 266 174 115 
Bin 18: 49 0 422 241 479 456 38 
Bin 19: 412 426 216 379 84 369 485 
Bin 20: 203 32 349 275 152 269 285 
Bin 21: 128 423 51 403 232 
Bin 22: 181 225 329 411 261 41 
Bin 23: 464 27 112 109 188 418 77 
Bin 24: 383 434 360 200 195 352 300 123 
Bin 25: 430 400 391 253 106 476 
Bin 26: 120 453 210 136 80 17 481 
Bin 27: 358 132 302 350 82 448 346 
Bin 28: 493 274 52 156 271 21 286 
Bin 29: 60 74 67 8 440 309 204 119 
Bin 30: 68 251 191 291 484 480 451 202 
Bin 31: 138 86 361 140 488 139 83 145 
Bin 32: 75 288 263 87 490 223 296 
Bin 33: 483 236 169 308 416 380 381 
Bin 34: 127 290 73 497 472 189 155 
Bin 35: 343 283 6 443 88 498 102 
Bin 36: 240 279 478 407 324 356 
Bin 37: 234 137 278 439 220 64 
Bin 38: 305 477 46 474 344 25 
Bin 39: 292 89 1 371 311 40 406 
Bin 40: 90 76 455 368 23 196 351 19 
Bin 41: 386 161 450 3 491 37 336 
Bin 42: 218 467 7 22 206 42 58 
Bin 43: 436 213 327 135 186 
Bin 44: 417 14 247 153 44 10 228 405 
Bin 45: 489 103 199 340 359 148 
Bin 46: 131 144 208 179 113 163 185 
Bin 47: 325 318 53 231 34 395 333 
Bin 48: 238 235 276 449 4 299 
Bin 49: 150 387 364 121 441 284 342 209 
Bin 50: 492 442 172 98 265 280 415 494 
Bin 51: 312 323 470 45 345 341 
Bin 52: 465 114 293 392 97 419 
Bin 53: 168 35 410 320 142 408 347 330 
Bin 54: 230 151 437 13 414 384 177 
Bin 55: 219 212 454 363 445 354 
Bin 56: 425 306 125 295 254 427 217 421 
Bin 57: 457 259 376 402 372 12 
Bin 58: 420 81 482 122 303 79 
Bin 59: 94 167 242 69 205 304 154 
Bin 60: 394 496 398 141 5 146 
Bin 61: 362 428 39 149 171 
Bin 62: 70 96 409 307 444 124 
Bin 63: 255 366 176 29 173 294 72 
Bin 64: 170 257 66 463 198 393 
Bin 65: 396 249 432 57 61 190 
Bin 66: 468 270 62 466 126 
Bin 67: 129 348 157 192 184 
Bin 68: 30 26 332 178 389 
Bin 69: 111 297 469 11 214 71 
Bin 70: 317 298 355 104 147 424 
Bin 71: 207 85 162 413 95 133 226 375 
Bin 72: 390 385 250 33 54 334 272 
Bin 73: 315 273 164 65 215 180 
Bin 74: 117 20 100 287 248 
