# Objective: 74
# Time: 30.6053
# Feasible: 1
# Solution:
Bin 0: 357 497 155 467 280 236 287 78 
Bin 1: 408 494 464 156 388 114 319 
Bin 2: 189 30 293 367 499 347 312 
Bin 3: 285 86 380 125 297 300 144 
Bin 4: 142 171 299 440 234 75 
Bin 5: 240 414 76 364 308 231 
Bin 6: 438 153 141 129 419 479 442 413 36 
Bin 7: 247 147 254 200 366 362 139 179 
Bin 8: 157 349 224 269 383 196 232 
Bin 9: 126 296 249 392 12 260 
Bin 10: 148 266 92 237 6 194 295 
Bin 11: 340 233 21 67 252 378 145 
Bin 12: 22 250 181 302 263 273 
Bin 13: 68 333 374 2 483 301 55 88 
Bin 14: 253 159 321 57 412 468 
Bin 15: 178 495 206 59 477 26 
Bin 16: 101 420 191 256 69 332 
Bin 17: 212 450 455 235 370 245 
Bin 18: 310 409 444 54 77 478 29 19 
Bin 19: 389 371 436 484 164 162 476 
Bin 20: 278 103 160 447 38 64 316 
Bin 21: 199 434 356 110 183 423 456 358 
Bin 22: 207 184 289 317 105 329 
Bin 23: 133 281 421 311 167 
Bin 24: 470 3 154 205 99 
Bin 25: 66 384 0 130 31 485 
Bin 26: 216 324 449 398 109 102 
Bin 27: 175 187 45 84 458 211 
Bin 28: 385 35 122 128 244 
Bin 29: 192 143 461 441 70 365 120 377 
Bin 30: 291 417 493 433 394 48 
Bin 31: 341 330 115 198 74 177 230 219 
Bin 32: 151 454 190 355 437 150 474 
Bin 33: 465 360 346 60 275 304 227 445 
Bin 34: 34 309 393 52 96 305 87 152 61 
Bin 35: 226 251 8 208 373 80 
Bin 36: 339 432 106 28 307 161 
Bin 37: 24 381 168 41 488 11 176 
Bin 38: 209 4 334 406 354 220 452 165 
Bin 39: 186 345 131 197 259 97 472 435 462 
Bin 40: 481 363 271 119 203 264 351 446 
Bin 41: 13 318 322 403 65 496 111 
Bin 42: 132 1 39 118 405 98 188 
Bin 43: 328 62 350 163 73 277 225 342 
Bin 44: 16 50 124 416 79 229 
Bin 45: 276 331 81 246 121 397 104 320 
Bin 46: 210 361 463 56 426 10 
Bin 47: 372 82 20 375 272 228 
Bin 48: 428 314 490 270 376 489 
Bin 49: 71 94 407 47 439 487 404 
Bin 50: 430 169 411 284 140 315 298 
Bin 51: 100 431 265 348 457 325 294 
Bin 52: 213 288 448 72 58 27 63 
Bin 53: 337 471 202 451 382 338 418 17 
Bin 54: 274 335 201 138 214 40 343 
Bin 55: 146 326 379 400 282 262 
Bin 56: 49 23 37 243 390 123 453 
Bin 57: 93 9 90 402 158 359 
Bin 58: 410 108 396 204 422 482 303 
Bin 59: 170 267 395 258 32 425 
Bin 60: 248 286 242 53 238 136 
Bin 61: 222 290 257 113 327 91 498 473 
Bin 62: 193 135 33 137 459 239 5 166 
Bin 63: 424 127 18 195 353 387 46 443 
Bin 64: 415 83 180 134 352 386 391 
Bin 65: 486 42 399 44 149 268 
Bin 66: 279 107 313 427 172 
Bin 67: 480 223 221 185 95 401 
Bin 68: 182 117 51 15 173 
Bin 69: 491 215 306 323 475 336 369 
Bin 70: 466 460 492 217 292 
Bin 71: 112 25 241 89 174 368 
Bin 72: 344 7 429 261 85 283 218 
Bin 73: 469 14 116 255 43 
