# Objective: 75
# Time: 13.728
# Feasible: 1
# Solution:
Bin 0: 51 444 267 451 274 63 
Bin 1: 246 484 350 481 427 195 
Bin 2: 412 268 295 27 322 93 155 
Bin 3: 271 173 75 473 138 48 113 70 
Bin 4: 85 92 466 351 301 
Bin 5: 116 14 429 170 346 385 331 
Bin 6: 238 359 21 137 311 217 
Bin 7: 57 76 456 465 60 223 
Bin 8: 186 389 284 34 318 438 156 
Bin 9: 452 81 365 441 261 333 269 
Bin 10: 409 82 208 362 317 478 373 447 158 
Bin 11: 345 368 336 117 355 
Bin 12: 290 65 401 39 115 
Bin 13: 392 422 435 305 103 323 
Bin 14: 372 375 445 31 414 13 46 446 
Bin 15: 151 436 248 339 202 131 98 7 
Bin 16: 407 343 135 399 88 415 56 
Bin 17: 149 440 44 472 397 10 142 485 420 
Bin 18: 314 239 161 280 353 
Bin 19: 400 152 298 189 279 
Bin 20: 460 459 418 168 277 275 
Bin 21: 425 221 455 126 234 
Bin 22: 448 467 187 249 108 105 166 492 
Bin 23: 278 182 360 342 36 242 
Bin 24: 154 214 192 458 493 
Bin 25: 232 263 185 86 49 19 
Bin 26: 15 211 35 53 123 463 
Bin 27: 434 402 396 475 178 145 344 354 
Bin 28: 262 357 167 379 133 42 482 
Bin 29: 297 2 140 78 210 50 307 
Bin 30: 347 240 308 130 83 6 287 
Bin 31: 405 194 496 100 487 9 
Bin 32: 449 476 41 428 209 416 175 
Bin 33: 393 387 374 364 87 132 283 419 252 107 358 
Bin 34: 119 67 216 212 376 291 
Bin 35: 403 270 22 71 471 
Bin 36: 285 38 230 499 480 286 461 260 74 
Bin 37: 424 162 91 169 207 410 
Bin 38: 164 348 153 491 227 
Bin 39: 489 176 296 226 312 380 
Bin 40: 411 148 349 120 125 225 59 
Bin 41: 321 172 236 206 11 229 99 
Bin 42: 332 498 304 228 497 326 
Bin 43: 437 102 213 417 30 73 
Bin 44: 367 413 233 266 197 28 384 
Bin 45: 190 165 109 171 62 160 247 
Bin 46: 79 69 377 218 58 421 457 
Bin 47: 147 254 191 251 369 124 
Bin 48: 231 395 3 174 439 127 244 
Bin 49: 302 84 222 388 111 352 200 430 
Bin 50: 361 89 443 118 255 
Bin 51: 112 259 253 356 272 80 
Bin 52: 129 29 325 5 341 203 
Bin 53: 431 335 320 404 204 282 382 150 
Bin 54: 273 386 276 408 398 66 490 8 
Bin 55: 313 205 454 306 143 245 94 146 
Bin 56: 462 468 219 483 144 371 
Bin 57: 243 474 122 453 378 479 
Bin 58: 40 464 54 250 310 101 
Bin 59: 17 37 90 299 215 24 33 
Bin 60: 494 495 180 97 406 442 20 
Bin 61: 72 338 235 294 370 163 157 
Bin 62: 337 196 96 106 381 141 265 43 241 330 
Bin 63: 327 201 237 181 334 309 
Bin 64: 47 340 432 383 391 
Bin 65: 281 184 16 319 77 12 199 55 
Bin 66: 104 1 139 26 289 292 159 423 477 
Bin 67: 220 183 134 128 0 363 469 
Bin 68: 136 315 390 25 68 198 
Bin 69: 32 4 293 366 64 121 
Bin 70: 329 324 224 110 488 394 316 
Bin 71: 52 300 486 264 179 
Bin 72: 95 61 328 256 470 
Bin 73: 258 288 257 193 177 114 
Bin 74: 23 18 433 188 303 450 426 45 
