# Objective: 19
# Time: 2.5477
# Feasible: 1
# Solution:
Bin 0: 58 12 47 37 107 87 
Bin 1: 110 71 0 65 20 
Bin 2: 68 51 73 76 39 88 28 49 
Bin 3: 55 75 92 45 9 95 26 
Bin 4: 17 86 13 35 102 
Bin 5: 4 27 69 104 115 33 43 
Bin 6: 3 21 94 10 38 103 117 41 109 
Bin 7: 57 31 63 78 42 8 
Bin 8: 113 62 14 116 96 53 
Bin 9: 91 59 11 99 64 40 
Bin 10: 7 82 46 19 61 2 29 77 
Bin 11: 97 66 70 54 50 16 98 
Bin 12: 72 105 67 106 81 100 
Bin 13: 89 48 114 5 108 22 118 
Bin 14: 101 60 84 15 6 18 
Bin 15: 34 83 24 119 80 30 
Bin 16: 112 36 93 111 1 
Bin 17: 56 79 32 90 44 
Bin 18: 25 74 23 52 85 
