# Objective: 76
# Time: 30.6914
# Feasible: 1
# Solution:
Bin 0: 258 366 127 312 203 394 
Bin 1: 145 492 428 382 376 124 447 78 56 332 
Bin 2: 319 196 308 217 392 8 442 
Bin 3: 42 215 469 184 68 193 100 363 19 
Bin 4: 176 375 50 245 437 423 475 470 
Bin 5: 294 402 390 160 463 207 96 
Bin 6: 365 223 477 274 340 417 381 458 
Bin 7: 14 329 287 456 285 61 39 409 302 
Bin 8: 404 171 261 46 41 270 331 
Bin 9: 499 434 369 150 151 335 44 59 
Bin 10: 343 281 482 30 91 208 
Bin 11: 429 276 465 284 126 350 337 
Bin 12: 383 239 412 374 168 413 
Bin 13: 435 149 65 138 99 111 188 31 
Bin 14: 451 194 173 120 185 197 
Bin 15: 170 300 15 206 159 422 12 32 497 
Bin 16: 218 200 166 309 18 418 325 320 
Bin 17: 186 336 356 466 438 122 85 
Bin 18: 265 415 6 211 446 
Bin 19: 380 86 237 371 495 310 407 
Bin 20: 103 290 305 406 67 70 172 167 
Bin 21: 221 399 75 278 232 90 
Bin 22: 388 420 259 314 104 347 140 
Bin 23: 327 152 164 318 317 102 17 
Bin 24: 481 113 444 353 373 304 47 
Bin 25: 352 57 220 257 324 132 169 462 
Bin 26: 79 107 209 464 273 342 
Bin 27: 226 255 26 63 370 25 
Bin 28: 349 426 433 34 315 97 181 
Bin 29: 443 379 485 119 368 76 341 
Bin 30: 330 299 162 72 486 190 
Bin 31: 253 58 297 346 88 378 71 
Bin 32: 64 401 385 105 488 60 
Bin 33: 271 445 479 192 204 95 214 
Bin 34: 286 146 389 20 311 384 231 
Bin 35: 158 9 301 82 478 23 
Bin 36: 24 199 0 198 115 129 
Bin 37: 123 142 243 183 230 254 
Bin 38: 333 256 251 49 358 448 
Bin 39: 35 69 498 235 175 339 
Bin 40: 5 89 295 252 178 157 
Bin 41: 87 224 148 13 3 141 
Bin 42: 147 454 216 143 322 395 
Bin 43: 354 205 450 288 227 38 131 
Bin 44: 419 144 440 55 212 1 
Bin 45: 328 362 355 303 62 491 
Bin 46: 154 430 242 345 260 
Bin 47: 112 80 468 22 459 139 180 
Bin 48: 472 228 191 114 45 344 
Bin 49: 414 210 455 431 27 416 
Bin 50: 249 421 296 11 272 262 
Bin 51: 377 165 244 16 201 292 
Bin 52: 334 467 84 98 83 487 291 
Bin 53: 397 21 372 40 101 408 
Bin 54: 351 189 66 359 36 398 282 
Bin 55: 386 10 493 410 396 267 81 439 
Bin 56: 367 135 494 133 179 
Bin 57: 248 161 136 268 489 
Bin 58: 425 484 348 155 163 219 
Bin 59: 266 108 326 118 452 323 
Bin 60: 436 52 496 460 357 93 116 
Bin 61: 473 391 263 117 182 125 
Bin 62: 33 234 109 280 236 424 
Bin 63: 7 130 393 153 471 453 
Bin 64: 293 225 307 405 432 54 
Bin 65: 51 338 238 92 277 275 
Bin 66: 247 427 134 387 94 250 476 
Bin 67: 187 128 213 411 106 279 264 
Bin 68: 77 360 37 461 240 233 289 
Bin 69: 53 313 137 2 195 246 
Bin 70: 400 441 156 4 73 490 306 
Bin 71: 174 457 403 202 222 
Bin 72: 110 449 474 483 74 229 
Bin 73: 298 269 283 361 480 
Bin 74: 321 48 241 121 316 
Bin 75: 29 177 364 28 43 
