# Objective: 75
# Time: 32.1367
# Feasible: 1
# Solution:
Bin 0: 179 287 399 16 155 324 
Bin 1: 388 424 195 241 222 93 452 
Bin 2: 325 262 320 125 294 
Bin 3: 336 243 275 474 400 80 42 84 
Bin 4: 70 190 428 359 286 463 12 
Bin 5: 402 382 478 489 272 264 55 76 
Bin 6: 472 101 43 39 174 94 416 
Bin 7: 71 405 321 66 349 301 11 226 
Bin 8: 459 200 334 192 90 282 303 51 
Bin 9: 466 420 35 300 0 273 
Bin 10: 123 5 331 193 161 74 152 
Bin 11: 396 202 447 230 372 426 
Bin 12: 322 2 218 56 102 104 
Bin 13: 159 289 389 369 297 323 347 
Bin 14: 1 360 279 404 68 364 52 117 
Bin 15: 40 371 122 283 15 211 227 
Bin 16: 378 158 343 234 376 448 136 
Bin 17: 437 481 340 456 191 115 
Bin 18: 251 494 395 25 118 246 
Bin 19: 110 370 153 292 231 394 17 
Bin 20: 181 7 455 57 47 172 
Bin 21: 167 185 31 319 67 473 
Bin 22: 205 439 82 212 28 59 217 
Bin 23: 381 224 410 373 233 268 355 186 
Bin 24: 318 269 130 62 460 406 221 477 
Bin 25: 449 271 142 209 354 498 34 
Bin 26: 216 353 476 182 147 295 116 53 407 310 
Bin 27: 127 311 291 256 96 278 
Bin 28: 75 38 36 166 19 366 
Bin 29: 363 468 379 495 274 168 441 
Bin 30: 488 121 197 61 270 9 335 
Bin 31: 384 260 461 351 173 73 
Bin 32: 482 91 261 332 137 484 
Bin 33: 133 345 470 427 63 375 
Bin 34: 305 20 18 454 401 356 175 
Bin 35: 60 235 162 86 403 223 8 
Bin 36: 135 100 171 45 178 425 342 
Bin 37: 429 83 154 252 312 348 327 
Bin 38: 120 196 450 206 249 266 85 259 
Bin 39: 27 309 10 344 307 288 432 
Bin 40: 141 129 33 483 358 368 
Bin 41: 385 242 333 128 106 338 184 
Bin 42: 46 105 257 296 77 112 442 
Bin 43: 443 469 194 475 365 
Bin 44: 499 431 302 276 14 413 421 189 304 
Bin 45: 462 341 13 126 109 225 
Bin 46: 48 97 293 50 201 285 
Bin 47: 98 306 78 239 380 64 245 
Bin 48: 238 308 438 350 317 411 445 95 
Bin 49: 37 298 107 236 430 92 150 
Bin 50: 210 219 255 436 23 
Bin 51: 386 492 258 393 316 
Bin 52: 132 180 339 417 453 165 6 
Bin 53: 361 337 418 49 326 267 
Bin 54: 493 397 44 485 329 183 464 
Bin 55: 156 220 151 229 232 145 
Bin 56: 444 414 458 330 277 409 164 
Bin 57: 263 497 203 24 199 144 30 
Bin 58: 440 176 3 114 143 214 
Bin 59: 408 313 41 357 496 
Bin 60: 250 433 451 415 435 134 
Bin 61: 32 22 148 265 352 26 187 81 
Bin 62: 487 111 204 139 108 72 213 
Bin 63: 314 170 434 254 157 387 
Bin 64: 423 479 163 284 457 390 
Bin 65: 138 490 140 377 149 
Bin 66: 169 207 4 299 244 
Bin 67: 391 240 290 422 383 
Bin 68: 486 362 146 177 446 113 131 
Bin 69: 65 374 198 215 89 247 
Bin 70: 419 367 58 69 237 208 79 
Bin 71: 88 54 119 103 412 160 491 
Bin 72: 280 87 328 480 392 99 124 315 
Bin 73: 398 346 21 188 281 248 
Bin 74: 228 467 465 471 29 253 
