# Objective: 151
# Time: 386.688
# Feasible: 1
# Solution:
Bin 0: 94 547 680 437 933 566 
Bin 1: 910 836 174 213 882 744 
Bin 2: 787 340 889 902 684 93 689 
Bin 3: 489 415 550 958 310 8 
Bin 4: 876 505 370 296 960 986 
Bin 5: 20 209 133 436 758 408 68 
Bin 6: 493 694 593 32 170 916 669 
Bin 7: 383 351 236 775 861 208 858 117 
Bin 8: 28 67 762 975 294 992 847 295 532 
Bin 9: 463 615 403 779 367 488 
Bin 10: 473 838 920 350 926 569 743 331 
Bin 11: 411 967 104 788 751 30 558 135 
Bin 12: 616 761 254 83 258 924 472 
Bin 13: 206 618 898 813 577 891 521 
Bin 14: 797 777 918 63 821 379 
Bin 15: 702 146 944 941 907 721 730 
Bin 16: 231 332 678 358 495 671 
Bin 17: 31 948 59 597 859 829 737 
Bin 18: 514 153 778 257 901 244 
Bin 19: 748 962 307 499 1 673 105 
Bin 20: 292 91 940 464 994 677 
Bin 21: 802 549 557 707 809 138 575 
Bin 22: 793 685 147 614 956 826 641 359 
Bin 23: 434 543 420 16 363 46 260 
Bin 24: 498 252 492 814 849 
Bin 25: 450 235 308 491 261 108 630 
Bin 26: 612 564 149 783 23 627 
Bin 27: 250 33 398 978 600 984 
Bin 28: 582 10 324 510 482 996 
Bin 29: 632 422 895 740 262 284 579 726 
Bin 30: 35 97 852 635 107 670 
Bin 31: 648 823 767 642 271 621 352 
Bin 32: 845 511 722 178 715 451 
Bin 33: 548 753 469 121 162 127 228 
Bin 34: 561 51 825 3 88 404 410 832 
Bin 35: 421 993 22 745 409 466 197 892 
Bin 36: 136 647 89 253 478 57 151 929 
Bin 37: 439 529 683 218 96 756 321 
Bin 38: 660 237 664 323 287 591 
Bin 39: 959 655 214 542 659 306 
Bin 40: 764 246 870 651 976 205 
Bin 41: 106 385 760 64 19 255 663 
Bin 42: 848 502 687 531 210 305 
Bin 43: 928 372 293 676 908 143 462 989 
Bin 44: 528 467 275 223 140 73 781 
Bin 45: 259 513 175 990 378 461 485 230 
Bin 46: 766 318 757 903 637 613 951 
Bin 47: 633 49 313 792 732 619 283 
Bin 48: 570 418 238 468 365 527 221 
Bin 49: 598 925 169 728 182 129 
Bin 50: 487 840 150 248 381 455 714 
Bin 51: 299 700 423 344 723 382 375 712 
Bin 52: 763 188 970 77 884 326 736 
Bin 53: 914 125 141 476 347 273 790 
Bin 54: 168 343 922 646 345 686 
Bin 55: 393 750 161 392 734 943 
Bin 56: 656 688 111 131 509 216 808 
Bin 57: 277 877 799 872 414 911 232 
Bin 58: 947 21 38 427 855 245 603 
Bin 59: 465 875 25 458 457 536 693 
Bin 60: 759 167 58 657 263 620 
Bin 61: 328 84 311 445 86 242 
Bin 62: 522 82 474 470 880 
Bin 63: 112 76 264 289 795 
Bin 64: 338 290 327 966 681 711 
Bin 65: 506 405 26 804 430 696 850 
Bin 66: 353 356 639 964 595 6 
Bin 67: 376 865 969 906 429 27 391 
Bin 68: 360 181 662 608 364 
Bin 69: 731 426 572 584 341 946 
Bin 70: 388 800 692 965 834 909 202 
Bin 71: 982 507 176 789 303 974 
Bin 72: 500 997 864 320 856 927 5 
Bin 73: 971 952 386 574 459 725 4 
Bin 74: 979 535 397 772 868 567 
Bin 75: 708 179 747 172 563 317 
Bin 76: 194 272 953 703 256 939 
Bin 77: 530 818 212 833 137 
Bin 78: 878 41 380 438 622 14 55 741 
Bin 79: 541 810 562 631 361 519 
Bin 80: 279 191 839 503 501 896 
Bin 81: 81 853 784 13 70 
Bin 82: 705 791 224 977 851 229 742 
Bin 83: 336 291 999 905 325 47 936 
Bin 84: 226 954 85 576 830 79 
Bin 85: 339 335 155 399 316 166 
Bin 86: 220 846 312 546 400 240 
Bin 87: 297 599 596 160 769 538 134 
Bin 88: 972 329 899 100 274 900 698 204 
Bin 89: 65 9 99 668 69 481 103 
Bin 90: 786 269 812 963 617 755 
Bin 91: 110 555 815 334 342 765 
Bin 92: 456 177 54 17 540 571 440 
Bin 93: 200 935 709 66 817 
Bin 94: 156 227 44 606 490 843 
Bin 95: 894 281 61 822 192 
Bin 96: 171 794 389 776 396 512 452 109 
Bin 97: 195 533 585 215 706 517 368 460 
Bin 98: 52 520 806 658 189 265 524 201 80 590 
Bin 99: 120 565 144 98 701 697 957 
Bin 100: 243 152 42 304 580 
Bin 101: 314 483 526 690 675 973 249 
Bin 102: 497 247 130 425 592 682 394 
Bin 103: 913 349 132 704 654 862 348 416 
Bin 104: 937 163 995 785 583 101 820 
Bin 105: 738 667 354 819 588 835 604 
Bin 106: 496 871 48 75 890 288 919 672 
Bin 107: 897 749 268 607 118 217 
Bin 108: 15 652 594 636 586 915 431 
Bin 109: 544 666 315 36 18 442 
Bin 110: 602 796 985 638 623 211 424 
Bin 111: 173 366 39 904 53 239 435 863 938 
Bin 112: 661 346 931 374 727 11 
Bin 113: 128 768 87 95 484 665 710 
Bin 114: 159 60 921 998 720 718 190 
Bin 115: 362 955 207 917 447 881 716 
Bin 116: 912 302 78 831 782 185 
Bin 117: 945 983 752 828 45 581 
Bin 118: 537 523 844 154 691 934 
Bin 119: 448 886 949 807 719 508 923 7 0 
Bin 120: 384 123 866 199 433 43 
Bin 121: 626 645 568 811 589 266 930 
Bin 122: 119 475 241 770 309 122 
Bin 123: 115 285 504 539 518 407 357 
Bin 124: 560 860 2 186 774 771 
Bin 125: 628 56 142 827 805 
Bin 126: 158 842 605 298 883 371 
Bin 127: 556 139 988 746 733 280 724 
Bin 128: 887 102 71 12 377 515 145 
Bin 129: 286 735 869 601 219 198 
Bin 130: 545 282 333 37 888 739 
Bin 131: 854 553 480 449 417 713 
Bin 132: 942 798 24 551 164 
Bin 133: 644 968 650 113 987 699 369 
Bin 134: 471 72 441 428 494 653 873 
Bin 135: 587 50 679 196 270 629 
Bin 136: 157 729 355 824 649 801 
Bin 137: 373 559 412 980 754 225 
Bin 138: 695 301 62 634 534 165 
Bin 139: 319 180 554 578 251 387 
Bin 140: 991 116 841 92 126 300 552 
Bin 141: 222 879 516 773 611 625 885 
Bin 142: 337 486 432 780 34 610 187 
Bin 143: 74 413 867 114 454 893 816 950 
Bin 144: 981 401 267 803 443 193 
Bin 145: 278 874 402 419 446 
Bin 146: 609 233 857 444 395 961 
Bin 147: 674 234 479 624 453 390 184 
Bin 148: 932 837 183 148 124 330 
Bin 149: 90 640 525 203 322 477 
Bin 150: 643 29 40 406 573 276 717 
