# Objective: 170
# Time: 3611.47
# Feasible: 1
# Solution:
Bin 0: 256 413 54 544 558 120 
Bin 1: 237 490 199 653 276 829 
Bin 2: 155 609 103 548 253 128 
Bin 3: 668 892 872 777 496 
Bin 4: 18 813 895 174 242 
Bin 5: 194 94 612 447 676 
Bin 6: 941 814 730 524 530 48 
Bin 7: 45 613 146 283 272 836 
Bin 8: 478 435 143 410 321 284 307 
Bin 9: 762 785 826 287 990 
Bin 10: 584 233 402 33 712 85 
Bin 11: 383 308 935 866 35 868 
Bin 12: 596 389 39 992 585 156 611 
Bin 13: 804 854 577 387 97 603 
Bin 14: 741 648 153 392 888 241 59 349 
Bin 15: 625 306 677 887 714 
Bin 16: 264 880 571 918 963 140 513 
Bin 17: 547 849 980 325 0 993 167 
Bin 18: 588 982 393 711 514 906 
Bin 19: 952 610 910 968 322 623 347 
Bin 20: 312 951 960 130 840 699 704 
Bin 21: 333 297 693 691 911 531 
Bin 22: 76 169 586 718 1 858 55 
Bin 23: 163 271 428 573 164 620 
Bin 24: 499 873 24 159 665 
Bin 25: 74 567 781 981 601 317 
Bin 26: 743 614 213 669 869 491 948 
Bin 27: 930 171 780 641 498 152 
Bin 28: 534 520 776 173 792 286 
Bin 29: 68 118 385 399 406 779 
Bin 30: 188 915 123 857 116 345 
Bin 31: 411 315 72 565 984 964 618 
Bin 32: 337 400 569 14 642 415 
Bin 33: 748 971 931 278 512 64 738 
Bin 34: 450 674 936 852 483 104 344 
Bin 35: 319 195 473 204 429 53 
Bin 36: 418 467 20 109 221 372 543 
Bin 37: 335 831 341 180 273 
Bin 38: 806 913 106 685 953 
Bin 39: 162 713 736 522 771 
Bin 40: 469 708 551 917 257 114 
Bin 41: 342 794 458 633 796 689 47 
Bin 42: 578 182 252 100 110 
Bin 43: 419 299 671 339 645 193 
Bin 44: 300 977 591 825 43 258 
Bin 45: 549 460 933 599 139 
Bin 46: 957 445 472 516 797 
Bin 47: 989 362 487 583 
Bin 48: 703 135 991 225 338 38 
Bin 49: 416 207 453 350 463 996 220 
Bin 50: 158 559 987 168 598 503 367 
Bin 51: 723 66 179 311 371 
Bin 52: 269 468 834 904 90 855 218 
Bin 53: 985 819 815 525 845 57 
Bin 54: 326 842 369 365 151 497 
Bin 55: 655 621 615 160 682 456 
Bin 56: 175 587 8 432 501 138 
Bin 57: 370 552 115 639 360 508 
Bin 58: 874 903 924 947 209 70 
Bin 59: 518 719 889 439 147 270 
Bin 60: 223 226 905 388 823 811 
Bin 61: 201 452 622 87 444 
Bin 62: 137 901 710 528 764 898 
Bin 63: 959 912 500 259 626 
Bin 64: 305 470 860 86 214 386 742 
Bin 65: 865 125 958 509 357 955 324 
Bin 66: 475 533 440 763 430 
Bin 67: 988 702 973 724 484 572 
Bin 68: 938 675 296 281 96 
Bin 69: 694 542 681 149 634 617 
Bin 70: 263 801 493 17 348 870 
Bin 71: 373 176 197 328 786 102 
Bin 72: 285 288 667 246 749 303 224 
Bin 73: 28 946 92 747 893 219 
Bin 74: 229 52 766 330 202 878 
Bin 75: 438 975 376 606 356 
Bin 76: 198 942 442 529 234 753 358 
Bin 77: 837 864 230 731 546 254 
Bin 78: 32 899 846 969 192 822 
Bin 79: 820 58 756 843 986 84 
Bin 80: 177 920 476 244 789 191 
Bin 81: 921 695 93 638 154 343 
Bin 82: 351 22 721 807 184 
Bin 83: 95 316 554 838 200 
Bin 84: 424 628 409 481 260 
Bin 85: 407 82 243 555 63 972 
Bin 86: 759 7 929 660 651 927 810 
Bin 87: 733 737 247 124 405 332 
Bin 88: 265 304 770 808 37 740 
Bin 89: 464 956 282 466 217 215 
Bin 90: 652 178 446 262 196 909 672 
Bin 91: 886 471 867 166 161 663 
Bin 92: 595 144 995 398 314 841 717 422 
Bin 93: 26 788 391 136 293 700 
Bin 94: 882 279 421 12 131 212 
Bin 95: 945 437 602 507 494 
Bin 96: 73 133 474 774 291 687 
Bin 97: 346 816 79 934 81 832 
Bin 98: 121 662 999 624 592 107 27 
Bin 99: 80 352 329 729 728 765 
Bin 100: 23 707 40 863 896 502 
Bin 101: 190 313 636 656 69 
Bin 102: 206 336 255 101 758 
Bin 103: 850 511 375 627 420 553 541 
Bin 104: 734 9 661 735 105 
Bin 105: 767 277 122 382 604 
Bin 106: 431 172 965 607 791 145 
Bin 107: 536 203 862 210 401 961 646 
Bin 108: 15 289 523 784 132 688 
Bin 109: 31 62 377 19 795 454 
Bin 110: 851 301 800 290 616 
Bin 111: 726 455 417 61 222 
Bin 112: 515 833 231 654 818 142 67 
Bin 113: 821 673 119 113 374 954 
Bin 114: 127 108 451 848 274 932 
Bin 115: 790 465 443 521 809 750 902 
Bin 116: 11 129 425 916 998 605 
Bin 117: 657 394 187 98 495 720 
Bin 118: 847 275 725 540 295 185 
Bin 119: 448 16 793 459 937 696 
Bin 120: 940 650 89 433 426 
Bin 121: 949 36 778 2 504 769 
Bin 122: 926 817 744 441 412 280 517 
Bin 123: 29 380 690 908 49 434 
Bin 124: 787 71 527 44 363 716 
Bin 125: 824 680 112 812 897 390 
Bin 126: 378 883 782 890 580 
Bin 127: 111 50 423 923 859 853 
Bin 128: 3 705 208 684 928 698 51 
Bin 129: 91 42 966 566 751 
Bin 130: 861 266 157 510 856 238 
Bin 131: 983 772 970 361 
Bin 132: 532 249 211 298 78 
Bin 133: 235 395 597 384 489 83 
Bin 134: 560 268 186 686 457 630 
Bin 135: 56 436 640 760 561 535 
Bin 136: 6 320 261 292 576 799 
Bin 137: 538 65 117 564 248 701 60 
Bin 138: 619 647 189 479 877 722 
Bin 139: 732 10 678 666 250 570 
Bin 140: 600 754 944 706 
Bin 141: 205 150 979 745 876 99 
Bin 142: 709 803 88 539 488 
Bin 143: 907 950 974 967 5 
Bin 144: 692 505 835 581 879 
Bin 145: 914 830 75 216 697 664 
Bin 146: 881 635 381 827 519 480 
Bin 147: 477 775 379 334 828 593 
Bin 148: 768 21 239 746 327 
Bin 149: 236 449 25 844 227 
Bin 150: 658 240 574 396 
Bin 151: 670 181 427 839 228 755 
Bin 152: 589 526 978 
Bin 153: 364 629 302 537 715 643 
Bin 154: 141 761 486 798 408 594 
Bin 155: 397 245 659 579 925 727 
Bin 156: 482 134 919 773 309 557 
Bin 157: 644 170 568 590 485 900 
Bin 158: 294 340 126 894 563 
Bin 159: 871 30 545 922 943 366 
Bin 160: 752 77 679 462 891 739 
Bin 161: 41 550 318 562 461 556 962 
Bin 162: 183 637 875 802 354 
Bin 163: 783 232 805 683 608 
Bin 164: 414 997 368 34 884 323 
Bin 165: 649 355 165 310 582 
Bin 166: 403 251 404 4 353 
Bin 167: 939 631 885 267 13 
Bin 168: 976 632 994 331 575 
Bin 169: 506 46 148 757 359 492 
