# Objective: 81
# Time: 40.1368
# Feasible: 1
# Solution:
Bin 0: 406 47 51 409 305 92 142 303 
Bin 1: 381 186 195 215 298 30 203 
Bin 2: 282 60 122 244 59 392 
Bin 3: 126 447 82 266 221 331 
Bin 4: 319 50 184 68 402 405 
Bin 5: 388 441 218 281 351 296 249 
Bin 6: 345 70 138 316 491 207 111 
Bin 7: 376 3 17 309 179 28 43 
Bin 8: 258 62 419 373 453 113 
Bin 9: 290 399 487 144 198 353 
Bin 10: 358 481 61 167 246 383 
Bin 11: 274 214 327 27 459 446 
Bin 12: 100 362 430 110 226 361 329 
Bin 13: 421 127 185 52 320 91 396 
Bin 14: 230 312 477 9 129 117 
Bin 15: 192 340 81 444 168 259 73 
Bin 16: 443 460 227 304 199 
Bin 17: 80 397 39 407 278 478 
Bin 18: 64 103 48 173 85 96 159 
Bin 19: 161 247 201 314 321 97 
Bin 20: 348 420 75 301 164 279 261 
Bin 21: 53 285 11 89 137 25 
Bin 22: 220 404 131 23 346 178 
Bin 23: 169 275 490 318 308 118 
Bin 24: 422 182 418 416 191 256 235 
Bin 25: 141 171 476 479 357 434 334 
Bin 26: 284 467 252 32 231 242 359 
Bin 27: 229 74 243 107 49 428 445 
Bin 28: 426 54 263 202 276 287 
Bin 29: 415 124 435 116 390 442 
Bin 30: 482 194 374 326 464 
Bin 31: 438 448 42 323 206 24 
Bin 32: 372 389 457 56 156 286 
Bin 33: 471 408 132 302 79 180 
Bin 34: 365 5 19 46 271 
Bin 35: 462 337 300 342 33 21 455 
Bin 36: 469 208 257 306 35 288 338 
Bin 37: 63 431 4 310 120 484 
Bin 38: 384 313 475 102 439 344 
Bin 39: 212 115 236 371 273 412 403 
Bin 40: 454 34 260 197 289 470 492 
Bin 41: 188 172 437 125 393 217 189 
Bin 42: 262 429 499 155 251 375 
Bin 43: 6 283 7 292 265 468 114 
Bin 44: 398 322 136 363 84 
Bin 45: 234 151 436 240 474 
Bin 46: 496 401 254 2 294 311 
Bin 47: 193 387 134 328 378 128 174 
Bin 48: 356 360 480 177 65 147 78 
Bin 49: 219 452 205 370 488 66 330 
Bin 50: 269 493 228 44 369 458 339 
Bin 51: 268 200 433 395 38 307 
Bin 52: 291 325 86 440 1 157 
Bin 53: 149 71 55 40 461 98 
Bin 54: 267 106 425 154 238 
Bin 55: 158 417 165 341 270 
Bin 56: 148 196 187 237 456 0 394 
Bin 57: 101 139 498 83 105 145 
Bin 58: 77 368 245 293 76 20 
Bin 59: 427 37 15 349 163 112 67 
Bin 60: 123 424 449 485 472 366 
Bin 61: 160 36 382 8 31 211 391 
Bin 62: 57 222 133 248 175 176 
Bin 63: 152 41 10 377 130 324 
Bin 64: 352 473 14 143 332 411 
Bin 65: 367 497 121 451 146 463 95 
Bin 66: 423 216 109 213 450 350 272 
Bin 67: 181 233 170 343 354 486 
Bin 68: 355 190 29 494 108 253 
Bin 69: 400 280 166 277 140 483 150 
Bin 70: 380 12 93 241 90 432 
Bin 71: 297 135 26 413 204 
Bin 72: 162 315 414 209 94 69 
Bin 73: 210 88 232 410 183 45 
Bin 74: 336 119 333 58 72 
Bin 75: 295 385 317 495 87 
Bin 76: 255 223 335 18 299 
Bin 77: 104 466 153 225 264 
Bin 78: 224 489 16 364 386 
Bin 79: 13 22 239 250 
Bin 80: 379 99 465 347 
