# Objective: 197
# Time: 2719.92
# Feasible: 1
# Solution:
Bin 0: 194 957 256 787 228 126 
Bin 1: 496 130 517 790 795 830 
Bin 2: 224 684 838 171 775 
Bin 3: 773 949 523 11 683 878 
Bin 4: 338 746 569 538 272 260 
Bin 5: 807 799 521 473 917 834 
Bin 6: 442 860 199 24 282 
Bin 7: 661 336 813 857 352 730 
Bin 8: 348 952 39 668 434 
Bin 9: 659 198 534 227 928 
Bin 10: 817 240 189 508 325 
Bin 11: 408 696 720 37 191 168 
Bin 12: 687 296 439 66 653 
Bin 13: 329 840 383 505 805 448 
Bin 14: 960 919 424 680 554 572 
Bin 15: 643 711 639 959 22 
Bin 16: 761 479 275 475 571 501 
Bin 17: 453 953 676 341 215 518 
Bin 18: 975 180 999 536 499 
Bin 19: 608 610 88 326 399 435 
Bin 20: 846 895 223 796 91 
Bin 21: 184 701 281 983 829 
Bin 22: 29 101 750 809 774 
Bin 23: 472 613 604 317 169 
Bin 24: 306 771 75 51 923 
Bin 25: 406 476 779 627 149 910 
Bin 26: 133 914 429 935 530 544 
Bin 27: 791 84 276 606 758 
Bin 28: 648 812 13 801 210 152 
Bin 29: 502 431 30 474 690 
Bin 30: 926 997 469 862 314 
Bin 31: 612 305 727 766 553 
Bin 32: 557 65 471 578 151 
Bin 33: 635 969 413 209 208 
Bin 34: 14 206 707 420 709 293 
Bin 35: 183 786 468 369 591 718 
Bin 36: 664 153 962 419 89 770 
Bin 37: 8 455 887 48 598 
Bin 38: 752 313 645 575 
Bin 39: 376 97 267 738 117 2 
Bin 40: 193 96 703 141 19 195 
Bin 41: 777 851 454 736 42 540 
Bin 42: 155 963 135 841 672 
Bin 43: 877 973 609 86 363 
Bin 44: 685 205 387 694 370 
Bin 45: 772 652 138 859 981 
Bin 46: 274 977 525 385 691 380 
Bin 47: 85 158 865 95 588 
Bin 48: 163 814 560 394 94 
Bin 49: 979 692 56 304 128 
Bin 50: 937 248 647 25 719 826 
Bin 51: 656 904 494 803 516 
Bin 52: 389 519 218 412 954 
Bin 53: 108 597 173 34 888 
Bin 54: 303 722 507 626 843 77 
Bin 55: 549 824 704 533 177 
Bin 56: 943 335 922 44 855 
Bin 57: 820 947 322 140 111 
Bin 58: 896 263 465 640 867 
Bin 59: 514 852 751 880 145 
Bin 60: 763 971 615 925 884 892 
Bin 61: 59 964 908 624 580 617 
Bin 62: 356 835 641 302 4 
Bin 63: 220 936 425 603 384 
Bin 64: 404 737 57 798 257 903 
Bin 65: 446 728 950 570 780 
Bin 66: 583 894 818 121 178 688 
Bin 67: 71 458 699 139 157 
Bin 68: 235 970 316 498 201 
Bin 69: 225 249 470 251 655 
Bin 70: 80 236 742 460 164 
Bin 71: 916 391 361 927 309 
Bin 72: 945 392 107 512 382 320 
Bin 73: 996 233 938 740 764 
Bin 74: 662 321 62 633 204 
Bin 75: 559 712 214 660 794 
Bin 76: 166 49 607 504 939 
Bin 77: 593 318 174 503 298 
Bin 78: 244 532 781 16 509 
Bin 79: 397 46 344 242 573 
Bin 80: 116 432 366 351 934 
Bin 81: 743 396 650 488 287 
Bin 82: 675 63 990 552 733 
Bin 83: 3 93 216 418 646 
Bin 84: 511 537 924 330 599 808 
Bin 85: 407 47 438 732 134 819 
Bin 86: 5 883 7 716 247 289 
Bin 87: 207 529 869 844 679 103 
Bin 88: 82 478 414 192 850 
Bin 89: 513 150 401 378 623 436 
Bin 90: 920 886 23 286 146 
Bin 91: 45 906 681 972 854 
Bin 92: 53 119 968 961 551 365 
Bin 93: 364 890 568 833 410 526 
Bin 94: 542 270 283 279 842 
Bin 95: 27 343 853 332 757 
Bin 96: 651 595 43 976 564 686 
Bin 97: 219 748 619 416 181 
Bin 98: 148 362 845 131 285 
Bin 99: 18 811 875 9 902 280 
Bin 100: 456 58 783 739 450 932 
Bin 101: 768 423 620 754 866 
Bin 102: 50 980 200 229 985 
Bin 103: 616 836 28 577 951 160 
Bin 104: 55 331 411 915 982 
Bin 105: 466 760 933 885 480 
Bin 106: 377 371 143 290 374 
Bin 107: 105 725 115 638 172 
Bin 108: 357 154 901 614 340 
Bin 109: 345 555 132 231 311 
Bin 110: 891 629 271 848 622 
Bin 111: 600 539 226 328 946 978 
Bin 112: 495 941 942 611 898 
Bin 113: 324 359 487 907 360 
Bin 114: 630 21 238 735 109 493 
Bin 115: 255 839 252 449 354 
Bin 116: 782 543 832 
Bin 117: 398 202 955 762 76 
Bin 118: 876 347 136 755 827 
Bin 119: 490 673 562 142 402 
Bin 120: 415 315 264 99 800 987 
Bin 121: 592 462 
Bin 122: 230 506 445 68 79 
Bin 123: 765 339 889 17 161 78 
Bin 124: 582 724 421 863 196 744 
Bin 125: 386 212 930 433 100 
Bin 126: 217 663 905 872 667 
Bin 127: 547 749 670 792 874 
Bin 128: 584 297 524 213 
Bin 129: 642 261 106 948 87 
Bin 130: 702 644 497 129 881 
Bin 131: 967 484 90 789 170 
Bin 132: 788 741 492 706 278 
Bin 133: 367 319 940 847 
Bin 134: 64 825 295 426 665 
Bin 135: 334 36 637 440 32 98 379 
Bin 136: 929 38 678 677 965 546 
Bin 137: 254 294 974 400 477 
Bin 138: 342 124 417 556 
Bin 139: 759 618 70 372 35 
Bin 140: 821 461 211 388 589 
Bin 141: 784 823 54 913 179 
Bin 142: 602 586 118 353 625 
Bin 143: 816 310 815 291 26 
Bin 144: 698 899 893 545 797 
Bin 145: 986 828 307 715 246 
Bin 146: 175 358 1 451 245 112 
Bin 147: 567 689 931 491 870 
Bin 148: 337 563 104 747 
Bin 149: 574 731 373 535 541 669 
Bin 150: 596 250 237 621 561 
Bin 151: 729 92 464 284 868 
Bin 152: 6 713 991 912 831 
Bin 153: 528 921 714 695 956 
Bin 154: 114 911 159 292 
Bin 155: 381 203 265 102 422 
Bin 156: 300 861 654 232 
Bin 157: 998 110 346 299 
Bin 158: 822 489 485 20 31 
Bin 159: 753 123 882 350 871 
Bin 160: 988 585 856 144 966 
Bin 161: 745 605 601 113 767 
Bin 162: 697 705 190 253 69 
Bin 163: 403 269 734 785 636 
Bin 164: 566 849 463 674 222 
Bin 165: 658 531 958 
Bin 166: 72 258 0 137 802 
Bin 167: 15 723 806 500 587 
Bin 168: 405 700 33 628 259 
Bin 169: 548 565 444 
Bin 170: 186 375 900 176 776 
Bin 171: 243 527 447 879 185 
Bin 172: 576 634 10 581 323 
Bin 173: 262 726 778 197 
Bin 174: 162 897 125 277 
Bin 175: 61 333 483 631 
Bin 176: 188 804 40 441 693 
Bin 177: 459 312 520 710 708 390 
Bin 178: 234 992 481 984 
Bin 179: 994 995 60 120 522 
Bin 180: 268 430 427 443 187 
Bin 181: 221 682 837 
Bin 182: 558 301 452 993 
Bin 183: 666 349 590 
Bin 184: 167 482 239 327 457 
Bin 185: 721 671 810 
Bin 186: 74 122 
Bin 187: 918 266 393 467 428 
Bin 188: 515 156 909 579 
Bin 189: 510 717 437 288 
Bin 190: 858 368 864 12 409 
Bin 191: 769 550 756 
Bin 192: 127 395 73 632 
Bin 193: 273 308 182 165 83 
Bin 194: 355 594 793 81 989 241 
Bin 195: 52 486 649 657 
Bin 196: 147 41 67 873 944 
