# Objective: 156
# Time: 308.108
# Feasible: 1
# Solution:
Bin 0: 174 653 726 541 47 36 
Bin 1: 388 889 87 561 145 598 210 700 
Bin 2: 961 735 116 846 194 972 
Bin 3: 74 342 239 83 35 617 148 
Bin 4: 169 764 680 532 95 15 
Bin 5: 630 86 537 219 647 33 952 
Bin 6: 893 324 890 158 398 666 346 879 
Bin 7: 288 237 727 986 426 134 450 
Bin 8: 281 566 434 412 993 360 579 
Bin 9: 280 900 660 580 968 196 
Bin 10: 62 263 862 371 502 793 40 
Bin 11: 89 574 277 138 184 54 
Bin 12: 100 406 605 312 102 815 
Bin 13: 814 672 963 640 998 837 16 494 
Bin 14: 140 492 470 930 84 690 
Bin 15: 829 367 60 907 688 686 667 516 
Bin 16: 773 258 266 262 767 988 812 
Bin 17: 999 756 839 817 88 
Bin 18: 568 211 573 403 974 
Bin 19: 634 365 565 720 386 176 231 283 
Bin 20: 692 589 400 894 836 524 115 
Bin 21: 504 120 228 674 329 858 
Bin 22: 497 583 173 946 506 421 26 
Bin 23: 751 273 679 755 904 
Bin 24: 209 245 671 309 322 796 872 
Bin 25: 351 684 818 235 781 181 
Bin 26: 512 165 500 896 918 229 246 
Bin 27: 981 753 947 53 252 200 272 
Bin 28: 586 417 401 582 560 363 
Bin 29: 465 555 997 186 774 883 
Bin 30: 702 298 332 304 473 912 611 
Bin 31: 422 349 155 711 705 244 624 
Bin 32: 927 609 12 4 343 318 
Bin 33: 94 391 939 597 348 370 701 
Bin 34: 43 27 543 776 446 876 9 734 
Bin 35: 860 92 142 791 178 627 369 
Bin 36: 39 572 50 765 865 941 935 
Bin 37: 488 508 402 441 810 886 350 
Bin 38: 959 739 778 261 216 
Bin 39: 758 144 747 236 203 763 355 
Bin 40: 77 895 742 189 685 553 
Bin 41: 828 892 785 706 459 599 693 
Bin 42: 668 864 299 549 132 914 187 
Bin 43: 704 792 539 293 665 374 356 
Bin 44: 498 576 431 899 177 933 
Bin 45: 697 585 462 520 926 221 6 
Bin 46: 255 542 523 118 703 681 
Bin 47: 760 966 989 64 987 809 859 
Bin 48: 623 931 762 175 107 104 908 
Bin 49: 898 761 754 256 729 960 
Bin 50: 14 286 613 191 976 
Bin 51: 713 147 722 427 234 949 715 
Bin 52: 638 843 23 969 404 248 475 
Bin 53: 710 891 552 569 789 841 
Bin 54: 746 133 437 316 168 845 463 
Bin 55: 372 768 515 880 55 128 
Bin 56: 287 708 7 265 63 233 714 
Bin 57: 514 733 556 451 838 217 820 
Bin 58: 124 991 225 97 204 279 
Bin 59: 156 435 953 721 483 824 
Bin 60: 689 90 696 554 822 192 587 
Bin 61: 119 958 438 224 56 662 243 
Bin 62: 990 832 808 366 364 439 
Bin 63: 830 69 861 80 530 
Bin 64: 805 737 179 30 717 
Bin 65: 738 260 683 330 902 468 
Bin 66: 347 276 471 535 254 784 807 
Bin 67: 772 38 594 385 852 20 456 
Bin 68: 294 98 790 957 482 454 112 
Bin 69: 882 327 34 171 581 
Bin 70: 661 564 205 108 206 410 629 
Bin 71: 8 965 127 358 146 103 111 712 
Bin 72: 658 394 382 618 979 291 
Bin 73: 78 361 405 28 91 230 
Bin 74: 70 716 834 114 782 625 
Bin 75: 748 795 17 157 296 22 
Bin 76: 643 109 139 301 937 673 584 
Bin 77: 303 268 651 331 381 407 
Bin 78: 334 942 3 975 709 449 
Bin 79: 432 980 433 253 669 769 202 
Bin 80: 447 251 944 936 201 678 
Bin 81: 284 79 600 218 849 650 199 
Bin 82: 117 418 376 143 469 
Bin 83: 274 786 333 868 604 977 71 
Bin 84: 19 29 881 801 393 136 
Bin 85: 420 533 803 547 499 414 770 425 
Bin 86: 835 135 509 606 31 867 951 
Bin 87: 481 840 985 901 188 736 577 
Bin 88: 461 938 137 408 994 992 578 
Bin 89: 637 540 522 2 496 21 
Bin 90: 110 603 305 548 378 
Bin 91: 545 626 182 884 610 544 954 
Bin 92: 934 925 562 129 844 448 
Bin 93: 48 466 718 300 326 645 
Bin 94: 948 442 962 49 415 909 
Bin 95: 344 310 223 635 558 73 507 215 
Bin 96: 511 41 24 37 323 719 608 
Bin 97: 141 455 193 46 226 730 783 
Bin 98: 538 517 380 76 409 825 339 698 
Bin 99: 264 424 929 1 368 478 
Bin 100: 978 395 875 491 440 563 
Bin 101: 396 164 923 99 390 222 731 
Bin 102: 159 551 707 377 928 32 
Bin 103: 428 897 797 945 915 389 607 
Bin 104: 295 152 82 571 691 983 240 
Bin 105: 527 819 242 821 740 
Bin 106: 848 257 802 869 631 725 
Bin 107: 484 477 529 214 319 922 493 
Bin 108: 490 271 0 85 338 458 172 
Bin 109: 444 489 354 44 592 336 
Bin 110: 413 906 971 694 648 185 
Bin 111: 58 620 955 878 588 289 453 
Bin 112: 212 924 123 804 67 397 
Bin 113: 903 392 125 614 472 910 317 
Bin 114: 657 290 122 340 75 644 920 
Bin 115: 874 866 452 270 495 419 816 
Bin 116: 616 534 913 621 888 654 
Bin 117: 315 464 919 870 799 96 525 
Bin 118: 307 921 113 823 970 505 
Bin 119: 341 863 151 150 528 827 
Bin 120: 479 752 596 227 851 
Bin 121: 313 732 311 682 615 269 
Bin 122: 130 106 950 622 973 485 232 
Bin 123: 780 238 591 847 766 503 
Bin 124: 335 480 247 723 321 
Bin 125: 750 259 813 486 25 619 
Bin 126: 208 601 42 51 779 57 162 
Bin 127: 559 652 628 423 353 798 
Bin 128: 646 967 557 278 13 855 
Bin 129: 445 794 744 352 207 250 
Bin 130: 275 655 249 18 664 917 
Bin 131: 430 467 854 170 81 676 
Bin 132: 602 282 649 940 328 59 800 
Bin 133: 411 457 853 52 121 373 877 180 
Bin 134: 460 362 670 126 5 724 
Bin 135: 871 984 65 166 518 383 
Bin 136: 593 699 595 399 267 292 
Bin 137: 149 641 220 932 198 387 337 
Bin 138: 775 320 45 759 956 197 
Bin 139: 306 546 183 777 163 
Bin 140: 850 885 675 213 93 632 
Bin 141: 308 677 916 297 873 241 10 
Bin 142: 436 345 636 943 728 190 359 
Bin 143: 743 642 826 519 590 
Bin 144: 656 384 536 757 741 153 416 
Bin 145: 806 167 612 575 521 833 
Bin 146: 72 788 510 154 982 831 
Bin 147: 474 695 131 663 61 105 
Bin 148: 160 567 570 787 285 325 
Bin 149: 911 357 633 964 101 302 68 996 
Bin 150: 501 687 639 375 379 856 314 
Bin 151: 842 857 811 487 429 745 
Bin 152: 995 887 161 476 659 
Bin 153: 749 550 195 513 11 
Bin 154: 905 771 531 66 526 
Bin 155: 443 
