# Objective: 158
# Time: 186.954
# Feasible: 1
# Solution:
Bin 0: 296 434 561 465 823 540 
Bin 1: 308 336 385 632 861 461 
Bin 2: 11 468 230 786 929 
Bin 3: 314 603 232 901 649 237 
Bin 4: 818 541 392 210 435 872 249 
Bin 5: 234 294 307 838 123 737 286 
Bin 6: 892 317 356 124 478 608 
Bin 7: 706 885 3 117 569 487 504 
Bin 8: 325 442 490 395 209 501 202 
Bin 9: 666 994 614 226 108 924 
Bin 10: 180 766 518 313 978 101 985 624 
Bin 11: 272 657 715 352 343 412 215 
Bin 12: 770 118 253 774 250 32 472 
Bin 13: 933 191 391 315 443 194 299 
Bin 14: 505 799 309 417 530 676 736 
Bin 15: 423 195 509 837 661 515 
Bin 16: 881 65 449 58 875 164 942 
Bin 17: 992 479 212 708 245 830 809 
Bin 18: 30 510 156 72 692 238 
Bin 19: 794 717 334 507 94 329 34 31 
Bin 20: 967 699 136 724 884 519 8 
Bin 21: 789 791 361 387 538 359 826 
Bin 22: 386 231 153 600 694 821 650 
Bin 23: 430 773 20 488 783 763 606 
Bin 24: 751 366 47 142 326 971 280 328 
Bin 25: 808 943 898 537 867 508 659 
Bin 26: 91 342 312 969 106 318 
Bin 27: 576 141 56 743 779 871 
Bin 28: 528 298 704 781 964 847 481 
Bin 29: 729 500 390 429 651 777 
Bin 30: 167 798 246 769 163 105 
Bin 31: 279 203 349 441 335 263 745 
Bin 32: 946 111 669 625 66 984 
Bin 33: 566 883 98 283 546 868 
Bin 34: 370 292 605 137 547 2 
Bin 35: 825 484 256 339 658 
Bin 36: 958 17 40 503 802 51 
Bin 37: 236 803 820 242 740 174 460 578 
Bin 38: 870 619 452 165 613 
Bin 39: 201 949 290 719 480 938 
Bin 40: 18 951 55 103 560 146 534 556 
Bin 41: 999 824 437 749 572 623 
Bin 42: 587 400 345 602 399 796 
Bin 43: 696 864 170 25 612 134 85 
Bin 44: 357 67 944 732 351 597 
Bin 45: 641 324 445 981 819 262 668 54 
Bin 46: 759 456 157 544 731 274 
Bin 47: 950 172 363 204 713 143 419 
Bin 48: 424 396 562 171 960 604 88 
Bin 49: 648 116 467 835 903 132 686 
Bin 50: 306 526 436 617 598 908 
Bin 51: 620 354 189 609 431 
Bin 52: 13 667 346 621 408 543 409 982 
Bin 53: 631 415 879 882 905 19 377 
Bin 54: 295 873 748 166 618 977 
Bin 55: 891 919 35 805 962 428 398 
Bin 56: 495 814 218 670 514 647 
Bin 57: 102 453 997 730 535 895 533 
Bin 58: 588 565 254 277 358 162 
Bin 59: 135 850 319 970 439 62 348 
Bin 60: 371 267 936 416 940 925 276 
Bin 61: 198 152 934 382 405 161 
Bin 62: 523 920 980 411 761 804 
Bin 63: 801 590 383 475 239 388 
Bin 64: 432 471 119 37 470 42 746 
Bin 65: 82 827 464 993 151 887 834 
Bin 66: 4 709 368 780 300 998 
Bin 67: 284 447 775 16 939 186 
Bin 68: 104 539 444 557 93 493 680 
Bin 69: 69 289 601 677 148 698 
Bin 70: 665 793 38 86 703 
Bin 71: 365 581 516 36 184 7 
Bin 72: 404 640 899 675 869 278 
Bin 73: 287 494 511 224 634 860 906 
Bin 74: 473 995 78 264 498 555 228 
Bin 75: 611 673 907 506 639 33 
Bin 76: 14 688 836 233 304 84 24 
Bin 77: 979 959 607 596 857 644 100 
Bin 78: 548 49 496 846 23 553 
Bin 79: 207 904 122 476 723 722 61 
Bin 80: 347 563 369 853 384 
Bin 81: 513 792 989 922 662 403 
Bin 82: 39 420 127 291 175 790 
Bin 83: 564 107 229 121 502 710 
Bin 84: 81 293 961 683 271 
Bin 85: 863 795 362 260 855 865 158 
Bin 86: 876 223 752 459 570 275 784 
Bin 87: 615 145 877 916 854 653 690 
Bin 88: 259 716 685 273 213 874 
Bin 89: 112 29 637 220 374 554 285 
Bin 90: 26 800 806 817 926 173 
Bin 91: 168 266 687 252 935 477 77 
Bin 92: 577 552 70 68 531 60 
Bin 93: 845 594 183 57 188 630 
Bin 94: 679 87 522 364 975 74 
Bin 95: 92 914 407 811 192 178 754 586 
Bin 96: 181 322 240 726 536 767 
Bin 97: 389 149 900 928 130 438 910 
Bin 98: 41 593 584 571 953 965 
Bin 99: 12 559 512 589 807 241 849 
Bin 100: 862 338 219 281 720 115 
Bin 101: 918 340 878 580 129 21 
Bin 102: 582 367 440 889 945 
Bin 103: 139 95 610 712 79 733 301 
Bin 104: 753 261 642 350 787 527 
Bin 105: 185 691 140 932 282 913 
Bin 106: 418 742 888 177 727 196 954 
Bin 107: 705 701 176 520 160 915 764 
Bin 108: 646 131 330 700 866 251 
Bin 109: 394 626 323 169 633 
Bin 110: 217 225 154 986 489 816 193 
Bin 111: 831 931 341 695 206 735 208 
Bin 112: 893 90 927 327 257 64 
Bin 113: 656 755 373 73 269 654 
Bin 114: 22 797 497 689 410 
Bin 115: 125 858 693 616 643 744 
Bin 116: 840 270 120 221 990 52 
Bin 117: 114 739 59 413 756 99 785 
Bin 118: 375 886 655 841 707 305 
Bin 119: 243 310 333 83 147 771 
Bin 120: 244 921 227 190 482 828 
Bin 121: 138 474 311 815 483 450 
Bin 122: 968 265 660 974 923 421 360 788 
Bin 123: 466 983 702 414 966 833 652 
Bin 124: 426 627 75 355 682 
Bin 125: 583 880 948 672 545 810 
Bin 126: 159 776 894 76 765 433 
Bin 127: 542 859 48 28 302 150 897 
Bin 128: 591 320 952 697 599 
Bin 129: 579 255 380 917 216 110 
Bin 130: 551 839 321 844 46 27 
Bin 131: 976 214 155 378 684 628 
Bin 132: 972 344 911 376 957 645 448 
Bin 133: 331 585 10 681 988 772 
Bin 134: 406 664 568 128 567 832 
Bin 135: 15 674 622 524 492 955 
Bin 136: 812 50 1 316 53 595 179 
Bin 137: 738 829 332 973 996 
Bin 138: 782 678 663 381 63 902 768 
Bin 139: 963 303 896 947 469 427 
Bin 140: 725 457 425 747 235 89 718 750 
Bin 141: 96 848 550 912 451 
Bin 142: 182 199 463 941 393 573 
Bin 143: 187 991 852 422 629 
Bin 144: 728 5 671 491 711 762 842 144 
Bin 145: 402 485 0 521 401 205 635 
Bin 146: 734 757 288 80 248 
Bin 147: 397 197 741 372 297 
Bin 148: 45 778 843 126 987 71 851 
Bin 149: 113 258 517 574 109 813 
Bin 150: 211 937 486 721 353 337 
Bin 151: 890 268 956 532 549 
Bin 152: 930 636 558 758 44 
Bin 153: 458 714 822 9 909 575 
Bin 154: 446 379 454 455 592 
Bin 155: 499 222 462 529 133 760 
Bin 156: 247 43 6 97 
Bin 157: 638 856 525 200 
