# Objective: 21
# Time: 3.87604
# Feasible: 1
# Solution:
Bin 0: 58 32 31 98 24 2 21 
Bin 1: 48 105 116 93 73 95 5 
Bin 2: 55 56 69 99 40 33 
Bin 3: 3 23 26 79 70 78 
Bin 4: 96 51 45 49 4 
Bin 5: 63 119 59 62 85 36 
Bin 6: 10 7 117 34 77 65 
Bin 7: 8 118 22 18 102 110 
Bin 8: 103 74 1 94 47 
Bin 9: 67 14 37 60 43 35 44 
Bin 10: 17 114 52 88 9 54 
Bin 11: 41 30 16 6 90 92 
Bin 12: 27 42 68 0 83 
Bin 13: 106 28 108 100 39 
Bin 14: 50 72 29 101 57 
Bin 15: 113 111 11 76 19 
Bin 16: 46 86 25 38 15 87 
Bin 17: 75 84 66 81 71 53 
Bin 18: 112 61 91 12 97 64 
Bin 19: 82 80 115 104 89 
Bin 20: 109 13 20 107 
