# Objective: 19
# Time: 5.42144
# Feasible: 1
# Solution:
Bin 0: 68 90 65 114 87 19 53 
Bin 1: 78 84 29 94 37 7 117 10 
Bin 2: 11 61 46 59 5 97 110 
Bin 3: 57 48 47 39 62 73 28 
Bin 4: 104 56 63 101 92 115 
Bin 5: 60 112 4 2 25 102 26 
Bin 6: 15 58 0 85 86 89 
Bin 7: 80 32 99 107 69 106 
Bin 8: 52 111 79 27 81 35 
Bin 9: 45 118 67 9 93 71 100 
Bin 10: 8 103 34 70 98 30 
Bin 11: 72 54 6 42 77 18 
Bin 12: 40 51 12 113 23 36 
Bin 13: 20 50 96 44 13 108 38 
Bin 14: 109 64 91 119 1 
Bin 15: 116 74 105 21 22 17 83 
Bin 16: 41 31 14 16 43 
Bin 17: 76 75 49 3 95 24 
Bin 18: 82 88 55 66 33 
