# Objective: 20
# Time: 5.47209
# Feasible: 1
# Solution:
Bin 0: 54 65 35 40 1 87 
Bin 1: 96 112 58 62 32 8 105 75 
Bin 2: 50 28 2 111 110 15 
Bin 3: 16 73 103 6 115 102 
Bin 4: 27 47 12 118 88 
Bin 5: 45 17 72 19 38 59 
Bin 6: 37 89 7 106 82 25 119 
Bin 7: 66 71 36 78 44 
Bin 8: 51 99 68 52 46 5 
Bin 9: 24 84 109 97 92 11 
Bin 10: 18 90 74 117 9 43 
Bin 11: 108 29 64 10 107 33 95 
Bin 12: 48 81 93 104 91 
Bin 13: 114 22 63 76 23 39 
Bin 14: 26 55 20 4 79 67 
Bin 15: 21 57 42 60 80 61 
Bin 16: 31 3 14 86 101 34 
Bin 17: 70 53 13 98 77 
Bin 18: 113 85 49 116 30 69 
Bin 19: 83 56 94 100 0 41 
