# Objective: 19
# Time: 2.74409
# Feasible: 1
# Solution:
Bin 0: 5 65 31 8 63 108 
Bin 1: 28 52 34 103 85 1 41 43 
Bin 2: 80 23 82 26 90 74 
Bin 3: 73 97 75 4 10 2 64 
Bin 4: 95 77 76 67 48 57 107 
Bin 5: 79 88 70 118 110 49 
Bin 6: 51 0 18 69 105 20 111 
Bin 7: 27 109 37 59 9 55 83 
Bin 8: 93 112 92 84 78 30 119 
Bin 9: 45 104 35 72 60 61 
Bin 10: 62 87 113 36 46 50 
Bin 11: 11 3 66 12 24 94 15 
Bin 12: 22 86 38 53 44 102 
Bin 13: 81 6 115 21 39 
Bin 14: 17 29 98 100 89 7 
Bin 15: 32 71 56 14 96 116 
Bin 16: 54 47 13 99 25 40 
Bin 17: 16 106 101 117 58 68 
Bin 18: 19 114 42 33 91 
