# Objective: 154
# Time: 549.348
# Feasible: 1
# Solution:
Bin 0: 271 357 869 681 239 936 
Bin 1: 218 19 190 548 638 575 817 
Bin 2: 18 517 320 641 536 938 
Bin 3: 284 899 262 633 332 335 969 630 790 
Bin 4: 532 397 546 622 278 373 556 
Bin 5: 495 971 893 68 721 748 245 132 
Bin 6: 779 825 710 50 502 526 4 
Bin 7: 375 194 404 864 201 569 
Bin 8: 974 33 659 639 713 653 591 829 
Bin 9: 555 970 427 978 472 524 294 
Bin 10: 603 434 261 246 75 573 
Bin 11: 390 954 772 943 87 578 
Bin 12: 908 793 34 707 226 682 
Bin 13: 840 43 890 740 47 396 
Bin 14: 581 550 48 174 533 92 
Bin 15: 27 516 700 258 151 77 813 
Bin 16: 94 520 31 358 795 734 
Bin 17: 254 318 148 69 133 522 
Bin 18: 291 625 11 923 30 466 579 699 
Bin 19: 521 777 708 455 847 464 722 
Bin 20: 675 143 488 719 163 
Bin 21: 216 297 287 885 328 
Bin 22: 387 993 837 901 66 867 482 
Bin 23: 504 421 298 726 447 645 
Bin 24: 22 850 244 408 967 806 
Bin 25: 487 934 959 852 670 920 935 253 
Bin 26: 620 384 523 738 635 932 497 
Bin 27: 324 564 1 103 423 831 
Bin 28: 732 698 889 347 498 895 436 
Bin 29: 763 449 807 570 451 101 654 
Bin 30: 91 241 329 977 718 311 660 
Bin 31: 849 796 882 808 585 248 512 
Bin 32: 822 647 878 741 702 119 195 
Bin 33: 789 312 106 500 664 462 544 
Bin 34: 23 896 509 513 963 136 695 
Bin 35: 39 494 848 49 833 
Bin 36: 282 816 474 704 972 729 
Bin 37: 944 883 968 79 65 435 
Bin 38: 745 499 227 501 457 118 70 
Bin 39: 187 321 493 344 582 783 203 100 
Bin 40: 965 391 819 871 832 197 177 
Bin 41: 169 891 378 25 997 514 
Bin 42: 131 234 32 720 400 998 631 395 
Bin 43: 52 366 820 619 584 872 475 255 
Bin 44: 518 685 62 372 198 599 917 744 590 
Bin 45: 859 247 383 771 81 202 
Bin 46: 810 870 879 385 60 688 574 
Bin 47: 290 58 268 251 274 
Bin 48: 405 821 237 161 450 621 
Bin 49: 337 56 731 759 99 242 188 714 611 
Bin 50: 983 159 214 484 773 736 285 803 
Bin 51: 868 742 995 6 926 843 
Bin 52: 272 46 898 580 338 684 406 
Bin 53: 153 677 692 389 86 276 51 
Bin 54: 145 846 122 961 743 224 694 
Bin 55: 200 755 937 905 315 10 114 
Bin 56: 416 171 874 527 98 64 
Bin 57: 371 184 545 137 897 975 609 452 
Bin 58: 496 206 392 553 770 102 751 
Bin 59: 115 433 142 209 858 204 
Bin 60: 735 13 123 617 280 21 
Bin 61: 595 437 717 352 561 207 538 
Bin 62: 489 811 438 739 784 14 
Bin 63: 351 121 279 623 341 117 461 
Bin 64: 957 90 233 453 946 505 
Bin 65: 413 842 644 945 758 303 158 
Bin 66: 317 799 179 877 834 220 992 
Bin 67: 984 730 928 374 571 443 
Bin 68: 74 476 537 723 768 922 215 
Bin 69: 369 823 552 160 913 560 
Bin 70: 686 994 44 186 361 
Bin 71: 367 785 604 951 334 776 469 
Bin 72: 535 381 386 753 40 981 642 
Bin 73: 921 165 105 559 886 525 506 
Bin 74: 398 84 826 444 393 
Bin 75: 483 275 788 632 761 765 
Bin 76: 240 780 316 249 486 725 
Bin 77: 875 182 147 189 563 149 376 
Bin 78: 827 82 711 939 728 866 650 747 269 
Bin 79: 205 540 85 192 124 243 
Bin 80: 593 439 950 594 996 610 
Bin 81: 602 470 636 697 176 460 529 
Bin 82: 615 28 345 29 45 155 
Bin 83: 370 221 425 379 120 861 
Bin 84: 914 407 308 183 673 586 
Bin 85: 894 41 302 853 26 600 999 
Bin 86: 567 299 942 854 180 111 
Bin 87: 787 260 712 956 794 
Bin 88: 511 36 801 598 588 503 812 948 
Bin 89: 112 331 577 141 7 59 223 
Bin 90: 129 760 880 769 213 
Bin 91: 927 257 724 125 649 844 
Bin 92: 863 757 539 835 618 663 229 
Bin 93: 35 716 782 915 53 481 
Bin 94: 918 96 442 860 301 348 
Bin 95: 467 212 800 354 230 471 
Bin 96: 72 426 924 554 37 955 661 
Bin 97: 231 196 705 377 409 862 
Bin 98: 83 845 690 415 305 873 
Bin 99: 343 530 479 727 841 273 264 
Bin 100: 930 170 252 492 648 430 363 
Bin 101: 558 749 126 909 42 746 
Bin 102: 804 296 150 549 989 701 410 
Bin 103: 440 669 614 952 907 947 
Bin 104: 185 108 431 267 985 478 706 
Bin 105: 313 2 976 703 613 71 
Bin 106: 417 737 655 515 420 815 830 95 
Bin 107: 778 473 507 683 672 528 
Bin 108: 818 791 612 350 17 
Bin 109: 814 164 568 67 15 16 
Bin 110: 157 116 991 63 836 750 
Bin 111: 154 306 263 477 557 662 73 
Bin 112: 310 990 236 162 333 463 
Bin 113: 657 168 988 651 627 319 912 
Bin 114: 958 104 199 857 925 402 596 
Bin 115: 510 146 330 531 135 658 
Bin 116: 265 225 219 709 456 
Bin 117: 432 113 327 490 933 
Bin 118: 616 380 541 519 322 238 828 
Bin 119: 534 838 668 340 217 774 403 
Bin 120: 652 565 589 884 454 250 76 
Bin 121: 715 865 583 339 679 232 
Bin 122: 394 798 987 307 266 601 445 
Bin 123: 781 130 940 666 20 606 208 
Bin 124: 411 222 55 576 626 605 775 
Bin 125: 733 359 607 414 295 468 
Bin 126: 687 93 756 953 458 634 
Bin 127: 304 356 38 210 973 360 
Bin 128: 193 277 929 693 80 881 
Bin 129: 364 797 128 805 754 966 127 
Bin 130: 986 401 173 446 767 637 
Bin 131: 640 342 680 887 88 906 628 
Bin 132: 3 459 903 281 962 292 
Bin 133: 428 551 8 175 89 
Bin 134: 166 5 399 336 309 419 314 
Bin 135: 323 656 665 592 491 752 
Bin 136: 960 979 172 9 441 228 876 
Bin 137: 764 766 353 325 851 572 12 259 
Bin 138: 900 910 78 802 61 57 
Bin 139: 566 178 429 485 888 144 674 
Bin 140: 949 388 792 919 696 418 
Bin 141: 107 139 134 412 300 762 
Bin 142: 809 211 167 786 109 
Bin 143: 542 856 624 892 480 931 
Bin 144: 543 643 982 424 191 156 
Bin 145: 676 646 24 608 152 839 
Bin 146: 980 916 587 911 256 
Bin 147: 465 97 346 508 691 
Bin 148: 382 270 326 54 689 288 140 
Bin 149: 902 283 671 448 824 
Bin 150: 368 0 562 422 904 
Bin 151: 349 547 138 289 181 365 
Bin 152: 597 110 964 678 855 941 
Bin 153: 629 355 286 293 235 362 667 
