# Objective: 39
# Time: 11.6693
# Feasible: 1
# Solution:
Bin 0: 25 205 107 28 
Bin 1: 10 65 132 182 72 
Bin 2: 184 123 213 7 155 104 110 208 
Bin 3: 95 167 188 209 207 97 49 
Bin 4: 196 178 189 76 241 126 
Bin 5: 165 144 210 152 90 157 70 63 
Bin 6: 98 109 201 100 141 215 
Bin 7: 111 143 169 44 38 223 115 121 
Bin 8: 75 11 211 92 193 96 
Bin 9: 198 101 9 248 245 129 
Bin 10: 214 53 116 26 81 
Bin 11: 147 160 225 16 142 34 219 
Bin 12: 84 103 236 200 20 158 218 
Bin 13: 161 180 22 17 154 102 
Bin 14: 135 237 171 42 146 149 134 
Bin 15: 33 238 85 206 140 36 150 131 
Bin 16: 192 162 159 249 43 73 
Bin 17: 186 69 21 117 221 58 29 
Bin 18: 1 151 235 118 130 176 172 243 
Bin 19: 197 239 56 80 108 86 168 
Bin 20: 0 216 199 139 119 6 57 
Bin 21: 145 45 179 50 52 
Bin 22: 46 166 230 231 18 60 114 
Bin 23: 217 68 79 233 30 138 
Bin 24: 5 177 13 83 127 156 
Bin 25: 124 185 32 35 220 
Bin 26: 64 91 174 77 78 14 
Bin 27: 173 37 54 229 24 2 31 
Bin 28: 164 190 163 55 187 227 212 
Bin 29: 137 240 120 153 82 99 226 
Bin 30: 89 12 74 222 62 61 
Bin 31: 224 112 242 93 3 
Bin 32: 113 128 244 195 39 
Bin 33: 87 71 94 148 15 67 19 
Bin 34: 246 183 41 194 175 
Bin 35: 27 181 191 48 203 136 47 
Bin 36: 66 234 59 133 202 8 247 
Bin 37: 40 51 170 106 122 204 
Bin 38: 4 88 125 23 105 232 228 
