# Objective: 49
# Time: 7.09139
# Feasible: 1
# Solution:
Bin 0: 116 163 55 85 60 132 
Bin 1: 6 25 69 44 193 
Bin 2: 134 121 200 208 106 
Bin 3: 64 102 181 79 48 
Bin 4: 8 89 217 36 185 
Bin 5: 138 133 218 227 213 152 
Bin 6: 135 216 124 13 22 
Bin 7: 61 220 86 160 88 3 
Bin 8: 187 33 57 175 170 58 
Bin 9: 210 109 107 144 235 
Bin 10: 131 35 108 112 105 165 
Bin 11: 5 243 122 115 113 101 
Bin 12: 77 76 221 73 199 
Bin 13: 123 140 1 232 26 66 
Bin 14: 118 29 192 153 234 198 
Bin 15: 214 173 150 90 70 
Bin 16: 91 14 2 94 127 180 
Bin 17: 155 157 15 65 62 19 
Bin 18: 75 145 59 42 119 9 
Bin 19: 147 194 188 0 130 
Bin 20: 93 51 96 97 162 
Bin 21: 17 84 137 169 7 45 
Bin 22: 238 16 233 49 225 136 
Bin 23: 50 63 174 197 
Bin 24: 23 67 52 205 231 
Bin 25: 176 129 224 166 139 
Bin 26: 186 168 158 146 104 
Bin 27: 191 151 114 246 
Bin 28: 99 167 142 95 195 
Bin 29: 141 43 125 56 39 
Bin 30: 247 4 11 172 183 
Bin 31: 177 53 128 110 87 230 
Bin 32: 244 228 164 161 98 
Bin 33: 201 148 223 92 30 190 
Bin 34: 229 203 245 34 179 
Bin 35: 215 249 178 74 
Bin 36: 242 100 120 212 81 
Bin 37: 111 38 159 82 
Bin 38: 28 10 156 196 18 
Bin 39: 117 204 41 24 46 
Bin 40: 189 149 71 103 
Bin 41: 32 209 202 226 80 
Bin 42: 171 72 206 54 
Bin 43: 219 78 68 207 211 
Bin 44: 154 47 27 37 222 
Bin 45: 12 21 126 237 
Bin 46: 182 241 83 184 
Bin 47: 31 240 236 239 
Bin 48: 143 248 40 20 
