# Objective: 43
# Time: 11.294
# Feasible: 1
# Solution:
Bin 0: 210 129 123 216 146 
Bin 1: 226 213 160 0 197 
Bin 2: 164 103 76 12 99 163 
Bin 3: 3 9 83 239 244 145 
Bin 4: 4 181 136 178 90 245 
Bin 5: 66 78 135 221 102 
Bin 6: 80 68 73 168 190 71 28 
Bin 7: 62 20 36 101 16 177 
Bin 8: 188 24 30 152 29 172 
Bin 9: 21 91 225 15 243 249 
Bin 10: 13 218 170 51 158 85 22 
Bin 11: 147 155 234 55 64 159 
Bin 12: 14 140 23 54 185 97 127 
Bin 13: 153 119 134 207 112 247 25 
Bin 14: 179 49 195 211 180 79 212 
Bin 15: 33 39 131 106 142 
Bin 16: 151 183 205 120 209 
Bin 17: 175 238 94 208 220 
Bin 18: 104 114 219 18 111 128 193 
Bin 19: 176 38 186 156 17 2 
Bin 20: 184 60 149 61 235 40 
Bin 21: 148 48 110 240 203 27 
Bin 22: 5 56 117 52 167 224 223 7 
Bin 23: 196 10 174 81 77 141 
Bin 24: 150 41 6 69 144 115 
Bin 25: 139 32 74 88 87 113 
Bin 26: 201 214 200 53 130 45 236 
Bin 27: 241 199 11 108 93 246 
Bin 28: 96 227 82 125 228 105 198 
Bin 29: 165 65 89 50 229 
Bin 30: 231 204 233 35 37 162 
Bin 31: 237 98 31 137 215 
Bin 32: 143 191 242 122 189 
Bin 33: 43 116 166 161 217 169 1 
Bin 34: 92 100 126 202 47 
Bin 35: 171 26 118 248 138 192 
Bin 36: 19 187 121 95 157 
Bin 37: 72 84 133 222 59 
Bin 38: 173 34 67 63 58 
Bin 39: 232 107 182 8 75 
Bin 40: 86 194 42 132 
Bin 41: 154 57 124 46 70 
Bin 42: 109 206 230 44 
