# Objective: 180
# Time: 491.573
# Feasible: 1
# Solution:
Bin 0: 55 913 382 56 173 143 231 
Bin 1: 574 448 715 984 62 455 
Bin 2: 356 947 821 155 568 770 
Bin 3: 872 476 679 150 255 
Bin 4: 689 4 989 833 685 904 
Bin 5: 368 352 972 891 920 
Bin 6: 965 206 35 87 242 
Bin 7: 507 64 40 620 846 326 
Bin 8: 517 845 205 743 400 480 
Bin 9: 109 703 463 998 697 
Bin 10: 95 645 114 147 192 793 
Bin 11: 397 729 941 106 905 52 
Bin 12: 443 723 999 571 790 21 
Bin 13: 951 20 309 405 118 495 
Bin 14: 259 630 387 997 445 240 547 
Bin 15: 100 151 471 227 364 733 
Bin 16: 714 51 836 76 104 123 
Bin 17: 85 513 939 529 504 
Bin 18: 548 38 335 34 416 
Bin 19: 139 220 764 161 658 
Bin 20: 384 835 110 273 543 86 
Bin 21: 789 437 873 875 747 481 444 
Bin 22: 779 43 914 957 
Bin 23: 396 125 537 141 641 
Bin 24: 182 709 466 33 962 608 
Bin 25: 181 375 901 453 629 304 
Bin 26: 108 534 107 406 678 526 
Bin 27: 832 677 838 806 528 771 
Bin 28: 157 266 238 731 214 
Bin 29: 228 774 496 65 499 919 637 
Bin 30: 861 0 719 632 555 
Bin 31: 670 246 871 601 874 858 
Bin 32: 308 41 588 413 303 293 
Bin 33: 596 12 781 757 91 372 
Bin 34: 772 365 819 80 560 811 8 
Bin 35: 744 127 420 167 756 389 
Bin 36: 799 800 331 917 820 815 
Bin 37: 808 527 230 921 199 
Bin 38: 158 31 712 868 976 880 
Bin 39: 135 117 18 422 436 359 
Bin 40: 693 48 609 686 122 
Bin 41: 349 775 963 92 521 
Bin 42: 336 564 9 635 354 186 
Bin 43: 162 475 324 44 166 848 
Bin 44: 611 399 646 961 415 29 
Bin 45: 592 795 367 90 830 201 
Bin 46: 710 649 477 263 613 708 452 
Bin 47: 640 760 361 850 953 782 
Bin 48: 462 717 133 958 573 792 
Bin 49: 36 694 341 773 
Bin 50: 395 834 96 897 189 
Bin 51: 621 532 751 849 
Bin 52: 780 251 829 636 176 340 
Bin 53: 235 493 163 13 577 305 918 
Bin 54: 580 172 310 54 208 
Bin 55: 325 225 977 282 321 408 113 
Bin 56: 485 971 908 39 
Bin 57: 654 736 511 432 441 299 
Bin 58: 842 552 559 562 979 
Bin 59: 88 995 280 428 407 928 
Bin 60: 301 633 706 690 283 478 730 
Bin 61: 575 345 851 954 823 50 595 
Bin 62: 213 221 451 755 625 
Bin 63: 682 612 388 866 766 716 
Bin 64: 223 911 740 934 418 315 
Bin 65: 425 307 626 329 19 195 
Bin 66: 450 816 334 17 30 327 
Bin 67: 131 254 119 544 465 
Bin 68: 769 642 194 212 275 57 582 
Bin 69: 750 84 72 244 319 684 
Bin 70: 812 358 136 762 486 
Bin 71: 442 440 363 628 888 
Bin 72: 489 985 210 295 900 
Bin 73: 550 338 343 853 137 7 
Bin 74: 672 655 884 618 421 
Bin 75: 565 825 204 350 69 393 
Bin 76: 261 250 134 639 
Bin 77: 759 502 23 392 952 
Bin 78: 506 333 926 494 705 417 
Bin 79: 403 112 877 120 718 
Bin 80: 464 239 591 674 290 
Bin 81: 75 551 879 129 
Bin 82: 903 470 11 594 791 98 
Bin 83: 727 938 916 146 631 
Bin 84: 949 411 813 681 906 474 
Bin 85: 318 216 357 302 617 796 
Bin 86: 680 581 549 556 720 66 
Bin 87: 222 557 841 805 
Bin 88: 585 576 827 366 
Bin 89: 247 634 313 542 721 648 
Bin 90: 746 818 994 931 233 260 
Bin 91: 272 896 700 274 597 
Bin 92: 859 936 232 509 317 515 
Bin 93: 545 988 546 902 152 599 
Bin 94: 870 584 876 927 169 
Bin 95: 956 479 619 1 660 
Bin 96: 202 322 287 653 
Bin 97: 419 398 675 491 885 171 
Bin 98: 362 890 606 482 857 289 
Bin 99: 115 369 153 160 668 483 
Bin 100: 218 946 83 198 438 
Bin 101: 342 316 103 71 531 826 
Bin 102: 328 270 355 174 409 980 185 
Bin 103: 892 777 24 142 624 
Bin 104: 785 209 224 265 424 539 
Bin 105: 563 459 234 572 
Bin 106: 915 610 497 579 863 60 
Bin 107: 457 869 285 10 248 58 
Bin 108: 297 402 371 190 765 102 
Bin 109: 533 652 698 404 430 414 
Bin 110: 351 63 525 154 
Bin 111: 25 510 386 380 623 503 
Bin 112: 828 732 996 243 758 
Bin 113: 707 148 519 488 374 878 
Bin 114: 378 753 761 427 89 704 567 
Bin 115: 183 973 586 978 768 776 
Bin 116: 59 643 370 165 600 839 
Bin 117: 722 651 735 126 281 256 
Bin 118: 175 128 538 882 983 803 346 
Bin 119: 975 638 968 745 472 
Bin 120: 170 699 207 893 945 156 
Bin 121: 394 6 458 987 
Bin 122: 77 97 739 296 37 
Bin 123: 925 47 566 298 692 862 
Bin 124: 664 844 291 788 801 498 657 
Bin 125: 514 82 78 314 187 42 
Bin 126: 598 505 508 561 854 578 
Bin 127: 942 814 520 912 667 615 
Bin 128: 683 650 286 530 140 724 
Bin 129: 673 810 28 339 271 
Bin 130: 300 332 986 53 969 
Bin 131: 687 469 461 391 960 852 73 
Bin 132: 468 881 616 3 26 492 
Bin 133: 5 288 749 268 390 590 
Bin 134: 752 383 22 219 
Bin 135: 898 570 627 726 696 433 
Bin 136: 907 656 783 516 236 344 
Bin 137: 847 964 449 604 376 688 164 
Bin 138: 737 70 191 61 894 967 
Bin 139: 748 226 211 867 262 
Bin 140: 258 294 385 200 
Bin 141: 264 935 966 794 145 203 
Bin 142: 337 81 180 467 
Bin 143: 593 111 105 923 763 
Bin 144: 554 2 647 435 159 734 695 
Bin 145: 669 241 522 257 
Bin 146: 856 767 644 909 138 
Bin 147: 603 429 666 809 484 
Bin 148: 269 662 583 725 249 
Bin 149: 922 330 587 937 
Bin 150: 535 178 843 188 101 
Bin 151: 456 569 490 245 381 741 
Bin 152: 955 348 784 15 622 
Bin 153: 49 887 16 950 
Bin 154: 691 940 982 824 865 99 
Bin 155: 279 540 553 74 855 889 
Bin 156: 284 895 523 589 193 524 
Bin 157: 607 822 837 132 798 
Bin 158: 353 144 932 933 797 
Bin 159: 426 786 79 754 14 277 292 
Bin 160: 229 738 306 512 116 434 
Bin 161: 215 558 943 93 970 
Bin 162: 431 992 663 373 886 
Bin 163: 728 184 121 94 253 665 930 
Bin 164: 802 439 446 379 217 130 
Bin 165: 676 410 124 197 711 807 
Bin 166: 981 929 68 312 276 412 
Bin 167: 401 840 27 46 831 423 
Bin 168: 473 924 910 460 541 177 
Bin 169: 67 196 990 944 32 500 
Bin 170: 659 45 671 179 347 518 
Bin 171: 948 605 252 860 804 
Bin 172: 899 974 991 168 713 883 
Bin 173: 501 320 149 864 778 323 
Bin 174: 377 278 701 487 
Bin 175: 360 787 959 
Bin 176: 742 447 267 993 
Bin 177: 661 454 817 614 
Bin 178: 237 602 536 
Bin 179: 702 311 
