# Objective: 83
# Time: 39.6531
# Feasible: 1
# Solution:
Bin 0: 278 333 332 320 27 420 
Bin 1: 454 32 46 490 15 
Bin 2: 352 0 377 26 357 494 17 
Bin 3: 211 439 273 70 466 387 
Bin 4: 404 198 57 276 69 427 
Bin 5: 181 421 216 309 196 151 
Bin 6: 35 411 138 287 179 45 
Bin 7: 422 311 379 213 336 13 452 
Bin 8: 1 123 228 14 54 434 
Bin 9: 173 55 122 488 479 153 242 188 
Bin 10: 97 116 280 164 444 219 145 
Bin 11: 133 149 63 112 477 52 185 
Bin 12: 383 258 141 290 448 450 
Bin 13: 322 267 126 51 483 
Bin 14: 244 260 396 441 465 165 
Bin 15: 210 285 44 84 120 335 4 
Bin 16: 218 102 204 90 480 399 
Bin 17: 376 369 76 372 291 360 65 
Bin 18: 167 271 364 443 131 43 
Bin 19: 426 209 6 150 255 61 
Bin 20: 485 217 272 455 397 398 
Bin 21: 186 381 233 169 40 59 36 
Bin 22: 323 41 474 114 30 203 
Bin 23: 101 247 29 91 195 129 
Bin 24: 187 296 110 25 223 95 365 
Bin 25: 358 314 363 497 299 240 
Bin 26: 177 496 78 281 362 342 
Bin 27: 463 137 176 277 189 330 
Bin 28: 348 498 66 392 158 425 265 
Bin 29: 446 28 83 464 380 174 
Bin 30: 345 370 256 183 190 67 235 
Bin 31: 220 225 132 58 106 104 
Bin 32: 298 182 312 419 346 
Bin 33: 412 202 205 487 142 461 
Bin 34: 130 338 430 8 99 50 134 
Bin 35: 284 154 270 161 77 119 
Bin 36: 143 393 23 268 286 424 
Bin 37: 373 289 413 162 207 80 92 
Bin 38: 313 38 347 388 308 288 
Bin 39: 447 458 232 406 418 282 438 
Bin 40: 337 331 428 482 136 200 
Bin 41: 49 24 12 409 432 386 327 
Bin 42: 22 248 354 89 361 73 
Bin 43: 175 64 155 449 491 469 
Bin 44: 328 168 53 11 152 
Bin 45: 96 402 197 118 317 125 
Bin 46: 98 33 47 5 453 489 
Bin 47: 100 408 355 476 293 351 437 
Bin 48: 111 414 88 103 3 163 
Bin 49: 292 340 382 349 304 470 
Bin 50: 237 194 329 259 121 81 159 180 146 
Bin 51: 60 473 172 246 148 147 
Bin 52: 321 252 467 305 274 403 
Bin 53: 245 472 415 109 48 307 
Bin 54: 356 105 238 378 460 139 
Bin 55: 93 319 7 2 433 
Bin 56: 115 315 468 374 368 253 221 
Bin 57: 140 334 239 56 144 107 266 
Bin 58: 184 10 241 94 295 459 
Bin 59: 423 436 86 475 416 350 263 
Bin 60: 324 495 16 74 451 214 39 
Bin 61: 371 457 170 226 283 261 
Bin 62: 306 20 275 318 108 394 
Bin 63: 178 249 79 303 21 
Bin 64: 193 229 157 224 410 
Bin 65: 87 212 215 384 257 
Bin 66: 478 400 75 254 191 
Bin 67: 128 417 429 316 486 
Bin 68: 401 493 82 34 456 435 
Bin 69: 208 310 325 405 251 230 
Bin 70: 156 391 481 492 
Bin 71: 250 344 264 85 279 262 
Bin 72: 199 62 339 201 302 
Bin 73: 222 171 297 407 375 113 
Bin 74: 42 395 343 234 341 
Bin 75: 135 301 9 484 359 
Bin 76: 127 206 366 166 37 
Bin 77: 160 243 117 294 353 
Bin 78: 431 300 367 71 236 390 
Bin 79: 326 227 72 462 124 
Bin 80: 499 68 19 471 18 
Bin 81: 192 445 440 31 
Bin 82: 385 231 442 269 389 
