# Objective: 42
# Time: 12.3764
# Feasible: 1
# Solution:
Bin 0: 165 175 6 54 39 178 19 
Bin 1: 211 212 118 61 98 
Bin 2: 23 108 159 137 132 5 100 
Bin 3: 170 86 91 239 101 
Bin 4: 113 79 174 249 128 206 229 
Bin 5: 197 214 62 64 247 57 140 219 
Bin 6: 70 127 97 138 160 
Bin 7: 66 82 83 199 245 43 24 
Bin 8: 71 154 238 20 230 0 
Bin 9: 147 155 139 179 41 217 17 
Bin 10: 136 119 53 31 104 
Bin 11: 186 1 18 84 72 228 
Bin 12: 191 14 150 47 234 146 
Bin 13: 32 105 202 224 120 51 162 
Bin 14: 93 78 157 10 4 94 
Bin 15: 233 111 16 109 227 90 45 
Bin 16: 226 68 144 244 102 
Bin 17: 152 232 116 13 142 106 
Bin 18: 30 131 183 195 207 15 
Bin 19: 168 240 77 56 158 49 
Bin 20: 99 203 181 125 204 169 
Bin 21: 222 167 130 67 172 40 
Bin 22: 52 112 235 50 246 151 
Bin 23: 95 88 121 122 87 221 
Bin 24: 55 171 177 27 85 188 
Bin 25: 46 29 126 103 141 220 
Bin 26: 76 21 164 189 9 42 
Bin 27: 196 241 187 231 242 
Bin 28: 208 129 194 173 124 
Bin 29: 44 115 163 243 148 248 11 
Bin 30: 184 96 33 216 107 218 
Bin 31: 192 28 180 36 193 37 176 
Bin 32: 156 65 215 123 80 153 
Bin 33: 73 166 145 135 59 205 26 
Bin 34: 110 149 209 143 200 48 
Bin 35: 25 3 22 12 210 7 
Bin 36: 63 201 117 237 8 
Bin 37: 225 236 161 133 81 182 
Bin 38: 2 35 38 223 190 
Bin 39: 213 89 114 69 185 34 
Bin 40: 92 198 134 60 
Bin 41: 74 58 75 
