# Objective: 18
# Time: 3.81226
# Feasible: 1
# Solution:
Bin 0: 101 79 67 39 71 8 44 
Bin 1: 36 37 38 10 6 102 98 
Bin 2: 4 12 103 11 3 56 118 
Bin 3: 0 107 63 19 54 70 47 
Bin 4: 66 73 88 31 100 
Bin 5: 64 49 27 50 74 87 112 119 
Bin 6: 43 108 83 59 85 30 68 7 93 
Bin 7: 76 96 16 113 51 24 
Bin 8: 35 46 55 40 99 86 
Bin 9: 53 22 21 61 9 23 84 
Bin 10: 32 111 34 89 25 78 20 
Bin 11: 97 57 41 94 72 105 45 
Bin 12: 15 1 82 14 115 
Bin 13: 48 110 114 33 80 109 5 
Bin 14: 65 92 62 18 75 
Bin 15: 95 58 104 2 69 91 13 
Bin 16: 60 81 106 90 29 77 28 
Bin 17: 52 26 17 42 116 117 
