# Objective: 46
# Time: 25.861
# Feasible: 1
# Solution:
Bin 0: 122 29 71 193 114 
Bin 1: 241 47 249 223 181 
Bin 2: 110 227 43 91 37 11 
Bin 3: 209 213 59 168 242 235 
Bin 4: 21 191 186 79 25 104 
Bin 5: 6 172 3 224 118 33 
Bin 6: 18 7 238 164 19 210 
Bin 7: 234 115 140 230 229 32 
Bin 8: 109 90 49 8 205 
Bin 9: 135 30 94 228 113 190 117 53 
Bin 10: 131 42 124 9 120 
Bin 11: 153 112 237 225 
Bin 12: 132 136 4 116 
Bin 13: 13 226 141 185 
Bin 14: 197 22 245 192 50 
Bin 15: 125 108 151 80 
Bin 16: 167 179 0 44 171 155 
Bin 17: 138 149 159 130 246 239 
Bin 18: 74 12 27 244 188 77 
Bin 19: 220 215 97 216 35 
Bin 20: 247 139 211 208 142 217 
Bin 21: 1 187 76 150 221 86 99 
Bin 22: 89 156 174 62 64 
Bin 23: 248 198 36 73 200 
Bin 24: 34 23 83 180 152 82 
Bin 25: 31 147 45 133 231 
Bin 26: 123 75 69 61 243 
Bin 27: 232 51 16 96 222 
Bin 28: 70 127 111 162 236 204 148 
Bin 29: 84 161 98 176 28 41 
Bin 30: 158 128 10 201 160 81 
Bin 31: 88 15 219 175 
Bin 32: 214 137 39 2 233 
Bin 33: 85 100 58 24 101 119 173 
Bin 34: 182 68 40 129 14 
Bin 35: 17 144 107 178 20 
Bin 36: 143 126 78 163 48 
Bin 37: 55 165 194 26 60 38 169 
Bin 38: 52 57 184 199 195 65 
Bin 39: 134 54 157 206 166 
Bin 40: 202 87 183 103 170 177 
Bin 41: 218 240 102 5 154 
Bin 42: 67 203 196 106 46 63 145 
Bin 43: 66 93 56 105 121 212 146 
Bin 44: 92 72 189 
Bin 45: 207 95 
