# Objective: 19
# Time: 2.53062
# Feasible: 1
# Solution:
Bin 0: 10 93 37 77 41 45 
Bin 1: 64 107 111 78 56 84 8 
Bin 2: 98 40 51 117 90 30 46 108 
Bin 3: 44 35 63 76 24 105 59 
Bin 4: 6 0 23 36 25 5 38 31 
Bin 5: 49 97 3 13 62 11 
Bin 6: 14 75 54 119 116 1 112 110 
Bin 7: 17 27 70 61 73 95 19 
Bin 8: 65 82 4 79 104 7 28 
Bin 9: 47 100 81 115 109 
Bin 10: 15 80 96 43 2 
Bin 11: 86 60 53 29 89 
Bin 12: 94 87 103 83 74 33 101 
Bin 13: 118 34 22 57 68 114 
Bin 14: 67 42 69 50 12 32 99 72 
Bin 15: 39 91 20 26 55 
Bin 16: 92 102 16 71 48 
Bin 17: 66 18 21 9 85 
Bin 18: 52 88 113 106 58 
