# Objective: 39
# Time: 8.65694
# Feasible: 1
# Solution:
Bin 0: 184 91 234 73 93 15 53 74 
Bin 1: 43 16 161 14 58 89 182 133 
Bin 2: 145 236 118 30 232 165 
Bin 3: 225 39 28 80 208 137 78 
Bin 4: 233 11 66 211 0 7 148 
Bin 5: 27 79 124 121 106 36 230 
Bin 6: 95 173 189 199 9 64 
Bin 7: 176 130 62 31 198 
Bin 8: 177 162 48 101 213 69 13 
Bin 9: 138 203 178 205 126 229 
Bin 10: 113 219 129 169 23 92 68 71 
Bin 11: 201 237 87 75 76 151 100 172 
Bin 12: 34 186 81 244 102 196 187 
Bin 13: 21 191 163 4 33 150 117 
Bin 14: 65 59 224 109 12 44 
Bin 15: 110 156 183 51 239 142 
Bin 16: 61 122 90 125 35 94 
Bin 17: 215 26 18 63 207 25 221 193 
Bin 18: 194 56 157 243 37 217 
Bin 19: 167 70 179 147 32 160 195 
Bin 20: 112 188 29 134 99 52 49 235 
Bin 21: 131 247 2 231 1 120 
Bin 22: 226 192 180 132 228 139 
Bin 23: 152 5 86 8 55 
Bin 24: 111 246 20 38 46 153 115 
Bin 25: 216 190 127 40 146 158 
Bin 26: 123 135 10 128 155 206 136 
Bin 27: 222 143 240 82 67 249 248 
Bin 28: 238 181 6 214 223 
Bin 29: 154 96 57 19 220 245 
Bin 30: 97 159 119 185 103 
Bin 31: 72 212 144 209 45 98 
Bin 32: 60 41 168 175 3 171 
Bin 33: 241 141 88 114 108 242 
Bin 34: 24 84 166 218 164 116 227 
Bin 35: 50 200 149 107 140 
Bin 36: 204 17 197 42 22 
Bin 37: 85 210 170 77 54 174 
Bin 38: 104 105 202 83 47 
