# Objective: 77
# Time: 22.6985
# Feasible: 1
# Solution:
Bin 0: 114 347 392 417 478 353 
Bin 1: 278 225 116 318 111 281 
Bin 2: 95 90 36 499 352 255 416 450 
Bin 3: 261 260 196 27 63 
Bin 4: 231 432 377 85 21 434 468 
Bin 5: 74 49 23 497 88 113 17 
Bin 6: 437 445 246 288 163 15 
Bin 7: 57 420 224 170 108 293 201 
Bin 8: 66 415 250 100 254 53 117 341 
Bin 9: 235 444 35 272 171 180 209 184 
Bin 10: 34 125 118 446 206 214 226 182 
Bin 11: 198 320 455 379 435 259 
Bin 12: 150 405 449 314 97 168 
Bin 13: 271 295 443 62 212 263 46 
Bin 14: 24 325 252 331 384 107 179 
Bin 15: 69 456 51 94 262 251 106 
Bin 16: 351 105 309 359 457 305 482 
Bin 17: 424 197 0 192 121 470 
Bin 18: 175 157 319 285 56 16 
Bin 19: 472 399 186 84 357 397 247 
Bin 20: 41 427 143 177 240 267 
Bin 21: 488 312 421 269 469 176 249 414 
Bin 22: 406 64 380 140 248 308 
Bin 23: 338 80 178 202 72 368 383 
Bin 24: 145 268 484 104 12 270 237 
Bin 25: 466 287 481 389 129 476 
Bin 26: 221 306 387 298 477 47 26 
Bin 27: 50 219 158 475 498 91 229 
Bin 28: 216 167 127 345 401 364 
Bin 29: 452 391 440 227 153 190 422 
Bin 30: 337 73 332 213 169 60 404 
Bin 31: 322 172 348 4 385 210 187 282 
Bin 32: 454 492 138 154 361 29 
Bin 33: 149 438 321 174 220 447 386 
Bin 34: 286 131 244 223 119 324 
Bin 35: 45 362 109 451 439 381 
Bin 36: 191 412 58 33 467 
Bin 37: 458 112 375 152 81 
Bin 38: 367 243 297 283 256 
Bin 39: 394 363 425 344 239 396 
Bin 40: 161 160 400 31 126 218 
Bin 41: 489 241 301 242 310 5 
Bin 42: 136 37 228 123 14 
Bin 43: 423 215 148 419 11 
Bin 44: 135 402 486 366 335 369 304 132 292 
Bin 45: 230 70 9 96 294 207 
Bin 46: 333 68 52 236 232 130 39 
Bin 47: 300 245 40 418 257 273 485 
Bin 48: 83 42 28 98 110 411 
Bin 49: 208 276 79 409 147 13 155 
Bin 50: 65 234 453 376 32 144 495 99 
Bin 51: 464 354 448 124 299 44 93 
Bin 52: 151 327 289 67 222 461 
Bin 53: 253 217 496 382 390 142 413 
Bin 54: 303 115 388 494 350 20 
Bin 55: 471 89 101 194 291 290 493 
Bin 56: 315 280 311 410 441 25 
Bin 57: 429 378 265 7 334 18 164 
Bin 58: 128 87 343 134 173 22 436 
Bin 59: 403 38 277 371 146 479 274 
Bin 60: 373 316 102 349 462 279 
Bin 61: 317 407 426 328 480 159 342 
Bin 62: 398 141 374 1 71 
Bin 63: 205 238 433 195 92 442 
Bin 64: 465 266 78 474 483 326 330 
Bin 65: 491 19 188 120 48 258 193 
Bin 66: 8 355 137 339 395 490 
Bin 67: 487 189 76 199 82 181 
Bin 68: 356 284 61 86 211 430 
Bin 69: 43 2 122 296 183 302 156 
Bin 70: 75 459 313 77 233 165 
Bin 71: 460 393 59 275 329 428 
Bin 72: 55 431 203 166 162 
Bin 73: 365 3 133 103 346 30 10 185 
Bin 74: 473 54 358 204 200 
Bin 75: 408 340 323 336 360 
Bin 76: 307 139 370 372 264 6 463 
