# Objective: 46
# Time: 12.9925
# Feasible: 1
# Solution:
Bin 0: 178 80 7 82 217 239 
Bin 1: 158 90 27 164 142 143 
Bin 2: 242 116 34 2 134 125 
Bin 3: 126 50 84 208 189 156 181 
Bin 4: 79 38 237 212 22 213 
Bin 5: 106 185 144 78 
Bin 6: 60 183 150 170 173 54 64 
Bin 7: 220 20 112 204 120 187 
Bin 8: 40 169 155 58 166 
Bin 9: 47 16 19 137 45 114 99 
Bin 10: 240 133 244 86 153 
Bin 11: 123 88 104 215 201 
Bin 12: 226 140 218 4 198 53 14 
Bin 13: 230 100 25 43 111 
Bin 14: 115 221 5 10 92 67 
Bin 15: 49 28 216 199 195 24 
Bin 16: 6 74 135 222 107 17 
Bin 17: 76 227 66 110 121 238 
Bin 18: 85 190 148 83 
Bin 19: 128 168 108 160 
Bin 20: 46 186 175 89 147 52 
Bin 21: 235 191 41 228 179 37 
Bin 22: 214 103 247 130 182 
Bin 23: 23 102 91 234 202 
Bin 24: 117 81 21 171 
Bin 25: 30 95 229 69 196 
Bin 26: 145 113 209 163 1 
Bin 27: 51 203 31 211 233 118 
Bin 28: 184 36 167 131 141 157 
Bin 29: 194 246 193 192 73 59 248 
Bin 30: 26 176 210 18 44 
Bin 31: 72 151 245 174 68 
Bin 32: 146 149 219 39 71 165 129 
Bin 33: 109 12 94 3 231 
Bin 34: 93 206 29 243 
Bin 35: 232 55 159 154 127 
Bin 36: 32 11 180 152 75 
Bin 37: 35 48 241 15 0 
Bin 38: 224 122 177 56 124 105 
Bin 39: 119 9 223 57 97 
Bin 40: 61 87 188 98 8 101 
Bin 41: 249 205 236 200 13 225 
Bin 42: 77 65 197 62 162 
Bin 43: 139 132 172 33 42 
Bin 44: 207 136 96 63 
Bin 45: 161 70 138 
