# Objective: 164
# Time: 201.286
# Feasible: 1
# Solution:
Bin 0: 189 756 569 145 638 122 
Bin 1: 605 588 853 626 867 659 
Bin 2: 788 66 8 800 718 960 
Bin 3: 722 507 651 175 970 343 335 
Bin 4: 688 749 942 661 735 532 368 
Bin 5: 157 197 713 589 465 102 617 291 
Bin 6: 32 842 593 124 903 257 107 
Bin 7: 455 22 37 397 624 105 
Bin 8: 851 183 654 112 939 147 58 
Bin 9: 578 42 937 969 847 276 
Bin 10: 417 313 828 237 
Bin 11: 427 637 450 381 641 664 
Bin 12: 706 991 148 762 49 980 
Bin 13: 631 646 18 872 586 40 
Bin 14: 215 261 134 720 572 372 
Bin 15: 681 337 833 302 826 344 376 
Bin 16: 270 448 299 272 650 
Bin 17: 806 0 231 582 591 297 
Bin 18: 422 997 663 439 528 62 714 
Bin 19: 810 967 871 574 931 901 
Bin 20: 616 832 930 924 65 73 
Bin 21: 513 155 658 383 857 
Bin 22: 71 545 106 676 763 736 739 
Bin 23: 126 262 534 490 525 789 411 75 
Bin 24: 835 391 600 992 805 899 434 
Bin 25: 449 957 923 699 573 114 
Bin 26: 906 752 82 160 558 410 
Bin 27: 779 94 932 709 358 505 467 
Bin 28: 755 90 108 403 415 83 
Bin 29: 464 753 829 613 740 113 345 
Bin 30: 844 554 255 456 566 710 
Bin 31: 413 796 907 328 356 812 401 
Bin 32: 975 355 181 956 258 88 708 
Bin 33: 959 719 453 918 182 
Bin 34: 983 981 408 204 998 839 441 
Bin 35: 791 487 7 896 642 536 438 
Bin 36: 239 629 300 284 608 495 
Bin 37: 508 669 290 633 976 609 
Bin 38: 309 854 172 319 85 747 639 
Bin 39: 686 133 307 1 635 146 
Bin 40: 717 74 184 179 772 374 
Bin 41: 70 154 737 620 561 965 
Bin 42: 935 751 265 524 24 496 223 
Bin 43: 369 170 357 352 910 315 928 
Bin 44: 323 377 57 488 347 611 510 
Bin 45: 163 919 887 321 45 892 
Bin 46: 738 675 721 151 504 712 
Bin 47: 268 494 671 817 977 489 
Bin 48: 196 929 559 858 229 186 
Bin 49: 500 922 285 560 989 
Bin 50: 607 821 599 174 900 12 332 
Bin 51: 783 541 29 874 382 16 946 
Bin 52: 199 682 277 130 862 904 
Bin 53: 697 192 458 811 451 
Bin 54: 795 914 643 310 964 645 803 
Bin 55: 91 428 420 208 531 292 852 
Bin 56: 920 799 301 687 395 781 
Bin 57: 557 363 831 445 168 925 
Bin 58: 509 426 293 365 819 948 
Bin 59: 144 984 64 308 834 95 
Bin 60: 69 649 683 84 764 533 
Bin 61: 396 865 622 711 220 523 433 
Bin 62: 585 481 149 185 777 296 
Bin 63: 968 329 893 361 341 973 
Bin 64: 580 275 338 80 610 562 
Bin 65: 917 60 47 5 579 655 219 
Bin 66: 198 773 728 288 778 430 544 
Bin 67: 527 259 425 503 138 519 
Bin 68: 614 273 385 470 2 
Bin 69: 26 402 590 400 911 254 373 
Bin 70: 526 971 696 342 440 213 
Bin 71: 222 201 68 516 452 44 
Bin 72: 87 698 110 36 471 820 
Bin 73: 141 72 824 17 421 129 
Bin 74: 988 678 485 206 77 100 
Bin 75: 877 303 267 689 938 190 972 
Bin 76: 563 390 543 684 652 
Bin 77: 570 269 366 878 771 279 
Bin 78: 866 723 802 474 818 606 
Bin 79: 868 724 79 540 54 9 
Bin 80: 446 628 325 725 748 855 665 
Bin 81: 883 961 625 936 746 707 
Bin 82: 859 793 240 612 353 234 797 
Bin 83: 542 758 662 889 139 115 
Bin 84: 733 228 999 978 754 551 
Bin 85: 99 575 188 630 25 702 
Bin 86: 286 886 993 644 4 703 
Bin 87: 101 136 173 117 825 848 
Bin 88: 933 864 761 142 501 
Bin 89: 823 177 679 21 166 10 
Bin 90: 207 882 392 195 238 902 
Bin 91: 274 158 281 909 694 727 
Bin 92: 435 443 86 218 731 317 
Bin 93: 908 169 241 454 597 766 
Bin 94: 636 116 159 745 460 339 640 
Bin 95: 346 53 135 227 794 951 
Bin 96: 814 780 895 838 472 252 
Bin 97: 846 958 393 67 813 
Bin 98: 996 340 491 442 419 20 349 
Bin 99: 217 546 394 529 947 744 
Bin 100: 350 884 840 880 311 787 322 
Bin 101: 943 986 556 314 680 
Bin 102: 378 760 364 263 602 131 
Bin 103: 447 774 242 334 856 294 955 
Bin 104: 280 180 423 568 890 167 539 
Bin 105: 705 786 565 621 156 327 
Bin 106: 552 647 13 405 730 742 
Bin 107: 790 477 362 424 861 486 93 
Bin 108: 232 695 243 63 583 
Bin 109: 367 592 870 176 750 468 
Bin 110: 312 700 11 757 963 283 873 
Bin 111: 863 898 657 668 278 187 476 
Bin 112: 304 200 171 251 715 245 28 
Bin 113: 604 555 211 370 667 594 
Bin 114: 704 379 320 412 567 850 
Bin 115: 498 121 431 104 210 289 178 
Bin 116: 330 690 966 841 333 19 
Bin 117: 256 193 287 34 843 224 
Bin 118: 879 837 729 598 934 236 
Bin 119: 530 253 398 905 801 512 
Bin 120: 881 43 52 916 927 479 212 
Bin 121: 587 23 849 109 804 816 
Bin 122: 990 132 478 619 888 564 351 
Bin 123: 949 553 41 869 548 46 
Bin 124: 945 994 830 595 61 249 
Bin 125: 601 463 429 982 716 81 247 15 
Bin 126: 125 143 493 743 941 885 
Bin 127: 250 209 792 954 547 164 
Bin 128: 295 571 550 432 246 860 
Bin 129: 457 845 875 404 202 165 
Bin 130: 260 915 50 248 331 3 
Bin 131: 225 596 726 384 98 891 
Bin 132: 502 484 577 436 581 205 
Bin 133: 92 497 674 670 406 407 
Bin 134: 388 584 768 732 150 
Bin 135: 162 692 962 522 298 897 
Bin 136: 389 97 96 152 137 89 
Bin 137: 634 521 623 672 987 230 
Bin 138: 953 979 282 119 926 765 437 
Bin 139: 51 480 359 995 807 
Bin 140: 940 128 161 836 153 549 
Bin 141: 809 520 111 632 784 226 
Bin 142: 944 770 499 318 336 952 
Bin 143: 483 759 78 775 354 693 535 
Bin 144: 538 387 537 517 76 466 912 
Bin 145: 506 514 677 461 33 
Bin 146: 921 518 375 371 409 894 
Bin 147: 603 985 264 822 618 414 103 
Bin 148: 30 691 35 876 974 348 
Bin 149: 39 326 203 685 55 950 
Bin 150: 38 741 418 235 815 
Bin 151: 469 475 56 123 140 
Bin 152: 627 316 214 266 386 
Bin 153: 492 734 459 27 
Bin 154: 515 324 6 473 305 511 
Bin 155: 462 271 767 216 
Bin 156: 233 656 118 194 360 
Bin 157: 399 827 576 127 444 673 
Bin 158: 648 666 798 653 776 
Bin 159: 244 31 615 59 120 
Bin 160: 14 769 48 782 
Bin 161: 913 808 785 482 191 
Bin 162: 660 380 701 
Bin 163: 306 416 221 
