# Objective: 38
# Time: 8.28838
# Feasible: 1
# Solution:
Bin 0: 145 104 178 152 116 222 231 58 
Bin 1: 163 4 242 100 160 19 202 
Bin 2: 203 246 68 112 49 165 
Bin 3: 70 45 73 209 122 249 
Bin 4: 115 82 59 31 213 75 233 183 
Bin 5: 129 55 176 125 148 124 
Bin 6: 189 218 120 110 23 37 48 
Bin 7: 239 60 226 132 65 180 47 
Bin 8: 24 220 43 105 102 76 
Bin 9: 191 61 106 142 0 195 
Bin 10: 237 92 196 121 128 35 88 
Bin 11: 137 179 117 173 50 139 109 
Bin 12: 162 7 97 205 22 126 228 
Bin 13: 9 158 198 94 8 80 
Bin 14: 16 219 91 33 204 108 123 
Bin 15: 136 6 159 201 144 206 85 
Bin 16: 39 161 243 53 99 41 
Bin 17: 156 78 241 175 81 71 
Bin 18: 54 223 216 147 197 14 
Bin 19: 42 153 247 221 127 5 164 134 
Bin 20: 1 211 151 63 93 86 212 
Bin 21: 157 26 84 234 51 167 15 
Bin 22: 77 225 18 154 119 143 230 98 
Bin 23: 236 83 146 166 10 184 72 
Bin 24: 87 138 194 118 177 
Bin 25: 90 170 96 74 155 131 11 
Bin 26: 46 114 169 133 188 141 101 
Bin 27: 168 38 103 208 25 244 248 
Bin 28: 181 217 135 44 192 62 
Bin 29: 27 227 3 20 107 235 245 
Bin 30: 66 56 29 172 111 238 
Bin 31: 182 12 232 210 149 130 
Bin 32: 52 113 185 171 193 89 30 
Bin 33: 95 34 199 69 21 215 
Bin 34: 57 140 240 224 207 
Bin 35: 214 13 28 150 64 190 2 229 
Bin 36: 174 79 67 17 187 
Bin 37: 40 36 186 200 32 
