# Objective: 38
# Time: 8.7417
# Feasible: 1
# Solution:
Bin 0: 109 23 55 181 160 136 202 
Bin 1: 245 221 0 74 138 79 246 
Bin 2: 134 158 174 76 17 196 
Bin 3: 31 80 115 129 16 53 172 
Bin 4: 37 229 120 232 123 35 
Bin 5: 244 132 94 224 14 175 
Bin 6: 73 249 83 99 61 187 4 200 
Bin 7: 186 12 69 60 156 147 
Bin 8: 85 86 92 137 112 103 104 205 
Bin 9: 164 193 133 106 149 
Bin 10: 18 166 67 84 233 
Bin 11: 3 210 8 238 88 10 
Bin 12: 185 93 179 26 139 142 
Bin 13: 226 220 57 44 113 9 102 36 
Bin 14: 225 190 180 48 125 124 
Bin 15: 121 218 6 126 110 234 11 
Bin 16: 216 75 119 197 239 66 98 227 128 
Bin 17: 143 211 201 219 70 51 
Bin 18: 241 208 145 68 117 82 
Bin 19: 81 214 194 168 223 237 
Bin 20: 5 163 46 30 167 96 49 
Bin 21: 228 21 240 207 177 101 
Bin 22: 105 171 71 154 19 34 
Bin 23: 127 50 157 178 217 215 
Bin 24: 118 47 40 213 1 32 
Bin 25: 192 27 161 248 42 212 13 170 
Bin 26: 230 62 189 38 162 140 
Bin 27: 28 54 198 25 141 188 58 116 
Bin 28: 72 114 195 64 45 59 78 
Bin 29: 89 153 165 100 150 199 203 
Bin 30: 184 97 77 111 173 7 
Bin 31: 39 206 209 65 43 183 95 
Bin 32: 15 63 169 41 222 29 
Bin 33: 135 52 152 91 131 243 231 
Bin 34: 155 204 191 148 159 20 
Bin 35: 182 87 24 33 130 122 
Bin 36: 235 146 151 176 22 247 90 
Bin 37: 236 144 2 56 108 107 242 
