# Objective: 38
# Time: 5.23828
# Feasible: 1
# Solution:
Bin 0: 12 204 127 103 107 195 36 210 
Bin 1: 115 94 179 1 152 128 
Bin 2: 87 249 67 149 160 33 236 
Bin 3: 186 158 205 78 4 133 
Bin 4: 30 83 105 81 117 178 
Bin 5: 166 15 41 8 183 150 169 198 116 
Bin 6: 27 238 68 118 37 34 
Bin 7: 193 155 139 219 215 203 
Bin 8: 11 230 73 42 212 159 13 90 
Bin 9: 217 29 136 2 197 35 
Bin 10: 85 233 76 168 19 88 
Bin 11: 145 93 221 70 134 23 62 
Bin 12: 142 59 242 82 14 184 153 
Bin 13: 60 246 24 119 101 80 75 45 
Bin 14: 40 181 99 6 130 207 231 
Bin 15: 129 177 72 50 21 58 
Bin 16: 151 57 54 140 227 163 
Bin 17: 154 222 0 86 20 61 175 38 
Bin 18: 243 206 190 126 51 100 
Bin 19: 228 189 44 74 65 224 
Bin 20: 106 173 248 162 244 131 146 
Bin 21: 109 92 55 113 46 216 
Bin 22: 18 214 138 187 122 148 176 
Bin 23: 172 26 245 223 7 104 235 141 
Bin 24: 63 5 234 43 225 165 226 
Bin 25: 39 64 200 91 194 56 199 
Bin 26: 97 164 218 196 213 202 241 
Bin 27: 22 188 77 71 247 25 98 
Bin 28: 161 108 124 182 95 28 143 
Bin 29: 66 237 96 49 209 47 156 
Bin 30: 112 144 220 10 239 137 121 
Bin 31: 147 232 79 123 84 
Bin 32: 48 125 167 69 132 211 192 111 
Bin 33: 191 120 3 229 102 
Bin 34: 9 31 171 110 16 
Bin 35: 114 174 89 240 170 
Bin 36: 32 157 185 201 135 208 
Bin 37: 180 17 53 52 
